# R (Mpc), rho (Msol/kpc^3), errup, errlow, std, pth (Msol/kpc/s^2), errup, errlow, std 
#  nprofs 62, average weighted mh 372754369710.193420
6.384041294330565800e-04 7.374027381239412725e+07 1.087010107039521188e+08 3.378229931097160280e+07 4.968039162994196123e-01 2.072642111731252034e-22 3.706415691870906610e-22 7.315486986731497732e-23 6.531289887191521482e-01
1.109419225205789290e-03 2.413626257267320901e+07 3.488979809758986533e+07 1.000111644345810451e+07 3.917191546691644044e-01 5.039587302979428598e-23 9.328160876835729581e-23 2.000745494408827281e-23 5.444238134228499559e-01
1.927949648993110754e-03 8.558690935947868973e+06 6.730841083241538145e+06 4.529117120759274811e+06 4.181488574290384008e-01 1.378913359781572546e-23 1.457042875617020874e-23 6.188072096967254810e-24 6.212204177402851357e-01
3.350392497807294732e-03 3.271536557673225179e+06 1.598511586765025277e+06 1.520858792312649079e+06 2.396348849603023579e-01 3.821021690894461910e-24 3.215696685673191365e-24 1.863828575031232520e-24 3.748083645530981278e-01
5.822314859325205920e-03 1.060668587580399821e+06 4.437526451955091907e+05 4.052305296141477302e+05 2.100057280662579740e-01 8.926031941685310131e-25 6.480008351896715139e-25 3.847376054138357395e-25 3.336005081649734971e-01
1.011802358777515003e-02 2.625859812700539478e+05 1.213230498059958045e+05 5.244123824170525768e+04 1.736057890029032991e-01 2.036897890584921508e-25 1.739501207279569650e-25 5.460236066768669834e-26 3.634731543742382720e-01
1.758310977614137294e-02 5.479799817998028448e+04 2.557714876883990655e+04 1.551903869110554660e+04 1.893800797347495735e-01 1.165801228537568034e-25 9.432001053631079381e-26 4.108042280460371479e-26 3.571781824223890789e-01
3.055594274096973609e-02 1.398267264734817763e+04 6.761679920727841818e+03 7.262719503383917072e+03 2.216658678457686105e-01 9.575986373196729658e-26 8.129971297779995535e-26 3.663313404283675361e-26 2.846034794326107731e-01
5.310014261847564171e-02 4.933584424582730207e+03 3.654018772246387016e+03 1.208371856675511481e+03 2.274119382277960677e-01 6.281661948822675392e-26 4.622995989198494413e-26 2.236917952158574731e-26 2.678541878707777490e-01
9.227747184909704248e-02 1.871292080727526354e+03 5.917526347707394052e+02 6.566173125421476016e+02 1.759116108924814181e-01 2.652061971099921598e-26 2.361202094678852746e-26 7.590149361973768205e-27 3.288998747725139227e-01
1.603598670542578930e-01 7.969955060663997983e+02 3.853560716277415850e+02 2.241640202247710363e+02 1.726771700203810211e-01 7.847157142904243357e-27 7.564696165982973407e-27 1.919456596207791168e-27 3.590308664972098884e-01
2.786735098650292008e-01 3.024073991343587409e+02 9.659873648021647341e+01 9.594532057743614928e+01 1.597397980069051038e-01 1.615439980517252945e-27 1.324847001452416914e-27 5.057552908636148679e-28 3.487945561746499945e-01
4.842790563939447512e-01 9.898456692306469051e+01 2.763256797388658015e+01 3.681864161202094010e+01 1.433820083946334700e-01 1.881271833916594962e-28 1.526089248592485162e-28 1.125788586423827115e-28 3.718409132961205121e-01
8.415805455473629459e-01 5.695191520313218092e+01 1.773742340249550864e+01 1.767276013720550765e+01 1.487869383280012170e-01 8.881311158120231475e-29 7.814174943808605007e-29 3.128565025318031348e-29 4.111620697172764238e-01
1.462499369511558234e+00 3.976197481324975769e+01 9.856924681826981782e+00 9.460544668625246345e+00 1.391863229389226631e-01 4.586429624335301071e-29 3.700683230567089337e-29 1.559810874417849611e-29 3.886338147737845583e-01
2.541532616382623733e+00 3.107149254284411910e+01 1.502882732176961511e+01 5.306121600339498201e+00 1.237477803757429107e-01 2.940965600173790910e-29 3.310794931729855622e-29 8.405535306651878120e-30 3.523596172962059625e-01
