# R (Mpc), rho (Msol/kpc^3), errup, errlow, std, pth (Msol/kpc/s^2), errup, errlow, std 
#  nprofs 66, average weighted mh 377920277665.392700
6.384041294330565800e-04 3.165938128251397610e+07 5.578443503591318429e+07 2.698842822175879031e+06 4.020159129596273528e-01 7.148962114191074524e-23 1.498587587681802852e-22 9.433005129180356206e-24 5.604967629314427935e-01
1.109419225205789290e-03 1.135564553268520162e+07 1.307632437728350610e+07 2.904304054419627413e+06 4.387964860620591767e-01 2.078852807699227616e-23 2.468581910003157404e-23 4.363816832527224556e-24 6.101494571219937546e-01
1.927949648993110754e-03 6.254939433498970233e+06 4.024906922450998798e+06 3.339098304739359766e+06 4.350367813830879338e-01 9.239605061589047525e-24 9.055611734555664114e-24 3.206555046911550060e-24 6.188088649922012241e-01
3.350392497807294732e-03 2.857204623841354623e+06 2.590631866656984668e+06 8.826811109826751053e+05 2.787820842055287462e-01 3.257012382948650638e-24 4.378476153487262690e-24 1.130158355942403801e-24 4.323976439747977962e-01
5.822314859325205920e-03 1.195233507288506720e+06 7.373827328848394100e+05 4.013054182266402058e+05 2.394512003902396213e-01 1.105636908917993106e-24 1.045506906707030848e-24 3.794569474989587635e-25 3.955040491373129630e-01
1.011802358777515003e-02 3.440376413784197648e+05 2.563031787554147886e+05 7.429864298954376136e+04 2.106639033281947626e-01 2.571467130608964191e-25 3.767549081818142393e-25 8.069457901214229608e-26 3.957437496182575343e-01
1.758310977614137294e-02 7.481742454305803403e+04 5.381059667785415513e+04 2.132156123641030717e+04 2.292861696261204174e-01 1.052843682323242823e-25 1.023100310813234460e-25 2.799410726386163801e-26 4.410011595161504871e-01
3.055594274096973609e-02 1.738138503630794003e+04 1.109596879668266774e+04 5.706452635548679609e+03 2.227191027248501265e-01 8.309377524744230370e-26 8.267016596803551608e-26 2.391403143272129957e-26 3.328735551640749635e-01
5.310014261847564171e-02 6.468347919374083176e+03 4.210988625165957274e+03 8.772276844539355807e+02 1.776093221867296734e-01 6.542708336518790279e-26 6.412140647206235596e-26 2.347112611857482545e-26 3.164826587053126139e-01
9.227747184909704248e-02 2.602850702143016406e+03 1.161000490252351483e+03 7.227955017541166853e+02 1.636133648249164518e-01 2.755331621854432224e-26 3.446532544509341435e-26 7.513355269053858091e-27 3.909337710820247613e-01
1.603598670542578930e-01 8.499586922165955230e+02 3.453881367299296699e+02 2.370114748252099162e+02 1.738934959107683031e-01 6.082215576460585488e-27 6.934342320380460566e-27 1.505626199485116591e-27 3.758145097938111467e-01
2.786735098650292008e-01 2.458828961222945395e+02 5.501871410188658729e+01 9.471910968560507627e+01 1.671615804813230688e-01 8.633745112741121551e-28 6.959346049498042874e-28 3.350127308607232531e-28 3.619784203541724366e-01
4.842790563939447512e-01 9.326782489196510539e+01 3.197856685468876492e+01 3.482274756310562935e+01 1.461170775199920890e-01 1.162644896534874472e-28 1.184038939951456843e-28 5.101275528215738558e-29 3.580973424739271049e-01
8.415805455473629459e-01 5.539854676744096196e+01 1.824431071056909559e+01 2.006784789151303272e+01 1.492383803278757859e-01 7.145500233049366112e-29 6.262650604288229968e-29 2.625806131891894638e-29 4.004160565856687004e-01
1.462499369511558234e+00 3.849950555819053477e+01 1.198030435187830278e+01 7.931992071972185698e+00 1.401998658703779155e-01 3.612332349104452351e-29 3.075026120197761249e-29 1.227988207161693971e-29 3.836791699838603131e-01
2.541532616382623733e+00 3.029258530075573930e+01 1.583021382064080740e+01 4.220232086017471573e+00 1.238284081466251296e-01 2.358574572046338664e-29 2.904903235796549641e-29 5.646421058472253785e-30 3.375245931091153118e-01
