# R (Mpc), rho (Msol/kpc^3), errup, errlow, std, pth (Msol/kpc/s^2), errup, errlow, std 
#  nprofs 384, average weighted mh 1806248858134.616943
5.932158702927987828e-04 2.803274822300198674e+07 3.406155310546837002e+07 7.252475054830454290e+06 3.027361293161573430e-01 5.382202561024193194e-23 2.696828214790464245e-23 4.316269787242229250e-24 6.956541117377198491e-01
1.030891031022107985e-03 1.251528781437178515e+07 1.278240931282829680e+07 6.875652007195837796e+06 3.701628167382443046e-01 1.219996133052765173e-23 7.801210495211650766e-24 1.654111245093931657e-24 6.875315305191249671e-01
1.791483288060517678e-03 5.729958541278811172e+06 4.974481673031667247e+06 2.376113437064161524e+06 3.668672385352847454e-01 3.110568036207971257e-24 1.850600413340238732e-24 4.487531140806077552e-25 6.284987257215186585e-01
3.113241142682223340e-03 2.258552326347641181e+06 1.509916867040757323e+06 7.046417721764182206e+05 2.978907343891740167e-01 1.918330224919666893e-24 5.696146070690391513e-25 8.045019373079447573e-26 5.380607519289972718e-01
5.410193037849819406e-03 7.557713946201443905e+05 5.368462069801061880e+05 2.168879859300693497e+05 2.735232093772837492e-01 1.238285421940355047e-24 5.840688207923202965e-25 3.287282824640648498e-26 6.180042361474924473e-01
9.401837944869522595e-03 2.709686949048649403e+05 2.192140382478661486e+05 8.697807486705042538e+04 2.738746982955766462e-01 1.259046590256327756e-24 5.844434723179180305e-25 1.360236215598898918e-25 6.455460797615363289e-01
1.633852177236157222e-02 1.036765068843184854e+05 9.171841240913767251e+04 3.867534990016606753e+04 2.907789777177643420e-01 9.654431026947033304e-25 5.822587820998013033e-25 9.462723917715551010e-26 5.947290339779434110e-01
2.839309667654966660e-02 3.327511520130778081e+04 2.225833310491949669e+04 1.398581350710794868e+04 3.031205622673129318e-01 6.974708912993015198e-25 4.142955078287733520e-25 5.073831106175570151e-26 6.177123544267785205e-01
4.934154693526917462e-02 1.178878741168454144e+04 1.132730887556823654e+04 2.809254066945100476e+03 3.087557160725551975e-01 3.970934809153849228e-25 2.118337475408813710e-25 2.595320830134655786e-26 6.299468732309070340e-01
8.574578115588692151e-02 5.723088086677935280e+03 4.297312407083160906e+03 1.385196254529411817e+03 3.423067745041545318e-01 2.069240406745039557e-25 1.049343335734730580e-25 1.163085734282531727e-26 6.661547693560793126e-01
1.490090895544629590e-01 2.613914481229167450e+03 2.052082250144660520e+03 5.613367231041216883e+02 3.672366209671806270e-01 8.050847859930658601e-26 3.343651383680474712e-26 3.699429443423501741e-27 7.056298798509753611e-01
2.589481193189354657e-01 9.762952867883280987e+02 6.635000910974458748e+02 1.876528130228687985e+02 3.633455236913786246e-01 2.360604712708953687e-26 7.776740838276072811e-27 1.150822561333837223e-27 7.297261400943666487e-01
4.500002563555383639e-01 2.816785581455783358e+02 1.714786373171299658e+02 6.141430364582606671e+01 3.301422250405960379e-01 4.899668719499668909e-27 2.165268135248106547e-27 3.239613617678088770e-28 7.421989849166101827e-01
7.820108184320855305e-01 1.044068581586672622e+02 1.051015480204527535e+02 2.906329977754989358e+01 3.655508671673012300e-01 1.613627976311953540e-27 1.771888974500862718e-27 1.218311147638098578e-28 8.836834708175570485e-01
1.358979048362257247e+00 5.418442230695425366e+01 5.249194345315127208e+01 1.316572469073601681e+01 3.553760034655759625e-01 1.304389108841729252e-27 1.135368235061597305e-27 6.505947187972656324e-29 9.598679546805803930e-01
2.361634916496967218e+00 3.693265540626936172e+01 2.980386460535276427e+01 1.300511056644916685e+01 3.014053035921712143e-01 9.792654486258971287e-28 1.007160943255605063e-27 1.033029785875523795e-28 9.139118665265697494e-01
