# R (Mpc), rho (Msol/kpc^3), errup, errlow, std, pth (Msol/kpc/s^2), errup, errlow, std 
#  nprofs 706, average weighted mh 1370301669844.207520
7.132023429036486381e-04 3.651931012006666511e+07 3.542205193268612027e+07 1.633116461306877807e+07 3.331679267708393954e-01 6.783043022328378842e-23 3.515329245885632774e-23 9.530516656066397912e-24 6.952062237228698871e-01
1.030891031022107768e-03 2.118024888882485032e+07 2.196774656141025573e+07 1.168490445656625926e+07 3.853288309388383515e-01 3.461549020080550881e-23 1.866882387654860442e-23 3.905708602854888962e-24 7.713151932980307768e-01
1.490090895544628593e-03 1.202237897175967135e+07 1.310104214179197699e+07 5.784814507104083896e+06 4.036495692556760218e-01 2.185295779011797699e-23 6.914757299055238254e-24 1.621204355076589143e-24 7.494071313044455840e-01
2.153836642446622495e-03 6.480131796559898183e+06 5.833256442588009872e+06 2.545160713205575943e+06 3.723283346708458064e-01 4.487541574079467897e-24 2.573931842327904861e-24 5.347784562495317130e-25 6.246272312140949134e-01
3.113241142682222906e-03 3.212044690638386179e+06 2.770938942940510809e+06 1.040494340142872883e+06 3.240504098283461532e-01 2.634076815411524939e-24 9.913880401134652733e-25 1.509837842491670830e-25 5.594508480068037803e-01
4.500002563555381523e-03 1.463525860514750006e+06 1.449967008997340221e+06 4.365572398500695126e+05 3.108497555636012821e-01 1.167490662472356871e-24 5.172941503419451216e-25 6.552555921782920493e-26 5.329069763591436359e-01
6.504482673821579061e-03 7.054246068903581472e+05 7.232380384774968261e+05 2.465714487075370271e+05 3.265672123708704966e-01 1.152065253047277312e-24 5.443129800978148996e-25 5.679365606442543687e-26 6.060395227273066565e-01
9.401837944869524330e-03 3.762364391942598158e+05 3.785675383347285097e+05 1.653638574652099633e+05 3.492432365703727060e-01 9.463062305395299093e-25 5.027755703773591812e-25 1.127228583788667428e-25 5.857316059559418697e-01
1.358979048362255956e-02 1.904911769255833351e+05 2.254745056798260775e+05 9.042493333523649198e+04 3.736332169907803369e-01 8.452902917562835743e-25 4.773962839543878422e-25 9.951280554361192296e-26 5.263045191213163720e-01
1.964322364113258237e-02 7.602406957811217580e+04 8.701183716815189109e+04 3.359736265932430979e+04 3.883246447666068302e-01 7.131926717815632575e-25 4.731294489658581213e-25 9.654815546589595084e-26 5.448850297919805019e-01
2.839309667654967007e-02 2.736902931880973119e+04 2.453296530768224329e+04 1.028839602424390432e+04 3.527040126196827052e-01 5.478597173935049757e-25 3.577326495227406128e-25 6.464009236576278069e-26 5.618132497731928021e-01
4.104051115091891799e-02 1.227664505507076865e+04 1.014373316472909210e+04 4.175929651934194226e+03 3.318412864468604506e-01 3.789246953935964412e-25 2.558798216858508789e-25 3.774835739827458550e-26 5.709330181369065560e-01
5.932158702927994159e-02 7.240492379971908122e+03 6.175207345015267492e+03 2.362051894457713388e+03 3.279284850427623965e-01 2.297646812661403143e-25 1.454101613777423720e-25 2.312917114848682980e-26 5.767796648899925493e-01
8.574578115588700478e-02 4.160094275827054844e+03 3.401336663570546989e+03 1.356412473903704949e+03 3.324126691776742581e-01 1.307716106173572170e-25 7.514834063365362987e-26 1.180664239559416154e-26 5.941000290769835601e-01
1.239403622563955976e-01 2.192569026490277338e+03 1.612832621840389265e+03 6.212916539015828903e+02 3.261819160049702071e-01 6.715497340646006950e-26 3.382823971845764368e-26 5.536985669939676034e-27 6.183825218887275543e-01
