# R (Mpc), rho (Msol/kpc^3), errup, errlow, std, pth (Msol/kpc/s^2), errup, errlow, std 
#  nprofs 100, average weighted mh 628417601436.663208
7.132023429036486381e-04 5.764676244217856228e+07 5.960906888831727207e+07 2.793179068493360281e+07 3.756314552252187355e-01 6.854798544560678061e-23 4.746868456993989095e-23 2.281664488017155765e-23 5.999681797368806579e-01
1.030891031022107768e-03 2.976495165075318888e+07 2.259975358459137753e+07 1.367909162003808282e+07 3.816706392041923634e-01 3.286632270147916296e-23 2.432102815246176672e-23 5.295966196957197094e-24 6.763786653445797992e-01
1.490090895544628593e-03 1.851103526170027256e+07 2.072358718854378536e+07 5.553453954564735293e+06 3.786568445400896321e-01 2.572620300907697089e-23 1.572029675234929178e-23 2.550105468753623389e-24 6.950238662315576521e-01
2.153836642446622495e-03 1.144713483872611076e+07 6.795087756350586191e+06 4.112912999860973097e+06 4.135871892420529550e-01 8.917927458222528314e-24 9.543792945620223497e-24 2.099248561658963927e-24 6.389307947808876564e-01
3.113241142682222906e-03 6.428142963408766314e+06 4.859002138269989751e+06 2.409051070613117889e+06 5.317556922136240649e-01 4.382416243719466845e-24 7.045910987925810005e-24 1.047774091200928668e-24 6.449170167822517730e-01
4.500002563555381523e-03 3.737603701450569090e+06 4.691608510957573541e+06 1.466645060657409485e+06 6.319580938050252117e-01 1.734429958223080503e-24 2.713881756141527564e-24 7.477665033132206604e-25 6.217178197400746731e-01
6.504482673821579061e-03 2.066029367605205625e+06 2.780813532582424581e+06 1.041239845344925416e+06 6.593691538388937179e-01 1.356491934741098116e-24 1.450134789354352248e-24 4.878126105192565401e-25 6.227765697969526171e-01
9.401837944869524330e-03 9.837520380001346348e+05 1.321999974489205051e+06 5.487705527529102983e+05 6.873680890846205482e-01 8.163374786881757207e-25 8.687573971942859875e-25 3.467433500851351403e-25 5.275781498310897488e-01
1.358979048362255956e-02 3.960092567833333160e+05 4.525036115346163278e+05 3.080626966665033251e+05 6.492195121665804702e-01 5.545269996829974785e-25 5.711677035523373042e-25 2.561829329237824864e-25 4.101487392825022282e-01
1.964322364113258237e-02 1.771942868627613934e+05 1.405938913652549381e+05 1.152484062245578971e+05 4.681743813325645598e-01 4.386622969883718922e-25 4.879171500398853266e-25 1.869300640850878539e-25 4.508566726173257044e-01
2.839309667654967007e-02 1.053066332625748328e+05 7.849120994482668175e+04 6.288868528117916139e+04 4.098776526529648856e-01 3.239652211411583297e-25 2.864047740159245406e-25 9.481683134011310625e-26 4.661203581130552442e-01
4.104051115091891799e-02 4.953169904335906176e+04 2.816227538964336418e+04 2.777887582120675143e+04 3.520835520959279541e-01 1.270649995712644509e-25 1.643620558846210299e-25 4.097471843552656487e-26 4.352570338609322298e-01
5.932158702927994159e-02 1.828163603016810885e+04 1.178864521039809915e+04 7.228991218136385214e+03 2.976498578050281174e-01 5.282933136440456335e-26 4.817245548923118010e-26 1.994519408613988875e-26 3.815535384840359479e-01
8.574578115588700478e-02 6.859145294797109273e+03 4.444034115284419386e+03 1.774653946524994808e+03 2.477084159131153207e-01 2.982170658203517242e-26 2.787967250506797601e-26 8.748232996153949650e-27 3.746623373266904089e-01
1.239403622563955976e-01 2.925907694696138606e+03 2.479380683568551376e+03 6.437892796909968638e+02 2.296911295425330679e-01 1.703325235369926969e-26 1.582102214803589415e-26 3.276817060320070701e-27 4.132580901595730438e-01
