# R (Mpc), rho (Msol/kpc^3), errup, errlow, std, pth (Msol/kpc/s^2), errup, errlow, std 
#  nprofs 103, average weighted mh 792906066819.888672
7.132023429036486381e-04 4.365866086379421502e+07 5.727428917811863869e+07 1.174439616989976354e+07 3.603868002309262297e-01 3.384209519481103188e-23 4.377226266671552318e-23 1.384310526448107778e-23 8.598083474767418410e-01
1.030891031022107768e-03 2.076153643861585110e+07 1.876967638914947584e+07 1.170533521447485872e+07 3.787538745344724012e-01 3.972564111717313941e-23 1.896752281842293491e-23 4.529876256501319027e-24 7.537683695759757052e-01
1.490090895544628593e-03 9.496076526706228033e+06 1.542311182508362643e+07 4.561546222463002428e+06 4.208161719366924625e-01 5.163118629513710865e-24 9.400409351524433552e-24 8.678417541977311818e-25 7.860738563182069205e-01
2.153836642446622495e-03 6.063555422201433219e+06 5.679166310830323026e+06 1.709093662609125022e+06 3.590569470524780371e-01 1.820818900285385240e-24 2.988286822028482592e-24 3.510004272303749965e-25 6.300419837284603197e-01
3.113241142682222906e-03 3.805645996112681460e+06 3.647536613165036775e+06 1.305751263488966273e+06 3.601947286232009549e-01 1.605690175591709642e-24 1.581518030432729917e-24 2.458740042984622101e-25 6.177695422421854987e-01
4.500002563555381523e-03 2.204928654788450804e+06 2.033742732021890581e+06 6.397704316165703349e+05 2.815293487082168311e-01 7.220605080976075290e-25 9.741469779775980337e-25 2.117738926518265656e-25 5.385350008370495267e-01
6.504482673821579061e-03 1.205496764756503981e+06 8.833864554061293602e+05 4.978690740038049407e+05 2.642100766406955126e-01 8.021492549225109683e-25 6.819618837748774811e-25 1.929589034267191195e-25 5.604983169401600573e-01
9.401837944869524330e-03 7.077571130466188770e+05 2.628640159339335514e+05 2.774153104509792756e+05 2.154395420239640091e-01 9.135571444429283168e-25 1.081778114676298676e-24 2.286188637307156751e-25 5.438775789164234098e-01
1.358979048362255956e-02 3.955213398111811257e+05 1.728484432518094545e+05 1.399543569888259226e+05 2.232508750479166582e-01 9.808481017540654201e-25 7.796923550299424584e-25 2.860204893402287669e-25 5.165066613115977256e-01
1.964322364113258237e-02 2.183330629697606200e+05 1.075570578536932298e+05 7.099334650664354558e+04 2.297665159499366061e-01 7.580383447220196434e-25 6.459952654628657728e-25 2.553537054682314028e-25 5.033586938814730294e-01
2.839309667654967007e-02 1.167114693222072819e+05 7.578256503502838314e+04 3.399614744018234342e+04 2.467752900153027673e-01 5.657168284767526918e-25 5.821680544493556792e-25 1.133258597630974432e-25 5.274175890880028472e-01
4.104051115091891799e-02 5.879599804476751160e+04 3.780780304675980005e+04 1.838921479357991848e+04 2.532092592421620880e-01 3.442174819265784400e-25 3.541784843164326145e-25 5.042484025422788425e-26 5.582454435470416421e-01
5.932158702927994159e-02 2.568334498783145318e+04 2.225363145672737301e+04 8.183662875532685575e+03 2.624940925559590132e-01 1.974258045303257707e-25 2.037879539826239862e-25 2.743876798103160511e-26 5.647090254493660755e-01
8.574578115588700478e-02 1.159703524772806850e+04 9.659762478343465773e+03 3.738185899816777237e+03 2.789630180376858060e-01 1.082046295148633022e-25 9.927566206208029822e-26 1.368398553138460053e-26 5.635196566286431175e-01
1.239403622563955976e-01 5.347616154621950955e+03 5.347727988811715477e+03 1.502542944097162945e+03 2.913145227425819606e-01 5.335085689343231465e-26 3.927569187728437096e-26 7.191826236470254592e-27 5.659673366298559882e-01
