# R (Mpc), rho (Msol/kpc^3), errup, errlow, std, pth (Msol/kpc/s^2), errup, errlow, std 
#  nprofs 624, average weighted mh 1813908375945.521973
7.132023429036486381e-04 4.704054494756762683e+07 3.988141745904726535e+07 2.185221155373726040e+07 3.340633581727265877e-01 6.103356419612870321e-23 3.902624476127612829e-23 1.335095535587644494e-23 6.318459977995035670e-01
1.030891031022107768e-03 2.369044422135458887e+07 2.147163260385914892e+07 1.100165579059221968e+07 3.535947305731615420e-01 3.240006029516532237e-23 2.322185580008305749e-23 4.871948768706820784e-24 7.035173487248038704e-01
1.490090895544628593e-03 1.201585272857886739e+07 1.033116184272774123e+07 5.872183875162202865e+06 3.934904927790974782e-01 1.283456209459092895e-23 8.415187236035505869e-24 1.851114441633689109e-24 6.975340560333082029e-01
2.153836642446622495e-03 5.603047244098744355e+06 4.844641538799832575e+06 2.529650808313285001e+06 3.802362311617399349e-01 5.437589044578343211e-24 3.771258116509313459e-24 5.361043867984336346e-25 6.302975703419205766e-01
3.113241142682222906e-03 2.271662577404954471e+06 2.077407400922694243e+06 8.839836366774674971e+05 3.794276120195763657e-01 2.514695775026124368e-24 1.593438486527059034e-24 1.511941175590404928e-25 6.227607855342303100e-01
4.500002563555381523e-03 9.157921447222585557e+05 7.686317416775802849e+05 3.475756348259973456e+05 3.846115042635913639e-01 1.585946064350145515e-24 8.353182662300983866e-25 6.877975707632530340e-26 6.591993604258920003e-01
6.504482673821579061e-03 3.977259264915631502e+05 2.880123200384809170e+05 1.295152469117567816e+05 3.249492319047853628e-01 1.253307526589251997e-24 6.996158242150450659e-25 3.742874589541566374e-26 6.966184248974107707e-01
9.401837944869524330e-03 1.767775647122893424e+05 1.273194804708955635e+05 5.648168327657566988e+04 2.973156435134760578e-01 9.187666163855203535e-25 6.232717267737350034e-25 3.713623370768368917e-26 7.111198282810945459e-01
1.358979048362255956e-02 8.606221120323851937e+04 6.000743549048920977e+04 2.972820837221528200e+04 2.859757729491326228e-01 7.201571465729879946e-25 4.523531398628740232e-25 4.935520354012440813e-26 7.065389887393311863e-01
1.964322364113258237e-02 4.180501063004396565e+04 2.692170652405831424e+04 1.428658021471569737e+04 2.750655287342576027e-01 5.382439648723706712e-25 3.715310376571532329e-25 5.955907747133524606e-26 6.735663647294807266e-01
2.839309667654967007e-02 1.894716036345014436e+04 1.325847990207418479e+04 5.986910608337178928e+03 2.993273468703410711e-01 3.757276562176482269e-25 2.407245295142720801e-25 3.928765924839892477e-26 6.328257683555609248e-01
4.104051115091891799e-02 8.834806414731236146e+03 6.060933794505164769e+03 2.538174242445335949e+03 3.159582806353936069e-01 2.859538934479927568e-25 1.793933650630834896e-25 2.079996136132842654e-26 6.214097843718480174e-01
5.932158702927994159e-02 4.622868620222876416e+03 4.145342167713146409e+03 1.335703380258621792e+03 3.309445697558284771e-01 1.991243244256195135e-25 1.211386662556607538e-25 1.410812420746138112e-26 6.315706651856328735e-01
8.574578115588700478e-02 2.844232755089161401e+03 2.616412605346920373e+03 8.186732004085154131e+02 3.473768711381234886e-01 1.191701573751168710e-25 7.001959236695979615e-26 9.747289704458156399e-27 6.539185706718557700e-01
1.239403622563955976e-01 1.824043398872955322e+03 1.595590541148480042e+03 4.981893245121530072e+02 3.554994018800887723e-01 7.279936806399926092e-26 3.723994816108287960e-26 5.369000012641307985e-27 6.826021403614664917e-01
