# R (Mpc), rho (Msol/kpc^3), errup, errlow, std, pth (Msol/kpc/s^2), errup, errlow, std 
#  nprofs 247, average weighted mh 1254599067228.062012
7.132023429036486381e-04 7.571648052248950303e+07 5.047250219429770112e+07 3.287581637123728544e+07 3.241480720977198970e-01 1.603856867628780625e-22 7.181165583512898231e-23 3.024964736494327254e-23 5.993653744414403350e-01
1.030891031022107768e-03 3.995689060829371214e+07 2.558835756794712692e+07 1.276215025966619328e+07 3.180265726229740131e-01 8.352887437269501876e-23 9.268447054896180575e-23 9.740208086831278030e-24 6.504181022626495112e-01
1.490090895544628593e-03 2.290597365332574025e+07 1.332712849209772050e+07 7.838969179448409006e+06 2.894819069585435889e-01 2.889896616686570383e-23 2.213746140732197773e-23 4.108938761252942066e-24 6.164600026622504281e-01
2.153836642446622495e-03 1.092755366227029264e+07 9.198518097955759615e+06 3.989060761379570700e+06 3.377243754595567471e-01 6.839736685344173569e-24 6.737954167120643103e-24 1.837178720317924004e-24 5.413275496388821884e-01
3.113241142682222906e-03 4.201579080043500289e+06 2.275838991770416964e+06 1.794398332899907604e+06 3.810054202575435811e-01 1.970232981539696625e-24 1.922027491951244558e-24 5.626903561273496039e-25 4.863608519449388323e-01
4.500002563555381523e-03 1.696655394245299511e+06 1.507797491452114889e+06 6.137594706082161283e+05 4.631793616129022406e-01 1.053166426281389070e-24 9.205667635726274580e-25 2.467172902182472749e-25 4.672314222749288648e-01
6.504482673821579061e-03 7.259182008976116776e+05 7.279994695327021182e+05 2.989996958387047052e+05 5.790044402676129964e-01 5.432731856583523040e-25 5.789725631069615244e-25 1.069578098926058784e-25 5.021707271878300682e-01
9.401837944869524330e-03 3.372415250887663569e+05 3.392666611962415627e+05 2.095692146933674521e+05 5.577335736574628999e-01 4.366325703442683034e-25 3.336408433243208066e-25 7.541181481604114537e-26 4.813839847260200644e-01
1.358979048362255956e-02 1.835969258652232238e+05 1.684098876275223738e+05 1.086937036360691127e+05 5.090535861728759937e-01 4.249123400829946913e-25 2.574368771817984550e-25 6.198915937875202755e-26 4.994292491507235643e-01
1.964322364113258237e-02 8.798983407593160518e+04 6.515381915391795337e+04 4.862683496780077985e+04 3.883110421775494703e-01 4.033458722777028127e-25 1.774897325336474762e-25 6.018938885961265039e-26 5.018595547781703470e-01
2.839309667654967007e-02 3.524059960668192070e+04 2.796618149478783744e+04 1.421392068994861802e+04 3.227124905786682429e-01 2.465986987216508861e-25 1.400607891807097073e-25 3.596385470728837922e-26 4.641493231785341900e-01
4.104051115091891799e-02 1.502649611104753239e+04 9.638238505908782827e+03 4.609685792307968768e+03 2.797776643542740915e-01 1.952548505000623315e-25 8.408294636042977360e-26 2.433233295824802657e-26 4.574623723209854664e-01
5.932158702927994159e-02 7.035628838250658191e+03 4.409447315405749578e+03 2.582972629107923240e+03 2.749981729680599507e-01 1.122739618288598174e-25 5.020191769655402547e-26 1.269639442355478651e-26 4.499820694559585887e-01
8.574578115588700478e-02 3.887038611943054548e+03 2.299654721776982115e+03 1.194705671580669105e+03 2.607106340590846227e-01 7.158975014899666268e-26 3.654305358052807228e-26 8.462818168453419986e-27 4.739157594641622007e-01
1.239403622563955976e-01 2.258060486518538255e+03 1.290830044682546486e+03 5.815742086405891769e+02 2.663935538599297437e-01 4.774649401115402338e-26 2.138384530303198655e-26 4.365947291619085353e-27 5.208182877806125655e-01
