# R (Mpc), rho (Msol/kpc^3), errup, errlow, std, pth (Msol/kpc/s^2), errup, errlow, std 
#  nprofs 786, average weighted mh 1616880921243.173340
7.132023429036486381e-04 5.489908094965393096e+07 3.881631158532451838e+07 2.406832187358517572e+07 3.739846305149217565e-01 1.253712754447106502e-22 4.128954081290346890e-23 1.442265062097141495e-23 6.702163593714887124e-01
1.030891031022107768e-03 2.829828002019860968e+07 2.199263419232277200e+07 1.595306863771555200e+07 3.879564023892962954e-01 4.242831671015858989e-23 1.949320078053425673e-23 7.465069888923959130e-24 7.081489372405892491e-01
1.490090895544628593e-03 1.498251872003903426e+07 1.079188190293932147e+07 8.553068160345122218e+06 3.799988989640739057e-01 1.312761721497821275e-23 7.945891549464763759e-24 3.216449310960538765e-24 6.457798432755857965e-01
2.153836642446622495e-03 7.711436383976738900e+06 5.796657008231856860e+06 3.693695092302438803e+06 3.942444425699856425e-01 6.547215095104264205e-24 3.635524353109658460e-24 9.371441828752674439e-25 5.749267996381890455e-01
3.113241142682222906e-03 3.715223210570794065e+06 3.075750236817884259e+06 1.602492622006482212e+06 4.328417608406028294e-01 5.096353434727105719e-24 1.810150017313095132e-24 3.499462532432723211e-25 5.830452350601342815e-01
4.500002563555381523e-03 1.832709544028099626e+06 1.533497830080307787e+06 8.059881866227366263e+05 5.180448861948147021e-01 2.209290578099332305e-24 9.782427051343685886e-25 1.434341269853413954e-25 5.947002420859167637e-01
6.504482673821579061e-03 8.979882243093146244e+05 8.711961456389431842e+05 4.620695428873265046e+05 5.778691845496211066e-01 1.898150572073503006e-24 6.715976475903513521e-25 7.631213745185684184e-26 6.189829527451110591e-01
9.401837944869524330e-03 4.699626508666818263e+05 4.831287381394559052e+05 2.668067820184833254e+05 5.930745912711167245e-01 9.065393365033568368e-25 3.773118081349602136e-25 5.778830846991742263e-26 6.130647203064842898e-01
1.358979048362255956e-02 2.522327969734878861e+05 1.983911318325673055e+05 1.803598525693304255e+05 5.356473653605977603e-01 6.682539714800103190e-25 3.030159628717464557e-25 4.887313450852681842e-26 6.023057559978793885e-01
1.964322364113258237e-02 1.245516958676272043e+05 8.907940133111861360e+04 8.245458371808813536e+04 4.900785158645082906e-01 3.743008449114500489e-25 2.181898125356823605e-25 4.105626151198654297e-26 5.404220643610276875e-01
2.839309667654967007e-02 4.699865385793914174e+04 3.982779619595532131e+04 2.878459984935681859e+04 4.356519909114152100e-01 2.197401145138353414e-25 1.473686234657799075e-25 2.895877347731543355e-26 4.996648564268995063e-01
4.104051115091891799e-02 1.323980495630950827e+04 1.339262221262481398e+04 5.247608150455138457e+03 3.692032514411037747e-01 1.302425257013911658e-25 8.699804959628001780e-26 2.081745767182418364e-26 4.790370563551942795e-01
5.932158702927994159e-02 4.116901017854631391e+03 3.270836220101457457e+03 1.335855024029784317e+03 3.031624729181063294e-01 8.058197588183933273e-26 5.303594508021606517e-26 1.386081273722261108e-26 4.887212343193694242e-01
8.574578115588700478e-02 2.145844032534620510e+03 1.640736356079043162e+03 6.614545503343047130e+02 3.009882332110394576e-01 4.955580113910223464e-26 3.008566924579700674e-26 7.773377206709660831e-27 5.187225205681478268e-01
1.239403622563955976e-01 1.161876821163057002e+03 7.848210262684231111e+02 3.712681907566097834e+02 3.067015119291224834e-01 2.923084695595743850e-26 1.643600184767578551e-26 3.864228286825985690e-27 5.716611016293975389e-01
