# R (Mpc), rho (Msol/kpc^3), errup, errlow, std, pth (Msol/kpc/s^2), errup, errlow, std 
#  nprofs 172, average weighted mh 985961998810.508545
7.132023429036486381e-04 6.573491413509970903e+07 4.069935178246728331e+07 3.464081854947569966e+07 3.762429045821700235e-01 8.241938545659571968e-23 5.024237390048316338e-23 2.788034638057896495e-23 6.105929811337893476e-01
1.030891031022107768e-03 3.760164223639196157e+07 2.258310462954696268e+07 2.402109430360103026e+07 3.744412498918247012e-01 6.214213099518718336e-23 2.875720841000389269e-23 1.718732283981028953e-23 6.610630804829736862e-01
1.490090895544628593e-03 1.929456461510020494e+07 1.098508879798828065e+07 9.649342623893007636e+06 3.713371587445607469e-01 2.398503123430919482e-23 9.475090877069090811e-24 5.313315508520216354e-24 6.274742329745359726e-01
2.153836642446622495e-03 1.146253204583787732e+07 7.988383152837388217e+06 3.874089880810722709e+06 3.207490665880245451e-01 1.767332106911350749e-23 6.093070575504345107e-24 1.775820476514882405e-24 5.919149013970275153e-01
3.113241142682222906e-03 5.411924728103228845e+06 4.559570879385594279e+06 2.128238598383801989e+06 5.067728689994359659e-01 4.980220641960351405e-24 3.666527352894653622e-24 6.307083629308671239e-25 5.437304774833067178e-01
4.500002563555381523e-03 2.679594781367996708e+06 2.496654550255523063e+06 1.171683177117452957e+06 5.962701835093013880e-01 2.469223025576215624e-24 2.061145107730251342e-24 3.691796618234795614e-25 5.575433693588398576e-01
6.504482673821579061e-03 1.347484052110810298e+06 1.157695347423274536e+06 9.723991923963062000e+05 6.302451377855923242e-01 2.010722634389267579e-24 8.779132356118025265e-25 2.660617848893960902e-25 5.696850672964955953e-01
9.401837944869524330e-03 6.828025920849795220e+05 4.329541148991645314e+05 6.121643869272992015e+05 6.334186767215185254e-01 1.512859862073477716e-24 6.258321428526847185e-25 1.918735030619019747e-25 5.494502388970224915e-01
1.358979048362255956e-02 3.382674119375885930e+05 2.096949013627010863e+05 2.752074033440039493e+05 5.331575070336509459e-01 1.131849497980177659e-24 4.773865557502373525e-25 1.161183158684441737e-25 4.841491271836694255e-01
1.964322364113258237e-02 1.562225201130489295e+05 1.316001703593608399e+05 9.072396035397046944e+04 4.380805033115449110e-01 5.610148786107420593e-25 2.982841688558178133e-25 1.071235507296512076e-25 4.188293423795864112e-01
2.839309667654967007e-02 6.263947886938154988e+04 5.206574732428509742e+04 2.493895359695065417e+04 3.522493475144859443e-01 3.951332276374833051e-25 1.906971801564648245e-25 6.220824649884368087e-26 4.274265107268939712e-01
4.104051115091891799e-02 2.462912112506949416e+04 1.752197548193680996e+04 7.533353527445509826e+03 2.721928949578064083e-01 1.952981079123538179e-25 1.196517915376610911e-25 3.185757352600059146e-26 4.238227839914103234e-01
5.932158702927994159e-02 1.065295304307570586e+04 5.212561780323134371e+03 3.232485253469462805e+03 2.277599696155174491e-01 9.575526691093183798e-26 8.196279359993153916e-26 1.329944619511803052e-26 4.336867806984562868e-01
8.574578115588700478e-02 5.059922945027903552e+03 2.812524329167313226e+03 1.535686666452774716e+03 2.281291269701161695e-01 5.981573964584711185e-26 4.135272993134540277e-26 8.140718894517494059e-27 4.564660877655244420e-01
1.239403622563955976e-01 2.647884412998877451e+03 1.714601385864451913e+03 7.111947869912610258e+02 2.278555757090360845e-01 3.732349497053853105e-26 2.281044997542985762e-26 4.262279382008607618e-27 4.888167941551110340e-01
