# R (Mpc), rho (Msol/kpc^3), errup, errlow, std, pth (Msol/kpc/s^2), errup, errlow, std 
#  nprofs 359, average weighted mh 960375540952.447388
7.132023429036486381e-04 3.860033833609379083e+07 4.430994179447893798e+07 1.962143426148504391e+07 3.355606866663085608e-01 3.110376554554741738e-23 3.016945136359859393e-23 1.063716271255296319e-23 6.099106742738322762e-01
1.030891031022107768e-03 1.818818230119187012e+07 1.597297142146755010e+07 1.103891574425465055e+07 3.510279529806954457e-01 2.251987621500593657e-23 1.388276851284518663e-23 4.128347303622040842e-24 7.150223636702706109e-01
1.490090895544628593e-03 1.086946518068598770e+07 9.111768260829143226e+06 5.980473224847435951e+06 3.522459983027996788e-01 1.081904394505629420e-23 5.702904271386857887e-24 1.898089342638672811e-24 6.721086521183133877e-01
2.153836642446622495e-03 5.572712069152602926e+06 4.216875809114332311e+06 2.568726408601699863e+06 3.641764373292303292e-01 3.966918696325085183e-24 2.402845799682537417e-24 5.829807280879552294e-25 6.549600693031543130e-01
3.113241142682222906e-03 2.657213965036586393e+06 1.850467362451688386e+06 1.012961431029143976e+06 3.244724382350637204e-01 1.436852096965968368e-24 1.023765538424076023e-24 1.557551534567409614e-25 5.746602846734903958e-01
4.500002563555381523e-03 1.097415128592528868e+06 7.057177504136688076e+05 3.929841359732359415e+05 2.908013621757605804e-01 8.835419062153611921e-25 4.621971393141640984e-25 6.277805013568966216e-26 5.771676717220630692e-01
6.504482673821579061e-03 4.567505468267934630e+05 3.158837962757404312e+05 1.669356408190935326e+05 2.664360610712686595e-01 8.802284527307890934e-25 3.667313673645933486e-25 4.232829649167999118e-26 6.289723517025346267e-01
9.401837944869524330e-03 2.159495988993345818e+05 1.698651553685847321e+05 7.475125189285271335e+04 2.727469998122065697e-01 5.997158421766180393e-25 4.476717253161052405e-25 5.615029820275156710e-26 6.653489039854901810e-01
1.358979048362255956e-02 1.071007913630871335e+05 9.777448290393398202e+04 3.823837905104184028e+04 2.882032460840230903e-01 5.171610615498321704e-25 4.794968031401043887e-25 1.101244114976082556e-25 6.342509068615023171e-01
1.964322364113258237e-02 5.084108078295153973e+04 4.380085414234291238e+04 1.733133070942346603e+04 3.116426094949281134e-01 3.029464697304879862e-25 3.599208438021095395e-25 8.633646571726352269e-26 5.839476081215146941e-01
2.839309667654967007e-02 2.363106126605676036e+04 1.684539825277711134e+04 9.114152814044329716e+03 3.140734123457670779e-01 2.210659266393081719e-25 3.088017400487490200e-25 4.516625062100259661e-26 5.634929330402951297e-01
4.104051115091891799e-02 1.089986278439608941e+04 8.713304202625295147e+03 3.958590220682628114e+03 3.168857773631029162e-01 1.817093687220487418e-25 2.220700149456066742e-25 2.667739374638241923e-26 5.747719085981475295e-01
5.932158702927994159e-02 5.885683279388962546e+03 5.746289745385394781e+03 1.932963426883775810e+03 3.137102185905260021e-01 1.305577607499041799e-25 1.583490143482950463e-25 1.793606120178142716e-26 5.874595114059599776e-01
8.574578115588700478e-02 3.606728749352715113e+03 3.668345307552637678e+03 1.117020021476564580e+03 3.308050653940513564e-01 8.063595716483507078e-26 9.479990001974569690e-26 1.105163562335811781e-26 6.156692873872908756e-01
1.239403622563955976e-01 2.264102211583267490e+03 2.412707449117712258e+03 7.307042851708785065e+02 3.516651974684482096e-01 4.983234339687397622e-26 4.817707449431743969e-26 5.911294259846563288e-27 6.532923180377981920e-01
