# R (Mpc), rho (Msol/kpc^3), errup, errlow, std, pth (Msol/kpc/s^2), errup, errlow, std 
#  nprofs 439, average weighted mh 1193984482466.645508
7.132023429036486381e-04 3.216758016906969249e+07 2.640641337686599046e+07 1.437288455791461468e+07 3.149747074292709725e-01 1.631719954189595392e-22 1.933153220880422711e-23 7.190515553281008558e-24 6.863418134692796935e-01
1.030891031022107768e-03 1.759635957236709818e+07 1.771197145748792216e+07 8.996117429908044636e+06 3.588584995910744091e-01 4.938816617708150686e-23 1.171513868210136749e-23 2.941685187279507274e-24 7.348990045338117394e-01
1.490090895544628593e-03 9.584678516301393509e+06 8.021476532045171596e+06 4.907802424246655777e+06 3.636411197183614941e-01 1.923099015946380093e-23 3.882751529737193382e-24 1.059638616450731437e-24 6.686372686288363232e-01
2.153836642446622495e-03 5.359603449479777366e+06 3.879454485759345349e+06 1.919194705979739781e+06 3.384834061871813682e-01 4.124170702228882382e-24 1.425633361785020370e-24 3.517770842266180624e-25 6.134110879415780593e-01
3.113241142682222906e-03 2.581618258304373827e+06 1.616188541868367465e+06 8.260881333405000623e+05 3.015358470769563537e-01 1.254664296781379910e-24 6.670413519602534289e-25 1.031892203727188946e-25 5.176815184899535849e-01
4.500002563555381523e-03 1.089748453048579395e+06 6.377461864185535815e+05 2.906001834116543178e+05 2.646224847925716106e-01 6.719008282886974037e-25 3.008295216837324228e-25 4.143757668668540064e-26 5.105126822117566077e-01
6.504482673821579061e-03 4.547149330561005045e+05 2.893799792323134025e+05 1.416237343003530113e+05 2.422243911615629131e-01 6.051583297776279131e-25 2.973974647119796815e-25 2.982878317865371260e-26 5.914473101926002174e-01
9.401837944869524330e-03 2.020883031454152369e+05 1.480907173882360803e+05 6.336724151051562512e+04 2.573364433843653432e-01 8.311677409143340543e-25 5.865560923386609676e-25 4.615176286521060778e-26 6.815954737464138269e-01
1.358979048362255956e-02 9.373098504328528361e+04 6.436800366750222747e+04 3.211351877038297971e+04 2.736740146936788021e-01 5.573674427753989239e-25 5.034952097700689996e-25 7.285911409621305283e-26 6.221096603057191254e-01
1.964322364113258237e-02 4.446050580045662355e+04 3.590855202150105470e+04 1.702635023739867393e+04 3.155541128148852681e-01 4.524650084270252829e-25 3.756965516456889677e-25 5.890935631183506015e-26 5.930249302928448651e-01
2.839309667654967007e-02 2.058291438273720632e+04 1.550481279172577342e+04 8.354646289022279234e+03 3.205853826760863834e-01 3.250339614718729958e-25 2.426330289732693968e-25 3.882809062739495583e-26 5.643645603104621156e-01
4.104051115091891799e-02 1.080582705058193278e+04 9.452176494261439075e+03 3.879179671220169894e+03 3.076712095583911122e-01 2.367829285294609837e-25 1.791584279196982953e-25 2.151758884587370036e-26 5.727296688455848495e-01
5.932158702927994159e-02 6.448875075338472925e+03 4.947305192056241140e+03 1.709461252819631227e+03 3.016000329426943294e-01 1.665331322549143512e-25 1.176306056236900902e-25 1.311051322104055952e-26 5.898954524722280768e-01
8.574578115588700478e-02 3.959976041490816897e+03 3.459199652334133589e+03 9.036116589450036827e+02 3.243154187205145034e-01 1.126659218669383412e-25 5.872583627227715712e-26 8.586570059701795944e-27 6.228101649993290634e-01
1.239403622563955976e-01 2.486326230869061419e+03 2.212181810333172507e+03 5.172842738137219385e+02 3.484117527124730440e-01 6.777270986594351347e-26 3.767088654621127158e-26 3.618723836399354989e-27 6.597695146133901734e-01
