# R (Mpc), rho (Msol/kpc^3), errup, errlow, std, pth (Msol/kpc/s^2), errup, errlow, std 
#  nprofs 553, average weighted mh 1483591432597.308350
7.132023429036486381e-04 5.155240404364177585e+07 4.622465584489426762e+07 2.615086295549549535e+07 3.500983942290851192e-01 4.129623162405343068e-23 4.706355301230077201e-23 1.514943808993740734e-23 5.874781023384284540e-01
1.030891031022107768e-03 2.785342148860812560e+07 2.152612586397682503e+07 1.567364782428113371e+07 3.697541065772892988e-01 2.744756383433457947e-23 2.038811598833770830e-23 7.836395086032671027e-24 6.776178411815865221e-01
1.490090895544628593e-03 1.512976212597626261e+07 1.200429899887027591e+07 7.167109009641542099e+06 3.642210730852023515e-01 1.179057723118431715e-23 7.999761151463127117e-24 3.018974444533634572e-24 6.458553819345785874e-01
2.153836642446622495e-03 8.250999870165482163e+06 6.853247688910651952e+06 3.385550737657445483e+06 3.606565401393858061e-01 4.395806977320513067e-24 4.130333301514098135e-24 9.678787550262501379e-25 5.633676450218825238e-01
3.113241142682222906e-03 4.331061305224685930e+06 3.616402376633210573e+06 1.551455654270654311e+06 3.953455800594016800e-01 1.976411870566615076e-24 2.291027139004104276e-24 3.458950466897349551e-25 5.664206963209037493e-01
4.500002563555381523e-03 2.253253345516768284e+06 2.182971955617486499e+06 9.379485564727223245e+05 5.287366406589852907e-01 1.406934085045185049e-24 1.663870643843737706e-24 1.745249236988641275e-25 6.105219114075550735e-01
6.504482673821579061e-03 1.331060890549474629e+06 1.555765088739317842e+06 6.227867384484759532e+05 5.526495221235688815e-01 1.226863966350719329e-24 1.034639105427924935e-24 1.882068505856922761e-25 6.269641344257987914e-01
9.401837944869524330e-03 7.410690672494310420e+05 7.322068513128703926e+05 4.573992730739368126e+05 5.907940670741693712e-01 8.586819777559500433e-25 7.686899177301870185e-25 2.269191150775481709e-25 5.869025104066428744e-01
1.358979048362255956e-02 3.445622049418209353e+05 3.385507724242167315e+05 2.036497628960084694e+05 5.033213232986200047e-01 6.530577306778963701e-25 6.142096989206391204e-25 1.826115860969908148e-25 5.107776123308028771e-01
1.964322364113258237e-02 1.214747049491790676e+05 9.708628134063720063e+04 6.268560873091687972e+04 4.027479801585562291e-01 4.967984735031334305e-25 5.084622326288005040e-25 1.312643903188811463e-25 4.987585158156912502e-01
2.839309667654967007e-02 4.401327098434566142e+04 2.825725550951678451e+04 2.380501995079399785e+04 3.399596799574108874e-01 3.160113378607757321e-25 3.038730875694987105e-25 6.662581677775471653e-26 4.914399305771538495e-01
4.104051115091891799e-02 1.686852414247074194e+04 1.555120631509849045e+04 6.700319851835172813e+03 3.049787359534590903e-01 2.020700710317602250e-25 1.798205608984539646e-25 3.116894016901103123e-26 4.811964426916372495e-01
5.932158702927994159e-02 7.597241637658783475e+03 6.605744249158322418e+03 2.319991344039750402e+03 2.900665351054665941e-01 1.312866228134323413e-25 9.543213942565641839e-26 1.688693244664771058e-26 4.855062096418032991e-01
8.574578115588700478e-02 3.699484402151726954e+03 2.821442404670335691e+03 1.120541318943113538e+03 2.746709169508289028e-01 8.221762678068388164e-26 4.942296213357759600e-26 8.922771426064936424e-27 5.086277853065859222e-01
1.239403622563955976e-01 1.772320049878773261e+03 1.415588490439465204e+03 5.271066286410890598e+02 2.695583332011694533e-01 3.934920609483148127e-26 2.386343185145467832e-26 4.295248851133627376e-27 5.418163045116990428e-01
