# R (Mpc), rho (Msol/kpc^3), errup, errlow, std, pth (Msol/kpc/s^2), errup, errlow, std 
#  nprofs 248, average weighted mh 1076643301646.230347
7.132023429036486381e-04 7.910223581393966079e+07 6.312070603973188251e+07 4.133622855845320225e+07 3.698082885029065903e-01 9.961816110846916991e-23 9.211389025941590944e-23 2.679602873855930127e-23 5.640622292655400605e-01
1.030891031022107768e-03 4.456847385442841053e+07 3.591094613133268803e+07 1.557480679029428586e+07 3.132673702472190680e-01 8.075189433683799679e-23 5.056597695686031194e-23 1.214267956377167761e-23 5.913918582267836399e-01
1.490090895544628593e-03 2.337165323132434860e+07 1.429596542947284877e+07 1.046698857807150111e+07 3.873894432849957492e-01 3.474123479320776972e-23 2.889025176381064640e-23 5.705045944387309227e-24 6.382048806088572723e-01
2.153836642446622495e-03 1.295926835286733881e+07 1.032324344685660861e+07 4.352490787125121802e+06 4.490913548405102151e-01 1.163689502919516779e-23 9.118031501776006162e-24 1.714573857088344130e-24 5.911811339111909813e-01
3.113241142682222906e-03 6.501259589254438877e+06 7.464441477476915345e+06 2.338901361768390983e+06 4.792532684366919704e-01 4.692632081264697012e-24 5.564242387006238271e-24 9.458822647961502520e-25 5.818830392776015437e-01
4.500002563555381523e-03 3.456547338156647049e+06 3.557417612268585712e+06 1.546423840840240009e+06 5.737741884274657478e-01 1.951305173648190196e-24 2.684270404314802970e-24 5.425732678284649076e-25 5.819306899997256366e-01
6.504482673821579061e-03 2.026310730104947928e+06 1.858815259949926753e+06 1.245830221020800993e+06 6.328321275617478925e-01 1.256370969882185357e-24 1.427271136077132889e-24 5.015665643767719589e-25 5.415963716774430114e-01
9.401837944869524330e-03 1.157907213662583381e+06 8.608282816968869884e+05 8.588271397728034062e+05 6.167356040574254461e-01 9.557824889756148669e-25 7.945153079943236555e-25 4.224837828364486398e-25 5.164107207774008002e-01
1.358979048362255956e-02 5.314938377873977879e+05 4.359956517030464602e+05 3.664342415156106581e+05 5.884864511989792435e-01 7.346781617730574600e-25 6.899434993948232541e-25 2.390276583215453266e-25 4.906540177571855899e-01
1.964322364113258237e-02 2.096570490277987265e+05 1.686817354338578298e+05 1.144910187163994269e+05 4.733315962597527959e-01 5.020876873448550753e-25 5.310944846940229377e-25 1.565266711075509306e-25 4.686303742921545390e-01
2.839309667654967007e-02 7.921484837124105252e+04 5.220595245231362060e+04 4.570484942534870061e+04 4.096234799928486492e-01 3.042010637910153060e-25 3.132917319807302327e-25 7.836427921549552821e-26 4.591350591244009460e-01
4.104051115091891799e-02 2.989999389304466604e+04 2.191633493736025775e+04 1.440572577414692569e+04 3.497651993958554861e-01 1.947051850473886290e-25 1.789551023674004382e-25 4.923803258772894215e-26 4.669400637183672154e-01
5.932158702927994159e-02 1.054215888527007701e+04 8.308857540273216728e+03 3.884542913652072457e+03 3.128798195139973481e-01 1.202390334791067472e-25 1.044194238891048242e-25 2.373936585931351831e-26 4.597843787898928669e-01
8.574578115588700478e-02 4.355705990761938665e+03 2.935595169253038875e+03 1.406762510327586824e+03 2.705465802747038517e-01 7.071003055089259217e-26 4.951865392757991370e-26 1.505042559318267495e-26 4.666393580805619501e-01
1.239403622563955976e-01 2.157229764628637440e+03 1.496097863783233834e+03 6.792018855389060263e+02 2.567777897679061061e-01 3.772720829583031363e-26 2.786872999210752271e-26 6.901073085988502532e-27 4.935322557306254243e-01
