# R (Mpc), rho (Msol/kpc^3), errup, errlow, std, pth (Msol/kpc/s^2), errup, errlow, std 
#  nprofs 479, average weighted mh 1294150160988.463135
7.132023429036486381e-04 3.432708489324926585e+07 3.702793047510646284e+07 1.061696558265300281e+07 3.376717775044989489e-01 5.545313860566113420e-23 3.149671950971324659e-23 5.421551778164018749e-24 7.510756734748721408e-01
1.030891031022107768e-03 1.711140359386922792e+07 1.991447286152016371e+07 7.640385981159548275e+06 3.647117423561803129e-01 1.455686590615435323e-23 1.287469977552979713e-23 2.404759739012723733e-24 7.096024564070669838e-01
1.490090895544628593e-03 9.719318223682487383e+06 9.952974683366468176e+06 4.367367587014669552e+06 3.875960993520157216e-01 2.365573203194607648e-23 6.366756455489196853e-24 1.222451306177513464e-24 7.289344979535725688e-01
2.153836642446622495e-03 6.072608758444749750e+06 5.919595812683509663e+06 2.294162547310312279e+06 3.627590141103440580e-01 3.723702555151922978e-24 3.773065970090069031e-24 5.555751830389789273e-25 6.572030289878699749e-01
3.113241142682222906e-03 3.658181734379665460e+06 3.729286755379523151e+06 1.342293003796308767e+06 4.149186367127840058e-01 2.690031062857844509e-24 2.189655742503420101e-24 2.288919428362656643e-25 6.357426154707171984e-01
4.500002563555381523e-03 2.137749284404300153e+06 2.784471543528547045e+06 7.152162077580970945e+05 4.323828161287148197e-01 1.369497227559255752e-24 2.026979496333375213e-24 1.037217346983069368e-25 6.896374735390107258e-01
6.504482673821579061e-03 1.200050628272162052e+06 1.739512985389846377e+06 4.947037303375116899e+05 4.604922689132656677e-01 1.712387403684914136e-24 1.574848633026301184e-24 1.915577112800535503e-25 7.306016233188957765e-01
9.401837944869524330e-03 6.791900851075352402e+05 8.359527406703054439e+05 3.042823323214051779e+05 4.614384235436393422e-01 1.630625852188017130e-24 1.162031818227551653e-24 2.906659705738889017e-25 6.691886876480841462e-01
1.358979048362255956e-02 3.282752198553435155e+05 3.091901291391217383e+05 1.531188426876282610e+05 4.199688859607838554e-01 1.106243338222865470e-24 9.368475832019922426e-25 2.744025119791682167e-25 5.769724735920789271e-01
1.964322364113258237e-02 1.456255431164097390e+05 1.149497023495177564e+05 8.399004350230479031e+04 3.817271313146731182e-01 7.504701560247184691e-25 8.431258669817820785e-25 2.000871510666789509e-25 5.698623793460467768e-01
2.839309667654967007e-02 6.221240284182238247e+04 7.747739538065047236e+04 3.107833653289637004e+04 4.068807894690592564e-01 3.922566162132994965e-25 5.319105352162702254e-25 1.061550094152996474e-25 5.489726132784807922e-01
4.104051115091891799e-02 2.427314615975243578e+04 3.300172814918839140e+04 1.098986315590863705e+04 3.970548404069628168e-01 2.430723599570771210e-25 2.697935146258675716e-25 4.750691576689795185e-26 5.190944487299594678e-01
5.932158702927994159e-02 9.555878631806137491e+03 1.185322657353282193e+04 3.718048757284028852e+03 3.501920582018394068e-01 1.565888201432983686e-25 1.384984107547717826e-25 2.549509429441433722e-26 5.149340848707518736e-01
8.574578115588700478e-02 4.402598452631065811e+03 4.170356058137031141e+03 1.594899523913301437e+03 3.072488198657732372e-01 8.358990390317118328e-26 7.178926104075116875e-26 1.308541688328672285e-26 5.300212665329153694e-01
1.239403622563955976e-01 2.158082706465545925e+03 1.727529243206291767e+03 7.511518512843706503e+02 2.846076500511786622e-01 4.357362296325380307e-26 3.294318017783428953e-26 6.053272996769379135e-27 5.673670175677584249e-01
