# R (Mpc), rho (Msol/kpc^3), errup, errlow, std, pth (Msol/kpc/s^2), errup, errlow, std 
#  nprofs 710, average weighted mh 1805659146363.918945
7.983305805674313638e-02 6.241913877017374944e+03 5.719231246362603997e+03 1.061161181325574944e+03 4.259675792698777164e-01 2.980506208137485090e-25 1.583446467268777637e-25 1.080540768873950347e-26 7.374780103444452672e-01
9.166061472302054758e-02 5.240107742902767313e+03 4.716004714650276583e+03 8.667264603206473339e+02 4.286043449841427933e-01 2.359179776618372821e-25 1.224792496200302881e-25 8.845783675086544006e-27 7.425189862391030626e-01
1.052404667428665230e-01 4.363747318723834724e+03 4.086230340986877309e+03 7.261485024800768997e+02 4.282738320611902405e-01 1.818910872753083409e-25 9.310984873054876682e-26 7.098460202341021373e-27 7.432875627742775437e-01
1.208322230188444424e-01 3.558041548874224191e+03 3.312557352545810772e+03 5.840595375743259865e+02 4.270807028570571817e-01 1.383551080017334001e-25 6.942808525687432211e-26 5.946637985349896390e-27 7.448837003432210446e-01
1.387339544526052515e-01 2.834367439485914474e+03 2.618678239497449795e+03 4.755519138371319627e+02 4.268939800704784071e-01 1.026007988004012454e-25 4.900454995160288759e-26 4.475162698415503196e-27 7.482367561304892334e-01
1.592878922293422816e-01 2.233281221753681166e+03 2.013793354300755936e+03 3.677776496776465933e+02 4.213936856945030285e-01 7.466112432889330570e-26 3.893608737097857814e-26 3.567998778775531808e-27 7.509694597437612806e-01
1.828869703237245292e-01 1.723874757959661110e+03 1.508004507570402893e+03 2.733905130553612821e+02 4.122211105297823308e-01 5.343377678475267827e-26 2.621206602855718217e-26 2.563198232976677397e-27 7.508998107850884951e-01
2.099823373017772610e-01 1.303812592222639751e+03 1.044521921816875647e+03 2.438172641810538437e+02 4.020690320228600401e-01 3.760788575079481151e-26 1.788714914089985419e-26 1.880635205503534198e-27 7.534199912536710952e-01
2.410919810234155025e-01 9.569030327730710042e+02 6.826032130424811157e+02 1.883831353944271711e+02 3.856535075480561070e-01 2.576757541129693796e-26 1.118953427372220273e-26 1.384246229034929442e-27 7.513372040093654336e-01
2.768106311258922703e-01 6.812992700949820346e+02 4.703794857857502620e+02 1.262418667443726008e+02 3.675957138343380337e-01 1.657046566343829204e-26 8.750001878923810415e-27 9.753700553250382946e-28 7.480248119329494516e-01
3.178211285960308996e-01 4.736060675037996361e+02 3.262550812491969623e+02 9.898002468126716735e+01 3.489475940337848359e-01 1.016261600082618982e-26 6.590021844445807739e-27 7.216598537143514957e-28 7.468406259835232985e-01
3.649074797857593810e-01 3.405306937297781360e+02 2.617246373875241261e+02 7.621779951187787105e+01 3.385005678541001539e-01 6.844015640071521475e-27 5.761186102736199216e-27 6.108487910686398532e-28 7.569996419974466262e-01
4.189698444273202704e-01 2.582917916781360077e+02 2.031748954044483071e+02 6.250191326937539316e+01 3.416263744815739023e-01 5.251370936848681941e-27 4.974908543716953077e-27 5.304543099443802123e-28 7.856610773035777040e-01
4.810417441772131819e-01 2.014706573715932620e+02 1.754722557602991628e+02 4.885175587698120125e+01 3.507624616271597939e-01 4.312747131543703698e-27 3.947488214801789665e-27 3.907181360656712130e-28 8.209071702028704065e-01
5.523098206682445221e-01 1.633799194853054928e+02 1.568190869561274781e+02 4.286414825676934015e+01 3.669304490577148248e-01 3.811204202915994361e-27 3.296031619207321224e-27 2.913077802830398202e-28 8.620039205098278812e-01
6.341365207885385491e-01 1.373415817500587650e+02 1.373511652616410856e+02 3.843676996162327697e+01 3.887263796928062121e-01 3.622282586269456243e-27 2.730327975524744381e-27 2.673151854474575472e-28 9.091796459470888880e-01
7.280861428667940727e-01 1.221502556882038704e+02 1.338560991979925916e+02 3.558600458999281102e+01 4.101540201299673782e-01 3.896141323678628815e-27 3.216156379790093192e-27 2.142187550505157147e-28 9.607485910076345448e-01
8.359547416942062492e-01 1.173225767226628591e+02 1.300386982377466154e+02 3.066917913243934279e+01 4.417995330404064780e-01 5.194910760223692689e-27 3.398502362599112460e-27 2.139427702397645239e-28 1.029722910241734235e+00
9.598044640836939090e-01 1.098561461828848280e+02 1.150558901719672917e+02 2.615059273040755627e+01 4.620756272252056762e-01 6.602490499663261600e-27 2.923118235110964197e-27 1.943127841090575623e-28 1.078095625773090260e+00
1.102002971366568218e+00 9.569237457950607961e+01 9.289068776560895913e+01 2.311393637918843424e+01 4.525090637587281250e-01 5.480413843042351126e-27 2.552105627107663691e-27 1.769071646823826225e-28 1.072151172704753463e+00
1.265268702474850793e+00 7.832299051337489004e+01 7.177224032850868696e+01 2.205519583572431941e+01 4.248663720745141648e-01 4.222112988372397310e-27 2.375681457736448527e-27 1.701578829059580958e-28 1.033007049890464213e+00
1.452722842913161783e+00 6.373931935810833949e+01 6.909186035161951622e+01 1.886130851940963282e+01 4.071547314674628937e-01 2.697032825994449980e-27 2.359305159035940934e-27 1.602862915381348318e-28 1.024648893094818325e+00
1.667948993121994183e+00 5.842049022128023239e+01 5.835070227357628880e+01 1.885132715454207286e+01 4.133353741518672742e-01 2.548294051052414711e-27 2.089758712176707848e-27 1.616793289161517735e-28 1.054037876398810747e+00
1.915061676925096990e+00 5.161770170024258420e+01 4.853295653887234096e+01 1.854177627986064536e+01 3.953403599753824160e-01 2.291075210767650800e-27 1.647791993299845936e-27 1.624759613825435267e-28 1.026457460662549170e+00
2.198784999751443259e+00 4.452131743340051173e+01 4.282403324322626759e+01 1.758890677668378544e+01 3.751712738044195028e-01 1.537732486873491946e-27 1.527496826811420297e-27 1.875505683992720102e-28 9.988712647052582216e-01
2.524542960357641253e+00 4.252894894842091844e+01 3.720825744639759591e+01 1.912419251342787163e+01 3.609335935672525753e-01 1.583932060176797012e-27 1.803004329813618104e-27 2.158389101238857121e-28 9.702895561044327932e-01
