# R (Mpc), rho (Msol/kpc^3), errup, errlow, std, pth (Msol/kpc/s^2), errup, errlow, std 
#  nprofs 615, average weighted mh 1113054107452.783447
7.132023429036486381e-04 5.540775886549092829e+07 4.009357083589492738e+07 3.387798992677195370e+07 3.595785268951088853e-01 1.224722621469087560e-22 5.115310290056405689e-23 2.198870342748338670e-23 6.971799709021532232e-01
1.030891031022107768e-03 2.964114239921978116e+07 2.201296590629652515e+07 1.434230874774641544e+07 3.457744146837918864e-01 3.003110042935198268e-23 2.225482510561440484e-23 7.353834474247475341e-24 6.606103300124885891e-01
1.490090895544628593e-03 1.509673700492472015e+07 1.127792470868468843e+07 6.945056951178343967e+06 3.412878946322540075e-01 1.876270351159389099e-23 9.413198582359481894e-24 2.878394455958105195e-24 6.645402932246328165e-01
2.153836642446622495e-03 7.469653287453654222e+06 6.181664134471238591e+06 2.361663213446287438e+06 3.406611512433683209e-01 4.914622260224088653e-24 3.971492439475082453e-24 7.752119678951071665e-25 5.780740653959762776e-01
3.113241142682222906e-03 3.088074790484750643e+06 2.309224935466024093e+06 9.026525925890246872e+05 3.075613725123630404e-01 1.842161512675765888e-24 1.181337579304039215e-24 2.256324133590464178e-25 5.403807292383826510e-01
4.500002563555381523e-03 1.220963019050182542e+06 8.873700591425244929e+05 3.468729547845998313e+05 3.271335687262416081e-01 9.176097932736838747e-25 5.772895358312564951e-25 8.865239138051893532e-26 5.432578192106370940e-01
6.504482673821579061e-03 4.940162928790979786e+05 3.611173349566758843e+05 1.538837144764653058e+05 3.337297051286583494e-01 7.788192994432874933e-25 4.319103714892477190e-25 4.864231764084385592e-26 6.016026017413149685e-01
9.401837944869524330e-03 2.125775437431732134e+05 1.834799336525291437e+05 6.323376539554104966e+04 3.245949890145837791e-01 6.154011978893423364e-25 4.054180376595956039e-25 4.608219332386632015e-26 6.363669192821221898e-01
1.358979048362255956e-02 9.980595797469795798e+04 7.723366988688895071e+04 3.556431395139876258e+04 2.876336489159356247e-01 4.858512992331556633e-25 3.537247668331947441e-25 6.467938949508179117e-26 6.090951284014678446e-01
1.964322364113258237e-02 4.391434032426412887e+04 3.531268505149293924e+04 1.554464856352383504e+04 2.811809575371247427e-01 3.551415043256247536e-25 2.294279782062661132e-25 5.832184471837119851e-26 5.681921641993142869e-01
2.839309667654967007e-02 1.836525223855677177e+04 1.551501743394279401e+04 6.422756609009205931e+03 2.882700715852230533e-01 2.913021243943043938e-25 2.018273640508971552e-25 3.554214658507290024e-26 5.347574181109807645e-01
4.104051115091891799e-02 7.777878453078932580e+03 6.447901937866896333e+03 2.982907810020902161e+03 2.953162674864633352e-01 2.001291881848565016e-25 1.351657670521868592e-25 2.241997635230057740e-26 5.319928120618623302e-01
5.932158702927994159e-02 4.145823422195609965e+03 3.225650256082486521e+03 1.555612206876778146e+03 3.095488779236769128e-01 1.017138349595342500e-25 9.461049710839964626e-26 1.517099982369606609e-26 5.455290213914580910e-01
8.574578115588700478e-02 2.490617345587742420e+03 2.134960983834529088e+03 8.832960592460764246e+02 3.137115635489943211e-01 6.504223908348936398e-26 4.715309936313894771e-26 9.466960952790899442e-27 5.754812088935992165e-01
1.239403622563955976e-01 1.469767324731823237e+03 1.389658185241768706e+03 5.076264473599672442e+02 3.259571792739064944e-01 3.505712868757067533e-26 2.715616168881020727e-26 4.537085139814249432e-27 6.154709612904052385e-01
