# R (Mpc), rho (Msol/kpc^3), errup, errlow, std, pth (Msol/kpc/s^2), errup, errlow, std 
#  nprofs 94, average weighted mh 748062228880.754028
7.132023429036486381e-04 3.837426563338027149e+07 2.936686950172682852e+07 1.596227791015908681e+07 2.770192292520126109e-01 5.329521390097093541e-23 1.974362475805424649e-23 8.876344758910894303e-24 4.783966654157397191e-01
1.030891031022107768e-03 2.541298851183642447e+07 1.816304454175594077e+07 1.151307798079756834e+07 3.523423719031537060e-01 7.738003230812485870e-23 2.551294888770976470e-23 6.378218951469624022e-24 7.288000802216249019e-01
1.490090895544628593e-03 1.441326731057868153e+07 8.119464670226067305e+06 4.584969810324618593e+06 2.581462419757081239e-01 5.245270126882231649e-23 5.775264407233142874e-24 2.192293205244310953e-24 6.555426835905242555e-01
2.153836642446622495e-03 8.367441727036267519e+06 6.726709245561017655e+06 1.943143937094206922e+06 3.342985619145529275e-01 1.763412620090627591e-23 9.237735597375333793e-24 8.504309490333073593e-25 6.776763923734796524e-01
3.113241142682222906e-03 4.785529058444119059e+06 4.268319846612419933e+06 1.033236539931006264e+06 3.526297541502003141e-01 6.364190756157307587e-24 2.043907300268637860e-24 3.655643871666313477e-25 5.559872758421361416e-01
4.500002563555381523e-03 2.172046262837507296e+06 1.935831222762864316e+06 8.150588525711551774e+05 5.072098075047541954e-01 2.180464579916256005e-24 1.038437022754406127e-24 1.665452227197261810e-25 4.912427081537134033e-01
6.504482673821579061e-03 9.607463192673309240e+05 6.581244242883000989e+05 3.275539344604892540e+05 4.700718587133271287e-01 1.261322274115489437e-24 4.970051703477460601e-25 1.144415616088081300e-25 4.907079873480800214e-01
9.401837944869524330e-03 4.976371612636025529e+05 3.266481402453617775e+05 2.121876102555099060e+05 4.799826751543387893e-01 6.020571732241480726e-25 5.296294596534993433e-25 9.905183127623178819e-26 5.008331507875242172e-01
1.358979048362255956e-02 2.566803335846204136e+05 1.536351737364373403e+05 1.274237591486835445e+05 4.005163307384467797e-01 4.117781648310414952e-25 4.199621576662929275e-25 1.796338928427222831e-25 4.515645525763006263e-01
1.964322364113258237e-02 1.269463509646781167e+05 7.033850968114122225e+04 6.299240675544184342e+04 3.472329058549396552e-01 3.118090321346188005e-25 3.029198783382365810e-25 9.888480886599833883e-26 4.233294993127877937e-01
2.839309667654967007e-02 6.278820188802164193e+04 2.978724352284237102e+04 2.622633183607763931e+04 2.793766472738162254e-01 2.258197845776426806e-25 2.450237568138976026e-25 7.876973140571333466e-26 4.278180134869704054e-01
4.104051115091891799e-02 3.074001753636858120e+04 1.418790698444773079e+04 1.425339434151202477e+04 2.581591263546609283e-01 1.681171801804972368e-25 1.215569327109457225e-25 5.385236672557512981e-26 4.572236136041735732e-01
5.932158702927994159e-02 1.457386211957318301e+04 1.041244707112794276e+04 4.811283805190641942e+03 2.420825884093873170e-01 1.105166931596072439e-25 8.354904919858875601e-26 2.940080261112179422e-26 4.674563569721030820e-01
8.574578115588700478e-02 6.971516109277377836e+03 5.362618831842749387e+03 2.359945620033873638e+03 2.437123381463397742e-01 6.536427632477010297e-26 6.380283057982773431e-26 1.372530440159913134e-26 4.970571653065599116e-01
1.239403622563955976e-01 3.742779396791188901e+03 3.739827834060302848e+03 1.362196200008217602e+03 2.603194434055670636e-01 3.840615037702634424e-26 4.116356885147542547e-26 7.283097955494364000e-27 5.202453897890578771e-01
