# R (Mpc), rho (Msol/kpc^3), errup, errlow, std, pth (Msol/kpc/s^2), errup, errlow, std 
#  nprofs 750, average weighted mh 1661147977356.567871
7.132023429036486381e-04 2.885661000524513051e+07 3.914037916516731679e+07 8.247031737290911376e+06 3.389315623732115368e-01 7.225041075555375013e-23 2.892017028201082514e-23 3.073420134196165807e-24 6.666427084748534071e-01
1.030891031022107768e-03 1.427563165492315963e+07 1.805698157369727641e+07 5.873510397801257670e+06 3.482921212853717363e-01 1.128526783701213973e-23 9.966905297932044617e-24 1.527173565664390755e-24 6.448059685588473089e-01
1.490090895544628593e-03 7.468695847783563659e+06 9.511672580600999296e+06 3.448746555278579239e+06 3.991298942135118599e-01 2.222574084281457705e-23 3.931905804279218689e-24 5.554212331532370986e-25 7.265130492305693632e-01
2.153836642446622495e-03 3.998921203635724727e+06 3.514150426617256366e+06 1.581322673242629971e+06 3.796982788121757713e-01 2.952516128435331801e-24 1.138691793837347434e-24 2.162238151770504084e-25 5.904956760203621258e-01
3.113241142682222906e-03 1.847547255026871804e+06 1.223086497718445025e+06 7.202912861380397808e+05 3.140547739997418542e-01 3.337839904517777295e-24 3.737833749471495825e-25 7.991163495973841462e-26 5.420960506558460956e-01
4.500002563555381523e-03 7.474560983167790109e+05 4.512695344824667554e+05 2.659405183375333436e+05 2.715879426792353613e-01 1.459843773797864369e-24 2.357305491562957553e-25 3.284590403753644911e-26 5.580650132196467439e-01
6.504482673821579061e-03 3.004329454313101014e+05 1.757758084886244033e+05 1.077072489045866532e+05 2.644020953079501135e-01 1.096181515748409085e-24 3.201933678480890336e-25 2.752075190472975100e-26 6.495374480524819250e-01
9.401837944869524330e-03 1.312397182082214276e+05 8.783621189399878494e+04 4.133033805601692438e+04 2.538213504226553008e-01 1.430561379487199357e-24 5.068060557606890978e-25 3.614476555793981674e-26 6.961809981887461252e-01
1.358979048362255956e-02 5.842714164996641921e+04 3.801317358025058638e+04 1.945547577723813083e+04 2.803089364735806832e-01 8.895288840684669399e-25 5.129720680497044860e-25 3.999856132055115577e-26 6.879505502374997361e-01
1.964322364113258237e-02 2.644448106521107911e+04 1.691133540929350420e+04 8.187990981456021473e+03 3.061656619989895911e-01 6.773680784613152570e-25 3.872936710869105718e-25 4.231659412987109472e-26 6.577137012751050893e-01
2.839309667654967007e-02 1.291654058887114843e+04 9.776866496993126930e+03 4.244415112740765835e+03 3.385977948559776296e-01 5.325162767565969671e-25 2.956913766085526284e-25 2.859568079855139727e-26 6.549720973078180242e-01
4.104051115091891799e-02 7.742965362910015756e+03 6.821903098758893975e+03 1.982159610228601878e+03 3.592278474400489308e-01 3.920039283044780547e-25 2.015608988248114625e-25 2.011704975816728669e-26 6.672793893574787694e-01
5.932158702927994159e-02 5.066747026264273700e+03 4.220096832074230406e+03 1.202253995485708629e+03 3.732510839765212363e-01 2.685294722634936817e-25 1.222832283805419059e-25 1.250271112821473367e-26 6.925774814838577820e-01
8.574578115588700478e-02 3.416219332123694130e+03 2.903465906541407094e+03 7.222023396024029580e+02 3.919198679504026783e-01 1.651278497225535527e-25 6.901354968707527212e-26 7.263094924060201522e-27 7.155856611113090571e-01
1.239403622563955976e-01 2.140701265768763733e+03 1.738845543030286990e+03 4.224086333321694156e+02 4.049980627234022190e-01 9.187398038364681144e-26 3.837573305613259373e-26 3.573382143898196417e-27 7.374734499447267444e-01
