# R (Mpc), rho (Msol/kpc^3), errup, errlow, std, pth (Msol/kpc/s^2), errup, errlow, std 
#  nprofs 352, average weighted mh 948425539092.442261
7.132023429036486381e-04 7.104936457251283526e+07 5.917560882000685483e+07 3.373553285507002473e+07 3.611796867844418446e-01 1.353741363015313198e-22 8.961832337148065726e-23 2.877761161613197017e-23 6.650144706583633880e-01
1.030891031022107768e-03 3.802467979456994683e+07 3.057515881039656699e+07 1.642580809655687399e+07 3.518591072045243462e-01 7.494963857013159189e-23 3.955627712088103598e-23 1.030747748559885270e-23 6.942768759766273501e-01
1.490090895544628593e-03 2.229053092385688797e+07 1.540522919662072882e+07 8.784290479864249006e+06 3.415939743501756887e-01 3.294148454451777216e-23 1.789603869951655860e-23 4.920239283916460408e-24 6.390148780614224311e-01
2.153836642446622495e-03 1.204459327202344127e+07 8.835234720065981150e+06 3.954784540793934837e+06 3.763453765869431700e-01 7.296809509462785275e-24 6.357164157712240248e-24 1.537340050990264518e-24 5.441530596960985067e-01
3.113241142682222906e-03 6.136911763284737244e+06 4.969663306352920830e+06 2.228492226377436426e+06 5.041763189593145844e-01 3.890507221455069486e-24 4.099003721594769066e-24 7.046143089100053080e-25 5.785715250433882684e-01
4.500002563555381523e-03 3.093191981966081075e+06 2.809868671514424495e+06 1.197257290997425793e+06 5.807200041495754750e-01 2.273275859427099869e-24 2.288287454222415004e-24 3.769351548537071567e-25 5.985886716854641465e-01
6.504482673821579061e-03 1.708896721057696966e+06 1.620137013516944833e+06 1.225087383838087320e+06 6.592849515545452510e-01 2.257626847837138877e-24 1.294852777830584519e-24 2.805405905857650976e-25 5.922280435201910942e-01
9.401837944869524330e-03 9.800894190151176881e+05 7.892495741406753659e+05 8.193094277382688597e+05 6.714843191108851306e-01 8.218682625910506301e-25 6.636219542532431129e-25 2.626021595369287243e-25 4.812219844690072135e-01
1.358979048362255956e-02 4.718818453170986031e+05 3.704993484704320435e+05 3.579147855699082138e+05 6.058658571108412882e-01 5.340722519197394354e-25 5.417924806633572818e-25 1.717287969765181085e-25 4.827069977378303789e-01
1.964322364113258237e-02 1.823612869898486824e+05 1.922855504099408863e+05 9.705713335323707724e+04 4.953500771371876499e-01 4.110411409897511595e-25 3.476366555429792720e-25 1.135898018446256830e-25 4.501794908344177726e-01
2.839309667654967007e-02 6.197170746362670616e+04 4.986582257300523634e+04 3.160066856586775612e+04 3.960489248906990389e-01 2.531586875258305860e-25 2.396651935670897868e-25 5.908462338529715690e-26 4.456363769603100544e-01
4.104051115091891799e-02 2.087326565514966569e+04 1.492516581861915620e+04 1.008924051974317808e+04 3.339890801305550605e-01 1.322366735923259779e-25 1.473971412766842161e-25 3.368595877154863687e-26 4.238859386993837353e-01
5.932158702927994159e-02 7.971702130077865149e+03 6.148720629119927253e+03 3.288433958070786503e+03 2.973317356740105000e-01 6.733514105289556306e-26 8.072869685464289574e-26 2.207790752054169734e-26 4.154106148795002618e-01
8.574578115588700478e-02 3.845747681833930983e+03 2.572792583761147853e+03 1.482592031656443169e+03 2.876267340759360303e-01 3.834870295765939986e-26 4.287468624531090843e-26 1.110871554735292171e-26 4.533693387926563956e-01
1.239403622563955976e-01 1.912836263704886051e+03 1.249855247678706064e+03 7.090136396369122167e+02 2.745704081649014139e-01 2.277218094607392706e-26 2.742829455871465772e-26 5.349444368002954707e-27 5.098802065782734871e-01
