# R (Mpc), rho (Msol/kpc^3), errup, errlow, std, pth (Msol/kpc/s^2), errup, errlow, std 
#  nprofs 622, average weighted mh 1200547273943.127930
7.132023429036486381e-04 2.370977002461652458e+07 3.110722442677367479e+07 6.546551737482437864e+06 2.878397190647730697e-01 8.796737948537252354e-23 1.819858426517405774e-23 2.757817478516626054e-24 7.104992164876378080e-01
1.030891031022107768e-03 1.256356649418010190e+07 1.528692075132409669e+07 4.765383491907831281e+06 3.679601035379712060e-01 2.611435615924978894e-23 7.711416089240114534e-24 7.702546065203627462e-25 6.738690926661482505e-01
1.490090895544628593e-03 6.624590348297619261e+06 6.347051463867030106e+06 2.555837072059504688e+06 3.685380483135783924e-01 6.328393992501481286e-24 2.511445371303576039e-24 2.971144771860389778e-25 6.181316611005887030e-01
2.153836642446622495e-03 3.257806299006127287e+06 2.591826144471034408e+06 1.315760659128738102e+06 3.566778979575027098e-01 1.379801515590906237e-24 6.258554480489444326e-25 1.397814648271445280e-25 5.194756286117195865e-01
3.113241142682222906e-03 1.417381101404651301e+06 1.093265336175241973e+06 6.093171571852933848e+05 3.258941260202152246e-01 1.246712807736951163e-24 2.119047156705323694e-25 6.850051967174237130e-26 4.602166729840110326e-01
4.500002563555381523e-03 6.156727789501716616e+05 3.617795335365355713e+05 2.333509068186976947e+05 2.712338763504312245e-01 1.054341984778710146e-24 2.539652193666161387e-25 3.672560070609173239e-26 5.227327612448595673e-01
6.504482673821579061e-03 2.534417084045079828e+05 1.616187683862273698e+05 8.961433447517294553e+04 2.547984817590511208e-01 8.834556660907151117e-25 2.573534719382504260e-25 5.047829941264855800e-26 5.774997374232615499e-01
9.401837944869524330e-03 1.081374616836254572e+05 6.640381681570121145e+04 3.879747866710947710e+04 2.708257127782859319e-01 8.968596172584992096e-25 4.076631061377842135e-25 6.981788912599859374e-26 5.941036400488887148e-01
1.358979048362255956e-02 4.799557049275754252e+04 3.070918143639648042e+04 1.370844832524312005e+04 3.064538503291572846e-01 8.299690801087230028e-25 3.367901838648391695e-25 6.156238981097986909e-26 5.906731173684235392e-01
1.964322364113258237e-02 2.220910407494631363e+04 1.638095953452329559e+04 7.130955082263295481e+03 3.283779058364346692e-01 6.754626879645275206e-25 2.918996931879957675e-25 4.723285049355562851e-26 5.826745397644002011e-01
2.839309667654967007e-02 1.246084033705446745e+04 1.063829926581093605e+04 3.806886933605066588e+03 3.492248921921671245e-01 5.345003073263237420e-25 2.242335264827510156e-25 3.461725436352848552e-26 6.002681780530643163e-01
4.104051115091891799e-02 7.631880960729325125e+03 6.598004360317600003e+03 2.037239043788232266e+03 3.648054251721161712e-01 3.740733020658082359e-25 1.530648801191141473e-25 2.172637989901182028e-26 6.164005717994307521e-01
5.932158702927994159e-02 4.986299851328766636e+03 3.973921450031769382e+03 1.108428977819626198e+03 3.623685079678479748e-01 2.396018463895900849e-25 9.812708798616290797e-26 1.264547704553907137e-26 6.310098390451033268e-01
8.574578115588700478e-02 3.273561971948591690e+03 2.429546447381409052e+03 7.591702888281143942e+02 3.696715848605588994e-01 1.394311205536157239e-25 6.302406446037801848e-26 7.796665487750270150e-27 6.533680129486589827e-01
1.239403622563955976e-01 1.976803121066552649e+03 1.591629157278310913e+03 4.233389921423992632e+02 3.775148857548405457e-01 7.131584665221961671e-26 3.370721153758918462e-26 4.317824059314205821e-27 6.814506240542519411e-01
