# R (Mpc), rho (Msol/kpc^3), errup, errlow, std, pth (Msol/kpc/s^2), errup, errlow, std 
#  nprofs 179, average weighted mh 1027799856208.533569
7.132023429036486381e-04 4.179783543534213305e+07 5.841839434340482205e+07 1.401742192290497012e+07 3.722183987837516805e-01 6.267552645818667244e-23 6.142452592078323412e-23 9.221828623121351570e-24 8.251608732630426601e-01
1.030891031022107768e-03 2.035557683509457111e+07 2.176377698568693921e+07 1.242145801153718680e+07 3.812815674668328936e-01 1.276675034091761622e-23 1.855464787277244069e-23 4.683884921470934281e-24 7.701994080252783093e-01
1.490090895544628593e-03 1.056744219124407507e+07 1.349257045026066899e+07 5.662873961795305833e+06 4.141133573187515404e-01 7.625518964746931028e-24 9.807547440911777454e-24 1.795282112185459311e-24 7.635959863303792838e-01
2.153836642446622495e-03 6.010622555728913285e+06 6.462787651797044091e+06 2.502375288443457335e+06 3.828023397655657689e-01 3.490625785388836319e-24 4.654412979039068286e-24 6.686634654515792865e-25 6.298130453742631918e-01
3.113241142682222906e-03 3.498814543524698820e+06 3.717867177683099173e+06 1.273986386027777102e+06 3.054108721401846971e-01 4.872922506383688082e-24 2.025392362494951163e-24 2.443974042947907783e-25 6.105865308087067289e-01
4.500002563555381523e-03 1.929367922295964789e+06 1.787141336967728566e+06 5.930543980695919599e+05 2.669234834579301552e-01 1.161513278261818146e-23 1.359465726277517156e-24 1.752021443718844334e-25 6.418412526042442945e-01
6.504482673821579061e-03 1.081796667291384889e+06 7.638771780997363385e+05 4.274981694021052681e+05 2.609421796126280557e-01 1.925755077828713662e-24 8.666810002396304201e-25 1.362201718004789006e-25 6.084105570838018728e-01
9.401837944869524330e-03 5.814418271743319929e+05 4.204185115440509981e+05 2.034999439346293802e+05 2.559277961099169496e-01 9.321874109383936842e-25 6.649909487723877012e-25 2.436825994892402719e-25 5.343399062828607660e-01
1.358979048362255956e-02 2.996811091764993616e+05 2.192417060114897613e+05 9.565267540965904482e+04 2.611216534695950386e-01 7.183221044463092524e-25 7.314974409752499544e-25 2.060301134525351123e-25 4.967512811434331432e-01
1.964322364113258237e-02 1.442945085842752014e+05 8.156668814265637775e+04 5.310653943096748844e+04 2.449425043017979531e-01 5.319695565616185911e-25 6.304953239019389457e-25 1.184206076767826878e-25 4.781101514582809520e-01
2.839309667654967007e-02 6.584466079222038388e+04 4.140093796828262566e+04 2.079315775067341747e+04 2.310510043504839517e-01 3.288588262132357907e-25 4.564980107121982731e-25 6.540177924602723988e-26 5.035854173412567247e-01
4.104051115091891799e-02 2.999734287024958394e+04 1.850413642267799150e+04 1.027580946647331257e+04 2.247064946574421906e-01 2.402558184620178352e-25 2.985163780062141408e-25 3.315231798157445325e-26 5.326999625224053680e-01
5.932158702927994159e-02 1.363484688141285005e+04 1.038064204022854392e+04 3.998468787673360566e+03 2.396376215257752240e-01 1.688405470051480371e-25 1.632655773118330143e-25 1.822886127788974563e-26 5.486292934257346321e-01
8.574578115588700478e-02 7.079444987418577512e+03 6.526252963281149277e+03 1.786899674233364749e+03 2.574559592571645794e-01 1.114884783809274419e-25 8.199128775263111857e-26 1.095742191583410397e-26 5.531607005448195835e-01
1.239403622563955976e-01 4.032570758383018983e+03 3.493731068519748987e+03 1.020723827711474996e+03 2.918331923468736600e-01 7.203769856713003470e-26 3.830887864957306861e-26 5.116608722816381690e-27 5.807221271629396941e-01
