# R (Mpc), rho (Msol/kpc^3), errup, errlow, std, pth (Msol/kpc/s^2), errup, errlow, std 
#  nprofs 565, average weighted mh 1532163682924.001465
7.132023429036486381e-04 5.874467767793317139e+07 4.545824601986372471e+07 3.010980414913041145e+07 3.403331856906920416e-01 8.995628327597947494e-23 5.377325669733723317e-23 2.085532964734088442e-23 6.251839034949425722e-01
1.030891031022107768e-03 3.149927860471110791e+07 1.792059726888202503e+07 1.474244437143491581e+07 2.987217935630574472e-01 6.688075426438933639e-23 2.729128016739316541e-23 7.869321234430565214e-24 6.424489908152167805e-01
1.490090895544628593e-03 1.701740294500544667e+07 1.197533553707427159e+07 6.824246839430198073e+06 2.947213172755671629e-01 2.525428808490127207e-23 1.401423946495481297e-23 3.167433646100168176e-24 6.119937312480875358e-01
2.153836642446622495e-03 8.741502297298884019e+06 7.682541039448187687e+06 2.746153306722648442e+06 3.365497499396826742e-01 4.851118917649920178e-24 5.951111802325905689e-24 7.734354526924225192e-25 5.567680217900543571e-01
3.113241142682222906e-03 3.472733046718058176e+06 3.147521540869456250e+06 1.086544242724548094e+06 4.156687892749566515e-01 1.429865613965856399e-24 2.277005468501087660e-24 2.859412515694968730e-25 5.875222057312884383e-01
4.500002563555381523e-03 1.301656643258320633e+06 1.097021994232875761e+06 4.017573790408746572e+05 4.072197109355190636e-01 9.038840724860664794e-25 8.677286440146716003e-25 9.684916090057287502e-26 5.748211093864297183e-01
6.504482673821579061e-03 5.136043095243793214e+05 4.403096796390366508e+05 1.865187843654676690e+05 4.206086532268550338e-01 6.166372710209121970e-25 5.293219071379723910e-25 5.906481835648035498e-26 6.051554660779121519e-01
9.401837944869524330e-03 2.423317942019316251e+05 2.124889453075542406e+05 9.160764909708977211e+04 4.197817869442836414e-01 4.753601756784293451e-25 5.016254322376021652e-25 4.470350020868157826e-26 6.173176717103555644e-01
1.358979048362255956e-02 1.256267019011154189e+05 9.987729394978738856e+04 5.247929557605490845e+04 3.850477961399121907e-01 3.782245834875707462e-25 3.019396603261953193e-25 6.217920830274489454e-26 5.827447693650743554e-01
1.964322364113258237e-02 5.840954412447407958e+04 4.833145163987977867e+04 2.740681566657337680e+04 3.360777449188914190e-01 2.996795878019158992e-25 2.467851130396964126e-25 5.459526245186346325e-26 5.419551022392670170e-01
2.839309667654967007e-02 2.300459192237345633e+04 1.842150846282543716e+04 1.017498860162743586e+04 2.998958436539265748e-01 2.128793649315581428e-25 1.819037678275734866e-25 3.436590614641721099e-26 5.153561393577323901e-01
4.104051115091891799e-02 9.068578432985828840e+03 6.474063878453438520e+03 3.229315495314167038e+03 2.747065715419056420e-01 1.587837182209217396e-25 1.261044475555869398e-25 2.187157310886868477e-26 5.222886187779266498e-01
5.932158702927994159e-02 4.687890519021425462e+03 3.043118289778810322e+03 1.417003281291470103e+03 2.715978887694002197e-01 1.108893843126062176e-25 8.684739273991335344e-26 1.417884218879644823e-26 5.393957624549300389e-01
8.574578115588700478e-02 3.018535119708762522e+03 2.323589963559302760e+03 8.327619261438931062e+02 2.922895110980657241e-01 7.578248027255045014e-26 5.651819418496818728e-26 8.219867992443248928e-27 5.774477167345102302e-01
1.239403622563955976e-01 1.684050940151654913e+03 1.490765166128881447e+03 4.716392598119937247e+02 3.070280615803145929e-01 4.550131905459629758e-26 3.221532763511735316e-26 4.464170935687712421e-27 6.216260808439025842e-01
