# R (Mpc), rho (Msol/kpc^3), errup, errlow, std, pth (Msol/kpc/s^2), errup, errlow, std 
#  nprofs 101, average weighted mh 732700629544.630981
7.132023429036486381e-04 4.658593672902598232e+07 4.559985754409103096e+07 2.207994387960243225e+07 3.492182808017953999e-01 3.445134511762807939e-23 4.012570495135724705e-23 1.347663798945898277e-23 6.686289822970518104e-01
1.030891031022107768e-03 2.617895583208726719e+07 1.787556539722791687e+07 1.453755772224061191e+07 3.896175051081258167e-01 2.325589588838493610e-23 3.015738504789601749e-23 6.571478937890347613e-24 7.252391582211643595e-01
1.490090895544628593e-03 1.549952753250116296e+07 1.337023262500918284e+07 4.948864557549736463e+06 3.464232695882175639e-01 2.460515665010509490e-23 3.811773725285270182e-23 3.390074683630093926e-24 6.974550845966603907e-01
2.153836642446622495e-03 9.710742110447810963e+06 9.067247876461198553e+06 4.187732058091558516e+06 3.769540567167001255e-01 8.512080775578288149e-24 8.825426307982096423e-24 1.605695829178198622e-24 6.807530871244329429e-01
3.113241142682222906e-03 5.447659072355757467e+06 4.260117804166894406e+06 1.980960749713893048e+06 4.550976703707748094e-01 2.541790897764878951e-24 4.545821499158484555e-24 6.850203810013155417e-25 5.652866011914557953e-01
4.500002563555381523e-03 2.775532873416476883e+06 1.491535543062629644e+06 1.225600642331942683e+06 4.224513739919130151e-01 1.829768489532802278e-24 2.536642783197651705e-24 4.217668056973476140e-25 5.888127768564836995e-01
6.504482673821579061e-03 1.444743870832658140e+06 9.012967650725077838e+05 5.196548991821034579e+05 3.874261492850861743e-01 1.163772158156375107e-24 1.511649744948880870e-24 2.714840823018252881e-25 5.387452927285045767e-01
9.401837944869524330e-03 7.416352755690631457e+05 3.177229790448420681e+05 3.303187207861903007e+05 3.139828794505205023e-01 1.437546542893873747e-24 1.047187777917401314e-24 2.594022470940046432e-25 5.052702675503751850e-01
1.358979048362255956e-02 3.895037168479367974e+05 2.132611357726950664e+05 1.944361303613203927e+05 2.876932645458138982e-01 9.434485152607504983e-25 5.646126742286704958e-25 2.041930075890071864e-25 4.523611830739719397e-01
1.964322364113258237e-02 1.966889657120432530e+05 1.212339945703005360e+05 6.798816255587129854e+04 2.521588487164255210e-01 8.099089757611583370e-25 5.155921276672955136e-25 2.013467347064306809e-25 4.275304413420079608e-01
2.839309667654967007e-02 1.003243102096723305e+05 7.772782511703153432e+04 2.050737485185974219e+04 2.131778057555643868e-01 2.971457883503987406e-25 2.964292422780320836e-25 1.104162531644597856e-25 4.249933608813417085e-01
4.104051115091891799e-02 4.648063153305520245e+04 2.149792185623160913e+04 1.305340009705313787e+04 1.887988152300758282e-01 1.594225996269947603e-25 2.174010641053640929e-25 4.890097764960123597e-26 4.456302119619733881e-01
5.932158702927994159e-02 2.099009485948011934e+04 1.671611488337649644e+04 6.435471118478391872e+03 2.090273885592364433e-01 9.361548615805448712e-26 1.516838386411416610e-25 2.444251420416304585e-26 4.911863871158014261e-01
8.574578115588700478e-02 9.734580799048007975e+03 7.576131782666258914e+03 1.963920447514332409e+03 2.280219536076653619e-01 5.910910670611086779e-26 6.828231505545952884e-26 9.694495048980365135e-27 5.063727636490926720e-01
1.239403622563955976e-01 4.658391115358691422e+03 3.482295964259325956e+03 1.384525585623744973e+03 2.411426925087382378e-01 3.242894995391828021e-26 3.224969905417196845e-26 6.319986128785908794e-27 5.315776386279180699e-01
