# R (Mpc), rho (Msol/kpc^3), errup, errlow, std, pth (Msol/kpc/s^2), errup, errlow, std 
#  nprofs 133, average weighted mh 775691503218.322876
7.132023429036486381e-04 5.280728211429838091e+07 4.903853538792835921e+07 2.255212294328498468e+07 3.466588787255228121e-01 4.927601562805591837e-23 5.897416094687901292e-23 1.215212386525943933e-23 5.432338031244574594e-01
1.030891031022107768e-03 3.129499407843051851e+07 2.315740985822658241e+07 1.486178958124060184e+07 3.189406478198790196e-01 3.292940152539554623e-23 2.520483822283080345e-23 1.054303744577199541e-23 6.398782086115751833e-01
1.490090895544628593e-03 1.928108821175720170e+07 1.530308900233288109e+07 8.934223392679378390e+06 3.518517625908709756e-01 1.682514304526664957e-23 2.090181292641971497e-23 5.237543802950626474e-24 6.606957182142874085e-01
2.153836642446622495e-03 1.078014476454819739e+07 9.759567246010206640e+06 4.806443263986880891e+06 3.024265602206387960e-01 7.047974980681659098e-24 1.244040235313757626e-23 2.494003488495618252e-24 6.428274306092913726e-01
3.113241142682222906e-03 6.319285259688425809e+06 5.114458762982939370e+06 2.782791597920975648e+06 3.969939313886988730e-01 2.864428490871347421e-24 4.031565447703234235e-24 1.250184564723020015e-24 5.853716380351827731e-01
4.500002563555381523e-03 3.229313837619998958e+06 2.703633210128544830e+06 1.588652985452449415e+06 6.048459718467494861e-01 1.786115160642602101e-24 1.715992275312060868e-24 7.395448743395529744e-25 5.833569775640305988e-01
6.504482673821579061e-03 1.890360818825390190e+06 1.397590341926469933e+06 1.282220506396378158e+06 6.429200416333579193e-01 1.265205161696033648e-24 1.430632540025614431e-24 5.655700237315509654e-25 6.388149929111907044e-01
9.401837944869524330e-03 1.079663864563740557e+06 5.679372376691719983e+05 7.121807237001704052e+05 6.178095548607118737e-01 1.674308473293771274e-24 8.820944910884972357e-25 4.681937371114580226e-25 5.702087101233928035e-01
1.358979048362255956e-02 5.029304841662716353e+05 3.661175863142714952e+05 3.614961810158427106e+05 5.969495982689777547e-01 1.154756914324886010e-24 8.516125713098619386e-25 3.869826304504553497e-25 5.002603432710256426e-01
1.964322364113258237e-02 2.255575780744485965e+05 1.811676611881647841e+05 1.217850499181935447e+05 4.740672139667370666e-01 5.183197918737146073e-25 6.099852632380905251e-25 3.005588047703950130e-25 4.110409953845635123e-01
2.839309667654967007e-02 1.028041061301683221e+05 6.937514376036668546e+04 4.477377113693056162e+04 3.842107700800254100e-01 2.975497896828486886e-25 3.795140436296880641e-25 1.492670876149429627e-25 4.334546103579689502e-01
4.104051115091891799e-02 4.819223833809899224e+04 2.654464939325579326e+04 2.505380699023421403e+04 3.027269183456499091e-01 1.448827833961088497e-25 2.129115226474292477e-25 8.006649797195587398e-26 4.488717399488984516e-01
5.932158702927994159e-02 2.034534691399254370e+04 1.423916143569311316e+04 9.867870223712201550e+03 2.866755391881951609e-01 6.787972372325503666e-26 1.003105459161261238e-25 3.260089276920472368e-26 4.489820404722530411e-01
8.574578115588700478e-02 8.075621314140622417e+03 5.430039327090502411e+03 4.188119963986155199e+03 2.742402311857783381e-01 3.475043214601748505e-26 5.359726123926000389e-26 1.509541099398773237e-26 4.441674189146896934e-01
1.239403622563955976e-01 3.447235750608871058e+03 2.358700448535430041e+03 1.582583929254424447e+03 2.667415354911918390e-01 2.006054947716452933e-26 3.843793541729544593e-26 7.454647960584097037e-27 4.763998299140379533e-01
