# R (Mpc), rho (Msol/kpc^3), errup, errlow, std, pth (Msol/kpc/s^2), errup, errlow, std 
#  nprofs 917, average weighted mh 1778366594939.508301
7.132023429036486381e-04 4.452446081022162735e+07 4.217227403422963619e+07 2.312908436821268499e+07 3.486216805135214369e-01 6.677104902961513058e-23 3.738540915293297549e-23 1.244043635157700373e-23 6.139912153081268364e-01
1.030891031022107768e-03 2.297379160528082401e+07 1.987029034298963845e+07 1.328990330399880186e+07 3.513809286481419658e-01 2.904421410842875145e-23 1.545131685026487091e-23 5.762091568580629137e-24 6.648057328265849497e-01
1.490090895544628593e-03 1.140368246963381581e+07 1.009853488068414107e+07 5.671981489905122668e+06 3.495377632501842635e-01 7.183379389346601119e-24 6.261201536751752153e-24 1.714445230685117455e-24 5.870173236502260750e-01
2.153836642446622495e-03 5.441194803821464069e+06 4.257655209422361106e+06 2.706782271252338309e+06 3.344655183911403040e-01 3.826982139497714815e-24 1.998154424629418233e-24 5.162937806446364207e-25 5.515797111332826352e-01
3.113241142682222906e-03 2.200057444674552884e+06 1.527736810172300786e+06 1.007621102973680012e+06 3.617514414199186623e-01 2.654077986758456496e-24 9.113872622348981863e-25 1.226868997271214967e-25 5.598645588823094599e-01
4.500002563555381523e-03 8.553565576118048048e+05 6.659975065895083826e+05 3.587489184691936825e+05 3.885647517932936945e-01 1.821627066094111658e-24 4.824241898333214184e-25 4.570099063827435695e-26 6.289769871680169766e-01
6.504482673821579061e-03 3.519514358779192553e+05 2.390098313115025521e+05 1.663191649184900161e+05 3.994532521452345830e-01 1.187748034417760463e-24 5.764643430873220408e-25 2.719445326875622095e-26 6.757432613030868174e-01
9.401837944869524330e-03 1.625535615714638552e+05 1.206919388182246767e+05 6.205138548041641479e+04 3.512416061985732529e-01 1.236064411965513597e-24 5.505859245943157971e-25 2.629688127844951391e-26 7.362899172444306028e-01
1.358979048362255956e-02 8.097285131499562704e+04 7.201211266039349721e+04 3.050540379807188583e+04 3.358967159123580348e-01 7.441882471429604595e-25 3.594497157244061755e-25 4.626367757826042411e-26 7.158736461705947907e-01
1.964322364113258237e-02 4.188256187534935452e+04 3.620254113840059290e+04 1.657307100710969462e+04 3.230878119569818296e-01 5.134825294832225292e-25 2.631089248535108829e-25 5.039189087612575343e-26 6.643753199566204692e-01
2.839309667654967007e-02 1.965242129124434359e+04 1.440657945455220033e+04 7.477266535311714506e+03 3.101137767884092344e-01 3.544165092674206618e-25 1.778515174113624992e-25 2.991570626465013692e-26 6.043311072903955194e-01
4.104051115091891799e-02 7.947722106984283528e+03 5.888428615039721080e+03 2.992690337662624643e+03 2.951250542095184559e-01 2.345659526032385690e-25 1.213608074391573603e-25 2.011979104940783070e-26 5.781123281426859828e-01
5.932158702927994159e-02 3.756659590750901771e+03 2.987211371538770436e+03 1.012472348909016546e+03 3.007138828610497749e-01 1.501305661174080864e-25 8.556507840163124460e-26 1.341230470688835287e-26 5.850008468167529063e-01
8.574578115588700478e-02 2.207483987504067500e+03 1.818904348192724228e+03 6.359181732363100537e+02 3.160340658668400193e-01 9.261742735884361247e-26 4.221094748628846275e-26 8.426060583258411402e-27 6.167662422952543411e-01
1.239403622563955976e-01 1.367165120767974486e+03 1.071098702378365488e+03 3.870579093460232798e+02 3.295271647964750916e-01 5.156239613179483310e-26 2.232945757173799431e-26 4.337213590086578868e-27 6.603431832286308367e-01
