# R (Mpc), rho (Msol/kpc^3), errup, errlow, std, pth (Msol/kpc/s^2), errup, errlow, std 
#  nprofs 88, average weighted mh 810143528628.365723
7.132023429036486381e-04 3.332739005000630766e+07 1.222201540683762878e+08 1.086478567148291878e+07 5.793552555999871290e-01 2.802732897674896476e-23 1.280232479350969917e-22 4.855916704436578214e-24 1.018373317269142708e+00
1.030891031022107768e-03 1.675266612438902631e+07 4.703092594115234911e+07 2.178639464512455277e+06 6.047016402903371279e-01 1.057104853888950949e-23 3.587802199844976260e-23 5.905479551729000293e-25 1.049713499500533498e+00
1.490090895544628593e-03 6.799903762529077940e+06 7.237672392009763047e+06 2.050909581983944401e+06 5.248543642778208396e-01 7.141944244390659496e-24 4.515057374173875056e-24 2.416629868406525185e-25 8.833525303726672551e-01
2.153836642446622495e-03 4.147885662078151479e+06 3.261532978339145891e+06 1.781545120190966874e+06 4.782240704987292812e-01 3.091400685495743049e-24 1.301663172272895580e-24 1.885484562627965032e-25 8.048670480977409003e-01
3.113241142682222906e-03 3.021851896662345156e+06 1.802812614197282121e+06 8.489224713058816269e+05 4.091808470138606491e-01 5.828848397599841577e-24 8.713661767104010676e-25 1.042097921494205825e-25 7.805030145073221792e-01
4.500002563555381523e-03 2.086225977703901008e+06 1.226200550195351709e+06 4.718232369137636852e+05 3.796550081921920006e-01 1.951922280209848046e-24 8.870965210301758789e-25 5.061395484394015093e-26 7.162812575194839049e-01
6.504482673821579061e-03 1.252939303167988779e+06 1.376088448273401242e+06 3.412397866206133040e+05 3.713464614015850040e-01 2.850196020705596470e-24 6.568365528133069583e-25 2.850281239255792791e-25 6.945278465827805503e-01
9.401837944869524330e-03 7.339152747266951483e+05 9.436685493119731545e+05 2.419142284694223781e+05 3.254805561652476809e-01 3.541702626343555003e-24 6.325038370126434959e-25 2.471178109351352169e-25 6.076846580722324864e-01
1.358979048362255956e-02 4.169610882127034711e+05 4.543769158076003077e+05 1.311020847058677464e+05 2.989814811967895780e-01 2.180453151428455009e-24 6.244737670672630476e-25 2.282780896420063702e-25 5.316733857682482967e-01
1.964322364113258237e-02 2.391807010337395477e+05 2.739525379923924920e+05 1.013836777309480967e+05 3.095337884327161726e-01 1.152708340858299653e-24 1.359284265333972558e-24 2.090870050652622944e-25 5.685480601772613385e-01
2.839309667654967007e-02 1.388770973743876093e+05 1.630200129380357394e+05 5.533805861472785909e+04 3.116725239757969224e-01 5.113203937701431639e-25 9.388149600725089607e-25 1.442919575062134817e-25 6.059398363894177297e-01
4.104051115091891799e-02 6.847526120670400269e+04 1.095121393435860518e+05 2.757535370918561239e+04 3.343148485893646105e-01 2.932594104096272922e-25 6.305102431745484843e-25 6.906718436941307712e-26 6.292378428652715128e-01
5.932158702927994159e-02 3.094722912028049905e+04 6.453162285928027995e+04 1.007338131575290208e+04 3.605676545164449021e-01 1.757780114520339203e-25 3.208645381631951771e-25 1.797169900298961340e-26 6.003615520213917423e-01
8.574578115588700478e-02 1.235213357629658458e+04 1.949988335899564481e+04 3.543479576936660123e+03 3.409531044480307860e-01 1.084001660971621224e-25 1.171535265350124063e-25 9.861542217530851028e-27 5.628520005063488707e-01
1.239403622563955976e-01 5.192296214611057621e+03 7.646802269378919846e+03 1.493115255009156044e+03 3.002060447903951990e-01 6.583108351664024638e-26 4.012335038853329523e-26 5.251201586430145755e-27 5.506226449376585563e-01
