# R (Mpc), rho (Msol/kpc^3), errup, errlow, std, pth (Msol/kpc/s^2), errup, errlow, std 
#  nprofs 291, average weighted mh 1331183895225.300781
7.132023429036486381e-04 8.374451255164144933e+07 6.829474067394110560e+07 4.118111145215516537e+07 3.714344892634024453e-01 1.027246184795938315e-22 1.339500246840542953e-22 3.064241816918602974e-23 6.226585635561672216e-01
1.030891031022107768e-03 4.032108016463994980e+07 3.601408814884153008e+07 1.810955467708873376e+07 3.822175752161949824e-01 6.099942084584942346e-23 3.808257078945679416e-23 1.337760942529421854e-23 6.554730882796745428e-01
1.490090895544628593e-03 2.263661602036485076e+07 1.653510810221648589e+07 8.694309415723396465e+06 3.205859190717852969e-01 4.126666350121531811e-23 1.334924186768883494e-23 4.965936789774919759e-24 5.847414265564796487e-01
2.153836642446622495e-03 1.161213160974051617e+07 9.296308906086623669e+06 4.338325644895940088e+06 3.797485455497497941e-01 1.384201292250822039e-23 8.132636240536729654e-24 1.659579852941469586e-24 5.777100203850590310e-01
3.113241142682222906e-03 5.852472980603055097e+06 4.847378588805095293e+06 2.051284860768326558e+06 4.843000993454214531e-01 5.654848368917095551e-24 3.272463708218841190e-24 7.948625826653861729e-25 5.785849554913573556e-01
4.500002563555381523e-03 3.001549578857156914e+06 2.230117311952631455e+06 1.551111031865355326e+06 5.602088484775962218e-01 3.469456008578991467e-24 1.861899133632967107e-24 4.115934277785566320e-25 5.807019353875902956e-01
6.504482673821579061e-03 1.558125711763827829e+06 1.190463593487123726e+06 1.025753275277118897e+06 6.611366722872289436e-01 2.176599498629118801e-24 8.328005916849632320e-25 2.748769770277296260e-25 5.575132790542423056e-01
9.401837944869524330e-03 8.316675654063678812e+05 6.599615215376229025e+05 7.382311261089387117e+05 7.017577298107920969e-01 1.052357566881392377e-24 5.996397329331859742e-25 1.927642849602794175e-25 5.185433123402316546e-01
1.358979048362255956e-02 4.146199125766967773e+05 3.424577923547438695e+05 3.704577863577753305e+05 6.741784167121523952e-01 7.440280288790651778e-25 4.058867927975723497e-25 1.184982708411228788e-25 5.079409597578691260e-01
1.964322364113258237e-02 1.644370885840211995e+05 1.551347176202596747e+05 1.226057372059763293e+05 5.606864065093165594e-01 4.713427334843229792e-25 2.378431833808747961e-25 9.802175600032899438e-26 4.765593678377627596e-01
2.839309667654967007e-02 5.354821234010315675e+04 3.557517779345907184e+04 3.229364508406991081e+04 4.267449309112620881e-01 2.722144049198099089e-25 1.791606556318525374e-25 4.805169247530906998e-26 4.678249728096484650e-01
4.104051115091891799e-02 1.790711617648491301e+04 1.178260963700749926e+04 7.514275140397198811e+03 3.375532022969913726e-01 1.365377427318432200e-25 1.096880544005768575e-25 2.556995328544105484e-26 4.519633594508060681e-01
5.932158702927994159e-02 7.846315903289113521e+03 5.041389535076519678e+03 2.726806947036079691e+03 3.008080285523803132e-01 9.307366869365769135e-26 6.955528369039461786e-26 1.469869379065980990e-26 4.604523744354933612e-01
8.574578115588700478e-02 3.790555645403969720e+03 2.069637149058772593e+03 9.663463810000328067e+02 2.868922111418417131e-01 6.136390230280549127e-26 4.798790052874629528e-26 7.386078974459668438e-27 4.837854564336214747e-01
1.239403622563955976e-01 1.772065754770911099e+03 1.220496452022342055e+03 5.214261140305918616e+02 2.672993916118335256e-01 3.537196737554273721e-26 2.100459182765038637e-26 3.957737890533907381e-27 5.253911289582603450e-01
