# R (Mpc), rho (Msol/kpc^3), errup, errlow, std, pth (Msol/kpc/s^2), errup, errlow, std 
#  nprofs 320, average weighted mh 1599498864673.845215
7.132023429036486381e-04 4.870505371581632644e+07 4.078244139618981630e+07 2.020918458777322248e+07 3.313305048626264959e-01 6.831942628524581415e-23 3.311470671956696362e-23 9.556635881939319874e-24 6.261147265020039487e-01
1.030891031022107768e-03 2.425067678324624896e+07 2.064492773481956869e+07 1.025049506335918419e+07 3.193432449079709468e-01 2.400915133299250677e-23 1.431328296485118826e-23 4.533950656013951953e-24 6.071077432027046639e-01
1.490090895544628593e-03 1.277919315617135726e+07 9.012104837685566396e+06 4.987923492286630906e+06 3.225750706193332706e-01 5.600715647776263367e-24 5.500848629977638674e-24 1.566549547931422426e-24 5.508528586993514109e-01
2.153836642446622495e-03 6.266496010782591067e+06 3.543743997002489865e+06 2.150562598116950132e+06 3.108588657870644534e-01 2.571571696137346163e-24 2.009309600499341638e-24 5.009608894896195875e-25 5.388678907453359201e-01
3.113241142682222906e-03 2.696598469207550399e+06 1.423912346242706291e+06 7.548207435379037634e+05 3.262967001836201697e-01 1.338303591955949302e-24 8.546126910278434806e-25 1.521320756589874512e-25 5.289668964996359080e-01
4.500002563555381523e-03 1.070595545386479702e+06 6.539318554641188821e+05 3.497083048406962771e+05 3.351213273978895235e-01 7.040527479120067388e-25 4.068644101104518712e-25 6.537438255623600259e-26 5.264361398439252326e-01
6.504482673821579061e-03 4.382311242262964952e+05 2.723694920135462889e+05 1.540554660706297727e+05 3.632441357174031604e-01 5.003475140528817594e-25 3.292482507433834927e-25 4.106219212708800183e-26 5.764972350514883104e-01
9.401837944869524330e-03 2.043148107507566165e+05 1.413506800671415986e+05 7.226897379577842366e+04 3.696169258849966721e-01 5.163482416605024538e-25 4.160428515391498000e-25 5.076104445568885833e-26 6.487521976753709563e-01
1.358979048362255956e-02 9.785400234357817681e+04 7.347881051611708244e+04 3.775617041768252238e+04 3.174846132809543420e-01 4.226466376885806247e-25 3.635906704390707606e-25 8.310571311017274148e-26 6.273358999559582871e-01
1.964322364113258237e-02 4.880305450393306819e+04 3.232953218597811065e+04 1.886971453417251541e+04 3.092710744336180650e-01 3.502226977843738657e-25 2.318923650815128626e-25 5.794022777646340096e-26 5.761959267077321201e-01
2.839309667654967007e-02 2.176154345053199359e+04 1.565519961013327156e+04 8.195944529730499198e+03 3.172314542429000017e-01 2.575752983419454155e-25 2.050774090518693748e-25 3.463686945205993594e-26 5.502832348905768445e-01
4.104051115091891799e-02 1.054701047608932640e+04 8.371109220226337129e+03 3.965727396921969103e+03 3.020182261844702176e-01 1.890021577546147122e-25 1.546570418204940505e-25 1.956199105912081041e-26 5.430984434421295415e-01
5.932158702927994159e-02 5.735948829526470945e+03 4.662013030977681410e+03 1.761553588336611483e+03 2.889510977346693155e-01 1.364320304922658339e-25 1.017962111365912420e-25 1.242535735453753126e-26 5.533090706176917450e-01
8.574578115588700478e-02 3.558407885855644508e+03 3.144889979123446210e+03 8.315063569368587650e+02 3.002338349349049640e-01 9.641255306695107096e-26 7.017014731614300129e-26 8.686815086842243687e-27 5.863708203118068729e-01
1.239403622563955976e-01 2.199894364755906281e+03 2.085135418169429613e+03 6.354941361755659273e+02 3.221101273667925646e-01 6.759947616334927292e-26 3.925450924808491456e-26 4.566369304209323614e-27 6.391055345119304176e-01
