# R (Mpc), rho (Msol/kpc^3), errup, errlow, std, pth (Msol/kpc/s^2), errup, errlow, std 
#  nprofs 824, average weighted mh 1912407630122.382080
7.132023429036486381e-04 5.416904869283404946e+07 3.712696131431981921e+07 3.098992793147698045e+07 3.495855075085773644e-01 9.865141231299876387e-23 3.609488608681518063e-23 1.969234753913552110e-23 6.147117370708643502e-01
1.030891031022107768e-03 2.922554268118513376e+07 2.013650183827814460e+07 1.500982053702344559e+07 3.367487654408241049e-01 3.214975737765719497e-23 1.668602827753685231e-23 8.069776431357593455e-24 5.854740330356320577e-01
1.490090895544628593e-03 1.655225939139787108e+07 1.117216492161497660e+07 6.480443795634354465e+06 3.208657956494729291e-01 1.291561181562137516e-23 7.469839630321066560e-24 2.885690737138840693e-24 5.564915922801323411e-01
2.153836642446622495e-03 8.007881791776415892e+06 5.275661255468996242e+06 3.360078956746290438e+06 3.757298439660171074e-01 6.341380473581429460e-24 4.256338794380446652e-24 1.027458085015306685e-24 5.548921394068728752e-01
3.113241142682222906e-03 3.603790193354038522e+06 2.848097770723300055e+06 1.424103343073172728e+06 4.105948489141849622e-01 2.530325718062844303e-24 1.604892166562168620e-24 2.908277501504486513e-25 5.615999591286942039e-01
4.500002563555381523e-03 1.436862872176075587e+06 1.293968569152025506e+06 5.299920694553665817e+05 4.692729418939249886e-01 1.852466045250520025e-24 9.709741669487338866e-25 9.780713169661412103e-26 6.139159360375576746e-01
6.504482673821579061e-03 6.159995325761100976e+05 5.679307621009845752e+05 2.712451042157057673e+05 4.894510987284867998e-01 1.126481851669187464e-24 6.921448007564016686e-25 5.866297239127884633e-26 6.360003524968741440e-01
9.401837944869524330e-03 2.999251066276204656e+05 3.051390121222960297e+05 1.369496958498336608e+05 4.638014152062289175e-01 8.054792415687306470e-25 5.316582607980450035e-25 4.681793545729289400e-26 6.621884791945117366e-01
1.358979048362255956e-02 1.597517929571884742e+05 1.552721298913114006e+05 7.841505361036866088e+04 4.257417556366021039e-01 6.204009915783715129e-25 3.588269289582936801e-25 7.511958322980946490e-26 6.322536039806154751e-01
1.964322364113258237e-02 7.820719202112991479e+04 6.862729555448869360e+04 4.110301911356292840e+04 3.702230745229255771e-01 4.425834771313921359e-25 2.818241875512585796e-25 6.236862235018271023e-26 5.777162070766213020e-01
2.839309667654967007e-02 3.162744970591291349e+04 2.810800034423530451e+04 1.544088562694269967e+04 3.522200529940922031e-01 2.633986407285823526e-25 1.755898637530772295e-25 3.774328349725701558e-26 5.317616055600644653e-01
4.104051115091891799e-02 1.033369559337478131e+04 8.859618466245436139e+03 3.461422808451934543e+03 3.065531459647755086e-01 1.749084899288741684e-25 1.203396895328476712e-25 2.468264097972427888e-26 5.166018968313333959e-01
5.932158702927994159e-02 4.122070072618909762e+03 3.128885731305629633e+03 1.320395887913311981e+03 2.832547625190924845e-01 1.091880676449314257e-25 7.788311374465513937e-26 1.420065116007045416e-26 5.266548504910698592e-01
8.574578115588700478e-02 2.308037578419959118e+03 1.836103961727595333e+03 6.317764667231563180e+02 2.844656261880785242e-01 6.714259412154045713e-26 3.937852913393070772e-26 8.036312052744551467e-27 5.576868746649628061e-01
1.239403622563955976e-01 1.297578614716421271e+03 9.252223838358401053e+02 3.590165287612504699e+02 2.897617300936639051e-01 4.012676745957108983e-26 1.924353980247688208e-26 4.143318356539233142e-27 6.057937270741234892e-01
