# R (Mpc), rho (Msol/kpc^3), errup, errlow, std, pth (Msol/kpc/s^2), errup, errlow, std 
#  nprofs 470, average weighted mh 1692741840870.671387
7.132023429036486381e-04 4.965497308080830425e+07 4.970522466565168649e+07 2.582826663768668473e+07 3.635659993205323515e-01 4.940349231787775831e-23 5.725102591570313744e-23 1.628051927709294402e-23 6.596697082570517345e-01
1.030891031022107768e-03 2.667457225360408053e+07 2.511152176955327019e+07 1.427637051477593184e+07 3.773376681840039937e-01 3.051604725901684346e-23 2.389272828275453606e-23 6.960869299312580961e-24 7.178384125447730968e-01
1.490090895544628593e-03 1.454070707907428034e+07 1.361811906175396964e+07 7.462581754396073520e+06 3.894471057213391152e-01 1.210958418136161411e-23 1.123322968188470048e-23 2.831710580864279369e-24 6.941265947910998380e-01
2.153836642446622495e-03 7.560417503453135490e+06 7.529933087107996456e+06 3.655565303361751605e+06 4.027096480760694597e-01 5.374027955941157120e-24 5.618002210367047573e-24 1.177618418769217174e-24 6.105392954706707620e-01
3.113241142682222906e-03 3.843606732411973644e+06 4.161352674360324163e+06 1.590854193302847212e+06 4.255504468050938516e-01 2.161543947454157567e-24 2.967156864821902029e-24 3.454565428530175098e-25 5.881655359834062624e-01
4.500002563555381523e-03 1.987808042068647454e+06 2.358827659777101595e+06 7.110038684104855638e+05 4.361816497882884391e-01 1.220150677873517833e-24 1.441597968890742436e-24 1.827240192103298724e-25 6.027788581685541436e-01
6.504482673821579061e-03 1.013265096150565660e+06 1.327621676966501866e+06 4.974006174789603101e+05 5.009497538115030846e-01 8.261167784480665931e-25 9.954668492891152032e-25 1.757665880622113466e-25 6.125276778460657656e-01
9.401837944869524330e-03 5.587832485394581454e+05 6.841197424465257209e+05 3.496030128648235113e+05 5.026375244352676575e-01 8.800408125700613113e-25 8.717515743150835052e-25 2.005545262406868235e-25 5.939252048340464274e-01
1.358979048362255956e-02 2.691989960425983300e+05 3.264030427998279920e+05 1.606142645784580964e+05 4.657424503602903276e-01 7.471325657348991393e-25 7.531427839115137194e-25 1.685893318852371344e-25 5.544412806254153114e-01
1.964322364113258237e-02 1.066221228392955818e+05 1.178782121549366566e+05 5.649929094119944057e+04 3.939333714989641799e-01 5.643059195645105762e-25 6.295660584451003449e-25 1.227473487024469637e-25 5.399544581779576191e-01
2.839309667654967007e-02 3.838408601540426753e+04 3.290264026899368037e+04 2.134072453264085198e+04 3.404927959430280593e-01 3.569708563193537957e-25 4.052350110348914182e-25 7.417224158028819805e-26 5.438406747038716516e-01
4.104051115091891799e-02 1.601738486438969448e+04 1.504299386672888795e+04 7.301982681995959865e+03 3.192458953789155118e-01 2.252499371430307334e-25 2.330668012030427147e-25 3.979239841686368388e-26 5.302815679344841104e-01
5.932158702927994159e-02 8.097608239866829535e+03 7.223793700844245905e+03 3.166215894356476838e+03 3.057375279052759187e-01 1.491701155847265206e-25 1.374388629002830451e-25 2.336034144838238361e-26 5.351673721762122415e-01
8.574578115588700478e-02 4.075652286521655697e+03 3.899860584179151374e+03 1.447832551021459039e+03 2.997916787216149959e-01 9.502570531366273286e-26 7.681599393666657399e-26 1.194343888225529489e-26 5.596190121737358858e-01
1.239403622563955976e-01 2.179853532384264781e+03 2.087242310355687096e+03 6.200179909331659474e+02 3.014642628942646452e-01 5.564216511201265713e-26 4.191064993751031186e-26 5.640558510165680838e-27 6.027243854412224211e-01
