# R (Mpc), rho (Msol/kpc^3), errup, errlow, std, pth (Msol/kpc/s^2), errup, errlow, std 
#  nprofs 488, average weighted mh 1417046900061.166016
7.132023429036486381e-04 5.696696321916303784e+07 3.733812670013479888e+07 3.113244495046781376e+07 3.220037706704606539e-01 1.077490732395373496e-22 4.098504752119626825e-23 1.972948192339060330e-23 5.711056093242027343e-01
1.030891031022107768e-03 3.190937146188164875e+07 1.742104931996273994e+07 1.568792458993100189e+07 3.256359354301860409e-01 3.752965054752332153e-23 2.029057592701376181e-23 8.448282914960545776e-24 6.137788563889892135e-01
1.490090895544628593e-03 1.723722646682598814e+07 1.056022827503239736e+07 6.972358032976413146e+06 3.154317978186139126e-01 1.710552283578660989e-23 9.295749887687854450e-24 2.637865935694075676e-24 5.429810266911813121e-01
2.153836642446622495e-03 7.924893372552432120e+06 7.196745073832314461e+06 2.676117453798984177e+06 3.925975091514782855e-01 1.136106449090732408e-23 5.028128284418466644e-24 9.421793679600139949e-25 5.649332206802175627e-01
3.113241142682222906e-03 3.173430674477684777e+06 2.666937764436021447e+06 1.010240249499861617e+06 4.245424291539637851e-01 3.461400544710371800e-24 1.752961007074031082e-24 2.900837852426994047e-25 5.653694560701405525e-01
4.500002563555381523e-03 1.233183868363955524e+06 9.840434828844878357e+05 4.319033240747716045e+05 4.352330198203299139e-01 2.602009020212426497e-24 1.082140921572321470e-24 1.116450209687399168e-25 6.162319889881904267e-01
6.504482673821579061e-03 5.202592717639169423e+05 4.123165461606742465e+05 2.225220030754831969e+05 4.272465529818231245e-01 1.578640046694372450e-24 6.619287734938519262e-25 6.476693987169808633e-26 6.297482575651799364e-01
9.401837944869524330e-03 2.375818654415315832e+05 1.880159057578474167e+05 9.305924204249282775e+04 4.204873233857114312e-01 1.210377807384260758e-24 3.906207432065570541e-25 4.538381770525170269e-26 6.391953450959613203e-01
1.358979048362255956e-02 1.235313192603348434e+05 9.166253161722715595e+04 5.708992000024880690e+04 3.912790475757750852e-01 8.407959401508953120e-25 2.351731043831934641e-25 5.229808112803819839e-26 6.305295440937139784e-01
1.964322364113258237e-02 6.024241818178276299e+04 3.715802333735661523e+04 3.208646221632560264e+04 3.743596068867799387e-01 5.118753532518806343e-25 1.883657308858855227e-25 4.741632471081660402e-26 5.842345220429127073e-01
2.839309667654967007e-02 2.535701862285054813e+04 1.743566533555700880e+04 1.097917845033062440e+04 3.549845608204447722e-01 2.460158174039705341e-25 1.214043092016284375e-25 3.479749177925923395e-26 5.184042459516398083e-01
4.104051115091891799e-02 9.068340659761053757e+03 6.298951295146736811e+03 3.017867040283723782e+03 3.025125056555074132e-01 1.642615374581341236e-25 7.580960834950298487e-26 2.401494211001977926e-26 5.083246916610840715e-01
5.932158702927994159e-02 3.937949745920249825e+03 2.689864041840973186e+03 1.346694927820690282e+03 2.850617899786696552e-01 1.143589661103860555e-25 4.758831619375326644e-26 1.511623646877775941e-26 5.182615035607077703e-01
8.574578115588700478e-02 2.200220016817519536e+03 1.502769605142803584e+03 6.974480724621502077e+02 2.836862454184461702e-01 7.439542074524345696e-26 3.403682991049599913e-26 8.758339961582671688e-27 5.538065811408910966e-01
1.239403622563955976e-01 1.349229464034630837e+03 7.781875620302344032e+02 3.924300513456674935e+02 2.914083261628866994e-01 4.661826047793424451e-26 2.089840498732140093e-26 4.816684825934108301e-27 6.024218006580999152e-01
