# R (Mpc), mean rho (Msol/kpc^3), errup (Msol/kpc^3), errlow, std, median rho (Msol/kpc^3), mean pth (Msol/kpc/s^2), errup(Msol/kpc/s^2), errlow, std, median pth (Msol/kpc/s^2), mean gas-mass-weighted metal (fraction), errup, errlow, std, median metal, mean gas-mass-weighted temp (K), errup, errlow, std, median temp  
#  nprofs 197, mean mh 556626019979.980347, median mh 492865878340.917664 
#  Mass range 11.50 - 12.0
1.040961082911032697e-02 4.417473202476052102e+05 2.818800725254985155e+05 1.788553679987298383e+05 2.634879194832798754e-01 3.951160391770328279e+05 2.058713403706676862e-25 2.541736833496648390e-25 5.921672702998657212e-26 4.542100807759094638e-01 9.915873318796391700e-26 1.000000000000000000e+00 0.000000000000000000e+00 0.000000000000000000e+00 0.000000000000000000e+00 1.000000000000000000e+00 1.000000000000000000e+10 0.000000000000000000e+00 0.000000000000000000e+00 0.000000000000000000e+00 1.000000000000000000e+10
1.200529105910367808e-02 3.362904724832827924e+05 1.843798622818573494e+05 1.469302126719229564e+05 2.806334493880287551e-01 3.070028926787544042e+05 2.260236493907972761e-25 3.439914057732109187e-25 7.331797732791244497e-26 4.949582477212224330e-01 1.088256317693622490e-25 1.000000000000000000e+00 0.000000000000000000e+00 0.000000000000000000e+00 0.000000000000000000e+00 1.000000000000000000e+00 1.000000000000000000e+10 0.000000000000000000e+00 0.000000000000000000e+00 0.000000000000000000e+00 1.000000000000000000e+10
1.384557172980430476e-02 2.560172967966874712e+05 1.582789831845389854e+05 1.126481446693378093e+05 2.843278303083249248e-01 2.337053589084139385e+05 2.432094841352726206e-25 2.755856745889092896e-25 1.055421640129974461e-25 4.390606487348905351e-01 1.603124278846134349e-25 1.000000000000000000e+00 0.000000000000000000e+00 0.000000000000000000e+00 0.000000000000000000e+00 1.000000000000000000e+00 1.000000000000000000e+10 0.000000000000000000e+00 0.000000000000000000e+00 0.000000000000000000e+00 1.000000000000000000e+10
1.596794743096121086e-02 1.846950793886956526e+05 1.203254613387780846e+05 9.573867704219880397e+04 2.950083424454229553e-01 1.698237064453234780e+05 2.227405704373300637e-25 2.286459777419990692e-25 1.135372654974251393e-25 4.210488322177565745e-01 1.608137243356307385e-25 1.000000000000000000e+00 0.000000000000000000e+00 0.000000000000000000e+00 0.000000000000000000e+00 1.000000000000000000e+00 1.000000000000000000e+10 0.000000000000000000e+00 0.000000000000000000e+00 0.000000000000000000e+00 1.000000000000000000e+10
1.841566026551830909e-02 1.256513108984668797e+05 8.990422359954242711e+04 6.155022609442246176e+04 2.995900913858771664e-01 1.136031487268560450e+05 2.319298343711720146e-25 2.428985901836658481e-25 1.101256533436464682e-25 3.913142400820585065e-01 1.712145289669372151e-25 1.000000000000000000e+00 0.000000000000000000e+00 0.000000000000000000e+00 0.000000000000000000e+00 1.000000000000000000e+00 1.000000000000000000e+10 0.000000000000000000e+00 0.000000000000000000e+00 0.000000000000000000e+00 1.000000000000000000e+10
2.123858088093512342e-02 8.558691520343310549e+04 6.150514812333567534e+04 3.711403309304442519e+04 3.024373933780575840e-01 7.472452945692650974e+04 2.080558289669368848e-25 1.954478824680694672e-25 9.054436810749090372e-26 3.683452346180445813e-01 1.530486322010659543e-25 1.000000000000000000e+00 0.000000000000000000e+00 0.000000000000000000e+00 0.000000000000000000e+00 1.000000000000000000e+00 1.000000000000000000e+10 0.000000000000000000e+00 0.000000000000000000e+00 0.000000000000000000e+00 1.000000000000000000e+10
2.449422455303571639e-02 5.675907712839167652e+04 4.580683589673307142e+04 2.077863673695273610e+04 2.890370918558334279e-01 4.520050615610042587e+04 1.715700671851982746e-25 1.750451673022717948e-25 6.117229021893045025e-26 3.469976250306531229e-01 1.211790422667501798e-25 1.000000000000000000e+00 0.000000000000000000e+00 0.000000000000000000e+00 0.000000000000000000e+00 1.000000000000000000e+00 1.000000000000000000e+10 0.000000000000000000e+00 0.000000000000000000e+00 0.000000000000000000e+00 1.000000000000000000e+10
2.824892302447100725e-02 3.796243879454206763e+04 3.031143073225799526e+04 1.312282508790379143e+04 2.767488091517621984e-01 3.086284293817348589e+04 1.490064044662739569e-25 1.376104487669458827e-25 5.901806649318520123e-26 3.378609841159402882e-01 1.101722052274307910e-25 1.000000000000000000e+00 0.000000000000000000e+00 0.000000000000000000e+00 0.000000000000000000e+00 1.000000000000000000e+00 1.000000000000000000e+10 0.000000000000000000e+00 0.000000000000000000e+00 0.000000000000000000e+00 1.000000000000000000e+10
3.257917597328415654e-02 2.537633530331530710e+04 1.706462301684516569e+04 6.946841856090282818e+03 2.593986597635531410e-01 1.967782229828793788e+04 1.182209459583873645e-25 9.993897012484964144e-26 4.384159330637114739e-26 3.175355510736743714e-01 8.810834862105371656e-26 1.000000000000000000e+00 0.000000000000000000e+00 0.000000000000000000e+00 0.000000000000000000e+00 1.000000000000000000e+00 1.000000000000000000e+10 0.000000000000000000e+00 0.000000000000000000e+00 0.000000000000000000e+00 1.000000000000000000e+10
3.757320964692217186e-02 1.753412080239016723e+04 9.577027149005627507e+03 5.809947117807005270e+03 2.489076656592220382e-01 1.418774524322690741e+04 9.806943481292930418e-26 7.772063060192241612e-26 3.994824401723416280e-26 3.017463488533321803e-01 7.715247299998914881e-26 1.000000000000000000e+00 0.000000000000000000e+00 0.000000000000000000e+00 0.000000000000000000e+00 1.000000000000000000e+00 1.000000000000000000e+10 0.000000000000000000e+00 0.000000000000000000e+00 0.000000000000000000e+00 1.000000000000000000e+10
4.333277441790538143e-02 1.250305389854321402e+04 7.338869349295853681e+03 3.875368857591312008e+03 2.179277323132796096e-01 1.047940655963116842e+04 8.246906002586124666e-26 6.465715078624022130e-26 3.522969873979976203e-26 3.003793687217524155e-01 6.735504626144632164e-26 1.000000000000000000e+00 0.000000000000000000e+00 0.000000000000000000e+00 0.000000000000000000e+00 1.000000000000000000e+00 1.000000000000000000e+10 0.000000000000000000e+00 0.000000000000000000e+00 0.000000000000000000e+00 1.000000000000000000e+10
4.997521788524898756e-02 9.032381225317016288e+03 4.433783977901058279e+03 2.931002436479032440e+03 1.949488387381695109e-01 8.043597599666357382e+03 6.710123826756342899e-26 5.006370849383072233e-26 2.688727661425366135e-26 2.812780937191459163e-01 5.343690715702376774e-26 1.000000000000000000e+00 0.000000000000000000e+00 0.000000000000000000e+00 0.000000000000000000e+00 1.000000000000000000e+00 1.000000000000000000e+10 0.000000000000000000e+00 0.000000000000000000e+00 0.000000000000000000e+00 1.000000000000000000e+10
5.763587575980636674e-02 6.917420859870921959e+03 3.371668626876446069e+03 2.295172459040076774e+03 1.850685318091864207e-01 6.266870991743178820e+03 5.419147207096198449e-26 4.355206202994195871e-26 2.120179008589053014e-26 2.806258762259050132e-01 4.249838148471153163e-26 1.000000000000000000e+00 0.000000000000000000e+00 0.000000000000000000e+00 0.000000000000000000e+00 1.000000000000000000e+00 1.000000000000000000e+10 0.000000000000000000e+00 0.000000000000000000e+00 0.000000000000000000e+00 1.000000000000000000e+10
6.647082924635627776e-02 5.522999857370646168e+03 2.708395072144043297e+03 1.666440167659059171e+03 1.799495789349598862e-01 4.963826476387599541e+03 4.259553049205719380e-26 4.194959060943305077e-26 1.558974415660094199e-26 2.777663123771447751e-01 3.369990639513411232e-26 1.000000000000000000e+00 0.000000000000000000e+00 0.000000000000000000e+00 0.000000000000000000e+00 1.000000000000000000e+00 1.000000000000000000e+10 0.000000000000000000e+00 0.000000000000000000e+00 0.000000000000000000e+00 1.000000000000000000e+10
7.666008510240249207e-02 4.431889011986899277e+03 2.180652179068681107e+03 1.166686039734235692e+03 1.740045563409202967e-01 3.936208432232580890e+03 3.294859883301666837e-26 3.093755357462647720e-26 1.172704608435810056e-26 2.724968559373920352e-01 2.543004519275084529e-26 1.000000000000000000e+00 0.000000000000000000e+00 0.000000000000000000e+00 0.000000000000000000e+00 1.000000000000000000e+00 1.000000000000000000e+10 0.000000000000000000e+00 0.000000000000000000e+00 0.000000000000000000e+00 1.000000000000000000e+10
8.841124316543315376e-02 3.500576920043753944e+03 1.521480627082856245e+03 1.086406297661830649e+03 1.654558166937089569e-01 3.267280236312046782e+03 2.465820338381177618e-26 2.390183913000447040e-26 7.317467909167072946e-27 2.693738372208768772e-01 1.811815992977362303e-26 1.000000000000000000e+00 0.000000000000000000e+00 0.000000000000000000e+00 0.000000000000000000e+00 1.000000000000000000e+00 1.000000000000000000e+10 0.000000000000000000e+00 0.000000000000000000e+00 0.000000000000000000e+00 1.000000000000000000e+10
1.019637260722580097e-01 2.778686319092628310e+03 1.098455796938600997e+03 8.947792332367878316e+02 1.627958305869581790e-01 2.650077331142834282e+03 1.818276475540584347e-26 1.740387639680793112e-26 6.405174763392319265e-27 2.693192670647380216e-01 1.437750617652947628e-26 1.000000000000000000e+00 0.000000000000000000e+00 0.000000000000000000e+00 0.000000000000000000e+00 1.000000000000000000e+00 1.000000000000000000e+10 0.000000000000000000e+00 0.000000000000000000e+00 0.000000000000000000e+00 1.000000000000000000e+10
1.175936573483598035e-01 2.142918647270707879e+03 9.718237033803400209e+02 5.901537743024932752e+02 1.652022290536614979e-01 1.953315069789919335e+03 1.315453723722625792e-26 1.156048988450891535e-26 4.617353009718453698e-27 2.727767794335780316e-01 1.032086136265566385e-26 1.000000000000000000e+00 0.000000000000000000e+00 0.000000000000000000e+00 0.000000000000000000e+00 1.000000000000000000e+00 1.000000000000000000e+10 0.000000000000000000e+00 0.000000000000000000e+00 0.000000000000000000e+00 1.000000000000000000e+10
1.356194872553388164e-01 1.620293970195417387e+03 8.187457426325063352e+02 4.567070641314296608e+02 1.598530358890839220e-01 1.484182449930005077e+03 9.271904242246256844e-27 7.982739663477465001e-27 3.445630700189232511e-27 2.802172071760540284e-01 7.319948211187779075e-27 1.000000000000000000e+00 0.000000000000000000e+00 0.000000000000000000e+00 0.000000000000000000e+00 1.000000000000000000e+00 1.000000000000000000e+10 0.000000000000000000e+00 0.000000000000000000e+00 0.000000000000000000e+00 1.000000000000000000e+10
1.564084810196403053e-01 1.198633876223372908e+03 5.240714576470800239e+02 3.607473378347981452e+02 1.643396537845883409e-01 1.121262488569214383e+03 6.429452415363910287e-27 5.708156075509525145e-27 2.135250846430369878e-27 2.976458064361535150e-01 4.724521276794094855e-27 1.000000000000000000e+00 0.000000000000000000e+00 0.000000000000000000e+00 0.000000000000000000e+00 1.000000000000000000e+00 1.000000000000000000e+10 0.000000000000000000e+00 0.000000000000000000e+00 0.000000000000000000e+00 1.000000000000000000e+10
1.803842016362447453e-01 8.711435759025557672e+02 4.134898436412911451e+02 2.522022510787078318e+02 1.666938706221249566e-01 7.954452440139252758e+02 4.392784234009379000e-27 4.145855598329447048e-27 1.524572806727749349e-27 3.178349233317890321e-01 3.098805288166066521e-27 1.000000000000000000e+00 0.000000000000000000e+00 0.000000000000000000e+00 0.000000000000000000e+00 1.000000000000000000e+00 1.000000000000000000e+10 0.000000000000000000e+00 0.000000000000000000e+00 0.000000000000000000e+00 1.000000000000000000e+10
2.080351397048574025e-01 6.195005240997651299e+02 2.679233190389813899e+02 1.794718526821114892e+02 1.693173759714076965e-01 5.642906661244775250e+02 2.974530672571294458e-27 2.574324331091490369e-27 1.149754952737881931e-27 3.384823230254735971e-01 2.122734307126063243e-27 1.000000000000000000e+00 0.000000000000000000e+00 0.000000000000000000e+00 0.000000000000000000e+00 1.000000000000000000e+00 1.000000000000000000e+10 0.000000000000000000e+00 0.000000000000000000e+00 0.000000000000000000e+00 1.000000000000000000e+10
2.399246661262133540e-01 4.399453040867842333e+02 1.948402182670945422e+02 1.222000849555527111e+02 1.724584634421824081e-01 3.967009672237279574e+02 2.025891639773240147e-27 1.705605413156165253e-27 7.245782319516687042e-28 3.607261932604064469e-01 1.302483886629904533e-27 1.000000000000000000e+00 0.000000000000000000e+00 0.000000000000000000e+00 0.000000000000000000e+00 1.000000000000000000e+00 1.000000000000000000e+10 0.000000000000000000e+00 0.000000000000000000e+00 0.000000000000000000e+00 1.000000000000000000e+10
2.767025104385807399e-01 3.178435637397972187e+02 1.709154552886649867e+02 8.362404984965084509e+01 1.843839598661619894e-01 2.767301803592163765e+02 1.462259883040695287e-27 1.319545498941668623e-27 4.757712680698663510e-28 3.952600261268933157e-01 8.500504131179697262e-28 1.000000000000000000e+00 0.000000000000000000e+00 0.000000000000000000e+00 0.000000000000000000e+00 1.000000000000000000e+00 1.000000000000000000e+10 0.000000000000000000e+00 0.000000000000000000e+00 0.000000000000000000e+00 1.000000000000000000e+10
3.191179986585286343e-01 2.358935520619650390e+02 1.278618174292767264e+02 6.492817856016799283e+01 2.005012873961234676e-01 2.003747080504871008e+02 1.127238600778243873e-27 1.077607500491972955e-27 2.723829737086370656e-28 4.365528013004862373e-01 4.989718774202913062e-28 1.000000000000000000e+00 0.000000000000000000e+00 0.000000000000000000e+00 0.000000000000000000e+00 1.000000000000000000e+00 1.000000000000000000e+10 0.000000000000000000e+00 0.000000000000000000e+00 0.000000000000000000e+00 1.000000000000000000e+10
3.680353203388414540e-01 1.735913434198972993e+02 9.032382148677572786e+01 5.159841825566532236e+01 2.018899360533328580e-01 1.482842154080926207e+02 9.304903101475818364e-28 8.507458551705367349e-28 2.059746811194897841e-28 4.763850405380729014e-01 3.534346359032110135e-28 1.000000000000000000e+00 0.000000000000000000e+00 0.000000000000000000e+00 0.000000000000000000e+00 1.000000000000000000e+00 1.000000000000000000e+10 0.000000000000000000e+00 0.000000000000000000e+00 0.000000000000000000e+00 1.000000000000000000e+10
4.244511359005219142e-01 1.368789600808093496e+02 7.461963549437452059e+01 3.959792302948177678e+01 2.265484176157488150e-01 1.080783839733517340e+02 8.552557585395988032e-28 6.766316888530924494e-28 1.487414941718608717e-28 5.339967608051424675e-01 2.434567299592914359e-28 1.000000000000000000e+00 0.000000000000000000e+00 0.000000000000000000e+00 0.000000000000000000e+00 1.000000000000000000e+00 1.000000000000000000e+10 0.000000000000000000e+00 0.000000000000000000e+00 0.000000000000000000e+00 1.000000000000000000e+10
4.895148829774688681e-01 1.130480399914396799e+02 6.440519037103136668e+01 3.207668122698633795e+01 2.572746804447264002e-01 8.448385602497317848e+01 8.257660766574610055e-28 5.686879265323235422e-28 1.052342075026874756e-28 5.995875128578030955e-01 1.652355950108554605e-28 1.000000000000000000e+00 0.000000000000000000e+00 0.000000000000000000e+00 0.000000000000000000e+00 1.000000000000000000e+00 1.000000000000000000e+10 0.000000000000000000e+00 0.000000000000000000e+00 0.000000000000000000e+00 1.000000000000000000e+10
5.645521955031491679e-01 9.944885884628253336e+01 7.829228344961225616e+01 2.591736172115470538e+01 2.911015453718247548e-01 6.707171228813209041e+01 8.099381067084678547e-28 5.937957725350472937e-28 7.591441572726740700e-29 6.718034704369910681e-01 1.174729691894741734e-28 1.000000000000000000e+00 0.000000000000000000e+00 0.000000000000000000e+00 0.000000000000000000e+00 1.000000000000000000e+00 1.000000000000000000e+10 0.000000000000000000e+00 0.000000000000000000e+00 0.000000000000000000e+00 1.000000000000000000e+10
6.510919126887823039e-01 8.647212097720455404e+01 8.184651784344546854e+01 2.292836843279305015e+01 3.141392440066786973e-01 5.484594192036314553e+01 7.843060852884598319e-28 7.083953633335196240e-28 5.394502749214401028e-29 7.347747773469018862e-01 8.419281786224253521e-29 1.000000000000000000e+00 0.000000000000000000e+00 0.000000000000000000e+00 0.000000000000000000e+00 1.000000000000000000e+00 1.000000000000000000e+10 0.000000000000000000e+00 0.000000000000000000e+00 0.000000000000000000e+00 1.000000000000000000e+10
7.508972281844089602e-01 7.546898483189100659e+01 8.068604932313866129e+01 1.916716350014909409e+01 3.221308272858601773e-01 4.724381723738350303e+01 7.640260363066132058e-28 7.100566272149804562e-28 5.361977591368541612e-29 7.743740406668041532e-01 7.578326398639374501e-29 1.000000000000000000e+00 0.000000000000000000e+00 0.000000000000000000e+00 0.000000000000000000e+00 1.000000000000000000e+00 1.000000000000000000e+10 0.000000000000000000e+00 0.000000000000000000e+00 0.000000000000000000e+00 1.000000000000000000e+10
8.660016140678794550e-01 6.315402372037774370e+01 6.583202932152971698e+01 1.671472772889345038e+01 3.100606987946999404e-01 3.986331311862006288e+01 7.080387942700717382e-28 5.795512373632083459e-28 4.531338020676906829e-29 7.893142258538219380e-01 6.164203942174280509e-29 1.000000000000000000e+00 0.000000000000000000e+00 0.000000000000000000e+00 0.000000000000000000e+00 1.000000000000000000e+00 1.000000000000000000e+10 0.000000000000000000e+00 0.000000000000000000e+00 0.000000000000000000e+00 1.000000000000000000e+10
9.987502515910116063e-01 5.416775166367646932e+01 4.470490520423108904e+01 1.837810850588598299e+01 3.036725974526741090e-01 3.853606943523190154e+01 7.321356724405809190e-28 4.772719953108800340e-28 5.521675787407268911e-29 8.033498022037931507e-01 6.775873012258761245e-29 1.000000000000000000e+00 0.000000000000000000e+00 0.000000000000000000e+00 0.000000000000000000e+00 1.000000000000000000e+00 1.000000000000000000e+10 0.000000000000000000e+00 0.000000000000000000e+00 0.000000000000000000e+00 1.000000000000000000e+10
1.151847812808953542e+00 4.960993103089844425e+01 4.561105767264391631e+01 1.554088380349263687e+01 3.114478989200231696e-01 3.399099720378809053e+01 8.847699246442613251e-28 4.097442516008167620e-28 4.898215665952443138e-29 8.313594732212126193e-01 5.952724761937683859e-29 1.000000000000000000e+00 0.000000000000000000e+00 0.000000000000000000e+00 0.000000000000000000e+00 1.000000000000000000e+00 1.000000000000000000e+10 0.000000000000000000e+00 0.000000000000000000e+00 0.000000000000000000e+00 1.000000000000000000e+10
1.328413566614123908e+00 4.653631254178269216e+01 4.011607103400670837e+01 1.428939122073132850e+01 3.048119593324921661e-01 3.189105842860876194e+01 1.266427209496387898e-27 4.218798178806798098e-28 3.825384131567896257e-29 8.282565203551907063e-01 4.961417054453660316e-29 1.000000000000000000e+00 0.000000000000000000e+00 0.000000000000000000e+00 0.000000000000000000e+00 1.000000000000000000e+00 1.000000000000000000e+10 0.000000000000000000e+00 0.000000000000000000e+00 0.000000000000000000e+00 1.000000000000000000e+10
1.532044931926391351e+00 4.338676072965250796e+01 3.949823153773407114e+01 1.161128203260670944e+01 2.968898362677038216e-01 2.862232199051187820e+01 1.462618174351547557e-27 4.640437759534618236e-28 4.803529575278117621e-29 8.038054909196769016e-01 6.083278527871566538e-29 1.000000000000000000e+00 0.000000000000000000e+00 0.000000000000000000e+00 0.000000000000000000e+00 1.000000000000000000e+00 1.000000000000000000e+10 0.000000000000000000e+00 0.000000000000000000e+00 0.000000000000000000e+00 1.000000000000000000e+10
1.766890772896739126e+00 4.039163206281470764e+01 2.825062347684036013e+01 1.203089248031584191e+01 2.873675563368455199e-01 2.817603891798123072e+01 1.332537981983484053e-27 4.424228002991776178e-28 5.093268874186080177e-29 7.913739211920600702e-01 6.542487993925029485e-29 1.000000000000000000e+00 0.000000000000000000e+00 0.000000000000000000e+00 0.000000000000000000e+00 1.000000000000000000e+00 1.000000000000000000e+10 0.000000000000000000e+00 0.000000000000000000e+00 0.000000000000000000e+00 1.000000000000000000e+10
2.037735929469222107e+00 3.581356589069084606e+01 2.787797178391765129e+01 1.066045710553029480e+01 2.750572905245806665e-01 2.613197159309245876e+01 9.580445886493074029e-28 3.798562437098832901e-28 5.873679710583750988e-29 7.719736275274602377e-01 7.330396826450728447e-29 1.000000000000000000e+00 0.000000000000000000e+00 0.000000000000000000e+00 0.000000000000000000e+00 1.000000000000000000e+00 1.000000000000000000e+10 0.000000000000000000e+00 0.000000000000000000e+00 0.000000000000000000e+00 1.000000000000000000e+10
2.350098705559579226e+00 3.203517609262263477e+01 2.619594275685753715e+01 9.173639895846154246e+00 2.602343896409821111e-01 2.436859092428061402e+01 5.462788038428086893e-28 2.882914761257475299e-28 6.042914602653402312e-29 7.451000288352516154e-01 7.519507112408944959e-29 1.000000000000000000e+00 0.000000000000000000e+00 0.000000000000000000e+00 0.000000000000000000e+00 1.000000000000000000e+00 1.000000000000000000e+10 0.000000000000000000e+00 0.000000000000000000e+00 0.000000000000000000e+00 1.000000000000000000e+10
