# R (Mpc), mean rho (Msol/kpc^3), errup (Msol/kpc^3), errlow, std, median rho (Msol/kpc^3), mean pth (Msol/kpc/s^2), errup(Msol/kpc/s^2), errlow, std, median pth (Msol/kpc/s^2), mean gas-mass-weighted metal (fraction), errup, errlow, std, median metal, mean gas-mass-weighted temp (K), errup, errlow, std, median temp  
#  nprofs 173, mean mh 538590455314.744751, median mh 493272813488.058289 
#  Mass range 11.50 - 12.0
1.040961082911032697e-02 2.474612535176829260e+05 1.372428350018819619e+05 1.216663603183586092e+05 2.572787277417927787e-01 2.329436051501988841e+05 2.532776185639799445e-25 4.198338326206457398e-25 6.901624106084148988e-26 5.478168506050686837e-01 1.004449692971836249e-25 1.000000000000000000e+00 0.000000000000000000e+00 0.000000000000000000e+00 0.000000000000000000e+00 1.000000000000000000e+00 1.000000000000000000e+10 0.000000000000000000e+00 0.000000000000000000e+00 0.000000000000000000e+00 1.000000000000000000e+10
1.200529105910367808e-02 1.872133189400632982e+05 1.114634033285407932e+05 8.172360902926902054e+04 2.618599296307020374e-01 1.683090007162139518e+05 2.535623828964266931e-25 2.884788007487317944e-25 9.657843408395300889e-26 4.965254426398603149e-01 1.365398384112272624e-25 1.000000000000000000e+00 0.000000000000000000e+00 0.000000000000000000e+00 0.000000000000000000e+00 1.000000000000000000e+00 1.000000000000000000e+10 0.000000000000000000e+00 0.000000000000000000e+00 0.000000000000000000e+00 1.000000000000000000e+10
1.384557172980430476e-02 1.456142088919712114e+05 9.104069546459746198e+04 6.443088348991344537e+04 2.677028477075133472e-01 1.288970808932005602e+05 2.698705776744666953e-25 2.897601216654800591e-25 1.058220521987215298e-25 4.719388754043688516e-01 1.497771122410469540e-25 1.000000000000000000e+00 0.000000000000000000e+00 0.000000000000000000e+00 0.000000000000000000e+00 1.000000000000000000e+00 1.000000000000000000e+10 0.000000000000000000e+00 0.000000000000000000e+00 0.000000000000000000e+00 1.000000000000000000e+10
1.596794743096121086e-02 1.075882606675445713e+05 7.096194285211162060e+04 4.292079517686388135e+04 2.644563908408780750e-01 9.348655414297941024e+04 2.429446729341098517e-25 2.117028376318883587e-25 9.509633239298910451e-26 3.932098840445280574e-01 1.676878061682702545e-25 1.000000000000000000e+00 0.000000000000000000e+00 0.000000000000000000e+00 0.000000000000000000e+00 1.000000000000000000e+00 1.000000000000000000e+10 0.000000000000000000e+00 0.000000000000000000e+00 0.000000000000000000e+00 1.000000000000000000e+10
1.841566026551830909e-02 8.249074084968888201e+04 5.381260884216253180e+04 3.842789197006741597e+04 2.845651380316656098e-01 7.188940826878548251e+04 2.316964744266201241e-25 2.331471038986575655e-25 9.827095643043229090e-26 3.765999089854277226e-01 1.647107162252451124e-25 1.000000000000000000e+00 0.000000000000000000e+00 0.000000000000000000e+00 0.000000000000000000e+00 1.000000000000000000e+00 1.000000000000000000e+10 0.000000000000000000e+00 0.000000000000000000e+00 0.000000000000000000e+00 1.000000000000000000e+10
2.123858088093512342e-02 5.964362043005513260e+04 4.437937890149858868e+04 2.829145242001604856e+04 3.021740689771816868e-01 5.321877016544692015e+04 1.875260417734088948e-25 1.336160330297426833e-25 7.950664146696751367e-26 3.467711786014197606e-01 1.392487753491985285e-25 1.000000000000000000e+00 0.000000000000000000e+00 0.000000000000000000e+00 0.000000000000000000e+00 1.000000000000000000e+00 1.000000000000000000e+10 0.000000000000000000e+00 0.000000000000000000e+00 0.000000000000000000e+00 1.000000000000000000e+10
2.449422455303571639e-02 4.288399667318033607e+04 3.012000595802763564e+04 2.083437148910161341e+04 2.790067923798386085e-01 3.763033668336261326e+04 1.554614082341629762e-25 1.250614353840864365e-25 5.894943363061409973e-26 3.128739128758440402e-01 1.165284838619487841e-25 1.000000000000000000e+00 0.000000000000000000e+00 0.000000000000000000e+00 0.000000000000000000e+00 1.000000000000000000e+00 1.000000000000000000e+10 0.000000000000000000e+00 0.000000000000000000e+00 0.000000000000000000e+00 1.000000000000000000e+10
2.824892302447100725e-02 3.147630106580086067e+04 2.259679557702616512e+04 1.247051612477732851e+04 2.642297903538047277e-01 2.605349804088575547e+04 1.360125987496246877e-25 8.566834834006074598e-26 4.588449785809612225e-26 3.049123226676066500e-01 1.014306787390630812e-25 1.000000000000000000e+00 0.000000000000000000e+00 0.000000000000000000e+00 0.000000000000000000e+00 1.000000000000000000e+00 1.000000000000000000e+10 0.000000000000000000e+00 0.000000000000000000e+00 0.000000000000000000e+00 1.000000000000000000e+10
3.257917597328415654e-02 2.212114720342106739e+04 1.591840950235618948e+04 8.235702422598933481e+03 2.537065155534750649e-01 1.886906478888111451e+04 1.100215794877193034e-25 7.572210957630756104e-26 4.072730283728813064e-26 2.834128770632350913e-01 8.701795160556620630e-26 1.000000000000000000e+00 0.000000000000000000e+00 0.000000000000000000e+00 0.000000000000000000e+00 1.000000000000000000e+00 1.000000000000000000e+10 0.000000000000000000e+00 0.000000000000000000e+00 0.000000000000000000e+00 1.000000000000000000e+10
3.757320964692217186e-02 1.582283508173586597e+04 1.028466759493962127e+04 5.379246211896386740e+03 2.214528518176484828e-01 1.385348583870384573e+04 9.215209454864222256e-26 6.676003678508797765e-26 2.967695785934353490e-26 2.823912264513061543e-01 7.131451901166975675e-26 1.000000000000000000e+00 0.000000000000000000e+00 0.000000000000000000e+00 0.000000000000000000e+00 1.000000000000000000e+00 1.000000000000000000e+10 0.000000000000000000e+00 0.000000000000000000e+00 0.000000000000000000e+00 1.000000000000000000e+10
4.333277441790538143e-02 1.188586219334441739e+04 5.607294148671689982e+03 4.027811854173256506e+03 1.955195873117716310e-01 1.094751956848207010e+04 7.745584757789360429e-26 4.843110718130597340e-26 2.813365079184590439e-26 2.685586642636975663e-01 6.168002372727673116e-26 1.000000000000000000e+00 0.000000000000000000e+00 0.000000000000000000e+00 0.000000000000000000e+00 1.000000000000000000e+00 1.000000000000000000e+10 0.000000000000000000e+00 0.000000000000000000e+00 0.000000000000000000e+00 1.000000000000000000e+10
4.997521788524898756e-02 9.086501181118514069e+03 3.682700871360257224e+03 3.237285112608568852e+03 1.815007255869080516e-01 8.539512995955055885e+03 6.495093912569147900e-26 4.745621340909320527e-26 2.291359403438469064e-26 2.685619598311865808e-01 5.208170163126255777e-26 1.000000000000000000e+00 0.000000000000000000e+00 0.000000000000000000e+00 0.000000000000000000e+00 1.000000000000000000e+00 1.000000000000000000e+10 0.000000000000000000e+00 0.000000000000000000e+00 0.000000000000000000e+00 1.000000000000000000e+10
5.763587575980636674e-02 7.208022615057366238e+03 3.304418235934451332e+03 2.328279074451846100e+03 1.718379077057735904e-01 6.742193233467684877e+03 5.362927267242355848e-26 4.548620538288789065e-26 1.632288244154571919e-26 2.660018989343322926e-01 3.993164691900690950e-26 1.000000000000000000e+00 0.000000000000000000e+00 0.000000000000000000e+00 0.000000000000000000e+00 1.000000000000000000e+00 1.000000000000000000e+10 0.000000000000000000e+00 0.000000000000000000e+00 0.000000000000000000e+00 1.000000000000000000e+10
6.647082924635627776e-02 5.822791169891056597e+03 2.677858495200612197e+03 2.018743761612920480e+03 1.789190852077504057e-01 5.506027855028277372e+03 4.289865139476309220e-26 3.446952965569761540e-26 1.587737638065547664e-26 2.656081758190557141e-01 3.434637760353318401e-26 1.000000000000000000e+00 0.000000000000000000e+00 0.000000000000000000e+00 0.000000000000000000e+00 1.000000000000000000e+00 1.000000000000000000e+10 0.000000000000000000e+00 0.000000000000000000e+00 0.000000000000000000e+00 1.000000000000000000e+10
7.666008510240249207e-02 4.547381229433393855e+03 2.053167609763010660e+03 1.431437633239517709e+03 1.682602692504551467e-01 4.289847774809054499e+03 3.370285367254831795e-26 2.758283257229385177e-26 1.188567477658474908e-26 2.693078775073879938e-01 2.644838551175507326e-26 1.000000000000000000e+00 0.000000000000000000e+00 0.000000000000000000e+00 0.000000000000000000e+00 1.000000000000000000e+00 1.000000000000000000e+10 0.000000000000000000e+00 0.000000000000000000e+00 0.000000000000000000e+00 1.000000000000000000e+10
8.841124316543315376e-02 3.714897896883578596e+03 1.755179421033882591e+03 1.067657462971029872e+03 1.704460817952017926e-01 3.382975019731267366e+03 2.604536348565439071e-26 2.130458141940447851e-26 9.602784112381939091e-27 2.749031336481519983e-01 2.027096509337484449e-26 1.000000000000000000e+00 0.000000000000000000e+00 0.000000000000000000e+00 0.000000000000000000e+00 1.000000000000000000e+00 1.000000000000000000e+10 0.000000000000000000e+00 0.000000000000000000e+00 0.000000000000000000e+00 1.000000000000000000e+10
1.019637260722580097e-01 2.939595351582441708e+03 1.462468236981777409e+03 8.203348788700388923e+02 1.645254190513777970e-01 2.642357328735617557e+03 1.948006191835301648e-26 1.569397447666597450e-26 7.104936116390142008e-27 2.789764814406170412e-01 1.551383649356338354e-26 1.000000000000000000e+00 0.000000000000000000e+00 0.000000000000000000e+00 0.000000000000000000e+00 1.000000000000000000e+00 1.000000000000000000e+10 0.000000000000000000e+00 0.000000000000000000e+00 0.000000000000000000e+00 1.000000000000000000e+10
1.175936573483598035e-01 2.315130883619671295e+03 1.108107023460998789e+03 7.558600253057265945e+02 1.728477152008992546e-01 2.181489676977288127e+03 1.435419841825810839e-26 1.042800719792763806e-26 6.373613403427854242e-27 2.884353126252723887e-01 1.200403558362755860e-26 1.000000000000000000e+00 0.000000000000000000e+00 0.000000000000000000e+00 0.000000000000000000e+00 1.000000000000000000e+00 1.000000000000000000e+10 0.000000000000000000e+00 0.000000000000000000e+00 0.000000000000000000e+00 1.000000000000000000e+10
1.356194872553388164e-01 1.792596617148915811e+03 9.213773531431870651e+02 6.233540736822592407e+02 1.790371369130571155e-01 1.684065937226265305e+03 1.026163089978663471e-26 8.391031127270308571e-27 5.073488326992204114e-27 2.982559866982878449e-01 8.784685462558437443e-27 1.000000000000000000e+00 0.000000000000000000e+00 0.000000000000000000e+00 0.000000000000000000e+00 1.000000000000000000e+00 1.000000000000000000e+10 0.000000000000000000e+00 0.000000000000000000e+00 0.000000000000000000e+00 1.000000000000000000e+10
1.564084810196403053e-01 1.361229598480705363e+03 6.905143017376549324e+02 4.478466305279113158e+02 1.776204073619013779e-01 1.262262458845869332e+03 7.130290505697848871e-27 6.208030315945010846e-27 3.705390408753592634e-27 3.073962087950901090e-01 6.157583223763170134e-27 1.000000000000000000e+00 0.000000000000000000e+00 0.000000000000000000e+00 0.000000000000000000e+00 1.000000000000000000e+00 1.000000000000000000e+10 0.000000000000000000e+00 0.000000000000000000e+00 0.000000000000000000e+00 1.000000000000000000e+10
1.803842016362447453e-01 1.025606550635876374e+03 4.688023768719037889e+02 3.992271618656836836e+02 1.790038915798370933e-01 9.961593771777249913e+02 4.920895043695444998e-27 3.887667637206693562e-27 2.721969319937417640e-27 3.213522340071813810e-01 4.283003652365034799e-27 1.000000000000000000e+00 0.000000000000000000e+00 0.000000000000000000e+00 0.000000000000000000e+00 1.000000000000000000e+00 1.000000000000000000e+10 0.000000000000000000e+00 0.000000000000000000e+00 0.000000000000000000e+00 1.000000000000000000e+10
2.080351397048574025e-01 7.632432249966958580e+02 3.548692603947727093e+02 2.868397319662255995e+02 1.793753215158661596e-01 7.368718819823966442e+02 3.426062561191267144e-27 2.542940018716679352e-27 1.725936785154022009e-27 3.395557567175185865e-01 2.784635138056951318e-27 1.000000000000000000e+00 0.000000000000000000e+00 0.000000000000000000e+00 0.000000000000000000e+00 1.000000000000000000e+00 1.000000000000000000e+10 0.000000000000000000e+00 0.000000000000000000e+00 0.000000000000000000e+00 1.000000000000000000e+10
2.399246661262133540e-01 5.668177967151839312e+02 2.773266934746596917e+02 2.162594296319968521e+02 1.814469618226924319e-01 5.467343011703989077e+02 2.403495678613065223e-27 1.897914029473520506e-27 1.094790852528744212e-27 3.619184126906711541e-01 1.790130400460905503e-27 1.000000000000000000e+00 0.000000000000000000e+00 0.000000000000000000e+00 0.000000000000000000e+00 1.000000000000000000e+00 1.000000000000000000e+10 0.000000000000000000e+00 0.000000000000000000e+00 0.000000000000000000e+00 1.000000000000000000e+10
2.767025104385807399e-01 4.177095162346308257e+02 1.915901441018427249e+02 1.521304714051362339e+02 1.864800291404156429e-01 3.948698425354916708e+02 1.678548973978205402e-27 1.328600878404708350e-27 7.657996233225367843e-28 3.794962085380323979e-01 1.178262488791987078e-27 1.000000000000000000e+00 0.000000000000000000e+00 0.000000000000000000e+00 0.000000000000000000e+00 1.000000000000000000e+00 1.000000000000000000e+10 0.000000000000000000e+00 0.000000000000000000e+00 0.000000000000000000e+00 1.000000000000000000e+10
3.191179986585286343e-01 3.026516698605010447e+02 1.407888759839032105e+02 1.162252317111659465e+02 1.886892142742092882e-01 2.844021553040711296e+02 1.216779263312573397e-27 9.112566860152169034e-28 4.836273018205712142e-28 4.034695257902861099e-01 7.399117370470606150e-28 1.000000000000000000e+00 0.000000000000000000e+00 0.000000000000000000e+00 0.000000000000000000e+00 1.000000000000000000e+00 1.000000000000000000e+10 0.000000000000000000e+00 0.000000000000000000e+00 0.000000000000000000e+00 1.000000000000000000e+10
3.680353203388414540e-01 2.236203919076470186e+02 1.134436583999984975e+02 5.809214430353438274e+01 1.941058841290060066e-01 1.884740488257508275e+02 9.627763397949448467e-28 7.186010142896026497e-28 2.846493868165783636e-28 4.376054327196328697e-01 4.648649799256056180e-28 1.000000000000000000e+00 0.000000000000000000e+00 0.000000000000000000e+00 0.000000000000000000e+00 1.000000000000000000e+00 1.000000000000000000e+10 0.000000000000000000e+00 0.000000000000000000e+00 0.000000000000000000e+00 1.000000000000000000e+10
4.244511359005219142e-01 1.715359430040764437e+02 8.435294515561366779e+01 5.314881243145231338e+01 2.057631608872861062e-01 1.473313846276362824e+02 8.589999938839788507e-28 5.935450353068485505e-28 1.971048509473079764e-28 4.800681843862391607e-01 3.133433157279923730e-28 1.000000000000000000e+00 0.000000000000000000e+00 0.000000000000000000e+00 0.000000000000000000e+00 1.000000000000000000e+00 1.000000000000000000e+10 0.000000000000000000e+00 0.000000000000000000e+00 0.000000000000000000e+00 1.000000000000000000e+10
4.895148829774688681e-01 1.316744560691751644e+02 6.916724079946342840e+01 3.924025124576290580e+01 2.161361427994099860e-01 1.091362090007387735e+02 7.922477612008391776e-28 5.732851681087480413e-28 1.331922963863654062e-28 5.245784856895289172e-01 2.090503803715690537e-28 1.000000000000000000e+00 0.000000000000000000e+00 0.000000000000000000e+00 0.000000000000000000e+00 1.000000000000000000e+00 1.000000000000000000e+10 0.000000000000000000e+00 0.000000000000000000e+00 0.000000000000000000e+00 1.000000000000000000e+10
5.645521955031491679e-01 1.076256779832626194e+02 6.869829506365532268e+01 3.108815815398170912e+01 2.407509901106204553e-01 8.327394357085644572e+01 8.301674803277395808e-28 5.090695890852687323e-28 9.364703868329649098e-29 5.865554412920377381e-01 1.439106461144903567e-28 1.000000000000000000e+00 0.000000000000000000e+00 0.000000000000000000e+00 0.000000000000000000e+00 1.000000000000000000e+00 1.000000000000000000e+10 0.000000000000000000e+00 0.000000000000000000e+00 0.000000000000000000e+00 1.000000000000000000e+10
6.510919126887823039e-01 9.540392251171766702e+01 7.708645536581892088e+01 2.544954203565099249e+01 2.858710254091992309e-01 6.401979929694061866e+01 8.465179797776586376e-28 5.307803768517436988e-28 6.387726235979337458e-29 6.758942084170126430e-01 9.704305792945558490e-29 1.000000000000000000e+00 0.000000000000000000e+00 0.000000000000000000e+00 0.000000000000000000e+00 1.000000000000000000e+00 1.000000000000000000e+10 0.000000000000000000e+00 0.000000000000000000e+00 0.000000000000000000e+00 1.000000000000000000e+10
7.508972281844089602e-01 8.262159753289498099e+01 8.114570794574638057e+01 1.728543018257503405e+01 3.153491133513655620e-01 4.929480859185960639e+01 8.659871529395856010e-28 5.541352679296868312e-28 5.294028112416004484e-29 7.473832477363725468e-01 7.372124936549423235e-29 1.000000000000000000e+00 0.000000000000000000e+00 0.000000000000000000e+00 0.000000000000000000e+00 1.000000000000000000e+00 1.000000000000000000e+10 0.000000000000000000e+00 0.000000000000000000e+00 0.000000000000000000e+00 1.000000000000000000e+10
8.660016140678794550e-01 6.843119582701642400e+01 5.520416787186252350e+01 1.829373605711602124e+01 3.069593322765120647e-01 4.542797570755136860e+01 9.589635815878792649e-28 3.557027970196526643e-28 4.523312544122533998e-29 7.741753544708294132e-01 6.303437930017581916e-29 1.000000000000000000e+00 0.000000000000000000e+00 0.000000000000000000e+00 0.000000000000000000e+00 1.000000000000000000e+00 1.000000000000000000e+10 0.000000000000000000e+00 0.000000000000000000e+00 0.000000000000000000e+00 1.000000000000000000e+10
9.987502515910116063e-01 5.963718852965886441e+01 5.003797361131411492e+01 1.750308854453789920e+01 3.040168354443188448e-01 4.004046964333693381e+01 1.275952783611184952e-27 3.789371102786671640e-28 4.039801173950110997e-29 7.953642614482027140e-01 5.245633559139881907e-29 1.000000000000000000e+00 0.000000000000000000e+00 0.000000000000000000e+00 0.000000000000000000e+00 1.000000000000000000e+00 1.000000000000000000e+10 0.000000000000000000e+00 0.000000000000000000e+00 0.000000000000000000e+00 1.000000000000000000e+10
1.151847812808953542e+00 5.666371694975438089e+01 3.710300748906384172e+01 1.489988415549877132e+01 3.183549077179747000e-01 3.506235078747430123e+01 1.792397789644601645e-27 3.290954299213680630e-28 3.910189926823205670e-29 8.329589714989839022e-01 4.910107863044681972e-29 1.000000000000000000e+00 0.000000000000000000e+00 0.000000000000000000e+00 0.000000000000000000e+00 1.000000000000000000e+00 1.000000000000000000e+10 0.000000000000000000e+00 0.000000000000000000e+00 0.000000000000000000e+00 1.000000000000000000e+10
1.328413566614123908e+00 5.501979793536507657e+01 3.970423672897612732e+01 1.317981489325634570e+01 3.225960719963179013e-01 3.152284115692634714e+01 2.373233713480462469e-27 3.426277331445223751e-28 3.268693705299996226e-29 8.570038419668277729e-01 4.248630413650457372e-29 1.000000000000000000e+00 0.000000000000000000e+00 0.000000000000000000e+00 0.000000000000000000e+00 1.000000000000000000e+00 1.000000000000000000e+10 0.000000000000000000e+00 0.000000000000000000e+00 0.000000000000000000e+00 1.000000000000000000e+10
1.532044931926391351e+00 5.004746811702587905e+01 4.337774341599507011e+01 1.191439051849094710e+01 3.212504891980275112e-01 2.940454263340068408e+01 1.827217064440571541e-27 3.493909518486830646e-28 2.595329459565014538e-29 8.438871576568520716e-01 3.579720114229983575e-29 1.000000000000000000e+00 0.000000000000000000e+00 0.000000000000000000e+00 0.000000000000000000e+00 1.000000000000000000e+00 1.000000000000000000e+10 0.000000000000000000e+00 0.000000000000000000e+00 0.000000000000000000e+00 1.000000000000000000e+10
1.766890772896739126e+00 4.061483003446171125e+01 2.612527613864907039e+01 1.162735545060620268e+01 2.865955881935907668e-01 2.778038635121042432e+01 1.113668663382302353e-27 2.907855630311793158e-28 3.503825085709808567e-29 7.888432455509835073e-01 4.456124374025015811e-29 1.000000000000000000e+00 0.000000000000000000e+00 0.000000000000000000e+00 0.000000000000000000e+00 1.000000000000000000e+00 1.000000000000000000e+10 0.000000000000000000e+00 0.000000000000000000e+00 0.000000000000000000e+00 1.000000000000000000e+10
2.037735929469222107e+00 3.277778383285504304e+01 2.393514149979870709e+01 9.888377553752777160e+00 2.533153108528865549e-01 2.535492173749969780e+01 4.091832352387231605e-28 2.240699249382174530e-28 2.562549871730700684e-29 7.287001067051553926e-01 3.606123572933539437e-29 1.000000000000000000e+00 0.000000000000000000e+00 0.000000000000000000e+00 0.000000000000000000e+00 1.000000000000000000e+00 1.000000000000000000e+10 0.000000000000000000e+00 0.000000000000000000e+00 0.000000000000000000e+00 1.000000000000000000e+10
2.350098705559579226e+00 3.027505940645822946e+01 2.455162025787505087e+01 7.733764394223463512e+00 2.421619972823578215e-01 2.326006592155091823e+01 2.732328677180456307e-28 2.078727031684739100e-28 3.236751232172341593e-29 7.066951931571024970e-01 4.357835103572366364e-29 1.000000000000000000e+00 0.000000000000000000e+00 0.000000000000000000e+00 0.000000000000000000e+00 1.000000000000000000e+00 1.000000000000000000e+10 0.000000000000000000e+00 0.000000000000000000e+00 0.000000000000000000e+00 1.000000000000000000e+10
