# R (Mpc), mean rho (Msol/kpc^3), errup (Msol/kpc^3), errlow, std, median rho (Msol/kpc^3), mean pth (Msol/kpc/s^2), errup(Msol/kpc/s^2), errlow, std, median pth (Msol/kpc/s^2), mean gas-mass-weighted metal (fraction), errup, errlow, std, median metal, mean gas-mass-weighted temp (K), errup, errlow, std, median temp  
#  nprofs 166, mean mh 541431632429.221741, median mh 484212268004.561646 
#  Mass range 11.50 - 12.0
1.040961082911032697e-02 1.891363951333330770e+05 1.271411675827545987e+05 6.537117685466991679e+04 2.769123369052901018e-01 1.563549807568631659e+05 1.562788527663477040e-25 1.537772579868471613e-25 3.630081082571688427e-26 5.326354940219832912e-01 5.367044832903035235e-26 1.000000000000000000e+00 0.000000000000000000e+00 0.000000000000000000e+00 0.000000000000000000e+00 1.000000000000000000e+00 1.000000000000000000e+10 0.000000000000000000e+00 0.000000000000000000e+00 0.000000000000000000e+00 1.000000000000000000e+10
1.200529105910367808e-02 1.430287006007327582e+05 1.075270249574405316e+05 5.136495045346557163e+04 2.880768802729997691e-01 1.180480047395111760e+05 1.714208504752325815e-25 1.934438554242028384e-25 5.027898605615698235e-26 5.703749603881006491e-01 6.723666231597978330e-26 1.000000000000000000e+00 0.000000000000000000e+00 0.000000000000000000e+00 0.000000000000000000e+00 1.000000000000000000e+00 1.000000000000000000e+10 0.000000000000000000e+00 0.000000000000000000e+00 0.000000000000000000e+00 1.000000000000000000e+10
1.384557172980430476e-02 1.022100168154202838e+05 7.446387424307598849e+04 4.438019269684052415e+04 2.808875232079056650e-01 8.806525274426586111e+04 1.670615963338780035e-25 1.719605290828423914e-25 5.668758298196893468e-26 5.729218791970006608e-01 7.145664629194926555e-26 1.000000000000000000e+00 0.000000000000000000e+00 0.000000000000000000e+00 0.000000000000000000e+00 1.000000000000000000e+00 1.000000000000000000e+10 0.000000000000000000e+00 0.000000000000000000e+00 0.000000000000000000e+00 1.000000000000000000e+10
1.596794743096121086e-02 7.594116840396182670e+04 4.906502821279603813e+04 3.034318484714244551e+04 2.670276985456562779e-01 6.352415935218206141e+04 1.487613205786784866e-25 1.519544838088446272e-25 6.371160217075531708e-26 5.404674275930355654e-01 7.911147752875990092e-26 1.000000000000000000e+00 0.000000000000000000e+00 0.000000000000000000e+00 0.000000000000000000e+00 1.000000000000000000e+00 1.000000000000000000e+10 0.000000000000000000e+00 0.000000000000000000e+00 0.000000000000000000e+00 1.000000000000000000e+10
1.841566026551830909e-02 5.325552645282617596e+04 2.956725318134442205e+04 2.280509480943493691e+04 2.543915149330870928e-01 4.755038190714339726e+04 1.510054559818714099e-25 1.972103092657635556e-25 5.720518756773752775e-26 5.627519527397842891e-01 7.461332265882556147e-26 1.000000000000000000e+00 0.000000000000000000e+00 0.000000000000000000e+00 0.000000000000000000e+00 1.000000000000000000e+00 1.000000000000000000e+10 0.000000000000000000e+00 0.000000000000000000e+00 0.000000000000000000e+00 1.000000000000000000e+10
2.123858088093512342e-02 3.732899253153639438e+04 2.411324385791054374e+04 1.601753720146680644e+04 2.573515400180373391e-01 3.341157565063581569e+04 1.303213552601437545e-25 1.796509693802951267e-25 5.734885967324509242e-26 5.219264279757962477e-01 7.869283763193455663e-26 1.000000000000000000e+00 0.000000000000000000e+00 0.000000000000000000e+00 0.000000000000000000e+00 1.000000000000000000e+00 1.000000000000000000e+10 0.000000000000000000e+00 0.000000000000000000e+00 0.000000000000000000e+00 1.000000000000000000e+10
2.449422455303571639e-02 2.675978172025458116e+04 1.704749696502836014e+04 1.145472664728162272e+04 2.743575488681884722e-01 2.361033857715686463e+04 1.019744454015690164e-25 1.012667162220954888e-25 4.914514307693512304e-26 4.598386372928847665e-01 6.930631791560829939e-26 1.000000000000000000e+00 0.000000000000000000e+00 0.000000000000000000e+00 0.000000000000000000e+00 1.000000000000000000e+00 1.000000000000000000e+10 0.000000000000000000e+00 0.000000000000000000e+00 0.000000000000000000e+00 1.000000000000000000e+10
2.824892302447100725e-02 1.870635143672211416e+04 1.254990740452434693e+04 6.930125495353355291e+03 2.755450629818632091e-01 1.564103944120223969e+04 8.837795645949998317e-26 9.100453727844997866e-26 4.271429443319088098e-26 4.136055956949761248e-01 6.482720360171236218e-26 1.000000000000000000e+00 0.000000000000000000e+00 0.000000000000000000e+00 0.000000000000000000e+00 1.000000000000000000e+00 1.000000000000000000e+10 0.000000000000000000e+00 0.000000000000000000e+00 0.000000000000000000e+00 1.000000000000000000e+10
3.257917597328415654e-02 1.292890499168465612e+04 8.131412185997967754e+03 5.402080309825509175e+03 2.750663013139499902e-01 1.104533431631343046e+04 7.088489210263905316e-26 6.728685662209299042e-26 3.597321505212396013e-26 3.809281331062351339e-01 5.462284826247966553e-26 1.000000000000000000e+00 0.000000000000000000e+00 0.000000000000000000e+00 0.000000000000000000e+00 1.000000000000000000e+00 1.000000000000000000e+10 0.000000000000000000e+00 0.000000000000000000e+00 0.000000000000000000e+00 1.000000000000000000e+10
3.757320964692217186e-02 9.214702420335155693e+03 6.056700023032792160e+03 3.598536464783646807e+03 2.685624647353682670e-01 7.805266775348098236e+03 5.649169340673089700e-26 5.334052960792526538e-26 2.351556339456196794e-26 3.635054385280584999e-01 4.324746703925655773e-26 1.000000000000000000e+00 0.000000000000000000e+00 0.000000000000000000e+00 0.000000000000000000e+00 1.000000000000000000e+00 1.000000000000000000e+10 0.000000000000000000e+00 0.000000000000000000e+00 0.000000000000000000e+00 1.000000000000000000e+10
4.333277441790538143e-02 6.793963602601475031e+03 4.262517222729842615e+03 2.442689972341084740e+03 2.613594662853401251e-01 5.863288305109046632e+03 4.836771077567077798e-26 4.252012784961425002e-26 1.950891520984261694e-26 3.643772508517521547e-01 3.654603557680720207e-26 1.000000000000000000e+00 0.000000000000000000e+00 0.000000000000000000e+00 0.000000000000000000e+00 1.000000000000000000e+00 1.000000000000000000e+10 0.000000000000000000e+00 0.000000000000000000e+00 0.000000000000000000e+00 1.000000000000000000e+10
4.997521788524898756e-02 5.207959772487427472e+03 3.670088768181863088e+03 1.859812177271035580e+03 2.592264289586368453e-01 4.461089094200087857e+03 3.975765449148206301e-26 3.638204599961872021e-26 1.818211328399581519e-26 3.429282328713055827e-01 3.196296253596487733e-26 1.000000000000000000e+00 0.000000000000000000e+00 0.000000000000000000e+00 0.000000000000000000e+00 1.000000000000000000e+00 1.000000000000000000e+10 0.000000000000000000e+00 0.000000000000000000e+00 0.000000000000000000e+00 1.000000000000000000e+10
5.763587575980636674e-02 4.201506386854644916e+03 3.123670634383848665e+03 1.686505169235070525e+03 2.630482849750849228e-01 3.640674506151148307e+03 3.266084271969181651e-26 2.742141112796276902e-26 1.498448164821775348e-26 3.418155521690492415e-01 2.656542157893940260e-26 1.000000000000000000e+00 0.000000000000000000e+00 0.000000000000000000e+00 0.000000000000000000e+00 1.000000000000000000e+00 1.000000000000000000e+10 0.000000000000000000e+00 0.000000000000000000e+00 0.000000000000000000e+00 1.000000000000000000e+10
6.647082924635627776e-02 3.411514960494625939e+03 1.861828624231016875e+03 1.614239984551498310e+03 2.582771351072398747e-01 3.258909405920649988e+03 2.654821324148566740e-26 2.220880288013839668e-26 1.187553774057458745e-26 3.398138591391272056e-01 2.177356666845863532e-26 1.000000000000000000e+00 0.000000000000000000e+00 0.000000000000000000e+00 0.000000000000000000e+00 1.000000000000000000e+00 1.000000000000000000e+10 0.000000000000000000e+00 0.000000000000000000e+00 0.000000000000000000e+00 1.000000000000000000e+10
7.666008510240249207e-02 2.788541333518592182e+03 1.604050513560836407e+03 1.213811460767449717e+03 2.375299319044069102e-01 2.594276916380834336e+03 2.189750594135092672e-26 1.801258119434846536e-26 8.941207923955067296e-27 3.254255543470100931e-01 1.757475392378867056e-26 1.000000000000000000e+00 0.000000000000000000e+00 0.000000000000000000e+00 0.000000000000000000e+00 1.000000000000000000e+00 1.000000000000000000e+10 0.000000000000000000e+00 0.000000000000000000e+00 0.000000000000000000e+00 1.000000000000000000e+10
8.841124316543315376e-02 2.279554090287714644e+03 1.173918176857788694e+03 9.500099706882133432e+02 2.372856455760256333e-01 2.136585200121607159e+03 1.732050820236317134e-26 1.339668723914340720e-26 7.033793356041327497e-27 3.309094930039459537e-01 1.392838415232428006e-26 1.000000000000000000e+00 0.000000000000000000e+00 0.000000000000000000e+00 0.000000000000000000e+00 1.000000000000000000e+00 1.000000000000000000e+10 0.000000000000000000e+00 0.000000000000000000e+00 0.000000000000000000e+00 1.000000000000000000e+10
1.019637260722580097e-01 1.910757674681838353e+03 1.074006270949475038e+03 7.048449418969504450e+02 2.310864419024903360e-01 1.717326134046569678e+03 1.353584675315729969e-26 1.065583282885081393e-26 6.489060856281090905e-27 3.263744544297395023e-01 1.148479971510958167e-26 1.000000000000000000e+00 0.000000000000000000e+00 0.000000000000000000e+00 0.000000000000000000e+00 1.000000000000000000e+00 1.000000000000000000e+10 0.000000000000000000e+00 0.000000000000000000e+00 0.000000000000000000e+00 1.000000000000000000e+10
1.175936573483598035e-01 1.525261123793002980e+03 7.880383587509209065e+02 6.222555765179316722e+02 2.257654208293432274e-01 1.398736763842599885e+03 1.035866855344284459e-26 6.661263066314370956e-27 5.180145927950567793e-27 3.291403936007253339e-01 8.773201494558547185e-27 1.000000000000000000e+00 0.000000000000000000e+00 0.000000000000000000e+00 0.000000000000000000e+00 1.000000000000000000e+00 1.000000000000000000e+10 0.000000000000000000e+00 0.000000000000000000e+00 0.000000000000000000e+00 1.000000000000000000e+10
1.356194872553388164e-01 1.187985531028018841e+03 6.889704870564671637e+02 4.366988172768351433e+02 2.238283545138385622e-01 1.067037542930999280e+03 7.752767319021407091e-27 5.568062907614073398e-27 3.573404088671947934e-27 3.314303780336144700e-01 6.310389252769183513e-27 1.000000000000000000e+00 0.000000000000000000e+00 0.000000000000000000e+00 0.000000000000000000e+00 1.000000000000000000e+00 1.000000000000000000e+10 0.000000000000000000e+00 0.000000000000000000e+00 0.000000000000000000e+00 1.000000000000000000e+10
1.564084810196403053e-01 9.159233070901316296e+02 5.420997828954818942e+02 3.033571082876389369e+02 2.176750767365176475e-01 8.013651266989170381e+02 5.664750677451601822e-27 3.927894337583345916e-27 2.598355682488089578e-27 3.348857177759301806e-01 4.613119662396251551e-27 1.000000000000000000e+00 0.000000000000000000e+00 0.000000000000000000e+00 0.000000000000000000e+00 1.000000000000000000e+00 1.000000000000000000e+10 0.000000000000000000e+00 0.000000000000000000e+00 0.000000000000000000e+00 1.000000000000000000e+10
1.803842016362447453e-01 7.078650747797255463e+02 3.912736411993516867e+02 2.248218364341661299e+02 2.205716015821085896e-01 6.096255821908121106e+02 4.145058484436340227e-27 2.962094316212829733e-27 1.974252194383082431e-27 3.513730627415068697e-01 3.282561399766814239e-27 1.000000000000000000e+00 0.000000000000000000e+00 0.000000000000000000e+00 0.000000000000000000e+00 1.000000000000000000e+00 1.000000000000000000e+10 0.000000000000000000e+00 0.000000000000000000e+00 0.000000000000000000e+00 1.000000000000000000e+10
2.080351397048574025e-01 5.438424330185232520e+02 2.700854753558753032e+02 1.922392740144077266e+02 2.125221757983764281e-01 4.831392834211774812e+02 3.033556167217451246e-27 2.747348745195881377e-27 1.247265331422924953e-27 3.677617599347933752e-01 2.153905837939298073e-27 1.000000000000000000e+00 0.000000000000000000e+00 0.000000000000000000e+00 0.000000000000000000e+00 1.000000000000000000e+00 1.000000000000000000e+10 0.000000000000000000e+00 0.000000000000000000e+00 0.000000000000000000e+00 1.000000000000000000e+10
2.399246661262133540e-01 4.284654665694542928e+02 2.379032940133934062e+02 1.511938617222834296e+02 2.137961106749317330e-01 3.779606529150576080e+02 2.302122660271281955e-27 2.171341740367480783e-27 8.205654857213483582e-28 3.967503966959644024e-01 1.408091507860114427e-27 1.000000000000000000e+00 0.000000000000000000e+00 0.000000000000000000e+00 0.000000000000000000e+00 1.000000000000000000e+00 1.000000000000000000e+10 0.000000000000000000e+00 0.000000000000000000e+00 0.000000000000000000e+00 1.000000000000000000e+10
2.767025104385807399e-01 3.407019329317116672e+02 2.121458792547912253e+02 1.210324010240851749e+02 2.236038116899174144e-01 2.957921371553551353e+02 1.766092315930949212e-27 1.515126167316928016e-27 6.620536999273927575e-28 4.256807370138637192e-01 1.051183085792657731e-27 1.000000000000000000e+00 0.000000000000000000e+00 0.000000000000000000e+00 0.000000000000000000e+00 1.000000000000000000e+00 1.000000000000000000e+10 0.000000000000000000e+00 0.000000000000000000e+00 0.000000000000000000e+00 1.000000000000000000e+10
3.191179986585286343e-01 2.655972626698652448e+02 1.612802898545167238e+02 9.226569388505518532e+01 2.213636057336489660e-01 2.325514166059685124e+02 1.367908692071784282e-27 1.264409193649622687e-27 4.199560289159821292e-28 4.423200617221804687e-01 7.334333123336769005e-28 1.000000000000000000e+00 0.000000000000000000e+00 0.000000000000000000e+00 0.000000000000000000e+00 1.000000000000000000e+00 1.000000000000000000e+10 0.000000000000000000e+00 0.000000000000000000e+00 0.000000000000000000e+00 1.000000000000000000e+10
3.680353203388414540e-01 2.130435687708608725e+02 1.261187100459243595e+02 6.026975409668924044e+01 2.210368375090808191e-01 1.810100512364166150e+02 1.108984268942172202e-27 8.927540418567465687e-28 3.001373648074136060e-28 4.605569846667872391e-01 5.378304929346827244e-28 1.000000000000000000e+00 0.000000000000000000e+00 0.000000000000000000e+00 0.000000000000000000e+00 1.000000000000000000e+00 1.000000000000000000e+10 0.000000000000000000e+00 0.000000000000000000e+00 0.000000000000000000e+00 1.000000000000000000e+10
4.244511359005219142e-01 1.701193833062948499e+02 9.503058354758030646e+01 5.244511558760305547e+01 2.154078444447811158e-01 1.465842143761584282e+02 9.406969363726962052e-28 8.140957819616132605e-28 2.374669190649256598e-28 4.824693937106204755e-01 4.043144483431060543e-28 1.000000000000000000e+00 0.000000000000000000e+00 0.000000000000000000e+00 0.000000000000000000e+00 1.000000000000000000e+00 1.000000000000000000e+10 0.000000000000000000e+00 0.000000000000000000e+00 0.000000000000000000e+00 1.000000000000000000e+10
4.895148829774688681e-01 1.389727908792737310e+02 7.757904913963555771e+01 4.669306500268478999e+01 2.182795252161099653e-01 1.213210380238004547e+02 8.512406589477975528e-28 7.442998396805637222e-28 1.832373967863331217e-28 5.050928292455647561e-01 2.940994072414939238e-28 1.000000000000000000e+00 0.000000000000000000e+00 0.000000000000000000e+00 0.000000000000000000e+00 1.000000000000000000e+00 1.000000000000000000e+10 0.000000000000000000e+00 0.000000000000000000e+00 0.000000000000000000e+00 1.000000000000000000e+10
5.645521955031491679e-01 1.162527532922116649e+02 6.735054490360329282e+01 3.725672210178347399e+01 2.272792447269074145e-01 9.696922657269490742e+01 8.134924621598397079e-28 6.340044404650883798e-28 1.409593808997588768e-28 5.362126441988324110e-01 2.226736874382298921e-28 1.000000000000000000e+00 0.000000000000000000e+00 0.000000000000000000e+00 0.000000000000000000e+00 1.000000000000000000e+00 1.000000000000000000e+10 0.000000000000000000e+00 0.000000000000000000e+00 0.000000000000000000e+00 1.000000000000000000e+10
6.510919126887823039e-01 1.038719464203027059e+02 7.653344663661815162e+01 2.764058061955629597e+01 2.465358009285737728e-01 7.939578000102383726e+01 8.566057159801078134e-28 6.864885984712128122e-28 1.117425348112114386e-28 5.796175294973503478e-01 1.803210056986470126e-28 1.000000000000000000e+00 0.000000000000000000e+00 0.000000000000000000e+00 0.000000000000000000e+00 1.000000000000000000e+00 1.000000000000000000e+10 0.000000000000000000e+00 0.000000000000000000e+00 0.000000000000000000e+00 1.000000000000000000e+10
7.508972281844089602e-01 9.033939803518705958e+01 6.946560500022279427e+01 2.478313961857630687e+01 2.641928235580707773e-01 6.703936026936897008e+01 9.514747346223687160e-28 6.159638516662288500e-28 8.868885118184890725e-29 6.211226455220086873e-01 1.367980491980742369e-28 1.000000000000000000e+00 0.000000000000000000e+00 0.000000000000000000e+00 0.000000000000000000e+00 1.000000000000000000e+00 1.000000000000000000e+10 0.000000000000000000e+00 0.000000000000000000e+00 0.000000000000000000e+00 1.000000000000000000e+10
8.660016140678794550e-01 7.723457644247352505e+01 6.038603242685630335e+01 2.033996153827020947e+01 2.697893110335949363e-01 5.603652399439975795e+01 1.061318081169155021e-27 4.929463534913945371e-28 7.347126647896790815e-29 6.528065782807451756e-01 1.112886214597745785e-28 1.000000000000000000e+00 0.000000000000000000e+00 0.000000000000000000e+00 0.000000000000000000e+00 1.000000000000000000e+00 1.000000000000000000e+10 0.000000000000000000e+00 0.000000000000000000e+00 0.000000000000000000e+00 1.000000000000000000e+10
9.987502515910116063e-01 6.547166837655677796e+01 4.551121202729381565e+01 1.712842698674625197e+01 2.743797641317570757e-01 4.543972015920534346e+01 1.356287382348590813e-27 4.532034448848312322e-28 5.951933827699676324e-29 6.935723278838503703e-01 8.675226289292987472e-29 1.000000000000000000e+00 0.000000000000000000e+00 0.000000000000000000e+00 0.000000000000000000e+00 1.000000000000000000e+00 1.000000000000000000e+10 0.000000000000000000e+00 0.000000000000000000e+00 0.000000000000000000e+00 1.000000000000000000e+10
1.151847812808953542e+00 5.830253370611136887e+01 3.951888901769399354e+01 1.614608385512360300e+01 2.885888534461314436e-01 4.020407458623311925e+01 1.989609107060552110e-27 3.954089005254029667e-28 5.012420444464227909e-29 7.363423193594372806e-01 7.137136478333702417e-29 1.000000000000000000e+00 0.000000000000000000e+00 0.000000000000000000e+00 0.000000000000000000e+00 1.000000000000000000e+00 1.000000000000000000e+10 0.000000000000000000e+00 0.000000000000000000e+00 0.000000000000000000e+00 1.000000000000000000e+10
1.328413566614123908e+00 5.383210694278509578e+01 3.564112915624268396e+01 1.412621686499487339e+01 2.969009543817709984e-01 3.477581084722342553e+01 2.479097932567589765e-27 3.734280069397925981e-28 4.423792618339820927e-29 7.749765668600426816e-01 6.279365195439870498e-29 1.000000000000000000e+00 0.000000000000000000e+00 0.000000000000000000e+00 0.000000000000000000e+00 1.000000000000000000e+00 1.000000000000000000e+10 0.000000000000000000e+00 0.000000000000000000e+00 0.000000000000000000e+00 1.000000000000000000e+10
1.532044931926391351e+00 4.892503289569538794e+01 4.224941324706647094e+01 1.147360449450983566e+01 2.985007898486584099e-01 3.049700500451415053e+01 2.129135884414590728e-27 3.745041814510472402e-28 3.943780271987307826e-29 7.837796802283555353e-01 5.474945780924785358e-29 1.000000000000000000e+00 0.000000000000000000e+00 0.000000000000000000e+00 0.000000000000000000e+00 1.000000000000000000e+00 1.000000000000000000e+10 0.000000000000000000e+00 0.000000000000000000e+00 0.000000000000000000e+00 1.000000000000000000e+10
1.766890772896739126e+00 4.074260480069283119e+01 2.781707878787581478e+01 1.167798852527211650e+01 2.728631892273096216e-01 2.908238524299316907e+01 1.216793175622148794e-27 3.449824824829655144e-28 3.872116861840670639e-29 7.369478180378309373e-01 5.474402370090498597e-29 1.000000000000000000e+00 0.000000000000000000e+00 0.000000000000000000e+00 0.000000000000000000e+00 1.000000000000000000e+00 1.000000000000000000e+10 0.000000000000000000e+00 0.000000000000000000e+00 0.000000000000000000e+00 1.000000000000000000e+10
2.037735929469222107e+00 3.427609722464725195e+01 2.429702360227454250e+01 1.017273642758068419e+01 2.456545404847022551e-01 2.676296120783732135e+01 4.939804910304923578e-28 2.052783718362927751e-28 3.580260350902301987e-29 6.850857440528593800e-01 5.263073006431145524e-29 1.000000000000000000e+00 0.000000000000000000e+00 0.000000000000000000e+00 0.000000000000000000e+00 1.000000000000000000e+00 1.000000000000000000e+10 0.000000000000000000e+00 0.000000000000000000e+00 0.000000000000000000e+00 1.000000000000000000e+10
2.350098705559579226e+00 3.141050350311435935e+01 2.473318010081807117e+01 8.650562335504735856e+00 2.410256950000547183e-01 2.454784424212563110e+01 3.123864595613613143e-28 2.339654569314366871e-28 3.936263781529733585e-29 6.855251596350059318e-01 5.445856733779512483e-29 1.000000000000000000e+00 0.000000000000000000e+00 0.000000000000000000e+00 0.000000000000000000e+00 1.000000000000000000e+00 1.000000000000000000e+10 0.000000000000000000e+00 0.000000000000000000e+00 0.000000000000000000e+00 1.000000000000000000e+10
