# R (Mpc), mean rho (Msol/kpc^3), errup (Msol/kpc^3), errlow, std, median rho (Msol/kpc^3), mean pth (Msol/kpc/s^2), errup(Msol/kpc/s^2), errlow, std, median pth (Msol/kpc/s^2), mean gas-mass-weighted metal (fraction), errup, errlow, std, median metal, mean gas-mass-weighted temp (K), errup, errlow, std, median temp  
#  nprofs 173, mean mh 545538472253.923218, median mh 497112578277.064941 
#  Mass range 11.50 - 12.0
1.040961082911032697e-02 4.848283002292155288e+05 2.802512128606118495e+05 2.023179896273141785e+05 2.567625614991022598e-01 4.408473004212782253e+05 2.439540318895088916e-25 3.727330776138833652e-25 7.803727883137808667e-26 4.720418272621270672e-01 1.210260949012956320e-25 1.000000000000000000e+00 0.000000000000000000e+00 0.000000000000000000e+00 0.000000000000000000e+00 1.000000000000000000e+00 1.000000000000000000e+10 0.000000000000000000e+00 0.000000000000000000e+00 0.000000000000000000e+00 1.000000000000000000e+10
1.200529105910367808e-02 3.665966462798230350e+05 1.776526043369025574e+05 1.655888226631374564e+05 2.494629495406702757e-01 3.583112370058914530e+05 2.254644278067462142e-25 2.889069248695767357e-25 8.263038887539960042e-26 4.578377527036477379e-01 1.252846972311980292e-25 1.000000000000000000e+00 0.000000000000000000e+00 0.000000000000000000e+00 0.000000000000000000e+00 1.000000000000000000e+00 1.000000000000000000e+10 0.000000000000000000e+00 0.000000000000000000e+00 0.000000000000000000e+00 1.000000000000000000e+10
1.384557172980430476e-02 2.739392003805327113e+05 1.355584693742661620e+05 1.379201582072532619e+05 2.574664225894570668e-01 2.654249725933936425e+05 2.506219170535820608e-25 2.519580821976431819e-25 1.469136900569240253e-25 4.702464898148279726e-01 1.878205549359663956e-25 1.000000000000000000e+00 0.000000000000000000e+00 0.000000000000000000e+00 0.000000000000000000e+00 1.000000000000000000e+00 1.000000000000000000e+10 0.000000000000000000e+00 0.000000000000000000e+00 0.000000000000000000e+00 1.000000000000000000e+10
1.596794743096121086e-02 2.014289508730420202e+05 1.021803228482810082e+05 1.118659844625948026e+05 2.846654260771219191e-01 2.005233819487690926e+05 2.303356156564582130e-25 2.701019346869498225e-25 1.288604659563697182e-25 4.553081542196193432e-01 1.682681364083925903e-25 1.000000000000000000e+00 0.000000000000000000e+00 0.000000000000000000e+00 0.000000000000000000e+00 1.000000000000000000e+00 1.000000000000000000e+10 0.000000000000000000e+00 0.000000000000000000e+00 0.000000000000000000e+00 1.000000000000000000e+10
1.841566026551830909e-02 1.461906379948296817e+05 1.116769452265559667e+05 6.994121203765213431e+04 2.915343939829465603e-01 1.299872134610602370e+05 2.226728778442030354e-25 2.250431587275135180e-25 1.042506682404435798e-25 4.001274207120645299e-01 1.617983716987741428e-25 1.000000000000000000e+00 0.000000000000000000e+00 0.000000000000000000e+00 0.000000000000000000e+00 1.000000000000000000e+00 1.000000000000000000e+10 0.000000000000000000e+00 0.000000000000000000e+00 0.000000000000000000e+00 1.000000000000000000e+10
2.123858088093512342e-02 1.001758573251854395e+05 7.473558113961521303e+04 4.656006152810856292e+04 2.890010013624709773e-01 8.856254217913313187e+04 1.969491304005028875e-25 1.687675512938636931e-25 1.088972056624461038e-25 3.791114028073725439e-01 1.673879508991391235e-25 1.000000000000000000e+00 0.000000000000000000e+00 0.000000000000000000e+00 0.000000000000000000e+00 1.000000000000000000e+00 1.000000000000000000e+10 0.000000000000000000e+00 0.000000000000000000e+00 0.000000000000000000e+00 1.000000000000000000e+10
2.449422455303571639e-02 6.770988761532983335e+04 5.696516091597896593e+04 2.639034473548206006e+04 2.904343796095975039e-01 5.584509115525074594e+04 1.659014292712074462e-25 1.324698137504575579e-25 8.053115889877708433e-26 3.433170416212319442e-01 1.390085038335009371e-25 1.000000000000000000e+00 0.000000000000000000e+00 0.000000000000000000e+00 0.000000000000000000e+00 1.000000000000000000e+00 1.000000000000000000e+10 0.000000000000000000e+00 0.000000000000000000e+00 0.000000000000000000e+00 1.000000000000000000e+10
2.824892302447100725e-02 4.528004412165308895e+04 3.065467797989465180e+04 1.387764614074076599e+04 2.663196943200290545e-01 3.623081274970115919e+04 1.467990691128281293e-25 1.224652206167417355e-25 6.981779968544196430e-26 3.115483725164789885e-01 1.231025142235150069e-25 1.000000000000000000e+00 0.000000000000000000e+00 0.000000000000000000e+00 0.000000000000000000e+00 1.000000000000000000e+00 1.000000000000000000e+10 0.000000000000000000e+00 0.000000000000000000e+00 0.000000000000000000e+00 1.000000000000000000e+10
3.257917597328415654e-02 2.924696759425137498e+04 2.010871152793565125e+04 9.027885409440295916e+03 2.535431078557070506e-01 2.356756418225955713e+04 1.141244276040463775e-25 1.029161740723047991e-25 4.719049660755522877e-26 3.061693400572760293e-01 9.030532250984820826e-26 1.000000000000000000e+00 0.000000000000000000e+00 0.000000000000000000e+00 0.000000000000000000e+00 1.000000000000000000e+00 1.000000000000000000e+10 0.000000000000000000e+00 0.000000000000000000e+00 0.000000000000000000e+00 1.000000000000000000e+10
3.757320964692217186e-02 1.963859336074291059e+04 1.350248666831292212e+04 5.949115336154183751e+03 2.301704803159548285e-01 1.605251792516326168e+04 9.735312420376667860e-26 8.417137615085509233e-26 3.757219136044508201e-26 2.955295983372827062e-01 7.859604016690172033e-26 1.000000000000000000e+00 0.000000000000000000e+00 0.000000000000000000e+00 0.000000000000000000e+00 1.000000000000000000e+00 1.000000000000000000e+10 0.000000000000000000e+00 0.000000000000000000e+00 0.000000000000000000e+00 1.000000000000000000e+10
4.333277441790538143e-02 1.359910827071248787e+04 6.414339447554164508e+03 4.323307178576831575e+03 2.139798647574413515e-01 1.209149090697778229e+04 7.873771087506705965e-26 7.283181619092374838e-26 3.255330703418098387e-26 3.075758125659139863e-01 6.460653502480505465e-26 1.000000000000000000e+00 0.000000000000000000e+00 0.000000000000000000e+00 0.000000000000000000e+00 1.000000000000000000e+00 1.000000000000000000e+10 0.000000000000000000e+00 0.000000000000000000e+00 0.000000000000000000e+00 1.000000000000000000e+10
4.997521788524898756e-02 9.912156812990278922e+03 5.878952251153781617e+03 2.817239984401235233e+03 1.971875307152906875e-01 8.724879870434489931e+03 6.494824368597839494e-26 5.561331655842034733e-26 2.455557640381711458e-26 3.011248519538342050e-01 5.068805921270539449e-26 1.000000000000000000e+00 0.000000000000000000e+00 0.000000000000000000e+00 0.000000000000000000e+00 1.000000000000000000e+00 1.000000000000000000e+10 0.000000000000000000e+00 0.000000000000000000e+00 0.000000000000000000e+00 1.000000000000000000e+10
5.763587575980636674e-02 7.239450622481229402e+03 3.622733506154817405e+03 2.154592669420003404e+03 1.748957833831069064e-01 6.675719017236887339e+03 5.233941841734997063e-26 4.063330514708667181e-26 2.276364081046953853e-26 2.895838158105050186e-01 4.484351171712484596e-26 1.000000000000000000e+00 0.000000000000000000e+00 0.000000000000000000e+00 0.000000000000000000e+00 1.000000000000000000e+00 1.000000000000000000e+10 0.000000000000000000e+00 0.000000000000000000e+00 0.000000000000000000e+00 1.000000000000000000e+10
6.647082924635627776e-02 5.645690914663651711e+03 2.860532979016041281e+03 1.571215872610338920e+03 1.730382007614934547e-01 5.170477306050071093e+03 4.099096601166096606e-26 3.224746814138043940e-26 1.764414564833491911e-26 2.903420556818882559e-01 3.350453463998099166e-26 1.000000000000000000e+00 0.000000000000000000e+00 0.000000000000000000e+00 0.000000000000000000e+00 1.000000000000000000e+00 1.000000000000000000e+10 0.000000000000000000e+00 0.000000000000000000e+00 0.000000000000000000e+00 1.000000000000000000e+10
7.666008510240249207e-02 4.489217972075844955e+03 2.153232013545371501e+03 1.204353975650496523e+03 1.781985287311776134e-01 3.994589021234021402e+03 3.159195356245614561e-26 2.842901127762400493e-26 1.073618742217240782e-26 2.900504241508649605e-01 2.364166030803943164e-26 1.000000000000000000e+00 0.000000000000000000e+00 0.000000000000000000e+00 0.000000000000000000e+00 1.000000000000000000e+00 1.000000000000000000e+10 0.000000000000000000e+00 0.000000000000000000e+00 0.000000000000000000e+00 1.000000000000000000e+10
8.841124316543315376e-02 3.540524252493391486e+03 1.707489554204851174e+03 9.712105373107015112e+02 1.656113933374689373e-01 3.230085510654954760e+03 2.375980121711965204e-26 2.218378032896746847e-26 7.589479087645863822e-27 2.889228779079935916e-01 1.741238138175169242e-26 1.000000000000000000e+00 0.000000000000000000e+00 0.000000000000000000e+00 0.000000000000000000e+00 1.000000000000000000e+00 1.000000000000000000e+10 0.000000000000000000e+00 0.000000000000000000e+00 0.000000000000000000e+00 1.000000000000000000e+10
1.019637260722580097e-01 2.788668585812824404e+03 1.316850470998979745e+03 7.826814950137465985e+02 1.651016534881510622e-01 2.563556703202824337e+03 1.773089801739490119e-26 1.614867437758091673e-26 6.647499470285944789e-27 2.856512131282668010e-01 1.356110798091912562e-26 1.000000000000000000e+00 0.000000000000000000e+00 0.000000000000000000e+00 0.000000000000000000e+00 1.000000000000000000e+00 1.000000000000000000e+10 0.000000000000000000e+00 0.000000000000000000e+00 0.000000000000000000e+00 1.000000000000000000e+10
1.175936573483598035e-01 2.188631975438336212e+03 1.007219747981401269e+03 6.735622895757912829e+02 1.661258004906488728e-01 2.016409177053397343e+03 1.304607733263940633e-26 1.221106763102871756e-26 4.891650627196241955e-27 2.877764397942176311e-01 1.013899094428551521e-26 1.000000000000000000e+00 0.000000000000000000e+00 0.000000000000000000e+00 0.000000000000000000e+00 1.000000000000000000e+00 1.000000000000000000e+10 0.000000000000000000e+00 0.000000000000000000e+00 0.000000000000000000e+00 1.000000000000000000e+10
1.356194872553388164e-01 1.677523277379567617e+03 6.987135964548738229e+02 5.768784892971491445e+02 1.732098413107825141e-01 1.590112559130448517e+03 9.284461610211796018e-27 7.872495131203507861e-27 3.739376911800310328e-27 2.915803755083099524e-01 7.426465552375282088e-27 1.000000000000000000e+00 0.000000000000000000e+00 0.000000000000000000e+00 0.000000000000000000e+00 1.000000000000000000e+00 1.000000000000000000e+10 0.000000000000000000e+00 0.000000000000000000e+00 0.000000000000000000e+00 1.000000000000000000e+10
1.564084810196403053e-01 1.266611090111873182e+03 5.369262827007285068e+02 4.084575180086681030e+02 1.777126601073905632e-01 1.163306695644434512e+03 6.553410162481363055e-27 5.281386034185654855e-27 2.340817448787542355e-27 2.996884582548072773e-01 4.979707943721299305e-27 1.000000000000000000e+00 0.000000000000000000e+00 0.000000000000000000e+00 0.000000000000000000e+00 1.000000000000000000e+00 1.000000000000000000e+10 0.000000000000000000e+00 0.000000000000000000e+00 0.000000000000000000e+00 1.000000000000000000e+10
1.803842016362447453e-01 9.350271389263247102e+02 4.106008890074699593e+02 3.021674349814651350e+02 1.826304374990362633e-01 8.608725237945229765e+02 4.549326893822449828e-27 3.782461288034159015e-27 1.718107851476769660e-27 3.155665104198849824e-01 3.345644222734168910e-27 1.000000000000000000e+00 0.000000000000000000e+00 0.000000000000000000e+00 0.000000000000000000e+00 1.000000000000000000e+00 1.000000000000000000e+10 0.000000000000000000e+00 0.000000000000000000e+00 0.000000000000000000e+00 1.000000000000000000e+10
2.080351397048574025e-01 6.901651141651512944e+02 3.578485143018273220e+02 2.178872602604014901e+02 1.953844977627530177e-01 6.167795690223244947e+02 3.115692515604172657e-27 2.976816602624449044e-27 1.148151037241129080e-27 3.462425333657392357e-01 2.116249929531848679e-27 1.000000000000000000e+00 0.000000000000000000e+00 0.000000000000000000e+00 0.000000000000000000e+00 1.000000000000000000e+00 1.000000000000000000e+10 0.000000000000000000e+00 0.000000000000000000e+00 0.000000000000000000e+00 1.000000000000000000e+10
2.399246661262133540e-01 4.978990086555286325e+02 2.744360315077265113e+02 1.661812473680051880e+02 1.974622359041064701e-01 4.517768230313758977e+02 2.124624392017927810e-27 2.055856884417612580e-27 8.418464186222873685e-28 3.735460209406417653e-01 1.455927888705552438e-27 1.000000000000000000e+00 0.000000000000000000e+00 0.000000000000000000e+00 0.000000000000000000e+00 1.000000000000000000e+00 1.000000000000000000e+10 0.000000000000000000e+00 0.000000000000000000e+00 0.000000000000000000e+00 1.000000000000000000e+10
2.767025104385807399e-01 3.518331222706540871e+02 1.930999647018190899e+02 1.162620400012038999e+02 1.918182016033944115e-01 3.158011583069887820e+02 1.464591231319053520e-27 1.599073505609012994e-27 5.007379541779632890e-28 3.920151167597845099e-01 8.829879610682686100e-28 1.000000000000000000e+00 0.000000000000000000e+00 0.000000000000000000e+00 0.000000000000000000e+00 1.000000000000000000e+00 1.000000000000000000e+10 0.000000000000000000e+00 0.000000000000000000e+00 0.000000000000000000e+00 1.000000000000000000e+10
3.191179986585286343e-01 2.556674675609806400e+02 1.219379925112549188e+02 7.424687753542880841e+01 1.893271751345082521e-01 2.256622795349632327e+02 1.033422611583238540e-27 1.162032347408381288e-27 3.356347274435015248e-28 4.105823020638837417e-01 5.730559478169591009e-28 1.000000000000000000e+00 0.000000000000000000e+00 0.000000000000000000e+00 0.000000000000000000e+00 1.000000000000000000e+00 1.000000000000000000e+10 0.000000000000000000e+00 0.000000000000000000e+00 0.000000000000000000e+00 1.000000000000000000e+10
3.680353203388414540e-01 1.878231093580303366e+02 8.774704579392641790e+01 6.254875283657356988e+01 1.947464806342824040e-01 1.698621605374780188e+02 7.869720884950008117e-28 9.084090214318482592e-28 2.646569521782661685e-28 4.469921524551052072e-01 4.140373776564219451e-28 1.000000000000000000e+00 0.000000000000000000e+00 0.000000000000000000e+00 0.000000000000000000e+00 1.000000000000000000e+00 1.000000000000000000e+10 0.000000000000000000e+00 0.000000000000000000e+00 0.000000000000000000e+00 1.000000000000000000e+10
4.244511359005219142e-01 1.480144675784049753e+02 7.215044143726457548e+01 4.291797377179698003e+01 2.155535277677263772e-01 1.227127126884351611e+02 6.603189991808071713e-28 6.499808499652873851e-28 1.906558038089833306e-28 4.900529114224201899e-01 2.941170026617084400e-28 1.000000000000000000e+00 0.000000000000000000e+00 0.000000000000000000e+00 0.000000000000000000e+00 1.000000000000000000e+00 1.000000000000000000e+10 0.000000000000000000e+00 0.000000000000000000e+00 0.000000000000000000e+00 1.000000000000000000e+10
4.895148829774688681e-01 1.211559328805356017e+02 6.606442579595112363e+01 3.783908798186281075e+01 2.414430496648220237e-01 9.783364442171851749e+01 6.033372520641329867e-28 5.875132489177829973e-28 1.339359431230371340e-28 5.488540650575836066e-01 2.018304839303511948e-28 1.000000000000000000e+00 0.000000000000000000e+00 0.000000000000000000e+00 0.000000000000000000e+00 1.000000000000000000e+00 1.000000000000000000e+10 0.000000000000000000e+00 0.000000000000000000e+00 0.000000000000000000e+00 1.000000000000000000e+10
5.645521955031491679e-01 9.901428083933575408e+01 8.027196265706646727e+01 3.135004599621813526e+01 2.643752251461823355e-01 7.536466256479721437e+01 5.318462726525078007e-28 5.832929339637728850e-28 8.967018233209044471e-29 6.135742542949147449e-01 1.348026214202312330e-28 1.000000000000000000e+00 0.000000000000000000e+00 0.000000000000000000e+00 0.000000000000000000e+00 1.000000000000000000e+00 1.000000000000000000e+10 0.000000000000000000e+00 0.000000000000000000e+00 0.000000000000000000e+00 1.000000000000000000e+10
6.510919126887823039e-01 8.523791789832338850e+01 8.755101331319058033e+01 2.557391550106722633e+01 2.931308962427909837e-01 6.068523518157182650e+01 5.070709016846149271e-28 7.356483244307798568e-28 6.256040366957682694e-29 6.855568862283704101e-01 9.572746468078310994e-29 1.000000000000000000e+00 0.000000000000000000e+00 0.000000000000000000e+00 0.000000000000000000e+00 1.000000000000000000e+00 1.000000000000000000e+10 0.000000000000000000e+00 0.000000000000000000e+00 0.000000000000000000e+00 1.000000000000000000e+10
7.508972281844089602e-01 7.329038379508922674e+01 8.619717997828854550e+01 2.225208064847596390e+01 3.091840956971343979e-01 4.947124295185019349e+01 4.730829843362363151e-28 7.159513742918156108e-28 5.185325157313478331e-29 7.419314886095492723e-01 7.334098910492089978e-29 1.000000000000000000e+00 0.000000000000000000e+00 0.000000000000000000e+00 0.000000000000000000e+00 1.000000000000000000e+00 1.000000000000000000e+10 0.000000000000000000e+00 0.000000000000000000e+00 0.000000000000000000e+00 1.000000000000000000e+10
8.660016140678794550e-01 6.063594949654351041e+01 5.047908651541330016e+01 1.678530873652080047e+01 2.923511203775216449e-01 4.211294521829880466e+01 4.012601008688003084e-28 5.245014688153310823e-28 5.452202230623715426e-29 7.515709199299661636e-01 6.971733452594923994e-29 1.000000000000000000e+00 0.000000000000000000e+00 0.000000000000000000e+00 0.000000000000000000e+00 1.000000000000000000e+00 1.000000000000000000e+10 0.000000000000000000e+00 0.000000000000000000e+00 0.000000000000000000e+00 1.000000000000000000e+10
9.987502515910116063e-01 5.315714507723144777e+01 4.689017793931756728e+01 1.639393871814113979e+01 2.925570271856092752e-01 3.823472179609997568e+01 3.647779861410200916e-28 4.621373481041353687e-28 5.023974071487127871e-29 7.754244700305383819e-01 6.267566522634377806e-29 1.000000000000000000e+00 0.000000000000000000e+00 0.000000000000000000e+00 0.000000000000000000e+00 1.000000000000000000e+00 1.000000000000000000e+10 0.000000000000000000e+00 0.000000000000000000e+00 0.000000000000000000e+00 1.000000000000000000e+10
1.151847812808953542e+00 5.003725958868836443e+01 5.345255769401078538e+01 1.557018578537064712e+01 3.092785160488037977e-01 3.481453230241368857e+01 3.806540631662581962e-28 6.504508019496421741e-28 4.715017807050663628e-29 8.238195271893620220e-01 5.881506229759160656e-29 1.000000000000000000e+00 0.000000000000000000e+00 0.000000000000000000e+00 0.000000000000000000e+00 1.000000000000000000e+00 1.000000000000000000e+10 0.000000000000000000e+00 0.000000000000000000e+00 0.000000000000000000e+00 1.000000000000000000e+10
1.328413566614123908e+00 4.482643084728020710e+01 4.683888633936003032e+01 1.367173334986778954e+01 2.979322034064276203e-01 3.195097673133754412e+01 3.569990149928362524e-28 5.950160781219627968e-28 4.465012212714871995e-29 8.175436069416934792e-01 5.624666043002414068e-29 1.000000000000000000e+00 0.000000000000000000e+00 0.000000000000000000e+00 0.000000000000000000e+00 1.000000000000000000e+00 1.000000000000000000e+10 0.000000000000000000e+00 0.000000000000000000e+00 0.000000000000000000e+00 1.000000000000000000e+10
1.532044931926391351e+00 4.124378763375052159e+01 3.866089376776793074e+01 1.296505768978460083e+01 2.890144040152648475e-01 2.970377940545427009e+01 3.593063920754375732e-28 4.394163526824569172e-28 6.886136406746659052e-29 7.936387537342157739e-01 8.073620304473789102e-29 1.000000000000000000e+00 0.000000000000000000e+00 0.000000000000000000e+00 0.000000000000000000e+00 1.000000000000000000e+00 1.000000000000000000e+10 0.000000000000000000e+00 0.000000000000000000e+00 0.000000000000000000e+00 1.000000000000000000e+10
1.766890772896739126e+00 3.812188593282465376e+01 2.958238808216644244e+01 1.305892505859177533e+01 2.766205539536262803e-01 2.915150239939724841e+01 3.881299493398626951e-28 4.878145635229229663e-28 6.263499332511759113e-29 7.779175155876613124e-01 7.531331769632029589e-29 1.000000000000000000e+00 0.000000000000000000e+00 0.000000000000000000e+00 0.000000000000000000e+00 1.000000000000000000e+00 1.000000000000000000e+10 0.000000000000000000e+00 0.000000000000000000e+00 0.000000000000000000e+00 1.000000000000000000e+10
2.037735929469222107e+00 3.481249216008905023e+01 2.742889070582837618e+01 9.954928408561933395e+00 2.683656113350145200e-01 2.609576900894586871e+01 4.756027437621818873e-28 3.382872866899115780e-28 6.264020233695352314e-29 7.544993759318662230e-01 7.709574647866128060e-29 1.000000000000000000e+00 0.000000000000000000e+00 0.000000000000000000e+00 0.000000000000000000e+00 1.000000000000000000e+00 1.000000000000000000e+10 0.000000000000000000e+00 0.000000000000000000e+00 0.000000000000000000e+00 1.000000000000000000e+10
2.350098705559579226e+00 3.369335244605760948e+01 2.621790120947902736e+01 1.008811511261436955e+01 2.715761310990620903e-01 2.487929445957362518e+01 7.690730427111653709e-28 3.085757006341161188e-28 6.126413395424006282e-29 7.711192429699794681e-01 7.357632070541483936e-29 1.000000000000000000e+00 0.000000000000000000e+00 0.000000000000000000e+00 0.000000000000000000e+00 1.000000000000000000e+00 1.000000000000000000e+10 0.000000000000000000e+00 0.000000000000000000e+00 0.000000000000000000e+00 1.000000000000000000e+10
