# R (Mpc), mean rho (Msol/kpc^3), errup (Msol/kpc^3), errlow, std, median rho (Msol/kpc^3), mean pth (Msol/kpc/s^2), errup(Msol/kpc/s^2), errlow, std, median pth (Msol/kpc/s^2), mean gas-mass-weighted metal (fraction), errup, errlow, std, median metal, mean gas-mass-weighted temp (K), errup, errlow, std, median temp  
#  nprofs 248, mean mh 558696229853.196777, median mh 528401821172.285339 
#  Mass range 11.50 - 12.0
1.040961082911032697e-02 3.285473948739353800e+05 2.162124483305917238e+05 1.081579089425805141e+05 2.340129931007318420e-01 2.806183866808158346e+05 1.937790673616991955e-25 2.271922313950259305e-25 4.672003005607286930e-26 4.911349024967362475e-01 7.682879295090049504e-26 1.000000000000000000e+00 0.000000000000000000e+00 0.000000000000000000e+00 0.000000000000000000e+00 1.000000000000000000e+00 1.000000000000000000e+10 0.000000000000000000e+00 0.000000000000000000e+00 0.000000000000000000e+00 1.000000000000000000e+10
1.200529105910367808e-02 2.540577747223492188e+05 1.649758904471454443e+05 9.536300084043020615e+04 2.408500283972657419e-01 2.212291913445180398e+05 2.227803039929300558e-25 3.311985689871427396e-25 6.466864880269902048e-26 5.004360385745193485e-01 9.676128669571452112e-26 1.000000000000000000e+00 0.000000000000000000e+00 0.000000000000000000e+00 0.000000000000000000e+00 1.000000000000000000e+00 1.000000000000000000e+10 0.000000000000000000e+00 0.000000000000000000e+00 0.000000000000000000e+00 1.000000000000000000e+10
1.384557172980430476e-02 1.960797550857489987e+05 1.340585184082515771e+05 6.795222524131994578e+04 2.518995680165991846e-01 1.644030778299179510e+05 2.039472043537059850e-25 2.679469209757168329e-25 6.233351696288032004e-26 4.721219087206006693e-01 9.978947148616112452e-26 1.000000000000000000e+00 0.000000000000000000e+00 0.000000000000000000e+00 0.000000000000000000e+00 1.000000000000000000e+00 1.000000000000000000e+10 0.000000000000000000e+00 0.000000000000000000e+00 0.000000000000000000e+00 1.000000000000000000e+10
1.596794743096121086e-02 1.448101881532327097e+05 9.441248498007377202e+04 5.886964043960403069e+04 2.603819342177713936e-01 1.275822387092638382e+05 2.046478555710799644e-25 2.618561037435167289e-25 8.658427884847708890e-26 4.317903857498532894e-01 1.349162763055708746e-25 1.000000000000000000e+00 0.000000000000000000e+00 0.000000000000000000e+00 0.000000000000000000e+00 1.000000000000000000e+00 1.000000000000000000e+10 0.000000000000000000e+00 0.000000000000000000e+00 0.000000000000000000e+00 1.000000000000000000e+10
1.841566026551830909e-02 1.041379650344214460e+05 6.980498200075389468e+04 4.499056600458532193e+04 2.672854094898101107e-01 9.219770050739194266e+04 1.896982835433233158e-25 1.709932417987003193e-25 7.668174031687524589e-26 3.786030541914307546e-01 1.331809722267935512e-25 1.000000000000000000e+00 0.000000000000000000e+00 0.000000000000000000e+00 0.000000000000000000e+00 1.000000000000000000e+00 1.000000000000000000e+10 0.000000000000000000e+00 0.000000000000000000e+00 0.000000000000000000e+00 1.000000000000000000e+10
2.123858088093512342e-02 7.064707325788040180e+04 5.160833034017700993e+04 3.335370935220256797e+04 2.855772314802277334e-01 6.259799259554022865e+04 1.653784761577339438e-25 1.632051126159195114e-25 6.021042490738941858e-26 3.381808216900586972e-01 1.188302645285827529e-25 1.000000000000000000e+00 0.000000000000000000e+00 0.000000000000000000e+00 0.000000000000000000e+00 1.000000000000000000e+00 1.000000000000000000e+10 0.000000000000000000e+00 0.000000000000000000e+00 0.000000000000000000e+00 1.000000000000000000e+10
2.449422455303571639e-02 4.666072139924970543e+04 3.399858568339658086e+04 1.882218726791971494e+04 2.738838534982639406e-01 3.970495765530351491e+04 1.421209848920829945e-25 1.231949053385843640e-25 5.274699636923290042e-26 3.143910024515741974e-01 1.078092401181524952e-25 1.000000000000000000e+00 0.000000000000000000e+00 0.000000000000000000e+00 0.000000000000000000e+00 1.000000000000000000e+00 1.000000000000000000e+10 0.000000000000000000e+00 0.000000000000000000e+00 0.000000000000000000e+00 1.000000000000000000e+10
2.824892302447100725e-02 2.952130991839980197e+04 2.141977539168043586e+04 1.192031127300182015e+04 2.761461963100634853e-01 2.428048299624626088e+04 1.235009630116209470e-25 1.048033233295094211e-25 4.602900381700733772e-26 3.046078290028501057e-01 9.441322472841781662e-26 1.000000000000000000e+00 0.000000000000000000e+00 0.000000000000000000e+00 0.000000000000000000e+00 1.000000000000000000e+00 1.000000000000000000e+10 0.000000000000000000e+00 0.000000000000000000e+00 0.000000000000000000e+00 1.000000000000000000e+10
3.257917597328415654e-02 1.917424499969538010e+04 1.173779993716483659e+04 7.616605262244949699e+03 2.576342101560521458e-01 1.623467203283372874e+04 1.065719113822151900e-25 1.014612812571783136e-25 4.364515729228836640e-26 2.966378005665450956e-01 8.515361296009044632e-26 1.000000000000000000e+00 0.000000000000000000e+00 0.000000000000000000e+00 0.000000000000000000e+00 1.000000000000000000e+00 1.000000000000000000e+10 0.000000000000000000e+00 0.000000000000000000e+00 0.000000000000000000e+00 1.000000000000000000e+10
3.757320964692217186e-02 1.262046775992334187e+04 7.567860078686491761e+03 4.241261269901976448e+03 2.366839992448041829e-01 1.053804440133834214e+04 8.894164630899347547e-26 6.861680683422381975e-26 3.717502385974609780e-26 2.840639734206423794e-01 7.264127326338519656e-26 1.000000000000000000e+00 0.000000000000000000e+00 0.000000000000000000e+00 0.000000000000000000e+00 1.000000000000000000e+00 1.000000000000000000e+10 0.000000000000000000e+00 0.000000000000000000e+00 0.000000000000000000e+00 1.000000000000000000e+10
4.333277441790538143e-02 8.918417581636958857e+03 4.624841200687489618e+03 2.990620401689728169e+03 2.104870793780682370e-01 7.824406853374333878e+03 7.660192292744484202e-26 6.096260185196309639e-26 3.037610164215110465e-26 2.811754683492418416e-01 6.157301441653825176e-26 1.000000000000000000e+00 0.000000000000000000e+00 0.000000000000000000e+00 0.000000000000000000e+00 1.000000000000000000e+00 1.000000000000000000e+10 0.000000000000000000e+00 0.000000000000000000e+00 0.000000000000000000e+00 1.000000000000000000e+10
4.997521788524898756e-02 6.594858144631810319e+03 3.677104125960611782e+03 1.884393157460492603e+03 1.969536273735794929e-01 5.725981688769559696e+03 6.209268819751168885e-26 4.881715159065567840e-26 2.550711252940048052e-26 2.844503338622762501e-01 5.032200204077167723e-26 1.000000000000000000e+00 0.000000000000000000e+00 0.000000000000000000e+00 0.000000000000000000e+00 1.000000000000000000e+00 1.000000000000000000e+10 0.000000000000000000e+00 0.000000000000000000e+00 0.000000000000000000e+00 1.000000000000000000e+10
5.763587575980636674e-02 5.358176752322152424e+03 2.876567749913037915e+03 1.527727555592899989e+03 1.925271048221742776e-01 4.732082856132479719e+03 5.044689108217739694e-26 3.836444666714803441e-26 1.967154554400703784e-26 2.790921668199363714e-01 4.120153542597850796e-26 1.000000000000000000e+00 0.000000000000000000e+00 0.000000000000000000e+00 0.000000000000000000e+00 1.000000000000000000e+00 1.000000000000000000e+10 0.000000000000000000e+00 0.000000000000000000e+00 0.000000000000000000e+00 1.000000000000000000e+10
6.647082924635627776e-02 4.286783157734112137e+03 1.709137734984289636e+03 1.334650675837740437e+03 1.790833259276054246e-01 3.968819912833359922e+03 3.845893755858127651e-26 2.659082274051104210e-26 1.454988025854812535e-26 2.733138963596961624e-01 3.149224733570689088e-26 1.000000000000000000e+00 0.000000000000000000e+00 0.000000000000000000e+00 0.000000000000000000e+00 1.000000000000000000e+00 1.000000000000000000e+10 0.000000000000000000e+00 0.000000000000000000e+00 0.000000000000000000e+00 1.000000000000000000e+10
7.666008510240249207e-02 3.434582050686489765e+03 1.439089575446091203e+03 1.017513646010443608e+03 1.725129679302258856e-01 3.174084001325635199e+03 2.880839414926577304e-26 1.959356169990326414e-26 1.179037488299449688e-26 2.705558233813370461e-01 2.408160327139519295e-26 1.000000000000000000e+00 0.000000000000000000e+00 0.000000000000000000e+00 0.000000000000000000e+00 1.000000000000000000e+00 1.000000000000000000e+10 0.000000000000000000e+00 0.000000000000000000e+00 0.000000000000000000e+00 1.000000000000000000e+10
8.841124316543315376e-02 2.716988454835505308e+03 1.087053134607906486e+03 7.687530782675451064e+02 1.655155887386997315e-01 2.490116213902244908e+03 2.111865742264786248e-26 1.557346101933631255e-26 8.181309386062174222e-27 2.696697444306793146e-01 1.724810375718608850e-26 1.000000000000000000e+00 0.000000000000000000e+00 0.000000000000000000e+00 0.000000000000000000e+00 1.000000000000000000e+00 1.000000000000000000e+10 0.000000000000000000e+00 0.000000000000000000e+00 0.000000000000000000e+00 1.000000000000000000e+10
1.019637260722580097e-01 2.110969784880860061e+03 9.497701279799541680e+02 7.107583338369913690e+02 1.681135633846145283e-01 1.994830528269043725e+03 1.506141706698756747e-26 1.127957008551514141e-26 6.024973268065057319e-27 2.739788714207181952e-01 1.236162891286116212e-26 1.000000000000000000e+00 0.000000000000000000e+00 0.000000000000000000e+00 0.000000000000000000e+00 1.000000000000000000e+00 1.000000000000000000e+10 0.000000000000000000e+00 0.000000000000000000e+00 0.000000000000000000e+00 1.000000000000000000e+10
1.175936573483598035e-01 1.598028403707946609e+03 7.230649174129432595e+02 5.360082195990871696e+02 1.649922302432449972e-01 1.493997336524653974e+03 1.043922371092309874e-26 7.110472437020217049e-27 4.708967663850479046e-27 2.786672072408244438e-01 9.083551424569920123e-27 1.000000000000000000e+00 0.000000000000000000e+00 0.000000000000000000e+00 0.000000000000000000e+00 1.000000000000000000e+00 1.000000000000000000e+10 0.000000000000000000e+00 0.000000000000000000e+00 0.000000000000000000e+00 1.000000000000000000e+10
1.356194872553388164e-01 1.203224834695508207e+03 5.414907269143332087e+02 3.936010638205126497e+02 1.624904396400680406e-01 1.148540199707920920e+03 7.167826165091258650e-27 5.598199900135813281e-27 3.237210706421479516e-27 2.895910214537343874e-01 6.053914205770334591e-27 1.000000000000000000e+00 0.000000000000000000e+00 0.000000000000000000e+00 0.000000000000000000e+00 1.000000000000000000e+00 1.000000000000000000e+10 0.000000000000000000e+00 0.000000000000000000e+00 0.000000000000000000e+00 1.000000000000000000e+10
1.564084810196403053e-01 8.963159742921612860e+02 4.158736346972495994e+02 3.145564632532493761e+02 1.677592867361786810e-01 8.420446811055130638e+02 4.928302460356908144e-27 4.233335027759809772e-27 2.245632496962039476e-27 3.074282776131872508e-01 3.938554259125816320e-27 1.000000000000000000e+00 0.000000000000000000e+00 0.000000000000000000e+00 0.000000000000000000e+00 1.000000000000000000e+00 1.000000000000000000e+10 0.000000000000000000e+00 0.000000000000000000e+00 0.000000000000000000e+00 1.000000000000000000e+10
1.803842016362447453e-01 6.481631550336580858e+02 2.705023690911866652e+02 2.047399993172822406e+02 1.680562926930967704e-01 6.031107068758352625e+02 3.388413291522536210e-27 3.078127038642596062e-27 1.366551200132683401e-27 3.302758261969140352e-01 2.500648655835576080e-27 1.000000000000000000e+00 0.000000000000000000e+00 0.000000000000000000e+00 0.000000000000000000e+00 1.000000000000000000e+00 1.000000000000000000e+10 0.000000000000000000e+00 0.000000000000000000e+00 0.000000000000000000e+00 1.000000000000000000e+10
2.080351397048574025e-01 4.615992156664462982e+02 2.010250778445638389e+02 1.482195249946741455e+02 1.697157780654738324e-01 4.283444425790269179e+02 2.354438568636805444e-27 2.177839262143001868e-27 1.036358074490581982e-27 3.565274231016870021e-01 1.744277837781610701e-27 1.000000000000000000e+00 0.000000000000000000e+00 0.000000000000000000e+00 0.000000000000000000e+00 1.000000000000000000e+00 1.000000000000000000e+10 0.000000000000000000e+00 0.000000000000000000e+00 0.000000000000000000e+00 1.000000000000000000e+10
2.399246661262133540e-01 3.339169437332172947e+02 1.753259281940481173e+02 1.020319656640430992e+02 1.800775244651224016e-01 3.004843063348197347e+02 1.690669517982196876e-27 1.704656484433093778e-27 5.815797729916387664e-28 3.888722268298875906e-01 1.046826589428797687e-27 1.000000000000000000e+00 0.000000000000000000e+00 0.000000000000000000e+00 0.000000000000000000e+00 1.000000000000000000e+00 1.000000000000000000e+10 0.000000000000000000e+00 0.000000000000000000e+00 0.000000000000000000e+00 1.000000000000000000e+10
2.767025104385807399e-01 2.430689535938712424e+02 1.367498045524333179e+02 7.088676135069380280e+01 1.888852432113480029e-01 2.103724388017520255e+02 1.258326026031521635e-27 1.292242260220793647e-27 3.696333576467495222e-28 4.252863802128147297e-01 6.607426839957117670e-28 1.000000000000000000e+00 0.000000000000000000e+00 0.000000000000000000e+00 0.000000000000000000e+00 1.000000000000000000e+00 1.000000000000000000e+10 0.000000000000000000e+00 0.000000000000000000e+00 0.000000000000000000e+00 1.000000000000000000e+10
3.191179986585286343e-01 1.783483467098903361e+02 1.176236507466287549e+02 5.133190442155546407e+01 1.996580524286585834e-01 1.493749718561996929e+02 9.999527335709995649e-28 1.108514469439437813e-27 2.700897897071676191e-28 4.677439732363504188e-01 4.548706830034715815e-28 1.000000000000000000e+00 0.000000000000000000e+00 0.000000000000000000e+00 0.000000000000000000e+00 1.000000000000000000e+00 1.000000000000000000e+10 0.000000000000000000e+00 0.000000000000000000e+00 0.000000000000000000e+00 1.000000000000000000e+10
3.680353203388414540e-01 1.340896336556938593e+02 8.928234090318198923e+01 4.208981302924945567e+01 2.196900726679663352e-01 1.122507684283868343e+02 8.898722195609544764e-28 9.030398913039470053e-28 2.022668460628573176e-28 5.283168923618839496e-01 3.077658332846304164e-28 1.000000000000000000e+00 0.000000000000000000e+00 0.000000000000000000e+00 0.000000000000000000e+00 1.000000000000000000e+00 1.000000000000000000e+10 0.000000000000000000e+00 0.000000000000000000e+00 0.000000000000000000e+00 1.000000000000000000e+10
4.244511359005219142e-01 1.135376696699868830e+02 7.992465284504507395e+01 3.525567196680987081e+01 2.653148197511176476e-01 8.454155631384440994e+01 8.889640875395925002e-28 9.619093232674283593e-28 1.480621157581036147e-28 6.129185071827647491e-01 2.149786389192260103e-28 1.000000000000000000e+00 0.000000000000000000e+00 0.000000000000000000e+00 0.000000000000000000e+00 1.000000000000000000e+00 1.000000000000000000e+10 0.000000000000000000e+00 0.000000000000000000e+00 0.000000000000000000e+00 1.000000000000000000e+10
4.895148829774688681e-01 9.546215770791731359e+01 7.806314575835526171e+01 2.934460848136900069e+01 2.975440925390872016e-01 6.672630089716906809e+01 9.078774000440136880e-28 7.485364355567221187e-28 1.121368330201260838e-28 6.977774769818824163e-01 1.526043828688451114e-28 1.000000000000000000e+00 0.000000000000000000e+00 0.000000000000000000e+00 0.000000000000000000e+00 1.000000000000000000e+00 1.000000000000000000e+10 0.000000000000000000e+00 0.000000000000000000e+00 0.000000000000000000e+00 1.000000000000000000e+10
5.645521955031491679e-01 8.414965194962979922e+01 8.044371511648179762e+01 2.403509768528084578e+01 3.304901270381752076e-01 5.322552870288708249e+01 9.079877238598204400e-28 9.354481870473120297e-28 8.818673250119652028e-29 7.769767763645999414e-01 1.134884141145191081e-28 1.000000000000000000e+00 0.000000000000000000e+00 0.000000000000000000e+00 0.000000000000000000e+00 1.000000000000000000e+00 1.000000000000000000e+10 0.000000000000000000e+00 0.000000000000000000e+00 0.000000000000000000e+00 1.000000000000000000e+10
6.510919126887823039e-01 7.231595155282604992e+01 8.407260980597915534e+01 1.894207980924611334e+01 3.414351657819442165e-01 4.306635940455738876e+01 8.580865340399030475e-28 9.588965235058832187e-28 6.926914937266881042e-29 8.312057596366937418e-01 8.905587783481460279e-29 1.000000000000000000e+00 0.000000000000000000e+00 0.000000000000000000e+00 0.000000000000000000e+00 1.000000000000000000e+00 1.000000000000000000e+10 0.000000000000000000e+00 0.000000000000000000e+00 0.000000000000000000e+00 1.000000000000000000e+10
7.508972281844089602e-01 6.091670691771653878e+01 6.587844522693934834e+01 1.721967237362155245e+01 3.376254390170811415e-01 3.696159519521408754e+01 8.003095650488252004e-28 8.208992557240142078e-28 5.844482218014891580e-29 8.623516891499184434e-01 7.344838445074395345e-29 1.000000000000000000e+00 0.000000000000000000e+00 0.000000000000000000e+00 0.000000000000000000e+00 1.000000000000000000e+00 1.000000000000000000e+10 0.000000000000000000e+00 0.000000000000000000e+00 0.000000000000000000e+00 1.000000000000000000e+10
8.660016140678794550e-01 5.078542397460273605e+01 4.214360831737987922e+01 1.342651903060399121e+01 3.250376277139505055e-01 3.144680881170283016e+01 7.665186456629327687e-28 6.486366767381759836e-28 5.167469520183830455e-29 8.712388841519767002e-01 6.405915103921004999e-29 1.000000000000000000e+00 0.000000000000000000e+00 0.000000000000000000e+00 0.000000000000000000e+00 1.000000000000000000e+00 1.000000000000000000e+10 0.000000000000000000e+00 0.000000000000000000e+00 0.000000000000000000e+00 1.000000000000000000e+10
9.987502515910116063e-01 4.626065116703826874e+01 5.414338971307419257e+01 1.476435728531039793e+01 3.278481610247104272e-01 3.069026501700140130e+01 8.074673092085586350e-28 7.543852189584117657e-28 5.810015638261073784e-29 8.922268486375001251e-01 6.926571078123751140e-29 1.000000000000000000e+00 0.000000000000000000e+00 0.000000000000000000e+00 0.000000000000000000e+00 1.000000000000000000e+00 1.000000000000000000e+10 0.000000000000000000e+00 0.000000000000000000e+00 0.000000000000000000e+00 1.000000000000000000e+10
1.151847812808953542e+00 4.466256441434640578e+01 4.455449390108932306e+01 1.523203939858736966e+01 3.330490182940683552e-01 3.058607276037277956e+01 1.008799893643539375e-27 7.592718855263001049e-28 5.569182027575132431e-29 9.024216356342908973e-01 6.538761728370555983e-29 1.000000000000000000e+00 0.000000000000000000e+00 0.000000000000000000e+00 0.000000000000000000e+00 1.000000000000000000e+00 1.000000000000000000e+10 0.000000000000000000e+00 0.000000000000000000e+00 0.000000000000000000e+00 1.000000000000000000e+10
1.328413566614123908e+00 4.100156759892448122e+01 4.301683885966806997e+01 1.297493457913583192e+01 3.195556983531794848e-01 2.749206476185648285e+01 1.319766712994525343e-27 7.041874957282764170e-28 5.915859312288253792e-29 8.744003632011141391e-01 7.126988613308007624e-29 1.000000000000000000e+00 0.000000000000000000e+00 0.000000000000000000e+00 0.000000000000000000e+00 1.000000000000000000e+00 1.000000000000000000e+10 0.000000000000000000e+00 0.000000000000000000e+00 0.000000000000000000e+00 1.000000000000000000e+10
1.532044931926391351e+00 3.888941727094090339e+01 3.364684754250360754e+01 1.389811551376662457e+01 3.102086612318054049e-01 2.714218273924102931e+01 1.887543419600940000e-27 7.186127470997583050e-28 6.937579803259376921e-29 8.567366125140982724e-01 8.166543454396209144e-29 1.000000000000000000e+00 0.000000000000000000e+00 0.000000000000000000e+00 0.000000000000000000e+00 1.000000000000000000e+00 1.000000000000000000e+10 0.000000000000000000e+00 0.000000000000000000e+00 0.000000000000000000e+00 1.000000000000000000e+10
1.766890772896739126e+00 3.796803671037572059e+01 2.700381399962410001e+01 1.224160265815630666e+01 3.082014806742984780e-01 2.620207575614788453e+01 1.856088076913795189e-27 5.329243757224840516e-28 7.248396673977030433e-29 8.513022577478127628e-01 8.606265999806472750e-29 1.000000000000000000e+00 0.000000000000000000e+00 0.000000000000000000e+00 0.000000000000000000e+00 1.000000000000000000e+00 1.000000000000000000e+10 0.000000000000000000e+00 0.000000000000000000e+00 0.000000000000000000e+00 1.000000000000000000e+10
2.037735929469222107e+00 3.392171105174369217e+01 2.553891329912637076e+01 1.187616755762429577e+01 2.957466206128242514e-01 2.460430214910396529e+01 1.258509751727254617e-27 5.941112756806192898e-28 7.935188731499486290e-29 8.435182856470341273e-01 9.134239387016634986e-29 1.000000000000000000e+00 0.000000000000000000e+00 0.000000000000000000e+00 0.000000000000000000e+00 1.000000000000000000e+00 1.000000000000000000e+10 0.000000000000000000e+00 0.000000000000000000e+00 0.000000000000000000e+00 1.000000000000000000e+10
2.350098705559579226e+00 3.048763490215016603e+01 2.288642689813745079e+01 1.056592559011842347e+01 2.787314179297861738e-01 2.356578380468267397e+01 9.818889176289845621e-28 4.296571576444839289e-28 1.047819846376513563e-28 8.348814621703152250e-01 1.184911455217175051e-28 1.000000000000000000e+00 0.000000000000000000e+00 0.000000000000000000e+00 0.000000000000000000e+00 1.000000000000000000e+00 1.000000000000000000e+10 0.000000000000000000e+00 0.000000000000000000e+00 0.000000000000000000e+00 1.000000000000000000e+10
