# R (Mpc), mean rho (Msol/kpc^3), errup (Msol/kpc^3), errlow, std, median rho (Msol/kpc^3), mean pth (Msol/kpc/s^2), errup(Msol/kpc/s^2), errlow, std, median pth (Msol/kpc/s^2), mean gas-mass-weighted metal (fraction), errup, errlow, std, median metal, mean gas-mass-weighted temp (K), errup, errlow, std, median temp  
#  nprofs 193, mean mh 209240153811.697266, median mh 202314325388.631409 
#  Mass range 11.00 - 11.5
1.040961082911032697e-02 1.876304993392381875e+05 1.170822576099274447e+05 8.176147640498384135e+04 2.463739981960655634e-01 1.706614646708233049e+05 1.172746860661378769e-25 1.955007443754086832e-25 1.785508593035538248e-26 5.223911637413073406e-01 3.651679019471838055e-26 1.000000000000000000e+00 0.000000000000000000e+00 0.000000000000000000e+00 0.000000000000000000e+00 1.000000000000000000e+00 1.000000000000000000e+10 0.000000000000000000e+00 0.000000000000000000e+00 0.000000000000000000e+00 1.000000000000000000e+10
1.200529105910367808e-02 1.429344831139985472e+05 1.149489564681717311e+05 5.479739928688532382e+04 2.679067866437843670e-01 1.196316403550738760e+05 9.884075724416959848e-26 1.340448969856353983e-25 2.868044820019145418e-26 4.878250903575752639e-01 4.539144745031711346e-26 1.000000000000000000e+00 0.000000000000000000e+00 0.000000000000000000e+00 0.000000000000000000e+00 1.000000000000000000e+00 1.000000000000000000e+10 0.000000000000000000e+00 0.000000000000000000e+00 0.000000000000000000e+00 1.000000000000000000e+10
1.384557172980430476e-02 1.062458646784147859e+05 6.363229393392935162e+04 4.837857894542266877e+04 2.573205062666206744e-01 9.528090549210394965e+04 8.564956234803494893e-26 9.908958677333627729e-26 2.904158580212961180e-26 4.198407079828969657e-01 4.877244457024810585e-26 1.000000000000000000e+00 0.000000000000000000e+00 0.000000000000000000e+00 0.000000000000000000e+00 1.000000000000000000e+00 1.000000000000000000e+10 0.000000000000000000e+00 0.000000000000000000e+00 0.000000000000000000e+00 1.000000000000000000e+10
1.596794743096121086e-02 7.830983739922234963e+04 4.490400117225799477e+04 3.652095337442312302e+04 2.627292794730865522e-01 7.155313242133782478e+04 7.352408738003723824e-26 7.787695872538564142e-26 3.258191851658531362e-26 3.960276932367708391e-01 5.004538157699366878e-26 1.000000000000000000e+00 0.000000000000000000e+00 0.000000000000000000e+00 0.000000000000000000e+00 1.000000000000000000e+00 1.000000000000000000e+10 0.000000000000000000e+00 0.000000000000000000e+00 0.000000000000000000e+00 1.000000000000000000e+10
1.841566026551830909e-02 5.778286138860800565e+04 4.565848416901811288e+04 2.591946173534113404e+04 2.789220709315890501e-01 4.943596248375534924e+04 6.655118076652873236e-26 6.774793211984876827e-26 2.126899686847740800e-26 3.612872592054654497e-01 4.292403793781343038e-26 1.000000000000000000e+00 0.000000000000000000e+00 0.000000000000000000e+00 0.000000000000000000e+00 1.000000000000000000e+00 1.000000000000000000e+10 0.000000000000000000e+00 0.000000000000000000e+00 0.000000000000000000e+00 1.000000000000000000e+10
2.123858088093512342e-02 3.913570452341603959e+04 3.186677752262871218e+04 1.606351760203254526e+04 2.846033656999597539e-01 3.265390292301317822e+04 4.918584736246728840e-26 3.685233057000190477e-26 1.989843797172795465e-26 3.337239475865301230e-01 3.738758182072745011e-26 1.000000000000000000e+00 0.000000000000000000e+00 0.000000000000000000e+00 0.000000000000000000e+00 1.000000000000000000e+00 1.000000000000000000e+10 0.000000000000000000e+00 0.000000000000000000e+00 0.000000000000000000e+00 1.000000000000000000e+10
2.449422455303571639e-02 2.705822956008682377e+04 2.016399191305496424e+04 9.720114470104612337e+03 2.660493095433580923e-01 2.206569288729974869e+04 4.313266934980956323e-26 3.174872983395405320e-26 1.698582100933825782e-26 2.955544706552575840e-01 3.421464005562821642e-26 1.000000000000000000e+00 0.000000000000000000e+00 0.000000000000000000e+00 0.000000000000000000e+00 1.000000000000000000e+00 1.000000000000000000e+10 0.000000000000000000e+00 0.000000000000000000e+00 0.000000000000000000e+00 1.000000000000000000e+10
2.824892302447100725e-02 1.878293856930218681e+04 1.432521280040372039e+04 7.290744766978027656e+03 2.634225955839213928e-01 1.536461773983844432e+04 3.360483619759667693e-26 2.170083182465401506e-26 1.251727571086824145e-26 2.669389193274873118e-01 2.811769521539838349e-26 1.000000000000000000e+00 0.000000000000000000e+00 0.000000000000000000e+00 0.000000000000000000e+00 1.000000000000000000e+00 1.000000000000000000e+10 0.000000000000000000e+00 0.000000000000000000e+00 0.000000000000000000e+00 1.000000000000000000e+10
3.257917597328415654e-02 1.308505697168547340e+04 8.856603301075858326e+03 4.523149603393109828e+03 2.633219922500518173e-01 1.109048416003901730e+04 2.996007178486990238e-26 1.767483248558729660e-26 1.098033548995824924e-26 2.636590427278202586e-01 2.457555239767098276e-26 1.000000000000000000e+00 0.000000000000000000e+00 0.000000000000000000e+00 0.000000000000000000e+00 1.000000000000000000e+00 1.000000000000000000e+10 0.000000000000000000e+00 0.000000000000000000e+00 0.000000000000000000e+00 1.000000000000000000e+10
3.757320964692217186e-02 8.863296221422267990e+03 5.050578102796572239e+03 3.105597813295061314e+03 2.309609094501854920e-01 7.727139863269031594e+03 2.358838274811583605e-26 1.264712766015685631e-26 7.740870771739236785e-27 2.484127588008737397e-01 1.953343334753063619e-26 1.000000000000000000e+00 0.000000000000000000e+00 0.000000000000000000e+00 0.000000000000000000e+00 1.000000000000000000e+00 1.000000000000000000e+10 0.000000000000000000e+00 0.000000000000000000e+00 0.000000000000000000e+00 1.000000000000000000e+10
4.333277441790538143e-02 6.154127236594971691e+03 3.867796459049248369e+03 1.982225702544367778e+03 2.108461162697985170e-01 5.316376232805716427e+03 1.891614392441721132e-26 1.023317202674051781e-26 6.740758838545084451e-27 2.341449499391431155e-01 1.639408637309155118e-26 1.000000000000000000e+00 0.000000000000000000e+00 0.000000000000000000e+00 0.000000000000000000e+00 1.000000000000000000e+00 1.000000000000000000e+10 0.000000000000000000e+00 0.000000000000000000e+00 0.000000000000000000e+00 1.000000000000000000e+10
4.997521788524898756e-02 4.701911642998851676e+03 2.906288429363520663e+03 1.353567728780141351e+03 1.957542558674940647e-01 4.083981795096235146e+03 1.607849164416533110e-26 8.962156920469557851e-27 5.554854836036118073e-27 2.298393087627081388e-01 1.379790816526979730e-26 1.000000000000000000e+00 0.000000000000000000e+00 0.000000000000000000e+00 0.000000000000000000e+00 1.000000000000000000e+00 1.000000000000000000e+10 0.000000000000000000e+00 0.000000000000000000e+00 0.000000000000000000e+00 1.000000000000000000e+10
5.763587575980636674e-02 3.560689069743277742e+03 1.941005654249589497e+03 1.042053132464159717e+03 1.820374273818045618e-01 3.117518211658198197e+03 1.260146377664721891e-26 7.326670800402367564e-27 3.508226066636686661e-27 2.305366790454788650e-01 1.027938403415423952e-26 1.000000000000000000e+00 0.000000000000000000e+00 0.000000000000000000e+00 0.000000000000000000e+00 1.000000000000000000e+00 1.000000000000000000e+10 0.000000000000000000e+00 0.000000000000000000e+00 0.000000000000000000e+00 1.000000000000000000e+10
6.647082924635627776e-02 2.809374552103779479e+03 1.279045720868087301e+03 8.379913193152049189e+02 1.641556489729710244e-01 2.660966861340780724e+03 9.958383620669765710e-27 6.034172400147778079e-27 3.520057048777260159e-27 2.300912005414884332e-01 8.595582970905825636e-27 1.000000000000000000e+00 0.000000000000000000e+00 0.000000000000000000e+00 0.000000000000000000e+00 1.000000000000000000e+00 1.000000000000000000e+10 0.000000000000000000e+00 0.000000000000000000e+00 0.000000000000000000e+00 1.000000000000000000e+10
7.666008510240249207e-02 2.159557152773992129e+03 1.008926706106349911e+03 6.455255631245806853e+02 1.696106850200040372e-01 1.982230489007547703e+03 7.545790015447129060e-27 4.707308197860145845e-27 2.329400399591101693e-27 2.377379299662830958e-01 6.076839247344065209e-27 1.000000000000000000e+00 0.000000000000000000e+00 0.000000000000000000e+00 0.000000000000000000e+00 1.000000000000000000e+00 1.000000000000000000e+10 0.000000000000000000e+00 0.000000000000000000e+00 0.000000000000000000e+00 1.000000000000000000e+10
8.841124316543315376e-02 1.690969727468925385e+03 8.089433229731662323e+02 4.780003905254204710e+02 1.657408828089298736e-01 1.534070355667814056e+03 5.819750170712495035e-27 3.757156300486129698e-27 1.906610946904543890e-27 2.532503891403272700e-01 4.616449181867730214e-27 1.000000000000000000e+00 0.000000000000000000e+00 0.000000000000000000e+00 0.000000000000000000e+00 1.000000000000000000e+00 1.000000000000000000e+10 0.000000000000000000e+00 0.000000000000000000e+00 0.000000000000000000e+00 1.000000000000000000e+10
1.019637260722580097e-01 1.333345501094309384e+03 5.513960128953524418e+02 4.160179207785211020e+02 1.626690583540783552e-01 1.245124114210515017e+03 4.375693099713234255e-27 3.122314218676863240e-27 1.524394327723131232e-27 2.618648749914576079e-01 3.499445894920942320e-27 1.000000000000000000e+00 0.000000000000000000e+00 0.000000000000000000e+00 0.000000000000000000e+00 1.000000000000000000e+00 1.000000000000000000e+10 0.000000000000000000e+00 0.000000000000000000e+00 0.000000000000000000e+00 1.000000000000000000e+10
1.175936573483598035e-01 1.016676767406846125e+03 3.905620933891209461e+02 3.095540770412038682e+02 1.564105712262782721e-01 9.553471078927514100e+02 3.177472899028278622e-27 2.245544476368654043e-27 1.213511309543735670e-27 2.670989518419264463e-01 2.579795175405328936e-27 1.000000000000000000e+00 0.000000000000000000e+00 0.000000000000000000e+00 0.000000000000000000e+00 1.000000000000000000e+00 1.000000000000000000e+10 0.000000000000000000e+00 0.000000000000000000e+00 0.000000000000000000e+00 1.000000000000000000e+10
1.356194872553388164e-01 7.904036510295995868e+02 2.826062311634935895e+02 2.423834610141352641e+02 1.613153752394573814e-01 7.566816059366602758e+02 2.373308436090944104e-27 1.923510920114657802e-27 8.092537461981782890e-28 2.881947150647014566e-01 1.820877686522215210e-27 1.000000000000000000e+00 0.000000000000000000e+00 0.000000000000000000e+00 0.000000000000000000e+00 1.000000000000000000e+00 1.000000000000000000e+10 0.000000000000000000e+00 0.000000000000000000e+00 0.000000000000000000e+00 1.000000000000000000e+10
1.564084810196403053e-01 6.071643857732397009e+02 2.541797510451635844e+02 1.553328104428967436e+02 1.558811027929619120e-01 5.562497542056718203e+02 1.762573080207262495e-27 1.495520266317194946e-27 5.774025286704353679e-28 3.048396892252830948e-01 1.258878654272111013e-27 1.000000000000000000e+00 0.000000000000000000e+00 0.000000000000000000e+00 0.000000000000000000e+00 1.000000000000000000e+00 1.000000000000000000e+10 0.000000000000000000e+00 0.000000000000000000e+00 0.000000000000000000e+00 1.000000000000000000e+10
1.803842016362447453e-01 4.698273378022396969e+02 1.931328661885198699e+02 1.115133485527876473e+02 1.623013070497566490e-01 4.188169084544678071e+02 1.341696721675226984e-27 9.616482193372456289e-28 4.016125253934187881e-28 3.332037515706512965e-01 8.753678703057952203e-28 1.000000000000000000e+00 0.000000000000000000e+00 0.000000000000000000e+00 0.000000000000000000e+00 1.000000000000000000e+00 1.000000000000000000e+10 0.000000000000000000e+00 0.000000000000000000e+00 0.000000000000000000e+00 1.000000000000000000e+10
2.080351397048574025e-01 3.690435658068401494e+02 1.563730733499266421e+02 1.114366956979716008e+02 1.789272329437607834e-01 3.282977409219647029e+02 1.055590411002440049e-27 8.556756668333116520e-28 3.293145573608023282e-28 3.709004756859901608e-01 6.206272976612741797e-28 1.000000000000000000e+00 0.000000000000000000e+00 0.000000000000000000e+00 0.000000000000000000e+00 1.000000000000000000e+00 1.000000000000000000e+10 0.000000000000000000e+00 0.000000000000000000e+00 0.000000000000000000e+00 1.000000000000000000e+10
2.399246661262133540e-01 2.835489253128207565e+02 1.364573041408070537e+02 7.915695671516954235e+01 1.886742493675793997e-01 2.442733343129370098e+02 8.459779098449974830e-28 7.625653879302611795e-28 2.292552111650643989e-28 4.105835508165028847e-01 4.262046471748435225e-28 1.000000000000000000e+00 0.000000000000000000e+00 0.000000000000000000e+00 0.000000000000000000e+00 1.000000000000000000e+00 1.000000000000000000e+10 0.000000000000000000e+00 0.000000000000000000e+00 0.000000000000000000e+00 1.000000000000000000e+10
2.767025104385807399e-01 2.210911460193433982e+02 1.221662392106768209e+02 5.648634278505552686e+01 1.967483892041606841e-01 1.822001760554781242e+02 7.025600059447861596e-28 6.754388506868380442e-28 1.613605086403153199e-28 4.512160923425397874e-01 2.920149601472809090e-28 1.000000000000000000e+00 0.000000000000000000e+00 0.000000000000000000e+00 0.000000000000000000e+00 1.000000000000000000e+00 1.000000000000000000e+10 0.000000000000000000e+00 0.000000000000000000e+00 0.000000000000000000e+00 1.000000000000000000e+10
3.191179986585286343e-01 1.771624832072626816e+02 1.109468151310994415e+02 4.776858053878545718e+01 2.158876792554950130e-01 1.437493840284819271e+02 6.090817807646655087e-28 6.266698780493508449e-28 1.098279211897608518e-28 4.983194137608602525e-01 2.071919077992275789e-28 1.000000000000000000e+00 0.000000000000000000e+00 0.000000000000000000e+00 0.000000000000000000e+00 1.000000000000000000e+00 1.000000000000000000e+10 0.000000000000000000e+00 0.000000000000000000e+00 0.000000000000000000e+00 1.000000000000000000e+10
3.680353203388414540e-01 1.473192674081323332e+02 8.474906003757953954e+01 3.252202399807372046e+01 2.364140564997971317e-01 1.085128106850368113e+02 6.049338370070430553e-28 4.603871472602697698e-28 8.311268216271564781e-29 5.521483653774400535e-01 1.502367583842954009e-28 1.000000000000000000e+00 0.000000000000000000e+00 0.000000000000000000e+00 0.000000000000000000e+00 1.000000000000000000e+00 1.000000000000000000e+10 0.000000000000000000e+00 0.000000000000000000e+00 0.000000000000000000e+00 1.000000000000000000e+10
4.244511359005219142e-01 1.265035274164892058e+02 8.202764986830810301e+01 2.923711075629802991e+01 2.623115284506893352e-01 8.799320863282936500e+01 6.658823135786125238e-28 3.884508656749357736e-28 7.441925546327998635e-29 6.130966429458237776e-01 1.175553056786652379e-28 1.000000000000000000e+00 0.000000000000000000e+00 0.000000000000000000e+00 0.000000000000000000e+00 1.000000000000000000e+00 1.000000000000000000e+10 0.000000000000000000e+00 0.000000000000000000e+00 0.000000000000000000e+00 1.000000000000000000e+10
4.895148829774688681e-01 1.084778045525916781e+02 6.279723583318268254e+01 2.494924034473280727e+01 2.867695236034331630e-01 7.032274525540061916e+01 6.782461543636801520e-28 3.982527769442466171e-28 5.396704665111910383e-29 6.717725333719951619e-01 8.330334575880796165e-29 1.000000000000000000e+00 0.000000000000000000e+00 0.000000000000000000e+00 0.000000000000000000e+00 1.000000000000000000e+00 1.000000000000000000e+10 0.000000000000000000e+00 0.000000000000000000e+00 0.000000000000000000e+00 1.000000000000000000e+10
5.645521955031491679e-01 9.378622007141231620e+01 6.327354569711336296e+01 2.077112397014705891e+01 3.103917670034271881e-01 5.605376118490215731e+01 6.767276214350480049e-28 5.352551962895298045e-28 4.132379787585406484e-29 7.299262369406791517e-01 6.360870646794469726e-29 1.000000000000000000e+00 0.000000000000000000e+00 0.000000000000000000e+00 0.000000000000000000e+00 1.000000000000000000e+00 1.000000000000000000e+10 0.000000000000000000e+00 0.000000000000000000e+00 0.000000000000000000e+00 1.000000000000000000e+10
6.510919126887823039e-01 8.012472718148589479e+01 6.375573917825527559e+01 1.778181902072718756e+01 3.261607075263625588e-01 4.624992132402451972e+01 6.707571264238780236e-28 4.418579491468944206e-28 3.522517354441365506e-29 7.833817941720273570e-01 5.033017845842888019e-29 1.000000000000000000e+00 0.000000000000000000e+00 0.000000000000000000e+00 0.000000000000000000e+00 1.000000000000000000e+00 1.000000000000000000e+10 0.000000000000000000e+00 0.000000000000000000e+00 0.000000000000000000e+00 1.000000000000000000e+10
7.508972281844089602e-01 6.752941996005922931e+01 6.110737131050851190e+01 1.593024107881906204e+01 3.268481398436453578e-01 3.962265393086696008e+01 5.483344351556508493e-28 4.673243109013456433e-28 3.103844440527003878e-29 8.239749929866698741e-01 4.275645730390446096e-29 1.000000000000000000e+00 0.000000000000000000e+00 0.000000000000000000e+00 0.000000000000000000e+00 1.000000000000000000e+00 1.000000000000000000e+10 0.000000000000000000e+00 0.000000000000000000e+00 0.000000000000000000e+00 1.000000000000000000e+10
8.660016140678794550e-01 6.006892675000826642e+01 7.064420019915954185e+01 1.423757469737039827e+01 3.425390727692340098e-01 3.505042205629894880e+01 4.473254875818537992e-28 5.572870387442331155e-28 3.747225365248590381e-29 8.729891401127620743e-01 4.637424329647809213e-29 1.000000000000000000e+00 0.000000000000000000e+00 0.000000000000000000e+00 0.000000000000000000e+00 1.000000000000000000e+00 1.000000000000000000e+10 0.000000000000000000e+00 0.000000000000000000e+00 0.000000000000000000e+00 1.000000000000000000e+10
9.987502515910116063e-01 5.277445552990837285e+01 6.036417335392674488e+01 1.540506571365791189e+01 3.383150544126381498e-01 3.316697579937518015e+01 4.451514743351978783e-28 5.597331065946276483e-28 3.478899302147370130e-29 8.986224313904361827e-01 4.213293333999920134e-29 1.000000000000000000e+00 0.000000000000000000e+00 0.000000000000000000e+00 0.000000000000000000e+00 1.000000000000000000e+00 1.000000000000000000e+10 0.000000000000000000e+00 0.000000000000000000e+00 0.000000000000000000e+00 1.000000000000000000e+10
1.151847812808953542e+00 4.731848623580311397e+01 5.383239513322966729e+01 1.411242464789196305e+01 3.314996176759773538e-01 3.061221501537304235e+01 4.179325695300376978e-28 4.557998598741575580e-28 2.946402583964913346e-29 8.892061886433796358e-01 3.604728951692845462e-29 1.000000000000000000e+00 0.000000000000000000e+00 0.000000000000000000e+00 0.000000000000000000e+00 1.000000000000000000e+00 1.000000000000000000e+10 0.000000000000000000e+00 0.000000000000000000e+00 0.000000000000000000e+00 1.000000000000000000e+10
1.328413566614123908e+00 4.279598084908970179e+01 3.776972749846855493e+01 1.470845922579825427e+01 3.161606565038286853e-01 3.051605925977045786e+01 4.536504053654439049e-28 3.343183365580657200e-28 3.668425180530561892e-29 8.668651937494914472e-01 4.355730032429296193e-29 1.000000000000000000e+00 0.000000000000000000e+00 0.000000000000000000e+00 0.000000000000000000e+00 1.000000000000000000e+00 1.000000000000000000e+10 0.000000000000000000e+00 0.000000000000000000e+00 0.000000000000000000e+00 1.000000000000000000e+10
1.532044931926391351e+00 4.114366695026675558e+01 3.664062522791522269e+01 1.288289843775601362e+01 3.169073885491363041e-01 2.774535674981379429e+01 6.847248912522338899e-28 3.696893298021915853e-28 3.182851656259616094e-29 8.875675617203649947e-01 3.852753985392690377e-29 1.000000000000000000e+00 0.000000000000000000e+00 0.000000000000000000e+00 0.000000000000000000e+00 1.000000000000000000e+00 1.000000000000000000e+10 0.000000000000000000e+00 0.000000000000000000e+00 0.000000000000000000e+00 1.000000000000000000e+10
1.766890772896739126e+00 3.949509217680103745e+01 3.026985217055327126e+01 1.262258817916515419e+01 3.111142493198948977e-01 2.663284754183211334e+01 1.163673985341453775e-27 3.878527078838577911e-28 3.649664090006031814e-29 8.899066610715095083e-01 4.296283779998879139e-29 1.000000000000000000e+00 0.000000000000000000e+00 0.000000000000000000e+00 0.000000000000000000e+00 1.000000000000000000e+00 1.000000000000000000e+10 0.000000000000000000e+00 0.000000000000000000e+00 0.000000000000000000e+00 1.000000000000000000e+10
2.037735929469222107e+00 3.886677673480422612e+01 2.863909771042033725e+01 1.341522214145410530e+01 3.099535854516480837e-01 2.682295289243782577e+01 1.595478535771256076e-27 2.945230053761194621e-28 5.147996103913266151e-29 8.823264861694897210e-01 5.760397708523076399e-29 1.000000000000000000e+00 0.000000000000000000e+00 0.000000000000000000e+00 0.000000000000000000e+00 1.000000000000000000e+00 1.000000000000000000e+10 0.000000000000000000e+00 0.000000000000000000e+00 0.000000000000000000e+00 1.000000000000000000e+10
2.350098705559579226e+00 3.383090274072033310e+01 2.390833333751835355e+01 1.150338758285592355e+01 2.922427929279466374e-01 2.447906220478593653e+01 9.954010095183161506e-28 2.635652708842272549e-28 5.161087057954459382e-29 8.845327747265745444e-01 5.842480260160294118e-29 1.000000000000000000e+00 0.000000000000000000e+00 0.000000000000000000e+00 0.000000000000000000e+00 1.000000000000000000e+00 1.000000000000000000e+10 0.000000000000000000e+00 0.000000000000000000e+00 0.000000000000000000e+00 1.000000000000000000e+10
