# R (Mpc), mean rho (Msol/kpc^3), errup (Msol/kpc^3), errlow, std, median rho (Msol/kpc^3), mean pth (Msol/kpc/s^2), errup(Msol/kpc/s^2), errlow, std, median pth (Msol/kpc/s^2), mean gas-mass-weighted metal (fraction), errup, errlow, std, median metal, mean gas-mass-weighted temp (K), errup, errlow, std, median temp  
#  nprofs 221, mean mh 210955349493.336670, median mh 199065111092.351562 
#  Mass range 11.00 - 11.5
1.040961082911032697e-02 3.291447029294432141e+05 1.685598466938541969e+05 1.180600826700360922e+05 2.130892098760285291e-01 3.030442999257527990e+05 8.300931585669409755e-26 5.204664446529714742e-26 1.973550967659040440e-26 3.481452493256195768e-01 4.834242980484704518e-26 1.000000000000000000e+00 0.000000000000000000e+00 0.000000000000000000e+00 0.000000000000000000e+00 1.000000000000000000e+00 1.000000000000000000e+10 0.000000000000000000e+00 0.000000000000000000e+00 0.000000000000000000e+00 1.000000000000000000e+10
1.200529105910367808e-02 2.653405755379606271e+05 1.220684751139972941e+05 1.002040568160479888e+05 2.028572266339079833e-01 2.545236272498834296e+05 7.434198606969877697e-26 5.102265595269720574e-26 1.657825030932611173e-26 3.312826725628332802e-01 4.301246383669429733e-26 1.000000000000000000e+00 0.000000000000000000e+00 0.000000000000000000e+00 0.000000000000000000e+00 1.000000000000000000e+00 1.000000000000000000e+10 0.000000000000000000e+00 0.000000000000000000e+00 0.000000000000000000e+00 1.000000000000000000e+10
1.384557172980430476e-02 2.120042531543266959e+05 8.807322978262632387e+04 7.988224743864221091e+04 2.039524143516710797e-01 2.075051886994583183e+05 6.841058793254171573e-26 9.109291858678136740e-26 1.813352664652076615e-26 3.344714050970346020e-01 4.189395586455810281e-26 1.000000000000000000e+00 0.000000000000000000e+00 0.000000000000000000e+00 0.000000000000000000e+00 1.000000000000000000e+00 1.000000000000000000e+10 0.000000000000000000e+00 0.000000000000000000e+00 0.000000000000000000e+00 1.000000000000000000e+10
1.596794743096121086e-02 1.614581827698156121e+05 6.491848782108619343e+04 6.744682855741055391e+04 2.170841156201319677e-01 1.584733764769098780e+05 6.486886807249069962e-26 6.682128643591350714e-26 1.440675178897377562e-26 3.390652384467411351e-01 3.749051222652301086e-26 1.000000000000000000e+00 0.000000000000000000e+00 0.000000000000000000e+00 0.000000000000000000e+00 1.000000000000000000e+00 1.000000000000000000e+10 0.000000000000000000e+00 0.000000000000000000e+00 0.000000000000000000e+00 1.000000000000000000e+10
1.841566026551830909e-02 1.185288336621884955e+05 5.240849330534701585e+04 5.177109942595282337e+04 2.287996949303948702e-01 1.131040835175479297e+05 5.142563600537738979e-26 4.454119566495217111e-26 1.673602236691974526e-26 2.985024478247961799e-01 3.701852804316435598e-26 1.000000000000000000e+00 0.000000000000000000e+00 0.000000000000000000e+00 0.000000000000000000e+00 1.000000000000000000e+00 1.000000000000000000e+10 0.000000000000000000e+00 0.000000000000000000e+00 0.000000000000000000e+00 1.000000000000000000e+10
2.123858088093512342e-02 8.233535136593409698e+04 3.960296669871252379e+04 4.108551851357530541e+04 2.269938577256986056e-01 8.065056307366768306e+04 4.277804939923442647e-26 3.860011243277978782e-26 1.322999956254143540e-26 2.833513581804817383e-01 3.210154019807242443e-26 1.000000000000000000e+00 0.000000000000000000e+00 0.000000000000000000e+00 0.000000000000000000e+00 1.000000000000000000e+00 1.000000000000000000e+10 0.000000000000000000e+00 0.000000000000000000e+00 0.000000000000000000e+00 1.000000000000000000e+10
2.449422455303571639e-02 5.549372488435288687e+04 2.940186803225266340e+04 2.424435447283890608e+04 2.431608770942070286e-01 5.193326046743753250e+04 3.614843470658996101e-26 2.331966604413657287e-26 1.356378682574651947e-26 2.607444107926001897e-01 2.980826502474745242e-26 1.000000000000000000e+00 0.000000000000000000e+00 0.000000000000000000e+00 0.000000000000000000e+00 1.000000000000000000e+00 1.000000000000000000e+10 0.000000000000000000e+00 0.000000000000000000e+00 0.000000000000000000e+00 1.000000000000000000e+10
2.824892302447100725e-02 3.412560324836137443e+04 2.727938356153381392e+04 1.226518650701226761e+04 2.435062041748433104e-01 2.816850585424886594e+04 2.891108105692330862e-26 1.924755884116425802e-26 9.661166697249210433e-27 2.467326204919030319e-01 2.388821189198470165e-26 1.000000000000000000e+00 0.000000000000000000e+00 0.000000000000000000e+00 0.000000000000000000e+00 1.000000000000000000e+00 1.000000000000000000e+10 0.000000000000000000e+00 0.000000000000000000e+00 0.000000000000000000e+00 1.000000000000000000e+10
3.257917597328415654e-02 2.002594678467568519e+04 1.537678375632478856e+04 7.230124875579982472e+03 2.447976144259523812e-01 1.693815339063972715e+04 2.452538722140435937e-26 1.341421927658517095e-26 9.579264176638958823e-27 2.438477272037749277e-01 2.096507753209858618e-26 1.000000000000000000e+00 0.000000000000000000e+00 0.000000000000000000e+00 0.000000000000000000e+00 1.000000000000000000e+00 1.000000000000000000e+10 0.000000000000000000e+00 0.000000000000000000e+00 0.000000000000000000e+00 1.000000000000000000e+10
3.757320964692217186e-02 1.166470822771571875e+04 9.450005051984491729e+03 3.648170059727550324e+03 2.443855890121441055e-01 9.319153310724803305e+03 2.000942811752622287e-26 1.283222025156109776e-26 7.322430350123380886e-27 2.311072558635569874e-01 1.712505052067305952e-26 1.000000000000000000e+00 0.000000000000000000e+00 0.000000000000000000e+00 0.000000000000000000e+00 1.000000000000000000e+00 1.000000000000000000e+10 0.000000000000000000e+00 0.000000000000000000e+00 0.000000000000000000e+00 1.000000000000000000e+10
4.333277441790538143e-02 7.036792064379620570e+03 4.288441263859287574e+03 1.985503690393448778e+03 2.132560987751356552e-01 5.949301335403710254e+03 1.677693999390407453e-26 9.635434849880706811e-27 6.318451029419000838e-27 2.108313465625497041e-01 1.505233649832745441e-26 1.000000000000000000e+00 0.000000000000000000e+00 0.000000000000000000e+00 0.000000000000000000e+00 1.000000000000000000e+00 1.000000000000000000e+10 0.000000000000000000e+00 0.000000000000000000e+00 0.000000000000000000e+00 1.000000000000000000e+10
4.997521788524898756e-02 4.509551164806433917e+03 2.254405266868478520e+03 1.342199127892165507e+03 1.925301611895335052e-01 3.957172774530005427e+03 1.358289173122776484e-26 7.059487002563394466e-27 4.776413105222672060e-27 2.088615405533293945e-01 1.203226848177850061e-26 1.000000000000000000e+00 0.000000000000000000e+00 0.000000000000000000e+00 0.000000000000000000e+00 1.000000000000000000e+00 1.000000000000000000e+10 0.000000000000000000e+00 0.000000000000000000e+00 0.000000000000000000e+00 1.000000000000000000e+10
5.763587575980636674e-02 3.144045176384089700e+03 1.513204693805458646e+03 9.413533002004305672e+02 1.735062171510786122e-01 2.841257708687896866e+03 1.073469327278360393e-26 6.616855095629622895e-27 3.523915196039187042e-27 2.078998447059036692e-01 9.260862268158924873e-27 1.000000000000000000e+00 0.000000000000000000e+00 0.000000000000000000e+00 0.000000000000000000e+00 1.000000000000000000e+00 1.000000000000000000e+10 0.000000000000000000e+00 0.000000000000000000e+00 0.000000000000000000e+00 1.000000000000000000e+10
6.647082924635627776e-02 2.364898776789571457e+03 1.169370001263805534e+03 6.019982287097152494e+02 1.679302794352456052e-01 2.108751447811592698e+03 8.366287208319587671e-27 4.768092123195306865e-27 2.931752475922281254e-27 2.101184649169065832e-01 7.297818560814336093e-27 1.000000000000000000e+00 0.000000000000000000e+00 0.000000000000000000e+00 0.000000000000000000e+00 1.000000000000000000e+00 1.000000000000000000e+10 0.000000000000000000e+00 0.000000000000000000e+00 0.000000000000000000e+00 1.000000000000000000e+10
7.666008510240249207e-02 1.880587649613826443e+03 8.283777424418165083e+02 4.834189618067744050e+02 1.743781151515430006e-01 1.662068448168576879e+03 6.440187120329704763e-27 3.471561709907726332e-27 2.579780762935958488e-27 2.236403409452684676e-01 5.827890850241794070e-27 1.000000000000000000e+00 0.000000000000000000e+00 0.000000000000000000e+00 0.000000000000000000e+00 1.000000000000000000e+00 1.000000000000000000e+10 0.000000000000000000e+00 0.000000000000000000e+00 0.000000000000000000e+00 1.000000000000000000e+10
8.841124316543315376e-02 1.469550103664208791e+03 5.540659103052703358e+02 4.231721310779713576e+02 1.768114796066195815e-01 1.325807220119607791e+03 4.896587823827250617e-27 2.804111614319359728e-27 1.790466023551098792e-27 2.376575089652215034e-01 4.208145670570837421e-27 1.000000000000000000e+00 0.000000000000000000e+00 0.000000000000000000e+00 0.000000000000000000e+00 1.000000000000000000e+00 1.000000000000000000e+10 0.000000000000000000e+00 0.000000000000000000e+00 0.000000000000000000e+00 1.000000000000000000e+10
1.019637260722580097e-01 1.111701058205817617e+03 3.940190872843286343e+02 3.414722228224798073e+02 1.659319212633164342e-01 1.034521149502788376e+03 3.593840848688178302e-27 2.195405130105409997e-27 1.507264727661008024e-27 2.554211907463319609e-01 3.133847810165601616e-27 1.000000000000000000e+00 0.000000000000000000e+00 0.000000000000000000e+00 0.000000000000000000e+00 1.000000000000000000e+00 1.000000000000000000e+10 0.000000000000000000e+00 0.000000000000000000e+00 0.000000000000000000e+00 1.000000000000000000e+10
1.175936573483598035e-01 8.437323112132075948e+02 3.501813082377171895e+02 2.636827508043829766e+02 1.677056709802630663e-01 7.833151624079933981e+02 2.651331930612149669e-27 1.871804486966723704e-27 1.148983135639118339e-27 2.792407198527380729e-01 2.211539188161765666e-27 1.000000000000000000e+00 0.000000000000000000e+00 0.000000000000000000e+00 0.000000000000000000e+00 1.000000000000000000e+00 1.000000000000000000e+10 0.000000000000000000e+00 0.000000000000000000e+00 0.000000000000000000e+00 1.000000000000000000e+10
1.356194872553388164e-01 6.506857383156301466e+02 2.693162711311086923e+02 1.808726940917348998e+02 1.668599930205797444e-01 5.926384036607252028e+02 1.980674885223124017e-27 1.389414104785267038e-27 7.710984422005420790e-28 3.044299986630175647e-01 1.551679037625577878e-27 1.000000000000000000e+00 0.000000000000000000e+00 0.000000000000000000e+00 0.000000000000000000e+00 1.000000000000000000e+00 1.000000000000000000e+10 0.000000000000000000e+00 0.000000000000000000e+00 0.000000000000000000e+00 1.000000000000000000e+10
1.564084810196403053e-01 4.900444709036903532e+02 1.926783141384417490e+02 1.465413572833159037e+02 1.676471178463342926e-01 4.576929626424973208e+02 1.465169111585956401e-27 1.302320712016714846e-27 5.898075116433866752e-28 3.343104907365891942e-01 1.086228347917095021e-27 1.000000000000000000e+00 0.000000000000000000e+00 0.000000000000000000e+00 0.000000000000000000e+00 1.000000000000000000e+00 1.000000000000000000e+10 0.000000000000000000e+00 0.000000000000000000e+00 0.000000000000000000e+00 1.000000000000000000e+10
1.803842016362447453e-01 3.737150568944196607e+02 1.818873417378190425e+02 1.036325531672706006e+02 1.746792581150200252e-01 3.346177381650130656e+02 1.119693158258791604e-27 1.131227893624039796e-27 4.087786029002229853e-28 3.702251370564781374e-01 7.472038568359283373e-28 1.000000000000000000e+00 0.000000000000000000e+00 0.000000000000000000e+00 0.000000000000000000e+00 1.000000000000000000e+00 1.000000000000000000e+10 0.000000000000000000e+00 0.000000000000000000e+00 0.000000000000000000e+00 1.000000000000000000e+10
2.080351397048574025e-01 2.883469889887526847e+02 1.513234986040651506e+02 7.776758510302903460e+01 1.847929791547850420e-01 2.510333609248939979e+02 8.898928510140902360e-28 1.014521660410250087e-27 2.706465026393819211e-28 4.091876830435098311e-01 4.875542428373843275e-28 1.000000000000000000e+00 0.000000000000000000e+00 0.000000000000000000e+00 0.000000000000000000e+00 1.000000000000000000e+00 1.000000000000000000e+10 0.000000000000000000e+00 0.000000000000000000e+00 0.000000000000000000e+00 1.000000000000000000e+10
2.399246661262133540e-01 2.240034130570774664e+02 1.178448339160367482e+02 5.982001199177429385e+01 1.953312732484028813e-01 1.935762722738660386e+02 7.306941653305829034e-28 9.445166198769610113e-28 2.012998188917871586e-28 4.537390334674240577e-01 3.389296338967213688e-28 1.000000000000000000e+00 0.000000000000000000e+00 0.000000000000000000e+00 0.000000000000000000e+00 1.000000000000000000e+00 1.000000000000000000e+10 0.000000000000000000e+00 0.000000000000000000e+00 0.000000000000000000e+00 1.000000000000000000e+10
2.767025104385807399e-01 1.755208262812341786e+02 9.138644522545206428e+01 5.037448214215974929e+01 2.020630710514505213e-01 1.483084766146264712e+02 6.362540029848641519e-28 8.659310950443160577e-28 1.427537634639365808e-28 5.015916095995497370e-01 2.400374079262858181e-28 1.000000000000000000e+00 0.000000000000000000e+00 0.000000000000000000e+00 0.000000000000000000e+00 1.000000000000000000e+00 1.000000000000000000e+10 0.000000000000000000e+00 0.000000000000000000e+00 0.000000000000000000e+00 1.000000000000000000e+10
3.191179986585286343e-01 1.481261309999008517e+02 1.012229038496684552e+02 3.663647501316245325e+01 2.280665504832133372e-01 1.149422410136086228e+02 5.773568861545610076e-28 8.709682186584296091e-28 1.072079897373999833e-28 5.501811674215008052e-01 1.813649090533806646e-28 1.000000000000000000e+00 0.000000000000000000e+00 0.000000000000000000e+00 0.000000000000000000e+00 1.000000000000000000e+00 1.000000000000000000e+10 0.000000000000000000e+00 0.000000000000000000e+00 0.000000000000000000e+00 1.000000000000000000e+10
3.680353203388414540e-01 1.207391768123761580e+02 9.584718759553027212e+01 3.368823366488043547e+01 2.368506226938861536e-01 9.352558118866602399e+01 5.345286678955243188e-28 8.691299337917026832e-28 9.642547436285851607e-29 6.025435034425032921e-01 1.466690157819503744e-28 1.000000000000000000e+00 0.000000000000000000e+00 0.000000000000000000e+00 0.000000000000000000e+00 1.000000000000000000e+00 1.000000000000000000e+10 0.000000000000000000e+00 0.000000000000000000e+00 0.000000000000000000e+00 1.000000000000000000e+10
4.244511359005219142e-01 1.058548390551251117e+02 9.340221392999632144e+01 2.622329613991651343e+01 2.681934882581103463e-01 7.458386558363338281e+01 5.054761460027181043e-28 8.728522843074914352e-28 8.329567773758504228e-29 6.572525421332385820e-01 1.155575992487893930e-28 1.000000000000000000e+00 0.000000000000000000e+00 0.000000000000000000e+00 0.000000000000000000e+00 1.000000000000000000e+00 1.000000000000000000e+10 0.000000000000000000e+00 0.000000000000000000e+00 0.000000000000000000e+00 1.000000000000000000e+10
4.895148829774688681e-01 8.798786183917015080e+01 7.491538400523197083e+01 2.425443000960220274e+01 2.785065968020898342e-01 6.262457457166994601e+01 4.921660965947675808e-28 7.953426941063480762e-28 8.121474625579608742e-29 7.121516511444347941e-01 1.029961593460299333e-28 1.000000000000000000e+00 0.000000000000000000e+00 0.000000000000000000e+00 0.000000000000000000e+00 1.000000000000000000e+00 1.000000000000000000e+10 0.000000000000000000e+00 0.000000000000000000e+00 0.000000000000000000e+00 1.000000000000000000e+10
5.645521955031491679e-01 7.843504806567021603e+01 6.983319952441604528e+01 2.444916136407904261e+01 2.966098830978701195e-01 5.529116767000528654e+01 4.836554474302447132e-28 7.071322624088611973e-28 7.228301256565767075e-29 7.577757665888964489e-01 9.006796728131168176e-29 1.000000000000000000e+00 0.000000000000000000e+00 0.000000000000000000e+00 0.000000000000000000e+00 1.000000000000000000e+00 1.000000000000000000e+10 0.000000000000000000e+00 0.000000000000000000e+00 0.000000000000000000e+00 1.000000000000000000e+10
6.510919126887823039e-01 6.433630431224949575e+01 5.450206802513274340e+01 1.880182752139442570e+01 2.944366950706338026e-01 4.519742475721589869e+01 4.300349818672444834e-28 6.272325140448205713e-28 6.278749095588918868e-29 7.925306648793418729e-01 7.651736923711758303e-29 1.000000000000000000e+00 0.000000000000000000e+00 0.000000000000000000e+00 0.000000000000000000e+00 1.000000000000000000e+00 1.000000000000000000e+10 0.000000000000000000e+00 0.000000000000000000e+00 0.000000000000000000e+00 1.000000000000000000e+10
7.508972281844089602e-01 5.740080217947404861e+01 5.380813816998437460e+01 1.738063745661778370e+01 2.994617719062565020e-01 4.061605204782861733e+01 4.064501100715786119e-28 5.377433368381725475e-28 6.403444896747200347e-29 8.190609556968962979e-01 7.555486402223079383e-29 1.000000000000000000e+00 0.000000000000000000e+00 0.000000000000000000e+00 0.000000000000000000e+00 1.000000000000000000e+00 1.000000000000000000e+10 0.000000000000000000e+00 0.000000000000000000e+00 0.000000000000000000e+00 1.000000000000000000e+10
8.660016140678794550e-01 5.291002957163146903e+01 5.699227596098435811e+01 1.446565345733025865e+01 3.142276872220343686e-01 3.466029374412718767e+01 4.029114300953500752e-28 5.696147670952240088e-28 6.415571095753414182e-29 8.525506824136871442e-01 7.387343141254647000e-29 1.000000000000000000e+00 0.000000000000000000e+00 0.000000000000000000e+00 0.000000000000000000e+00 1.000000000000000000e+00 1.000000000000000000e+10 0.000000000000000000e+00 0.000000000000000000e+00 0.000000000000000000e+00 1.000000000000000000e+10
9.987502515910116063e-01 4.691342103887460979e+01 4.376491541223908399e+01 1.735913343772091011e+01 3.079344876318004798e-01 3.485430773641436275e+01 4.176504680989138396e-28 4.322358140779559825e-28 7.574073290919376677e-29 8.661127482636467034e-01 8.343785495577534123e-29 1.000000000000000000e+00 0.000000000000000000e+00 0.000000000000000000e+00 0.000000000000000000e+00 1.000000000000000000e+00 1.000000000000000000e+10 0.000000000000000000e+00 0.000000000000000000e+00 0.000000000000000000e+00 1.000000000000000000e+10
1.151847812808953542e+00 4.286861576712384903e+01 4.283514296908516883e+01 1.472336023921166159e+01 3.047865538975380040e-01 3.136387822207552745e+01 4.384526498442626113e-28 4.467075530016264094e-28 7.469980799700513682e-29 8.616903907027024800e-01 8.240058142175430566e-29 1.000000000000000000e+00 0.000000000000000000e+00 0.000000000000000000e+00 0.000000000000000000e+00 1.000000000000000000e+00 1.000000000000000000e+10 0.000000000000000000e+00 0.000000000000000000e+00 0.000000000000000000e+00 1.000000000000000000e+10
1.328413566614123908e+00 3.998858512057760350e+01 3.224010721424622261e+01 1.393234137797049144e+01 2.970361022610568669e-01 2.978933920201330565e+01 5.074885146697643036e-28 4.829193333682975981e-28 6.027936994458996201e-29 8.446695612598491554e-01 6.869985333023589834e-29 1.000000000000000000e+00 0.000000000000000000e+00 0.000000000000000000e+00 0.000000000000000000e+00 1.000000000000000000e+00 1.000000000000000000e+10 0.000000000000000000e+00 0.000000000000000000e+00 0.000000000000000000e+00 1.000000000000000000e+10
1.532044931926391351e+00 3.803205061664725406e+01 2.910092226059107645e+01 1.373831068296391145e+01 2.962666326088157498e-01 2.871819575065647001e+01 7.021614636299219187e-28 4.599345555801777957e-28 6.632366813750570152e-29 8.447087659047131103e-01 7.455411708118158959e-29 1.000000000000000000e+00 0.000000000000000000e+00 0.000000000000000000e+00 0.000000000000000000e+00 1.000000000000000000e+00 1.000000000000000000e+10 0.000000000000000000e+00 0.000000000000000000e+00 0.000000000000000000e+00 1.000000000000000000e+10
1.766890772896739126e+00 3.668645643970369008e+01 2.771848191601950973e+01 1.134817657651882961e+01 2.952107332320273447e-01 2.596592761161732810e+01 1.072628366819854042e-27 3.907326061201157282e-28 7.617947067126094743e-29 8.510704542213372026e-01 8.590917071639547486e-29 1.000000000000000000e+00 0.000000000000000000e+00 0.000000000000000000e+00 0.000000000000000000e+00 1.000000000000000000e+00 1.000000000000000000e+10 0.000000000000000000e+00 0.000000000000000000e+00 0.000000000000000000e+00 1.000000000000000000e+10
2.037735929469222107e+00 3.623355534882605866e+01 2.252828854572075912e+01 1.337146016609337451e+01 3.016714060127699271e-01 2.668263253931477053e+01 1.426824877251750110e-27 2.504988773223044248e-28 9.293555061987861721e-29 8.485839845669550519e-01 1.033345560504152527e-28 1.000000000000000000e+00 0.000000000000000000e+00 0.000000000000000000e+00 0.000000000000000000e+00 1.000000000000000000e+00 1.000000000000000000e+10 0.000000000000000000e+00 0.000000000000000000e+00 0.000000000000000000e+00 1.000000000000000000e+10
2.350098705559579226e+00 3.314511476403781387e+01 2.053083891304518360e+01 1.212937653500249802e+01 2.882934279066001748e-01 2.532195075135389217e+01 1.196222761143647435e-27 2.589175373030597398e-28 8.882617227269738825e-29 8.383236141119470020e-01 9.904428931219518784e-29 1.000000000000000000e+00 0.000000000000000000e+00 0.000000000000000000e+00 0.000000000000000000e+00 1.000000000000000000e+00 1.000000000000000000e+10 0.000000000000000000e+00 0.000000000000000000e+00 0.000000000000000000e+00 1.000000000000000000e+10
