# R (Mpc), mean rho (Msol/kpc^3), errup (Msol/kpc^3), errlow, std, median rho (Msol/kpc^3), mean pth (Msol/kpc/s^2), errup(Msol/kpc/s^2), errlow, std, median pth (Msol/kpc/s^2), mean gas-mass-weighted metal (fraction), errup, errlow, std, median metal, mean gas-mass-weighted temp (K), errup, errlow, std, median temp  
#  nprofs 167, mean mh 537137772572.331299, median mh 484730927000.243286 
#  Mass range 11.50 - 12.0
1.040961082911032697e-02 1.844939958367664949e+05 1.153706342836253752e+05 5.397281188497185940e+04 2.348139305632878093e-01 1.504624790450995497e+05 1.538618637498882492e-25 1.404224545569330331e-25 3.104626572269198647e-26 4.993513609857044844e-01 5.378607098404052005e-26 1.000000000000000000e+00 0.000000000000000000e+00 0.000000000000000000e+00 0.000000000000000000e+00 1.000000000000000000e+00 1.000000000000000000e+10 0.000000000000000000e+00 0.000000000000000000e+00 0.000000000000000000e+00 1.000000000000000000e+10
1.200529105910367808e-02 1.440003897292506008e+05 9.753312310837151017e+04 5.553907171275917790e+04 2.413534600191864221e-01 1.246965598458062450e+05 1.541894093692801181e-25 1.865709390862707341e-25 4.378523894232517794e-26 5.227822287365446741e-01 6.365725835465760374e-26 1.000000000000000000e+00 0.000000000000000000e+00 0.000000000000000000e+00 0.000000000000000000e+00 1.000000000000000000e+00 1.000000000000000000e+10 0.000000000000000000e+00 0.000000000000000000e+00 0.000000000000000000e+00 1.000000000000000000e+10
1.384557172980430476e-02 1.106229479711331951e+05 7.194879465224532760e+04 4.395128559595916886e+04 2.531602476117670308e-01 9.756455276304058498e+04 1.447101746002090752e-25 1.511953258160496872e-25 4.959975151248680134e-26 4.833469619184119215e-01 7.288233336115629490e-26 1.000000000000000000e+00 0.000000000000000000e+00 0.000000000000000000e+00 0.000000000000000000e+00 1.000000000000000000e+00 1.000000000000000000e+10 0.000000000000000000e+00 0.000000000000000000e+00 0.000000000000000000e+00 1.000000000000000000e+10
1.596794743096121086e-02 8.000051567378429172e+04 5.339153300797479460e+04 3.071260917198056995e+04 2.487318684345412034e-01 6.907641401851885894e+04 1.420120754989154458e-25 1.565687281241720530e-25 5.652367604275226702e-26 4.904392473207029313e-01 8.338730540779896597e-26 1.000000000000000000e+00 0.000000000000000000e+00 0.000000000000000000e+00 0.000000000000000000e+00 1.000000000000000000e+00 1.000000000000000000e+10 0.000000000000000000e+00 0.000000000000000000e+00 0.000000000000000000e+00 1.000000000000000000e+10
1.841566026551830909e-02 6.137759533077915694e+04 4.410376394231704035e+04 2.662039892024933579e+04 2.844283902221893534e-01 5.404443103015809174e+04 1.271152518429490581e-25 1.397151918521035969e-25 4.442413626501162651e-26 4.332149865438300052e-01 7.467522956075654181e-26 1.000000000000000000e+00 0.000000000000000000e+00 0.000000000000000000e+00 0.000000000000000000e+00 1.000000000000000000e+00 1.000000000000000000e+10 0.000000000000000000e+00 0.000000000000000000e+00 0.000000000000000000e+00 1.000000000000000000e+10
2.123858088093512342e-02 4.270870581230496464e+04 3.336804553256139479e+04 1.769323164815657219e+04 2.972189817101245080e-01 3.480012039870391163e+04 1.143811950064974593e-25 1.077605220722292083e-25 5.228351827842106442e-26 4.390636492865280238e-01 8.084086645788194317e-26 1.000000000000000000e+00 0.000000000000000000e+00 0.000000000000000000e+00 0.000000000000000000e+00 1.000000000000000000e+00 1.000000000000000000e+10 0.000000000000000000e+00 0.000000000000000000e+00 0.000000000000000000e+00 1.000000000000000000e+10
2.449422455303571639e-02 3.001254708049217516e+04 2.401838473921529658e+04 1.186333337299090817e+04 3.099895891239202728e-01 2.444047477771814010e+04 9.990770273417156097e-26 9.359090654771810694e-26 4.344962808883633709e-26 3.680488112287378932e-01 7.362119277715823043e-26 1.000000000000000000e+00 0.000000000000000000e+00 0.000000000000000000e+00 0.000000000000000000e+00 1.000000000000000000e+00 1.000000000000000000e+10 0.000000000000000000e+00 0.000000000000000000e+00 0.000000000000000000e+00 1.000000000000000000e+10
2.824892302447100725e-02 2.067848557624853129e+04 1.472014894266320516e+04 6.732072727965003651e+03 2.859901404444813444e-01 1.620378777308683311e+04 8.298012091588200296e-26 6.131033033399258768e-26 3.304373769415074253e-26 3.364731352672133968e-01 6.696536875879306218e-26 1.000000000000000000e+00 0.000000000000000000e+00 0.000000000000000000e+00 0.000000000000000000e+00 1.000000000000000000e+00 1.000000000000000000e+10 0.000000000000000000e+00 0.000000000000000000e+00 0.000000000000000000e+00 1.000000000000000000e+10
3.257917597328415654e-02 1.463238927318979950e+04 1.066565577600641154e+04 5.484015364707182925e+03 3.170978799688632943e-01 1.163996963410306307e+04 6.903282835453859149e-26 5.969915600450962429e-26 2.817965747649575946e-26 3.349713901007211336e-01 5.295012929420419254e-26 1.000000000000000000e+00 0.000000000000000000e+00 0.000000000000000000e+00 0.000000000000000000e+00 1.000000000000000000e+00 1.000000000000000000e+10 0.000000000000000000e+00 0.000000000000000000e+00 0.000000000000000000e+00 1.000000000000000000e+10
3.757320964692217186e-02 1.039238889667392687e+04 8.698262132234120145e+03 3.459065149714218023e+03 2.715780963598782849e-01 8.063262909308532471e+03 5.714949458321685433e-26 4.361011765444626459e-26 2.455242780903782468e-26 2.974622188607937145e-01 4.800462490770553609e-26 1.000000000000000000e+00 0.000000000000000000e+00 0.000000000000000000e+00 0.000000000000000000e+00 1.000000000000000000e+00 1.000000000000000000e+10 0.000000000000000000e+00 0.000000000000000000e+00 0.000000000000000000e+00 1.000000000000000000e+10
4.333277441790538143e-02 7.722114400063907851e+03 6.077155675602294650e+03 2.587741357769532442e+03 2.545754372748808558e-01 6.152458972215006725e+03 5.096520320367508087e-26 4.123184727457707387e-26 1.877532267761746476e-26 2.936517200162407915e-01 4.007864917016596986e-26 1.000000000000000000e+00 0.000000000000000000e+00 0.000000000000000000e+00 0.000000000000000000e+00 1.000000000000000000e+00 1.000000000000000000e+10 0.000000000000000000e+00 0.000000000000000000e+00 0.000000000000000000e+00 1.000000000000000000e+10
4.997521788524898756e-02 5.990830919906229610e+03 4.198254761644994687e+03 2.048653670926883024e+03 2.380098220660866182e-01 5.016738545155177235e+03 4.238455498886575630e-26 2.961862323121203643e-26 1.900175095793462530e-26 2.869609989244949477e-01 3.574209885054026145e-26 1.000000000000000000e+00 0.000000000000000000e+00 0.000000000000000000e+00 0.000000000000000000e+00 1.000000000000000000e+00 1.000000000000000000e+10 0.000000000000000000e+00 0.000000000000000000e+00 0.000000000000000000e+00 1.000000000000000000e+10
5.763587575980636674e-02 4.842097252843702336e+03 3.029963721157335385e+03 1.634627435281597627e+03 2.235081744844209517e-01 4.220694023752262183e+03 3.626288743220905710e-26 2.706774804605307282e-26 1.558581966753453973e-26 2.920163046616848779e-01 2.978202924723541671e-26 1.000000000000000000e+00 0.000000000000000000e+00 0.000000000000000000e+00 0.000000000000000000e+00 1.000000000000000000e+00 1.000000000000000000e+10 0.000000000000000000e+00 0.000000000000000000e+00 0.000000000000000000e+00 1.000000000000000000e+10
6.647082924635627776e-02 3.890278081191939236e+03 2.330815652230519390e+03 1.498731876680914866e+03 2.164906517744094872e-01 3.460172249420282697e+03 2.983930300942176144e-26 2.632067847086381256e-26 1.264503589580051608e-26 3.041797616850669406e-01 2.391667619929258985e-26 1.000000000000000000e+00 0.000000000000000000e+00 0.000000000000000000e+00 0.000000000000000000e+00 1.000000000000000000e+00 1.000000000000000000e+10 0.000000000000000000e+00 0.000000000000000000e+00 0.000000000000000000e+00 1.000000000000000000e+10
7.666008510240249207e-02 3.155029796916992836e+03 1.827952986895139929e+03 1.158330534903786202e+03 2.067676609489662864e-01 2.864866001115323797e+03 2.386267745931642724e-26 2.124060966653126822e-26 9.677080247831461963e-27 2.997237614862796606e-01 1.886638766241407832e-26 1.000000000000000000e+00 0.000000000000000000e+00 0.000000000000000000e+00 0.000000000000000000e+00 1.000000000000000000e+00 1.000000000000000000e+10 0.000000000000000000e+00 0.000000000000000000e+00 0.000000000000000000e+00 1.000000000000000000e+10
8.841124316543315376e-02 2.529641066760522335e+03 1.255997992113282635e+03 8.003524116981950556e+02 1.980488947705332514e-01 2.245255799738679343e+03 1.879534336840135381e-26 1.689423891834371614e-26 7.127341244758885200e-27 3.068725918062020219e-01 1.406389712295183163e-26 1.000000000000000000e+00 0.000000000000000000e+00 0.000000000000000000e+00 0.000000000000000000e+00 1.000000000000000000e+00 1.000000000000000000e+10 0.000000000000000000e+00 0.000000000000000000e+00 0.000000000000000000e+00 1.000000000000000000e+10
1.019637260722580097e-01 2.068741604567331251e+03 1.190703293395106812e+03 5.989040169398529088e+02 2.015492770830624447e-01 1.782083685488976698e+03 1.452340890777750732e-26 1.323296179273993623e-26 5.596125424614259132e-27 3.124241750070763102e-01 1.098484566364878955e-26 1.000000000000000000e+00 0.000000000000000000e+00 0.000000000000000000e+00 0.000000000000000000e+00 1.000000000000000000e+00 1.000000000000000000e+10 0.000000000000000000e+00 0.000000000000000000e+00 0.000000000000000000e+00 1.000000000000000000e+10
1.175936573483598035e-01 1.597924369625201280e+03 9.475671506754433722e+02 5.079518296375621276e+02 1.971092216938752639e-01 1.393165989574168634e+03 1.093037776653432855e-26 9.679508207801908134e-27 4.839974202853750828e-27 3.228619557145696040e-01 8.501933437701931514e-27 1.000000000000000000e+00 0.000000000000000000e+00 0.000000000000000000e+00 0.000000000000000000e+00 1.000000000000000000e+00 1.000000000000000000e+10 0.000000000000000000e+00 0.000000000000000000e+00 0.000000000000000000e+00 1.000000000000000000e+10
1.356194872553388164e-01 1.264514968022044286e+03 7.125517762505567134e+02 4.537908491965085886e+02 2.022384747636999103e-01 1.131017940830201724e+03 8.162304797182732252e-27 7.276281596431551704e-27 3.920683659568243748e-27 3.308172802156512105e-01 6.528099884282050938e-27 1.000000000000000000e+00 0.000000000000000000e+00 0.000000000000000000e+00 0.000000000000000000e+00 1.000000000000000000e+00 1.000000000000000000e+10 0.000000000000000000e+00 0.000000000000000000e+00 0.000000000000000000e+00 1.000000000000000000e+10
1.564084810196403053e-01 9.862971952218638307e+02 5.380972438934745696e+02 3.439528529432647019e+02 2.071815302282952187e-01 8.783813058363557502e+02 5.961191906564937814e-27 5.159883560065714284e-27 3.184732743302878892e-27 3.452163005046933186e-01 4.926649920946354805e-27 1.000000000000000000e+00 0.000000000000000000e+00 0.000000000000000000e+00 0.000000000000000000e+00 1.000000000000000000e+00 1.000000000000000000e+10 0.000000000000000000e+00 0.000000000000000000e+00 0.000000000000000000e+00 1.000000000000000000e+10
1.803842016362447453e-01 7.707275283455854833e+02 3.782003921504460777e+02 3.092396585080827549e+02 2.089899385524443265e-01 7.078202967163995254e+02 4.407117301577570070e-27 3.681460844809741218e-27 2.248623782724154875e-27 3.612561113744188201e-01 3.489362347015553735e-27 1.000000000000000000e+00 0.000000000000000000e+00 0.000000000000000000e+00 0.000000000000000000e+00 1.000000000000000000e+00 1.000000000000000000e+10 0.000000000000000000e+00 0.000000000000000000e+00 0.000000000000000000e+00 1.000000000000000000e+10
2.080351397048574025e-01 5.852789399872269769e+02 2.654165579019349934e+02 2.274528681299213417e+02 2.008368057117436434e-01 5.379966152143937279e+02 3.210253296543038208e-27 2.596689569658752909e-27 1.587135205619833536e-27 3.735353079531357201e-01 2.455526661734211736e-27 1.000000000000000000e+00 0.000000000000000000e+00 0.000000000000000000e+00 0.000000000000000000e+00 1.000000000000000000e+00 1.000000000000000000e+10 0.000000000000000000e+00 0.000000000000000000e+00 0.000000000000000000e+00 1.000000000000000000e+10
2.399246661262133540e-01 4.587826851988805288e+02 2.472919543169603003e+02 1.623347859266760622e+02 2.059053009378081778e-01 4.122973130193364568e+02 2.358602271970168764e-27 1.972219365896438541e-27 9.231059422991060635e-28 3.915397008123946976e-01 1.546293359169020400e-27 1.000000000000000000e+00 0.000000000000000000e+00 0.000000000000000000e+00 0.000000000000000000e+00 1.000000000000000000e+00 1.000000000000000000e+10 0.000000000000000000e+00 0.000000000000000000e+00 0.000000000000000000e+00 1.000000000000000000e+10
2.767025104385807399e-01 3.619219579569102621e+02 1.926425954833537162e+02 1.202377454073561864e+02 2.158794563721561088e-01 3.131376036474127318e+02 1.752140126238739060e-27 1.504529966716855969e-27 5.748947600045827642e-28 4.124558030652669127e-01 1.033837465574284614e-27 1.000000000000000000e+00 0.000000000000000000e+00 0.000000000000000000e+00 0.000000000000000000e+00 1.000000000000000000e+00 1.000000000000000000e+10 0.000000000000000000e+00 0.000000000000000000e+00 0.000000000000000000e+00 1.000000000000000000e+10
3.191179986585286343e-01 2.756468869693356964e+02 1.560157987699671196e+02 8.085747079643581969e+01 2.137799792273968880e-01 2.346576750437084513e+02 1.372225074135058221e-27 1.177200773383904659e-27 4.253432663821329860e-28 4.385037916856033280e-01 7.113215303645860855e-28 1.000000000000000000e+00 0.000000000000000000e+00 0.000000000000000000e+00 0.000000000000000000e+00 1.000000000000000000e+00 1.000000000000000000e+10 0.000000000000000000e+00 0.000000000000000000e+00 0.000000000000000000e+00 1.000000000000000000e+10
3.680353203388414540e-01 2.173289069749275768e+02 1.257676356245276281e+02 6.464398391319458881e+01 2.176780214227015953e-01 1.868109101946724593e+02 1.150929382237970640e-27 1.017905438497510957e-27 2.962429004902751170e-28 4.693130895310468897e-01 4.934782077040701518e-28 1.000000000000000000e+00 0.000000000000000000e+00 0.000000000000000000e+00 0.000000000000000000e+00 1.000000000000000000e+00 1.000000000000000000e+10 0.000000000000000000e+00 0.000000000000000000e+00 0.000000000000000000e+00 1.000000000000000000e+10
4.244511359005219142e-01 1.751507186541201975e+02 8.616593423166531807e+01 5.503244193594856881e+01 2.185523404280254600e-01 1.489315118631635642e+02 9.844275862744130682e-28 7.962142928421963611e-28 2.222657479433073450e-28 4.943061567051409422e-01 3.590496261341175815e-28 1.000000000000000000e+00 0.000000000000000000e+00 0.000000000000000000e+00 0.000000000000000000e+00 1.000000000000000000e+00 1.000000000000000000e+10 0.000000000000000000e+00 0.000000000000000000e+00 0.000000000000000000e+00 1.000000000000000000e+10
4.895148829774688681e-01 1.408553279403363661e+02 7.687304303876980782e+01 4.817286361129967531e+01 2.216184496480113342e-01 1.214388052162511116e+02 8.768902545745887562e-28 7.263175771844289867e-28 1.542638106992947336e-28 5.234556200651128144e-01 2.633027533021605472e-28 1.000000000000000000e+00 0.000000000000000000e+00 0.000000000000000000e+00 0.000000000000000000e+00 1.000000000000000000e+00 1.000000000000000000e+10 0.000000000000000000e+00 0.000000000000000000e+00 0.000000000000000000e+00 1.000000000000000000e+10
5.645521955031491679e-01 1.174891158509851010e+02 6.942494620687320150e+01 4.099042105970226402e+01 2.260566107300233940e-01 9.995977394104916414e+01 8.098303626069224805e-28 6.703746936430858401e-28 1.300569046446201540e-28 5.527277128502199322e-01 2.095557618829130601e-28 1.000000000000000000e+00 0.000000000000000000e+00 0.000000000000000000e+00 0.000000000000000000e+00 1.000000000000000000e+00 1.000000000000000000e+10 0.000000000000000000e+00 0.000000000000000000e+00 0.000000000000000000e+00 1.000000000000000000e+10
6.510919126887823039e-01 1.035219596947738268e+02 7.199063972655604005e+01 3.209477790723563118e+01 2.489282188478914026e-01 8.018622867136683396e+01 8.222863709534944404e-28 5.848872533364117265e-28 1.076201296814419694e-28 5.942786986744597044e-01 1.646052517318881634e-28 1.000000000000000000e+00 0.000000000000000000e+00 0.000000000000000000e+00 0.000000000000000000e+00 1.000000000000000000e+00 1.000000000000000000e+10 0.000000000000000000e+00 0.000000000000000000e+00 0.000000000000000000e+00 1.000000000000000000e+10
7.508972281844089602e-01 8.865357694863841687e+01 6.638493394837578876e+01 2.440190721200693247e+01 2.688743660194498619e-01 6.327272922738085725e+01 9.045111728852510178e-28 5.685865903023304341e-28 7.419278168104394361e-29 6.418816103997615485e-01 1.176582960720489680e-28 1.000000000000000000e+00 0.000000000000000000e+00 0.000000000000000000e+00 0.000000000000000000e+00 1.000000000000000000e+00 1.000000000000000000e+10 0.000000000000000000e+00 0.000000000000000000e+00 0.000000000000000000e+00 1.000000000000000000e+10
8.660016140678794550e-01 7.686531718939896507e+01 5.755062361757041600e+01 1.911833056603861536e+01 2.791780509686738188e-01 5.320812705060098580e+01 1.034185589535747369e-27 4.739687888279800968e-28 6.080575898003001824e-29 6.873784412153542966e-01 9.248990955918614472e-29 1.000000000000000000e+00 0.000000000000000000e+00 0.000000000000000000e+00 0.000000000000000000e+00 1.000000000000000000e+00 1.000000000000000000e+10 0.000000000000000000e+00 0.000000000000000000e+00 0.000000000000000000e+00 1.000000000000000000e+10
9.987502515910116063e-01 6.487214588012571426e+01 4.539996426056070788e+01 1.801321152152168992e+01 2.845278500737037364e-01 4.543994132019024335e+01 1.338142732705860787e-27 4.700526706973994984e-28 5.420570743773831881e-29 7.311652863846904715e-01 7.671169288187406115e-29 1.000000000000000000e+00 0.000000000000000000e+00 0.000000000000000000e+00 0.000000000000000000e+00 1.000000000000000000e+00 1.000000000000000000e+10 0.000000000000000000e+00 0.000000000000000000e+00 0.000000000000000000e+00 1.000000000000000000e+10
1.151847812808953542e+00 5.834696503851009197e+01 4.313301205516278714e+01 1.658528094794366936e+01 2.990891384081377224e-01 3.922649224655119582e+01 1.985287314613100518e-27 3.991725609909153136e-28 5.044350920573626840e-29 7.802622159710814742e-01 6.791470362919556356e-29 1.000000000000000000e+00 0.000000000000000000e+00 0.000000000000000000e+00 0.000000000000000000e+00 1.000000000000000000e+00 1.000000000000000000e+10 0.000000000000000000e+00 0.000000000000000000e+00 0.000000000000000000e+00 1.000000000000000000e+10
1.328413566614123908e+00 5.466746327870636435e+01 3.966503156249867601e+01 1.432913991502827145e+01 3.064034531261571881e-01 3.424843579371566449e+01 2.515572989077969499e-27 4.300677403822556380e-28 4.094819641628525410e-29 8.076809914855775929e-01 5.580989980516940417e-29 1.000000000000000000e+00 0.000000000000000000e+00 0.000000000000000000e+00 0.000000000000000000e+00 1.000000000000000000e+00 1.000000000000000000e+10 0.000000000000000000e+00 0.000000000000000000e+00 0.000000000000000000e+00 1.000000000000000000e+10
1.532044931926391351e+00 4.890441783339561255e+01 4.341111655283688009e+01 1.237788627286620624e+01 3.029777991630382972e-01 3.063233598572070804e+01 2.084192941655561576e-27 3.879119079284956263e-28 3.520966932669920480e-29 8.001768052271880372e-01 4.849652888514601307e-29 1.000000000000000000e+00 0.000000000000000000e+00 0.000000000000000000e+00 0.000000000000000000e+00 1.000000000000000000e+00 1.000000000000000000e+10 0.000000000000000000e+00 0.000000000000000000e+00 0.000000000000000000e+00 1.000000000000000000e+10
1.766890772896739126e+00 4.085713014015012590e+01 2.759040270382834592e+01 1.172750145976861447e+01 2.755682146458194315e-01 2.893978848922972702e+01 1.193369400100251958e-27 3.345543210434909761e-28 3.956366917482751607e-29 7.511737987826304641e-01 5.358636257655296026e-29 1.000000000000000000e+00 0.000000000000000000e+00 0.000000000000000000e+00 0.000000000000000000e+00 1.000000000000000000e+00 1.000000000000000000e+10 0.000000000000000000e+00 0.000000000000000000e+00 0.000000000000000000e+00 1.000000000000000000e+10
2.037735929469222107e+00 3.446999632707145622e+01 2.402710662819802678e+01 1.053656347036633889e+01 2.496611045515110261e-01 2.694225179025750805e+01 4.869371834468073394e-28 2.372940904088355507e-28 3.441304464529431875e-29 7.028860364260444138e-01 4.935631468751806673e-29 1.000000000000000000e+00 0.000000000000000000e+00 0.000000000000000000e+00 0.000000000000000000e+00 1.000000000000000000e+00 1.000000000000000000e+10 0.000000000000000000e+00 0.000000000000000000e+00 0.000000000000000000e+00 1.000000000000000000e+10
2.350098705559579226e+00 3.159417149305274108e+01 2.486678598908044435e+01 8.152292384786175461e+00 2.417379544856706475e-01 2.424590218073833015e+01 3.103305362496866028e-28 2.255858277086986580e-28 4.218298836256904352e-29 6.891918786136030928e-01 5.658319616697071356e-29 1.000000000000000000e+00 0.000000000000000000e+00 0.000000000000000000e+00 0.000000000000000000e+00 1.000000000000000000e+00 1.000000000000000000e+10 0.000000000000000000e+00 0.000000000000000000e+00 0.000000000000000000e+00 1.000000000000000000e+10
