# R (Mpc), mean rho (Msol/kpc^3), errup (Msol/kpc^3), errlow, std, median rho (Msol/kpc^3), mean pth (Msol/kpc/s^2), errup(Msol/kpc/s^2), errlow, std, median pth (Msol/kpc/s^2), mean gas-mass-weighted metal (fraction), errup, errlow, std, median metal, mean gas-mass-weighted temp (K), errup, errlow, std, median temp  
#  nprofs 203, mean mh 210804790104.072815, median mh 197118669059.979645 
#  Mass range 11.00 - 11.5
1.040961082911032697e-02 2.104475323473525641e+05 1.153550774011087778e+05 7.842763822572193749e+04 2.168955380387144471e-01 1.945368974204247643e+05 9.386211455868249797e-26 1.532453609564224917e-25 1.236232241050849971e-26 4.602882884010751074e-01 3.196093234366107256e-26 1.000000000000000000e+00 0.000000000000000000e+00 0.000000000000000000e+00 0.000000000000000000e+00 1.000000000000000000e+00 1.000000000000000000e+10 0.000000000000000000e+00 0.000000000000000000e+00 0.000000000000000000e+00 1.000000000000000000e+10
1.200529105910367808e-02 1.654121452765818976e+05 8.954828254093808937e+04 7.371759694629664591e+04 2.659406402506859224e-01 1.511730344119275687e+05 8.403913567790546664e-26 1.384652458886130279e-25 1.968898877304009377e-26 4.461368579849458449e-01 3.635803541528915186e-26 1.000000000000000000e+00 0.000000000000000000e+00 0.000000000000000000e+00 0.000000000000000000e+00 1.000000000000000000e+00 1.000000000000000000e+10 0.000000000000000000e+00 0.000000000000000000e+00 0.000000000000000000e+00 1.000000000000000000e+10
1.384557172980430476e-02 1.248691947596190294e+05 8.049173393473376927e+04 5.330114353720299550e+04 2.496422053158473264e-01 1.110027123504138290e+05 7.746675868833608047e-26 1.116768542540104503e-25 2.514212881657437700e-26 4.252147029635203745e-01 4.254782434492313793e-26 1.000000000000000000e+00 0.000000000000000000e+00 0.000000000000000000e+00 0.000000000000000000e+00 1.000000000000000000e+00 1.000000000000000000e+10 0.000000000000000000e+00 0.000000000000000000e+00 0.000000000000000000e+00 1.000000000000000000e+10
1.596794743096121086e-02 9.110046612605331757e+04 6.360250667706395325e+04 4.321992446359082533e+04 2.838227180218144130e-01 8.163875447769289894e+04 6.209452470594818337e-26 5.926229574960844725e-26 2.411631282245799104e-26 3.658793909396394484e-01 4.232812913221584028e-26 1.000000000000000000e+00 0.000000000000000000e+00 0.000000000000000000e+00 0.000000000000000000e+00 1.000000000000000000e+00 1.000000000000000000e+10 0.000000000000000000e+00 0.000000000000000000e+00 0.000000000000000000e+00 1.000000000000000000e+10
1.841566026551830909e-02 6.683369915785621561e+04 4.409332432499193237e+04 3.272479288994903618e+04 2.953487893981823764e-01 6.117570866184675833e+04 5.824946931672399711e-26 5.084118832000366345e-26 2.667573992656005966e-26 3.488958691547774937e-01 4.407934413945035344e-26 1.000000000000000000e+00 0.000000000000000000e+00 0.000000000000000000e+00 0.000000000000000000e+00 1.000000000000000000e+00 1.000000000000000000e+10 0.000000000000000000e+00 0.000000000000000000e+00 0.000000000000000000e+00 1.000000000000000000e+10
2.123858088093512342e-02 4.509903146089233633e+04 3.315245866220085009e+04 2.134096457483609265e+04 2.826851120569227604e-01 4.044311122231902846e+04 4.909719724684565310e-26 3.843753282956931884e-26 2.084594642899733446e-26 3.240734362824311821e-01 3.925869002691090353e-26 1.000000000000000000e+00 0.000000000000000000e+00 0.000000000000000000e+00 0.000000000000000000e+00 1.000000000000000000e+00 1.000000000000000000e+10 0.000000000000000000e+00 0.000000000000000000e+00 0.000000000000000000e+00 1.000000000000000000e+10
2.449422455303571639e-02 3.080296235184984471e+04 2.147614458171686420e+04 1.356980023492212058e+04 2.792165361195223516e-01 2.651074510639869550e+04 4.173885109539429265e-26 2.967786104534211647e-26 1.706161114566324360e-26 2.810784476578849223e-01 3.387328891757993104e-26 1.000000000000000000e+00 0.000000000000000000e+00 0.000000000000000000e+00 0.000000000000000000e+00 1.000000000000000000e+00 1.000000000000000000e+10 0.000000000000000000e+00 0.000000000000000000e+00 0.000000000000000000e+00 1.000000000000000000e+10
2.824892302447100725e-02 2.045174575306535189e+04 1.308750768852196779e+04 8.836613605618069414e+03 2.636822635067314624e-01 1.815154627605887435e+04 3.303283506909994897e-26 2.180484246593461078e-26 1.334157208905088702e-26 2.524914932720700445e-01 2.938927314903845769e-26 1.000000000000000000e+00 0.000000000000000000e+00 0.000000000000000000e+00 0.000000000000000000e+00 1.000000000000000000e+00 1.000000000000000000e+10 0.000000000000000000e+00 0.000000000000000000e+00 0.000000000000000000e+00 1.000000000000000000e+10
3.257917597328415654e-02 1.350374218091905823e+04 8.034564100043673534e+03 4.789782720203400459e+03 2.303702918873923311e-01 1.144209683497492733e+04 2.720441534371466378e-26 1.865167916714056828e-26 9.659369612787893661e-27 2.351335544608971762e-01 2.346956429990847421e-26 1.000000000000000000e+00 0.000000000000000000e+00 0.000000000000000000e+00 0.000000000000000000e+00 1.000000000000000000e+00 1.000000000000000000e+10 0.000000000000000000e+00 0.000000000000000000e+00 0.000000000000000000e+00 1.000000000000000000e+10
3.757320964692217186e-02 9.246396363173824284e+03 5.116183290973322983e+03 3.178637354908184534e+03 2.228148221654003558e-01 8.009476917085342393e+03 2.320042740211581284e-26 1.644235764104422859e-26 7.880263263544154053e-27 2.307575828485895764e-01 1.975674072036503397e-26 1.000000000000000000e+00 0.000000000000000000e+00 0.000000000000000000e+00 0.000000000000000000e+00 1.000000000000000000e+00 1.000000000000000000e+10 0.000000000000000000e+00 0.000000000000000000e+00 0.000000000000000000e+00 1.000000000000000000e+10
4.333277441790538143e-02 6.516680778120741707e+03 3.452407121260567692e+03 1.971128342809969126e+03 2.044596271427960854e-01 5.745140331608073211e+03 1.938333026004341886e-26 1.261850711607726106e-26 5.864172100842133597e-27 2.338743106875407762e-01 1.602796374895030929e-26 1.000000000000000000e+00 0.000000000000000000e+00 0.000000000000000000e+00 0.000000000000000000e+00 1.000000000000000000e+00 1.000000000000000000e+10 0.000000000000000000e+00 0.000000000000000000e+00 0.000000000000000000e+00 1.000000000000000000e+10
4.997521788524898756e-02 4.784597243996041470e+03 2.484019355745476787e+03 1.307383585597869114e+03 1.856650441294981635e-01 4.119559405148203950e+03 1.553235512860851319e-26 1.091746046870525599e-26 4.381504283002721586e-27 2.165770846779735415e-01 1.280090888966639982e-26 1.000000000000000000e+00 0.000000000000000000e+00 0.000000000000000000e+00 0.000000000000000000e+00 1.000000000000000000e+00 1.000000000000000000e+10 0.000000000000000000e+00 0.000000000000000000e+00 0.000000000000000000e+00 1.000000000000000000e+10
5.763587575980636674e-02 3.703055874739035971e+03 1.692805706316848955e+03 1.129707085120229749e+03 1.874316580714630864e-01 3.342390790689358255e+03 1.260621359413255762e-26 7.979058578549660485e-27 3.963925912562333074e-27 2.245259629395965628e-01 1.052998430785451471e-26 1.000000000000000000e+00 0.000000000000000000e+00 0.000000000000000000e+00 0.000000000000000000e+00 1.000000000000000000e+00 1.000000000000000000e+10 0.000000000000000000e+00 0.000000000000000000e+00 0.000000000000000000e+00 1.000000000000000000e+10
6.647082924635627776e-02 2.841229433745578262e+03 1.090897411520522382e+03 8.364771570499558493e+02 1.597282679923871240e-01 2.659270503925720732e+03 9.982685287904281456e-27 5.633002292663014114e-27 3.161184573366530705e-27 2.137264902655849064e-01 8.519515036376236353e-27 1.000000000000000000e+00 0.000000000000000000e+00 0.000000000000000000e+00 0.000000000000000000e+00 1.000000000000000000e+00 1.000000000000000000e+10 0.000000000000000000e+00 0.000000000000000000e+00 0.000000000000000000e+00 1.000000000000000000e+10
7.666008510240249207e-02 2.216320497126680948e+03 9.177215059420768739e+02 5.581035840754620949e+02 1.566973829424458398e-01 2.043406857365596352e+03 7.911957627662489388e-27 5.336697224397696065e-27 2.385732481013069828e-27 2.301612087025856068e-01 6.451881714312616499e-27 1.000000000000000000e+00 0.000000000000000000e+00 0.000000000000000000e+00 0.000000000000000000e+00 1.000000000000000000e+00 1.000000000000000000e+10 0.000000000000000000e+00 0.000000000000000000e+00 0.000000000000000000e+00 1.000000000000000000e+10
8.841124316543315376e-02 1.740688423730573959e+03 6.770757228595944071e+02 5.320815956445221673e+02 1.589843839324080188e-01 1.643821982153727731e+03 6.135873358877518690e-27 3.578117931907993984e-27 2.165732928059161263e-27 2.427637758279730662e-01 5.142221754777562395e-27 1.000000000000000000e+00 0.000000000000000000e+00 0.000000000000000000e+00 0.000000000000000000e+00 1.000000000000000000e+00 1.000000000000000000e+10 0.000000000000000000e+00 0.000000000000000000e+00 0.000000000000000000e+00 1.000000000000000000e+10
1.019637260722580097e-01 1.344411741382988566e+03 5.823605713967349402e+02 3.406308167908854330e+02 1.448939371783785901e-01 1.262295552257142845e+03 4.639934239174303646e-27 2.469196180995272020e-27 1.488362883951477190e-27 2.468501223556106572e-01 3.744319658707266906e-27 1.000000000000000000e+00 0.000000000000000000e+00 0.000000000000000000e+00 0.000000000000000000e+00 1.000000000000000000e+00 1.000000000000000000e+10 0.000000000000000000e+00 0.000000000000000000e+00 0.000000000000000000e+00 1.000000000000000000e+10
1.175936573483598035e-01 1.067584543334098498e+03 3.929716294356890103e+02 3.192741602124813198e+02 1.508491626937117080e-01 1.013164117081654922e+03 3.527696194592049200e-27 2.055005021065081575e-27 1.116633558715309635e-27 2.657814351951423015e-01 2.694783870028580258e-27 1.000000000000000000e+00 0.000000000000000000e+00 0.000000000000000000e+00 0.000000000000000000e+00 1.000000000000000000e+00 1.000000000000000000e+10 0.000000000000000000e+00 0.000000000000000000e+00 0.000000000000000000e+00 1.000000000000000000e+10
1.356194872553388164e-01 8.227147292162746908e+02 3.182719363604734326e+02 2.237465837837980871e+02 1.579179540387394554e-01 7.529220196614229508e+02 2.624885802990188976e-27 1.390789515635045681e-27 7.847372207957498529e-28 2.861331377892893379e-01 1.853577105955612788e-27 1.000000000000000000e+00 0.000000000000000000e+00 0.000000000000000000e+00 0.000000000000000000e+00 1.000000000000000000e+00 1.000000000000000000e+10 0.000000000000000000e+00 0.000000000000000000e+00 0.000000000000000000e+00 1.000000000000000000e+10
1.564084810196403053e-01 6.484971754626330949e+02 2.825377090774779845e+02 1.735376754998413844e+02 1.708879527488341432e-01 5.738312415019961463e+02 2.045566985887686156e-27 1.317031498831386837e-27 5.638568999277962371e-28 3.162591544938592181e-01 1.296618422972381259e-27 1.000000000000000000e+00 0.000000000000000000e+00 0.000000000000000000e+00 0.000000000000000000e+00 1.000000000000000000e+00 1.000000000000000000e+10 0.000000000000000000e+00 0.000000000000000000e+00 0.000000000000000000e+00 1.000000000000000000e+10
1.803842016362447453e-01 4.809811207874881234e+02 2.282411580596741487e+02 1.208816839526027138e+02 1.748411413377264356e-01 4.238313933206990214e+02 1.545170228455007565e-27 1.003538313149301395e-27 3.861208487012499941e-28 3.497792874887228343e-01 8.721629140406631794e-28 1.000000000000000000e+00 0.000000000000000000e+00 0.000000000000000000e+00 0.000000000000000000e+00 1.000000000000000000e+00 1.000000000000000000e+10 0.000000000000000000e+00 0.000000000000000000e+00 0.000000000000000000e+00 1.000000000000000000e+10
2.080351397048574025e-01 3.644472217710234077e+02 1.711831752926737522e+02 1.027734833818185223e+02 1.787068946285662041e-01 3.225577504167428060e+02 1.224830299828872683e-27 8.590286539084423432e-28 2.908912745521452309e-28 3.890812981370291301e-01 5.997532403971138835e-28 1.000000000000000000e+00 0.000000000000000000e+00 0.000000000000000000e+00 0.000000000000000000e+00 1.000000000000000000e+00 1.000000000000000000e+10 0.000000000000000000e+00 0.000000000000000000e+00 0.000000000000000000e+00 1.000000000000000000e+10
2.399246661262133540e-01 2.771556152557538439e+02 1.235285170590220503e+02 7.818708971946384167e+01 1.867060754500914910e-01 2.466633600324306315e+02 9.908616942410710671e-28 6.813774266092395972e-28 2.178242382977116789e-28 4.295561807513187946e-01 4.084453161206026467e-28 1.000000000000000000e+00 0.000000000000000000e+00 0.000000000000000000e+00 0.000000000000000000e+00 1.000000000000000000e+00 1.000000000000000000e+10 0.000000000000000000e+00 0.000000000000000000e+00 0.000000000000000000e+00 1.000000000000000000e+10
2.767025104385807399e-01 2.267283103499392496e+02 1.249095296503074621e+02 5.720564740247971258e+01 2.083785748916580083e-01 1.839513025988572110e+02 8.580882503553574083e-28 5.058285508414115582e-28 1.518041626160429170e-28 4.720095003416586166e-01 2.811768929633342396e-28 1.000000000000000000e+00 0.000000000000000000e+00 0.000000000000000000e+00 0.000000000000000000e+00 1.000000000000000000e+00 1.000000000000000000e+10 0.000000000000000000e+00 0.000000000000000000e+00 0.000000000000000000e+00 1.000000000000000000e+10
3.191179986585286343e-01 1.853237235865892956e+02 1.307185610399504299e+02 5.151587544796711882e+01 2.260226569528886176e-01 1.473207736086205841e+02 7.807758940166933090e-28 5.392958085058110426e-28 1.257074104178499183e-28 5.219430325083860289e-01 2.125051533626637353e-28 1.000000000000000000e+00 0.000000000000000000e+00 0.000000000000000000e+00 0.000000000000000000e+00 1.000000000000000000e+00 1.000000000000000000e+10 0.000000000000000000e+00 0.000000000000000000e+00 0.000000000000000000e+00 1.000000000000000000e+10
3.680353203388414540e-01 1.532979368640916675e+02 1.125809857401287388e+02 3.308683604291759650e+01 2.457368446759053138e-01 1.102591772814944591e+02 7.467490145647711235e-28 5.770902991495377980e-28 9.920474585008529929e-29 5.742430975568153517e-01 1.605074271036960190e-28 1.000000000000000000e+00 0.000000000000000000e+00 0.000000000000000000e+00 0.000000000000000000e+00 1.000000000000000000e+00 1.000000000000000000e+10 0.000000000000000000e+00 0.000000000000000000e+00 0.000000000000000000e+00 1.000000000000000000e+10
4.244511359005219142e-01 1.324496004052868727e+02 1.050047000348468629e+02 3.066275882968804467e+01 2.750743860418993769e-01 9.059030893434574239e+01 7.466586277024712568e-28 5.873630011153417242e-28 7.045667980960960959e-29 6.303022099306637704e-01 1.135485513301400401e-28 1.000000000000000000e+00 0.000000000000000000e+00 0.000000000000000000e+00 0.000000000000000000e+00 1.000000000000000000e+00 1.000000000000000000e+10 0.000000000000000000e+00 0.000000000000000000e+00 0.000000000000000000e+00 1.000000000000000000e+10
4.895148829774688681e-01 1.113554341086202584e+02 9.071973989041501341e+01 2.388581769096115437e+01 2.929106206776817545e-01 6.947268146779686049e+01 7.581386018311392266e-28 5.567937162716508595e-28 5.648753001254411980e-29 6.909518754135407503e-01 8.669985360886214953e-29 1.000000000000000000e+00 0.000000000000000000e+00 0.000000000000000000e+00 0.000000000000000000e+00 1.000000000000000000e+00 1.000000000000000000e+10 0.000000000000000000e+00 0.000000000000000000e+00 0.000000000000000000e+00 1.000000000000000000e+10
5.645521955031491679e-01 9.587148701592940370e+01 6.853990477327469932e+01 2.181194264968091545e+01 3.147965539449505967e-01 5.771600731581054333e+01 7.555281137635352888e-28 5.856110755487792113e-28 4.081030823748155947e-29 7.435462366900235098e-01 6.216206868750074348e-29 1.000000000000000000e+00 0.000000000000000000e+00 0.000000000000000000e+00 0.000000000000000000e+00 1.000000000000000000e+00 1.000000000000000000e+10 0.000000000000000000e+00 0.000000000000000000e+00 0.000000000000000000e+00 1.000000000000000000e+10
6.510919126887823039e-01 8.348207513382527623e+01 6.738996703022425550e+01 1.747177771416416547e+01 3.300979122155769385e-01 4.792334724524460654e+01 7.791277319932421029e-28 5.870484313011920059e-28 3.985146535762065346e-29 7.869778179238291482e-01 5.672734106257345347e-29 1.000000000000000000e+00 0.000000000000000000e+00 0.000000000000000000e+00 0.000000000000000000e+00 1.000000000000000000e+00 1.000000000000000000e+10 0.000000000000000000e+00 0.000000000000000000e+00 0.000000000000000000e+00 1.000000000000000000e+10
7.508972281844089602e-01 7.030757103550047304e+01 6.816919104566596843e+01 1.883585794718161210e+01 3.271463344185890909e-01 4.369280857266610951e+01 7.882742639176248676e-28 5.130587184416438518e-28 4.280447465431938366e-29 8.256288996661456103e-01 5.477682227409391884e-29 1.000000000000000000e+00 0.000000000000000000e+00 0.000000000000000000e+00 0.000000000000000000e+00 1.000000000000000000e+00 1.000000000000000000e+10 0.000000000000000000e+00 0.000000000000000000e+00 0.000000000000000000e+00 1.000000000000000000e+10
8.660016140678794550e-01 6.290435967568674869e+01 5.937501912834575535e+01 1.568020859073740780e+01 3.382704594468631809e-01 3.729420204955268048e+01 8.843786762343886859e-28 4.781429194042804516e-28 3.628314010605161219e-29 8.703187293743028796e-01 4.592574606932335734e-29 1.000000000000000000e+00 0.000000000000000000e+00 0.000000000000000000e+00 0.000000000000000000e+00 1.000000000000000000e+00 1.000000000000000000e+10 0.000000000000000000e+00 0.000000000000000000e+00 0.000000000000000000e+00 1.000000000000000000e+10
9.987502515910116063e-01 5.636146416141880167e+01 4.715876089448163810e+01 1.812133712703658617e+01 3.340791539741050364e-01 3.678655966701095537e+01 9.927515718954056381e-28 5.366858416295208716e-28 4.081624471297723474e-29 8.949017780695445179e-01 4.874155297781984927e-29 1.000000000000000000e+00 0.000000000000000000e+00 0.000000000000000000e+00 0.000000000000000000e+00 1.000000000000000000e+00 1.000000000000000000e+10 0.000000000000000000e+00 0.000000000000000000e+00 0.000000000000000000e+00 1.000000000000000000e+10
1.151847812808953542e+00 5.287306737402209933e+01 5.087855367786040262e+01 1.746575600970962583e+01 3.376579548117837337e-01 3.460068793562997058e+01 1.388325248774463420e-27 5.044859992005861783e-28 3.546805992421939095e-29 9.136886669280828155e-01 4.251433884743618167e-29 1.000000000000000000e+00 0.000000000000000000e+00 0.000000000000000000e+00 0.000000000000000000e+00 1.000000000000000000e+00 1.000000000000000000e+10 0.000000000000000000e+00 0.000000000000000000e+00 0.000000000000000000e+00 1.000000000000000000e+10
1.328413566614123908e+00 4.781200813338663380e+01 3.356722491210123138e+01 1.603827119964778802e+01 3.163252628999964067e-01 3.257234127932182588e+01 1.877860628976034619e-27 3.399882379041820024e-28 4.043284948627269273e-29 8.768419335654166202e-01 4.762478162673829626e-29 1.000000000000000000e+00 0.000000000000000000e+00 0.000000000000000000e+00 0.000000000000000000e+00 1.000000000000000000e+00 1.000000000000000000e+10 0.000000000000000000e+00 0.000000000000000000e+00 0.000000000000000000e+00 1.000000000000000000e+10
1.532044931926391351e+00 4.477352539750275184e+01 3.078567167919370107e+01 1.487276668885952269e+01 3.154194419032212426e-01 3.031378966241367934e+01 1.666560174389167092e-27 3.193044026030251895e-28 4.059237224588919757e-29 8.810303583031938723e-01 4.707371197607868046e-29 1.000000000000000000e+00 0.000000000000000000e+00 0.000000000000000000e+00 0.000000000000000000e+00 1.000000000000000000e+00 1.000000000000000000e+10 0.000000000000000000e+00 0.000000000000000000e+00 0.000000000000000000e+00 1.000000000000000000e+10
1.766890772896739126e+00 3.906372444259751120e+01 2.520131274207391670e+01 1.552961052682510612e+01 2.984970828067801119e-01 3.015071536316239786e+01 8.774410263154416714e-28 2.707298945090565064e-28 4.918349725301543254e-29 8.633566326874816399e-01 5.581983532823639114e-29 1.000000000000000000e+00 0.000000000000000000e+00 0.000000000000000000e+00 0.000000000000000000e+00 1.000000000000000000e+00 1.000000000000000000e+10 0.000000000000000000e+00 0.000000000000000000e+00 0.000000000000000000e+00 1.000000000000000000e+10
2.037735929469222107e+00 3.505474260897261729e+01 2.428174575464917950e+01 1.305993715270916056e+01 2.892232169571875011e-01 2.671042430936812195e+01 7.224924462904678038e-28 2.323823071089611025e-28 4.344516709986792608e-29 8.502442139697253820e-01 4.906448436849661162e-29 1.000000000000000000e+00 0.000000000000000000e+00 0.000000000000000000e+00 0.000000000000000000e+00 1.000000000000000000e+00 1.000000000000000000e+10 0.000000000000000000e+00 0.000000000000000000e+00 0.000000000000000000e+00 1.000000000000000000e+10
2.350098705559579226e+00 3.355964995686514385e+01 1.993232329582293261e+01 1.195095986359411633e+01 2.813722365693542837e-01 2.530345722751112447e+01 1.051449339540102693e-27 2.064818310964524909e-28 4.540026788346034073e-29 8.421340958489124118e-01 5.163062759742528018e-29 1.000000000000000000e+00 0.000000000000000000e+00 0.000000000000000000e+00 0.000000000000000000e+00 1.000000000000000000e+00 1.000000000000000000e+10 0.000000000000000000e+00 0.000000000000000000e+00 0.000000000000000000e+00 1.000000000000000000e+10
