# R (Mpc), mean rho (Msol/kpc^3), errup (Msol/kpc^3), errlow, std, median rho (Msol/kpc^3), mean pth (Msol/kpc/s^2), errup(Msol/kpc/s^2), errlow, std, median pth (Msol/kpc/s^2), mean gas-mass-weighted metal (fraction), errup, errlow, std, median metal, mean gas-mass-weighted temp (K), errup, errlow, std, median temp  
#  nprofs 185, mean mh 547553043093.325989, median mh 501055114227.690552 
#  Mass range 11.50 - 12.0
1.040961082911032697e-02 6.126778100289955037e+05 2.935208761180196889e+05 2.212541644992494257e+05 2.203456888401947034e-01 5.628487070685785729e+05 3.065191534747709804e-25 3.324112864886863399e-25 1.265171179280589987e-25 4.427750783391459777e-01 1.861757983457251777e-25 1.000000000000000000e+00 0.000000000000000000e+00 0.000000000000000000e+00 0.000000000000000000e+00 1.000000000000000000e+00 1.000000000000000000e+10 0.000000000000000000e+00 0.000000000000000000e+00 0.000000000000000000e+00 1.000000000000000000e+10
1.200529105910367808e-02 4.649327621409153799e+05 2.184734635640003835e+05 1.756609583571006078e+05 2.301933424580653587e-01 4.409462330929141608e+05 3.080683179037610611e-25 4.898051100972675646e-25 1.045769703631198780e-25 4.740761294927560154e-01 1.597557172263614657e-25 1.000000000000000000e+00 0.000000000000000000e+00 0.000000000000000000e+00 0.000000000000000000e+00 1.000000000000000000e+00 1.000000000000000000e+10 0.000000000000000000e+00 0.000000000000000000e+00 0.000000000000000000e+00 1.000000000000000000e+10
1.384557172980430476e-02 3.414771979458571877e+05 1.625619356844871072e+05 1.338394092692207196e+05 2.283621859265440590e-01 3.199536350231090910e+05 2.677583044877516893e-25 2.556774864498279452e-25 1.372756310497844036e-25 4.043256213816116551e-01 2.042775089542082827e-25 1.000000000000000000e+00 0.000000000000000000e+00 0.000000000000000000e+00 0.000000000000000000e+00 1.000000000000000000e+00 1.000000000000000000e+10 0.000000000000000000e+00 0.000000000000000000e+00 0.000000000000000000e+00 1.000000000000000000e+10
1.596794743096121086e-02 2.377236275371598313e+05 1.212932795290171343e+05 1.067314690496842813e+05 2.347027876097250720e-01 2.274767388838986226e+05 3.107504827000817347e-25 3.390405172979489630e-25 1.527295279630047743e-25 4.037300294924827671e-01 2.291214705709050115e-25 1.000000000000000000e+00 0.000000000000000000e+00 0.000000000000000000e+00 0.000000000000000000e+00 1.000000000000000000e+00 1.000000000000000000e+10 0.000000000000000000e+00 0.000000000000000000e+00 0.000000000000000000e+00 1.000000000000000000e+10
1.841566026551830909e-02 1.622214038659310900e+05 1.008189746283169952e+05 6.928681017342065752e+04 2.574176192873866009e-01 1.461874017039454484e+05 2.756021685271029164e-25 3.273582376646968649e-25 1.039745014345034446e-25 3.996996044577649232e-01 1.825687353031081685e-25 1.000000000000000000e+00 0.000000000000000000e+00 0.000000000000000000e+00 0.000000000000000000e+00 1.000000000000000000e+00 1.000000000000000000e+10 0.000000000000000000e+00 0.000000000000000000e+00 0.000000000000000000e+00 1.000000000000000000e+10
2.123858088093512342e-02 1.067576389275753609e+05 7.218855227553250734e+04 4.088464873905831337e+04 2.637673320794298171e-01 8.816920330529042985e+04 2.296055417174514458e-25 1.740281703699222108e-25 9.395062172471895932e-26 3.301327813383903576e-01 1.732126263799008202e-25 1.000000000000000000e+00 0.000000000000000000e+00 0.000000000000000000e+00 0.000000000000000000e+00 1.000000000000000000e+00 1.000000000000000000e+10 0.000000000000000000e+00 0.000000000000000000e+00 0.000000000000000000e+00 1.000000000000000000e+10
2.449422455303571639e-02 6.961973025751586829e+04 5.307184254990347836e+04 2.594221910904982360e+04 2.624476894575222263e-01 5.659169500521331793e+04 1.966087349534273912e-25 2.060817786037447088e-25 8.117839930411540280e-26 3.505951904045609968e-01 1.429689830927876711e-25 1.000000000000000000e+00 0.000000000000000000e+00 0.000000000000000000e+00 0.000000000000000000e+00 1.000000000000000000e+00 1.000000000000000000e+10 0.000000000000000000e+00 0.000000000000000000e+00 0.000000000000000000e+00 1.000000000000000000e+10
2.824892302447100725e-02 4.644424725268327893e+04 3.150268565345785464e+04 1.405435094958259288e+04 2.328333479495443281e-01 3.803767690796859097e+04 1.713432927546785081e-25 1.485650486802239385e-25 5.854637101674084087e-26 3.265499887945027546e-01 1.249759012210717633e-25 1.000000000000000000e+00 0.000000000000000000e+00 0.000000000000000000e+00 0.000000000000000000e+00 1.000000000000000000e+00 1.000000000000000000e+10 0.000000000000000000e+00 0.000000000000000000e+00 0.000000000000000000e+00 1.000000000000000000e+10
3.257917597328415654e-02 3.116473939560291183e+04 1.686536237026051822e+04 1.086253270427058305e+04 2.161174597719934809e-01 2.759461165493076260e+04 1.370204332366552127e-25 1.044170017790523882e-25 5.980322093502936023e-26 3.205350960910496871e-01 1.109282488094710124e-25 1.000000000000000000e+00 0.000000000000000000e+00 0.000000000000000000e+00 0.000000000000000000e+00 1.000000000000000000e+00 1.000000000000000000e+10 0.000000000000000000e+00 0.000000000000000000e+00 0.000000000000000000e+00 1.000000000000000000e+10
3.757320964692217186e-02 2.106093890319691491e+04 1.038961564630564681e+04 8.209870858764123113e+03 2.106474628434368834e-01 1.914338128794954901e+04 1.067736535431036878e-25 8.563343399371500152e-26 3.809495333204849795e-26 3.010283811172944080e-01 8.073240951038505306e-26 1.000000000000000000e+00 0.000000000000000000e+00 0.000000000000000000e+00 0.000000000000000000e+00 1.000000000000000000e+00 1.000000000000000000e+10 0.000000000000000000e+00 0.000000000000000000e+00 0.000000000000000000e+00 1.000000000000000000e+10
4.333277441790538143e-02 1.503429071730624491e+04 5.998836233657140838e+03 5.163150489088398899e+03 1.933486029847592269e-01 1.377719579570554197e+04 8.682409420803772471e-26 7.243452795804983607e-26 2.851712536730012574e-26 2.931168657584897197e-01 6.598514510642327796e-26 1.000000000000000000e+00 0.000000000000000000e+00 0.000000000000000000e+00 0.000000000000000000e+00 1.000000000000000000e+00 1.000000000000000000e+10 0.000000000000000000e+00 0.000000000000000000e+00 0.000000000000000000e+00 1.000000000000000000e+10
4.997521788524898756e-02 1.107877771673083225e+04 4.420309800348184581e+03 3.692613741574007690e+03 1.852785180473373039e-01 1.029375435848765119e+04 6.912892034384194066e-26 5.908023751749712820e-26 2.461142412441066019e-26 2.884487874006145813e-01 5.377890737599284646e-26 1.000000000000000000e+00 0.000000000000000000e+00 0.000000000000000000e+00 0.000000000000000000e+00 1.000000000000000000e+00 1.000000000000000000e+10 0.000000000000000000e+00 0.000000000000000000e+00 0.000000000000000000e+00 1.000000000000000000e+10
5.763587575980636674e-02 8.512563694517692056e+03 3.148230388708528153e+03 3.074076625494051768e+03 1.841140444623643735e-01 8.060195227665840321e+03 5.455293559064413566e-26 4.714361974460702344e-26 2.077135001837419985e-26 2.807585723426815894e-01 4.374564332528665257e-26 1.000000000000000000e+00 0.000000000000000000e+00 0.000000000000000000e+00 0.000000000000000000e+00 1.000000000000000000e+00 1.000000000000000000e+10 0.000000000000000000e+00 0.000000000000000000e+00 0.000000000000000000e+00 1.000000000000000000e+10
6.647082924635627776e-02 6.791389255625339501e+03 2.543311931943931995e+03 1.801073809479987176e+03 1.707484474202675684e-01 6.270286270852211601e+03 4.312185802626946853e-26 3.487128992618529404e-26 1.587506412863622028e-26 2.750492289764003284e-01 3.420799107756135425e-26 1.000000000000000000e+00 0.000000000000000000e+00 0.000000000000000000e+00 0.000000000000000000e+00 1.000000000000000000e+00 1.000000000000000000e+10 0.000000000000000000e+00 0.000000000000000000e+00 0.000000000000000000e+00 1.000000000000000000e+10
7.666008510240249207e-02 5.169863880913515459e+03 2.484878212074492694e+03 1.430845159450989740e+03 1.658528349609407759e-01 4.790077219691399478e+03 3.309728366552146243e-26 2.855552426029821939e-26 1.390730084707095483e-26 2.774654513009955359e-01 2.699160114055026870e-26 1.000000000000000000e+00 0.000000000000000000e+00 0.000000000000000000e+00 0.000000000000000000e+00 1.000000000000000000e+00 1.000000000000000000e+10 0.000000000000000000e+00 0.000000000000000000e+00 0.000000000000000000e+00 1.000000000000000000e+10
8.841124316543315376e-02 4.080563391207419045e+03 1.826173579742394395e+03 1.086004232526991473e+03 1.712747977536757948e-01 3.660093659962907623e+03 2.521974677886637942e-26 1.986085247741569627e-26 9.111472375415219876e-27 2.753802319836076706e-01 1.973461869795594059e-26 1.000000000000000000e+00 0.000000000000000000e+00 0.000000000000000000e+00 0.000000000000000000e+00 1.000000000000000000e+00 1.000000000000000000e+10 0.000000000000000000e+00 0.000000000000000000e+00 0.000000000000000000e+00 1.000000000000000000e+10
1.019637260722580097e-01 3.204846855687813331e+03 1.506022746139671199e+03 9.346724941376623974e+02 1.852533334706820967e-01 2.830640949945366174e+03 1.896652881865732462e-26 1.546268279262325477e-26 6.950445541467221276e-27 2.855155712107605992e-01 1.479324593000880442e-26 1.000000000000000000e+00 0.000000000000000000e+00 0.000000000000000000e+00 0.000000000000000000e+00 1.000000000000000000e+00 1.000000000000000000e+10 0.000000000000000000e+00 0.000000000000000000e+00 0.000000000000000000e+00 1.000000000000000000e+10
1.175936573483598035e-01 2.335410327858768142e+03 1.183953754801438663e+03 6.609567516024308134e+02 1.737363056698361385e-01 2.113007171083787853e+03 1.368694409252587734e-26 1.086637833424306650e-26 5.819761914095566613e-27 2.931674442430667882e-01 1.094140512413032545e-26 1.000000000000000000e+00 0.000000000000000000e+00 0.000000000000000000e+00 0.000000000000000000e+00 1.000000000000000000e+00 1.000000000000000000e+10 0.000000000000000000e+00 0.000000000000000000e+00 0.000000000000000000e+00 1.000000000000000000e+10
1.356194872553388164e-01 1.735692225788682208e+03 7.657353710976567527e+02 5.558361629929004266e+02 1.724010561177285739e-01 1.607311069284445239e+03 9.635619755497328075e-27 7.955352882085211190e-27 4.376654201109818088e-27 3.029626953806884848e-01 7.918846219044753777e-27 1.000000000000000000e+00 0.000000000000000000e+00 0.000000000000000000e+00 0.000000000000000000e+00 1.000000000000000000e+00 1.000000000000000000e+10 0.000000000000000000e+00 0.000000000000000000e+00 0.000000000000000000e+00 1.000000000000000000e+10
1.564084810196403053e-01 1.263872218806671526e+03 5.751741718101609422e+02 4.287470767135549750e+02 1.746398314404439545e-01 1.179779699883943067e+03 6.471125133493569243e-27 4.733954167984908895e-27 3.013497472346460398e-27 3.120857047042614463e-01 5.287430765732573116e-27 1.000000000000000000e+00 0.000000000000000000e+00 0.000000000000000000e+00 0.000000000000000000e+00 1.000000000000000000e+00 1.000000000000000000e+10 0.000000000000000000e+00 0.000000000000000000e+00 0.000000000000000000e+00 1.000000000000000000e+10
1.803842016362447453e-01 9.029743962509973016e+02 3.803386186389042223e+02 2.803715563742520089e+02 1.733086763140721798e-01 8.176388894856426077e+02 4.368040296689640368e-27 3.454093744022769132e-27 1.823634689067998616e-27 3.274140150284117201e-01 3.249483281489644729e-27 1.000000000000000000e+00 0.000000000000000000e+00 0.000000000000000000e+00 0.000000000000000000e+00 1.000000000000000000e+00 1.000000000000000000e+10 0.000000000000000000e+00 0.000000000000000000e+00 0.000000000000000000e+00 1.000000000000000000e+10
2.080351397048574025e-01 6.400857835882906102e+02 2.767727369093237257e+02 2.011912163744668192e+02 1.763300829414295723e-01 5.859842031370567383e+02 2.937715662480687839e-27 2.541850154603119531e-27 1.129401675573375758e-27 3.477641571958821620e-01 2.032294155454400421e-27 1.000000000000000000e+00 0.000000000000000000e+00 0.000000000000000000e+00 0.000000000000000000e+00 1.000000000000000000e+00 1.000000000000000000e+10 0.000000000000000000e+00 0.000000000000000000e+00 0.000000000000000000e+00 1.000000000000000000e+10
2.399246661262133540e-01 4.715667848119848031e+02 2.501116291441615544e+02 1.324162049532388323e+02 1.895777794143634065e-01 4.083925645213044504e+02 2.055173937365472837e-27 1.998267622306671985e-27 6.943816991859729602e-28 3.733549548449546784e-01 1.249553719231277407e-27 1.000000000000000000e+00 0.000000000000000000e+00 0.000000000000000000e+00 0.000000000000000000e+00 1.000000000000000000e+00 1.000000000000000000e+10 0.000000000000000000e+00 0.000000000000000000e+00 0.000000000000000000e+00 1.000000000000000000e+10
2.767025104385807399e-01 3.475039202052371365e+02 2.011395614222643644e+02 9.758615748570710480e+01 2.025155192925541525e-01 2.940832148231312999e+02 1.457587596389459734e-27 1.387496286196916098e-27 4.988958541832497159e-28 4.040349265463550887e-01 8.179891123358020463e-28 1.000000000000000000e+00 0.000000000000000000e+00 0.000000000000000000e+00 0.000000000000000000e+00 1.000000000000000000e+00 1.000000000000000000e+10 0.000000000000000000e+00 0.000000000000000000e+00 0.000000000000000000e+00 1.000000000000000000e+10
3.191179986585286343e-01 2.470451525343273715e+02 1.243022418801984372e+02 7.610640941427348594e+01 2.100518239603704485e-01 2.095638158947145371e+02 1.063564517629948128e-27 9.173617066431816845e-28 3.486751109920431331e-28 4.418017885852797977e-01 5.389226621774686923e-28 1.000000000000000000e+00 0.000000000000000000e+00 0.000000000000000000e+00 0.000000000000000000e+00 1.000000000000000000e+00 1.000000000000000000e+10 0.000000000000000000e+00 0.000000000000000000e+00 0.000000000000000000e+00 1.000000000000000000e+10
3.680353203388414540e-01 1.818114450416395016e+02 1.055532021367373829e+02 4.959033621158341987e+01 2.189001315276997428e-01 1.453424679205473922e+02 8.364708040643828728e-28 7.710018993917580094e-28 2.087978212438716930e-28 4.828029830447655990e-01 3.455767761735171306e-28 1.000000000000000000e+00 0.000000000000000000e+00 0.000000000000000000e+00 0.000000000000000000e+00 1.000000000000000000e+00 1.000000000000000000e+10 0.000000000000000000e+00 0.000000000000000000e+00 0.000000000000000000e+00 1.000000000000000000e+10
4.244511359005219142e-01 1.432821257126256853e+02 9.210158869221254463e+01 3.853341830663462986e+01 2.368854914664460243e-01 1.104039941511258860e+02 7.289060202745080303e-28 6.729641899686565634e-28 1.383517654323889985e-28 5.322536153102852552e-01 2.270037151819884927e-28 1.000000000000000000e+00 0.000000000000000000e+00 0.000000000000000000e+00 0.000000000000000000e+00 1.000000000000000000e+00 1.000000000000000000e+10 0.000000000000000000e+00 0.000000000000000000e+00 0.000000000000000000e+00 1.000000000000000000e+10
4.895148829774688681e-01 1.119955710863021636e+02 6.969813570553915838e+01 2.775342377705421626e+01 2.447944659849066729e-01 8.374511929853252923e+01 6.315955017343188072e-28 5.832130897923735669e-28 1.013650666444621538e-28 5.806590262305499905e-01 1.557280852165546129e-28 1.000000000000000000e+00 0.000000000000000000e+00 0.000000000000000000e+00 0.000000000000000000e+00 1.000000000000000000e+00 1.000000000000000000e+10 0.000000000000000000e+00 0.000000000000000000e+00 0.000000000000000000e+00 1.000000000000000000e+10
5.645521955031491679e-01 9.667428450719160082e+01 7.027712669325485706e+01 2.405915518736225778e+01 2.709956309921037199e-01 6.869595447555973067e+01 6.498780555088498915e-28 5.987165906034126744e-28 7.092534554799200438e-29 6.489470472226415154e-01 1.073596713684977135e-28 1.000000000000000000e+00 0.000000000000000000e+00 0.000000000000000000e+00 0.000000000000000000e+00 1.000000000000000000e+00 1.000000000000000000e+10 0.000000000000000000e+00 0.000000000000000000e+00 0.000000000000000000e+00 1.000000000000000000e+10
6.510919126887823039e-01 8.972086225229189438e+01 9.099772702887329956e+01 2.336072992842965590e+01 3.085642695099573007e-01 5.761547015910111469e+01 7.266635157447561238e-28 6.275987355253205197e-28 4.902375966095089293e-29 7.305484885478483736e-01 7.750657788986741447e-29 1.000000000000000000e+00 0.000000000000000000e+00 0.000000000000000000e+00 0.000000000000000000e+00 1.000000000000000000e+00 1.000000000000000000e+10 0.000000000000000000e+00 0.000000000000000000e+00 0.000000000000000000e+00 1.000000000000000000e+10
7.508972281844089602e-01 7.981549081320522987e+01 8.253922380393180447e+01 1.620048357889894319e+01 3.269279678880340212e-01 4.583869867802306430e+01 7.134002536618513458e-28 6.135756013999561678e-28 4.096917812331699737e-29 7.800149992539695543e-01 6.111070959946436734e-29 1.000000000000000000e+00 0.000000000000000000e+00 0.000000000000000000e+00 0.000000000000000000e+00 1.000000000000000000e+00 1.000000000000000000e+10 0.000000000000000000e+00 0.000000000000000000e+00 0.000000000000000000e+00 1.000000000000000000e+10
8.660016140678794550e-01 6.632615563277903448e+01 5.649644673293777686e+01 1.768611729928008458e+01 3.084485620521924543e-01 4.320381178117568055e+01 6.607558135027266847e-28 4.644684747526608765e-28 4.164105166371851321e-29 7.876051141775284314e-01 5.873075488786255278e-29 1.000000000000000000e+00 0.000000000000000000e+00 0.000000000000000000e+00 0.000000000000000000e+00 1.000000000000000000e+00 1.000000000000000000e+10 0.000000000000000000e+00 0.000000000000000000e+00 0.000000000000000000e+00 1.000000000000000000e+10
9.987502515910116063e-01 5.629343351847901289e+01 5.360644970289489208e+01 1.605061156463360206e+01 2.965580308093090922e-01 3.823862370776204500e+01 6.534260882008072615e-28 5.425623614532160377e-28 4.436925156552664892e-29 7.994282678176527490e-01 5.607929242326505818e-29 1.000000000000000000e+00 0.000000000000000000e+00 0.000000000000000000e+00 0.000000000000000000e+00 1.000000000000000000e+00 1.000000000000000000e+10 0.000000000000000000e+00 0.000000000000000000e+00 0.000000000000000000e+00 1.000000000000000000e+10
1.151847812808953542e+00 5.102223260463248522e+01 3.989893510063409821e+01 1.662955378620892333e+01 3.027823877610156811e-01 3.627027023429169361e+01 7.246211260419095553e-28 4.505559019090262695e-28 5.054410765244887835e-29 8.260533428649661225e-01 5.993473110181315631e-29 1.000000000000000000e+00 0.000000000000000000e+00 0.000000000000000000e+00 0.000000000000000000e+00 1.000000000000000000e+00 1.000000000000000000e+10 0.000000000000000000e+00 0.000000000000000000e+00 0.000000000000000000e+00 1.000000000000000000e+10
1.328413566614123908e+00 4.681986840706633757e+01 3.891264753900401274e+01 1.531521485238533131e+01 2.965961694131849513e-01 3.355744517093023660e+01 8.333738172262799631e-28 5.668866876583758367e-28 4.067547079299981063e-29 8.183222946043233748e-01 5.031395196350755385e-29 1.000000000000000000e+00 0.000000000000000000e+00 0.000000000000000000e+00 0.000000000000000000e+00 1.000000000000000000e+00 1.000000000000000000e+10 0.000000000000000000e+00 0.000000000000000000e+00 0.000000000000000000e+00 1.000000000000000000e+10
1.532044931926391351e+00 4.393649259858342049e+01 4.257458407693930269e+01 1.254632893293815243e+01 2.928489432357057609e-01 3.006655563015914367e+01 9.786958299489068645e-28 4.624058031284617514e-28 4.487872317367607551e-29 7.954853197114035712e-01 5.492602402949951774e-29 1.000000000000000000e+00 0.000000000000000000e+00 0.000000000000000000e+00 0.000000000000000000e+00 1.000000000000000000e+00 1.000000000000000000e+10 0.000000000000000000e+00 0.000000000000000000e+00 0.000000000000000000e+00 1.000000000000000000e+10
1.766890772896739126e+00 3.815305467525250549e+01 2.524275096669704865e+01 1.338630819195172705e+01 2.679911926264144650e-01 2.941042425465711219e+01 7.297258494723784511e-28 2.746177097853721905e-28 5.370680822230058443e-29 7.501131386692461156e-01 6.502290932847003733e-29 1.000000000000000000e+00 0.000000000000000000e+00 0.000000000000000000e+00 0.000000000000000000e+00 1.000000000000000000e+00 1.000000000000000000e+10 0.000000000000000000e+00 0.000000000000000000e+00 0.000000000000000000e+00 1.000000000000000000e+10
2.037735929469222107e+00 3.280165046030588627e+01 2.412301475814811624e+01 1.031710051858605404e+01 2.472151957368419473e-01 2.591198844306237703e+01 3.786183397374221838e-28 2.719978678095612416e-28 3.693665852866075396e-29 7.091799251650704461e-01 4.925994988425785567e-29 1.000000000000000000e+00 0.000000000000000000e+00 0.000000000000000000e+00 0.000000000000000000e+00 1.000000000000000000e+00 1.000000000000000000e+10 0.000000000000000000e+00 0.000000000000000000e+00 0.000000000000000000e+00 1.000000000000000000e+10
2.350098705559579226e+00 3.072621958637898132e+01 2.597185149517059344e+01 7.968587331878394409e+00 2.392129274516328619e-01 2.370747533511611138e+01 2.801915611383008401e-28 2.178988495649209304e-28 4.542167740375779289e-29 6.853706764982896438e-01 5.888626417528203783e-29 1.000000000000000000e+00 0.000000000000000000e+00 0.000000000000000000e+00 0.000000000000000000e+00 1.000000000000000000e+00 1.000000000000000000e+10 0.000000000000000000e+00 0.000000000000000000e+00 0.000000000000000000e+00 1.000000000000000000e+10
