# R (Mpc), mean rho (Msol/kpc^3), errup (Msol/kpc^3), errlow, std, median rho (Msol/kpc^3), mean pth (Msol/kpc/s^2), errup(Msol/kpc/s^2), errlow, std, median pth (Msol/kpc/s^2), mean gas-mass-weighted metal (fraction), errup, errlow, std, median metal, mean gas-mass-weighted temp (K), errup, errlow, std, median temp  
#  nprofs 197, mean mh 211431450973.426941, median mh 204437817462.846680 
#  Mass range 11.00 - 11.5
1.040961082911032697e-02 1.667211794019064109e+05 9.881432670804299414e+04 6.654631336998747429e+04 2.804060629817299866e-01 1.489488113806745096e+05 1.265021468853315972e-25 2.418263901262337808e-25 1.615637786638522769e-26 5.722415537023255450e-01 3.305169261982540387e-26 1.000000000000000000e+00 0.000000000000000000e+00 0.000000000000000000e+00 0.000000000000000000e+00 1.000000000000000000e+00 1.000000000000000000e+10 0.000000000000000000e+00 0.000000000000000000e+00 0.000000000000000000e+00 1.000000000000000000e+10
1.200529105910367808e-02 1.296467499961800640e+05 6.769426169265527278e+04 6.066264100568396680e+04 2.399983317961308094e-01 1.223513067785877502e+05 1.201881208966104704e-25 1.923578714407439119e-25 3.145380558233405142e-26 5.193816006999500967e-01 4.902240203383089526e-26 1.000000000000000000e+00 0.000000000000000000e+00 0.000000000000000000e+00 0.000000000000000000e+00 1.000000000000000000e+00 1.000000000000000000e+10 0.000000000000000000e+00 0.000000000000000000e+00 0.000000000000000000e+00 1.000000000000000000e+10
1.384557172980430476e-02 1.006707928744845412e+05 6.022829432415658084e+04 4.488072544912819285e+04 2.603293207521105157e-01 9.132763907722146541e+04 8.483031639733785505e-26 9.658118395562635300e-26 3.183606383168214233e-26 4.393977154896298587e-01 5.004878877089894646e-26 1.000000000000000000e+00 0.000000000000000000e+00 0.000000000000000000e+00 0.000000000000000000e+00 1.000000000000000000e+00 1.000000000000000000e+10 0.000000000000000000e+00 0.000000000000000000e+00 0.000000000000000000e+00 1.000000000000000000e+10
1.596794743096121086e-02 7.489803457411353884e+04 4.858785110000075656e+04 3.494475387398573366e+04 2.919562406676867172e-01 6.690156577231628762e+04 8.137993854035811819e-26 8.548976081895504605e-26 2.635237472418048530e-26 3.957533478598451171e-01 4.606273866539329969e-26 1.000000000000000000e+00 0.000000000000000000e+00 0.000000000000000000e+00 0.000000000000000000e+00 1.000000000000000000e+00 1.000000000000000000e+10 0.000000000000000000e+00 0.000000000000000000e+00 0.000000000000000000e+00 1.000000000000000000e+10
1.841566026551830909e-02 5.579679264010590850e+04 4.229654861263064959e+04 2.567788188737157543e+04 2.968043768077113231e-01 4.821989708024598076e+04 6.902492927134767361e-26 6.184849098557392662e-26 2.832632505222070438e-26 3.805287355032055951e-01 4.687342626743854532e-26 1.000000000000000000e+00 0.000000000000000000e+00 0.000000000000000000e+00 0.000000000000000000e+00 1.000000000000000000e+00 1.000000000000000000e+10 0.000000000000000000e+00 0.000000000000000000e+00 0.000000000000000000e+00 1.000000000000000000e+10
2.123858088093512342e-02 3.972504824313127756e+04 2.940798244294019969e+04 1.768019479002392472e+04 3.164452850636504389e-01 3.289066602483549650e+04 5.432165796862419087e-26 4.194600737355534669e-26 1.955217003670699803e-26 3.468843378467302840e-01 3.848198889059337084e-26 1.000000000000000000e+00 0.000000000000000000e+00 0.000000000000000000e+00 0.000000000000000000e+00 1.000000000000000000e+00 1.000000000000000000e+10 0.000000000000000000e+00 0.000000000000000000e+00 0.000000000000000000e+00 1.000000000000000000e+10
2.449422455303571639e-02 2.861985611706520285e+04 2.538877779587915575e+04 1.142648059791109881e+04 3.116213127199000121e-01 2.264432844092621235e+04 4.253780486635000386e-26 3.245311093003388506e-26 1.518295676546343560e-26 2.938350669826772510e-01 3.200707589753917679e-26 1.000000000000000000e+00 0.000000000000000000e+00 0.000000000000000000e+00 0.000000000000000000e+00 1.000000000000000000e+00 1.000000000000000000e+10 0.000000000000000000e+00 0.000000000000000000e+00 0.000000000000000000e+00 1.000000000000000000e+10
2.824892302447100725e-02 1.879876932418661818e+04 1.370786605549900196e+04 7.360741199602614870e+03 2.949598063917406865e-01 1.536151972234881032e+04 3.514675659300892989e-26 2.382618854059887407e-26 1.306115988997571570e-26 2.914718318884049753e-01 2.714129789496728939e-26 1.000000000000000000e+00 0.000000000000000000e+00 0.000000000000000000e+00 0.000000000000000000e+00 1.000000000000000000e+00 1.000000000000000000e+10 0.000000000000000000e+00 0.000000000000000000e+00 0.000000000000000000e+00 1.000000000000000000e+10
3.257917597328415654e-02 1.298520892522420218e+04 9.497613033876246845e+03 5.376372277528216728e+03 2.906941077353180081e-01 1.067752913954051292e+04 2.758465954332780756e-26 1.998739585977315776e-26 1.052057756590424849e-26 2.659708326472047246e-01 2.256385164449354389e-26 1.000000000000000000e+00 0.000000000000000000e+00 0.000000000000000000e+00 0.000000000000000000e+00 1.000000000000000000e+00 1.000000000000000000e+10 0.000000000000000000e+00 0.000000000000000000e+00 0.000000000000000000e+00 1.000000000000000000e+10
3.757320964692217186e-02 8.737638014263808145e+03 5.411456242157318229e+03 3.158196267182801421e+03 2.563291618482604894e-01 7.342330341593607045e+03 2.316282030478364607e-26 1.354169805250098861e-26 7.704635140255743049e-27 2.430360698151838861e-01 1.920378604468427247e-26 1.000000000000000000e+00 0.000000000000000000e+00 0.000000000000000000e+00 0.000000000000000000e+00 1.000000000000000000e+00 1.000000000000000000e+10 0.000000000000000000e+00 0.000000000000000000e+00 0.000000000000000000e+00 1.000000000000000000e+10
4.333277441790538143e-02 6.224449425773208532e+03 3.135168834306324243e+03 2.165872566126187394e+03 2.173223999933202588e-01 5.568723029367401068e+03 1.884385115015875608e-26 1.074885343725262367e-26 6.892541910765155847e-27 2.348156865365809143e-01 1.625258906311629417e-26 1.000000000000000000e+00 0.000000000000000000e+00 0.000000000000000000e+00 0.000000000000000000e+00 1.000000000000000000e+00 1.000000000000000000e+10 0.000000000000000000e+00 0.000000000000000000e+00 0.000000000000000000e+00 1.000000000000000000e+10
4.997521788524898756e-02 4.534035938006550168e+03 2.344342974765366762e+03 1.506942730847132680e+03 2.020187373807713627e-01 4.082114059226854351e+03 1.563485683778495119e-26 1.033354763201470217e-26 4.877393160956441969e-27 2.416513536724407551e-01 1.273877941480313885e-26 1.000000000000000000e+00 0.000000000000000000e+00 0.000000000000000000e+00 0.000000000000000000e+00 1.000000000000000000e+00 1.000000000000000000e+10 0.000000000000000000e+00 0.000000000000000000e+00 0.000000000000000000e+00 1.000000000000000000e+10
5.763587575980636674e-02 3.424536746936931195e+03 1.808397787194434386e+03 1.010009878461731205e+03 1.817367003355883637e-01 3.119977793621294040e+03 1.248756349062945757e-26 8.561983264232144317e-27 3.937519001940162757e-27 2.349986759017764493e-01 1.021673810879553131e-26 1.000000000000000000e+00 0.000000000000000000e+00 0.000000000000000000e+00 0.000000000000000000e+00 1.000000000000000000e+00 1.000000000000000000e+10 0.000000000000000000e+00 0.000000000000000000e+00 0.000000000000000000e+00 1.000000000000000000e+10
6.647082924635627776e-02 2.730429257357178813e+03 1.152041032060917587e+03 8.184691090129563236e+02 1.722296350811022281e-01 2.530315523213443157e+03 9.782747522142248718e-27 6.413019019457843307e-27 2.926197496434080727e-27 2.304600333963575387e-01 8.010551663610253492e-27 1.000000000000000000e+00 0.000000000000000000e+00 0.000000000000000000e+00 0.000000000000000000e+00 1.000000000000000000e+00 1.000000000000000000e+10 0.000000000000000000e+00 0.000000000000000000e+00 0.000000000000000000e+00 1.000000000000000000e+10
7.666008510240249207e-02 2.195066895902622946e+03 1.105740189442935389e+03 6.584461902831401403e+02 1.704448016245014574e-01 2.020720761774157836e+03 7.571133813476722779e-27 5.010969931936241631e-27 2.537567479896791383e-27 2.346209197711899841e-01 6.338328735120977104e-27 1.000000000000000000e+00 0.000000000000000000e+00 0.000000000000000000e+00 0.000000000000000000e+00 1.000000000000000000e+00 1.000000000000000000e+10 0.000000000000000000e+00 0.000000000000000000e+00 0.000000000000000000e+00 1.000000000000000000e+10
8.841124316543315376e-02 1.698475416555814036e+03 7.426665121657251802e+02 4.817043202163338265e+02 1.557385014879199281e-01 1.566716086100657776e+03 5.747427680085334603e-27 3.925842944271579892e-27 1.935231035308625637e-27 2.303095186510740466e-01 4.784280492330869331e-27 1.000000000000000000e+00 0.000000000000000000e+00 0.000000000000000000e+00 0.000000000000000000e+00 1.000000000000000000e+00 1.000000000000000000e+10 0.000000000000000000e+00 0.000000000000000000e+00 0.000000000000000000e+00 1.000000000000000000e+10
1.019637260722580097e-01 1.309979138313635985e+03 5.539357452257415844e+02 3.636335660788837458e+02 1.549499993395167807e-01 1.227072113389314154e+03 4.324022097487260022e-27 3.560111477501720499e-27 1.398650432319694527e-27 2.491554174544405587e-01 3.475159755675080460e-27 1.000000000000000000e+00 0.000000000000000000e+00 0.000000000000000000e+00 0.000000000000000000e+00 1.000000000000000000e+00 1.000000000000000000e+10 0.000000000000000000e+00 0.000000000000000000e+00 0.000000000000000000e+00 1.000000000000000000e+10
1.175936573483598035e-01 1.018086155238330548e+03 3.721950579672603681e+02 2.865606767596551663e+02 1.485296913345983405e-01 9.623360569016505224e+02 3.268819939445481507e-27 2.523625298257753854e-27 1.086548035132879978e-27 2.596509867337543631e-01 2.574867664570878778e-27 1.000000000000000000e+00 0.000000000000000000e+00 0.000000000000000000e+00 0.000000000000000000e+00 1.000000000000000000e+00 1.000000000000000000e+10 0.000000000000000000e+00 0.000000000000000000e+00 0.000000000000000000e+00 1.000000000000000000e+10
1.356194872553388164e-01 7.975762399300767811e+02 3.470787428961386922e+02 2.313467526653966502e+02 1.579350322695226849e-01 7.302663126894053676e+02 2.416060371829645908e-27 2.046523252775534779e-27 7.568332526316032375e-28 2.801213293851930186e-01 1.756951847955103867e-27 1.000000000000000000e+00 0.000000000000000000e+00 0.000000000000000000e+00 0.000000000000000000e+00 1.000000000000000000e+00 1.000000000000000000e+10 0.000000000000000000e+00 0.000000000000000000e+00 0.000000000000000000e+00 1.000000000000000000e+10
1.564084810196403053e-01 6.202344998942930943e+02 2.443097479844104782e+02 1.669113581306282867e+02 1.509375151586318797e-01 5.724122186648850175e+02 1.781641186543729953e-27 1.485913787780047069e-27 6.059305365573791816e-28 2.895228348418140696e-01 1.323025259826290231e-27 1.000000000000000000e+00 0.000000000000000000e+00 0.000000000000000000e+00 0.000000000000000000e+00 1.000000000000000000e+00 1.000000000000000000e+10 0.000000000000000000e+00 0.000000000000000000e+00 0.000000000000000000e+00 1.000000000000000000e+10
1.803842016362447453e-01 4.721120521005796036e+02 2.040374887905844616e+02 1.285425472025991098e+02 1.627118509312215910e-01 4.336396533222333574e+02 1.324003654972487840e-27 1.026019137040300195e-27 4.322234075757837488e-28 3.215588432029640176e-01 8.975484885778976112e-28 1.000000000000000000e+00 0.000000000000000000e+00 0.000000000000000000e+00 0.000000000000000000e+00 1.000000000000000000e+00 1.000000000000000000e+10 0.000000000000000000e+00 0.000000000000000000e+00 0.000000000000000000e+00 1.000000000000000000e+10
2.080351397048574025e-01 3.683764915688424253e+02 1.488761519404934575e+02 1.059320338784722821e+02 1.673068460960907555e-01 3.347157363962655836e+02 1.019049939254699363e-27 7.287613610766229946e-28 3.132995637480428290e-28 3.515262166856000792e-01 6.268339747367804255e-28 1.000000000000000000e+00 0.000000000000000000e+00 0.000000000000000000e+00 0.000000000000000000e+00 1.000000000000000000e+00 1.000000000000000000e+10 0.000000000000000000e+00 0.000000000000000000e+00 0.000000000000000000e+00 1.000000000000000000e+10
2.399246661262133540e-01 2.871700452563295585e+02 1.355132475426439385e+02 8.123072244869993597e+01 1.809871391019763909e-01 2.531829069173000164e+02 8.228827846211783506e-28 6.169177433680855945e-28 2.224664976916692507e-28 3.940151278981148253e-01 4.265241383874827061e-28 1.000000000000000000e+00 0.000000000000000000e+00 0.000000000000000000e+00 0.000000000000000000e+00 1.000000000000000000e+00 1.000000000000000000e+10 0.000000000000000000e+00 0.000000000000000000e+00 0.000000000000000000e+00 1.000000000000000000e+10
2.767025104385807399e-01 2.244807763309217989e+02 1.281783029122903770e+02 5.670908444706287810e+01 1.950797738539224169e-01 1.873079534785934754e+02 6.896080121648314270e-28 5.315117387473984075e-28 1.641225243835448978e-28 4.402590000859616937e-01 3.005036545114772270e-28 1.000000000000000000e+00 0.000000000000000000e+00 0.000000000000000000e+00 0.000000000000000000e+00 1.000000000000000000e+00 1.000000000000000000e+10 0.000000000000000000e+00 0.000000000000000000e+00 0.000000000000000000e+00 1.000000000000000000e+10
3.191179986585286343e-01 1.839199314030280163e+02 1.008493659317539652e+02 4.772821330947519414e+01 2.213431776151218999e-01 1.468924877418904202e+02 6.230169233648149412e-28 5.693645436283388900e-28 1.024373748929992083e-28 4.909154018347280934e-01 2.059689936676586069e-28 1.000000000000000000e+00 0.000000000000000000e+00 0.000000000000000000e+00 0.000000000000000000e+00 1.000000000000000000e+00 1.000000000000000000e+10 0.000000000000000000e+00 0.000000000000000000e+00 0.000000000000000000e+00 1.000000000000000000e+10
3.680353203388414540e-01 1.505294640184094135e+02 8.734292646881024780e+01 3.546765308954248042e+01 2.405412580809343226e-01 1.123794580419960596e+02 6.178416893093575313e-28 4.127686395045412512e-28 8.392544515800744887e-29 5.460173960985631458e-01 1.569078599657687124e-28 1.000000000000000000e+00 0.000000000000000000e+00 0.000000000000000000e+00 0.000000000000000000e+00 1.000000000000000000e+00 1.000000000000000000e+10 0.000000000000000000e+00 0.000000000000000000e+00 0.000000000000000000e+00 1.000000000000000000e+10
4.244511359005219142e-01 1.293149966228282040e+02 6.978507067804007136e+01 2.752513669026028964e+01 2.643327557366603187e-01 8.783344802746223934e+01 6.803317459966270420e-28 3.402297344881688841e-28 6.980640974172221487e-29 6.094437352398158758e-01 1.158224921670714344e-28 1.000000000000000000e+00 0.000000000000000000e+00 0.000000000000000000e+00 0.000000000000000000e+00 1.000000000000000000e+00 1.000000000000000000e+10 0.000000000000000000e+00 0.000000000000000000e+00 0.000000000000000000e+00 1.000000000000000000e+10
4.895148829774688681e-01 1.103651181425596803e+02 6.704616880128055811e+01 2.729419277357452245e+01 2.917957086971436631e-01 7.224438651301885272e+01 7.146941182030917513e-28 4.055929847956886636e-28 5.664900605631695386e-29 6.728333863540889581e-01 8.794493445919846443e-29 1.000000000000000000e+00 0.000000000000000000e+00 0.000000000000000000e+00 0.000000000000000000e+00 1.000000000000000000e+00 1.000000000000000000e+10 0.000000000000000000e+00 0.000000000000000000e+00 0.000000000000000000e+00 1.000000000000000000e+10
5.645521955031491679e-01 9.638050315822351877e+01 6.842874258259911358e+01 2.038940956291698114e+01 3.134357220956616730e-01 5.691888662786644204e+01 6.997592924976288286e-28 4.618128778127588829e-28 3.942188112237407877e-29 7.190044713186113379e-01 6.395357844433839405e-29 1.000000000000000000e+00 0.000000000000000000e+00 0.000000000000000000e+00 0.000000000000000000e+00 1.000000000000000000e+00 1.000000000000000000e+10 0.000000000000000000e+00 0.000000000000000000e+00 0.000000000000000000e+00 1.000000000000000000e+10
6.510919126887823039e-01 8.053987235666696165e+01 6.115995141756061315e+01 1.715904907313769101e+01 3.236814383413037510e-01 4.598530754487577354e+01 6.590774046611732547e-28 3.600868050508485348e-28 3.670474140859115092e-29 7.651662226777387055e-01 5.288530971180987487e-29 1.000000000000000000e+00 0.000000000000000000e+00 0.000000000000000000e+00 0.000000000000000000e+00 1.000000000000000000e+00 1.000000000000000000e+10 0.000000000000000000e+00 0.000000000000000000e+00 0.000000000000000000e+00 1.000000000000000000e+10
7.508972281844089602e-01 6.795889113729727171e+01 5.783245407593410903e+01 1.524246043030812814e+01 3.257421789172763038e-01 3.966646979557545194e+01 5.386050275156893754e-28 3.667116570342696720e-28 3.245923007367096713e-29 8.022239366469681165e-01 4.435191968372006171e-29 1.000000000000000000e+00 0.000000000000000000e+00 0.000000000000000000e+00 0.000000000000000000e+00 1.000000000000000000e+00 1.000000000000000000e+10 0.000000000000000000e+00 0.000000000000000000e+00 0.000000000000000000e+00 1.000000000000000000e+10
8.660016140678794550e-01 6.024562114255284229e+01 6.164341964818304831e+01 1.493798799260072840e+01 3.377293742555243505e-01 3.618392539455805235e+01 4.439974863120169469e-28 4.211484472855532999e-28 3.918969291992654142e-29 8.456798204771116545e-01 4.772921926253444034e-29 1.000000000000000000e+00 0.000000000000000000e+00 0.000000000000000000e+00 0.000000000000000000e+00 1.000000000000000000e+00 1.000000000000000000e+10 0.000000000000000000e+00 0.000000000000000000e+00 0.000000000000000000e+00 1.000000000000000000e+10
9.987502515910116063e-01 5.237936405162859188e+01 4.376281975393511203e+01 1.728207858100168792e+01 3.312233093011529017e-01 3.511471689752099934e+01 4.276361868634835000e-28 3.711166288042911762e-28 3.195671833855222302e-29 8.718512183366147195e-01 3.922836122621951648e-29 1.000000000000000000e+00 0.000000000000000000e+00 0.000000000000000000e+00 0.000000000000000000e+00 1.000000000000000000e+00 1.000000000000000000e+10 0.000000000000000000e+00 0.000000000000000000e+00 0.000000000000000000e+00 1.000000000000000000e+10
1.151847812808953542e+00 4.655254592878687703e+01 4.982794500592224551e+01 1.562900848518980368e+01 3.218649056937680220e-01 3.243612775856261976e+01 3.758831396746270608e-28 4.128542367617324493e-28 2.613943278513868575e-29 8.617526099458361344e-01 3.308694122906810131e-29 1.000000000000000000e+00 0.000000000000000000e+00 0.000000000000000000e+00 0.000000000000000000e+00 1.000000000000000000e+00 1.000000000000000000e+10 0.000000000000000000e+00 0.000000000000000000e+00 0.000000000000000000e+00 1.000000000000000000e+10
1.328413566614123908e+00 4.291490708319557967e+01 3.452998078733725151e+01 1.538067799820540671e+01 3.113533555238412465e-01 3.153111223244027883e+01 4.307830851512983834e-28 3.365163966278978160e-28 3.712440681038348190e-29 8.540737220337686342e-01 4.440784443085633340e-29 1.000000000000000000e+00 0.000000000000000000e+00 0.000000000000000000e+00 0.000000000000000000e+00 1.000000000000000000e+00 1.000000000000000000e+10 0.000000000000000000e+00 0.000000000000000000e+00 0.000000000000000000e+00 1.000000000000000000e+10
1.532044931926391351e+00 4.196526156261977292e+01 3.589899245646705594e+01 1.406006006342876979e+01 3.150154086539592724e-01 2.937228710467496384e+01 6.422918705864644743e-28 3.777539233939507938e-28 3.521185061599587167e-29 8.719258243312152379e-01 4.207270908358631509e-29 1.000000000000000000e+00 0.000000000000000000e+00 0.000000000000000000e+00 0.000000000000000000e+00 1.000000000000000000e+00 1.000000000000000000e+10 0.000000000000000000e+00 0.000000000000000000e+00 0.000000000000000000e+00 1.000000000000000000e+10
1.766890772896739126e+00 3.968054342630028231e+01 3.065483230656058211e+01 1.324493463353579692e+01 3.059391979383879190e-01 2.762180634418895764e+01 1.001124600886526667e-27 3.511305851179232861e-28 3.813526549886819821e-29 8.642759237836024067e-01 4.521788654539585144e-29 1.000000000000000000e+00 0.000000000000000000e+00 0.000000000000000000e+00 0.000000000000000000e+00 1.000000000000000000e+00 1.000000000000000000e+10 0.000000000000000000e+00 0.000000000000000000e+00 0.000000000000000000e+00 1.000000000000000000e+10
2.037735929469222107e+00 3.803590715801144029e+01 2.725772048355875654e+01 1.418339879277591820e+01 3.028754175590628317e-01 2.783201250662477833e+01 1.240416401798599410e-27 3.072815835718098088e-28 5.340037013280047333e-29 8.608314402623384876e-01 5.971776696381725194e-29 1.000000000000000000e+00 0.000000000000000000e+00 0.000000000000000000e+00 0.000000000000000000e+00 1.000000000000000000e+00 1.000000000000000000e+10 0.000000000000000000e+00 0.000000000000000000e+00 0.000000000000000000e+00 1.000000000000000000e+10
2.350098705559579226e+00 3.297357462195260069e+01 2.350776002199197023e+01 1.167870812893509758e+01 2.842154689089425590e-01 2.485552885064900153e+01 6.488479924942558523e-28 3.137929697703551686e-28 4.629818404399803331e-29 8.708077020166399285e-01 5.247102731800521685e-29 1.000000000000000000e+00 0.000000000000000000e+00 0.000000000000000000e+00 0.000000000000000000e+00 1.000000000000000000e+00 1.000000000000000000e+10 0.000000000000000000e+00 0.000000000000000000e+00 0.000000000000000000e+00 1.000000000000000000e+10
