# R (Mpc), mean rho (Msol/kpc^3), errup (Msol/kpc^3), errlow, std, median rho (Msol/kpc^3), mean pth (Msol/kpc/s^2), errup(Msol/kpc/s^2), errlow, std, median pth (Msol/kpc/s^2), mean gas-mass-weighted metal (fraction), errup, errlow, std, median metal, mean gas-mass-weighted temp (K), errup, errlow, std, median temp  
#  nprofs 181, mean mh 537587085129.577942, median mh 484437563081.484680 
#  Mass range 11.50 - 12.0
1.040961082911032697e-02 4.832779800540304277e+05 2.358506231659756741e+05 1.968782780009778216e+05 2.346381544309824041e-01 4.492006225539646111e+05 2.804548350276989490e-25 3.376117063589855921e-25 6.108771197088496102e-26 4.812631676187205665e-01 1.125780227656597659e-25 1.000000000000000000e+00 0.000000000000000000e+00 0.000000000000000000e+00 0.000000000000000000e+00 1.000000000000000000e+00 1.000000000000000000e+10 0.000000000000000000e+00 0.000000000000000000e+00 0.000000000000000000e+00 1.000000000000000000e+10
1.200529105910367808e-02 3.645068399669005885e+05 1.792605025632783072e+05 1.701949099197457836e+05 2.372534390364201273e-01 3.597901306804445339e+05 2.607797549601818756e-25 3.501332088860261550e-25 7.865083632977221689e-26 4.921977374436008468e-01 1.211814300689107034e-25 1.000000000000000000e+00 0.000000000000000000e+00 0.000000000000000000e+00 0.000000000000000000e+00 1.000000000000000000e+00 1.000000000000000000e+10 0.000000000000000000e+00 0.000000000000000000e+00 0.000000000000000000e+00 1.000000000000000000e+10
1.384557172980430476e-02 2.715783022057381459e+05 1.401971255192375975e+05 1.322991534135668771e+05 2.324315452224428868e-01 2.632305921803002129e+05 2.868184501485084698e-25 2.860027831043367106e-25 1.514992336348228347e-25 4.604487295169333860e-01 1.994740555394989904e-25 1.000000000000000000e+00 0.000000000000000000e+00 0.000000000000000000e+00 0.000000000000000000e+00 1.000000000000000000e+00 1.000000000000000000e+10 0.000000000000000000e+00 0.000000000000000000e+00 0.000000000000000000e+00 1.000000000000000000e+10
1.596794743096121086e-02 1.904679563181804551e+05 9.787373375247057993e+04 8.471400686971492541e+04 2.328095735718067327e-01 1.846349131332798279e+05 2.585825855856980709e-25 2.844778707193671824e-25 1.006602674036185530e-25 4.060830590176900401e-01 1.616242448774667514e-25 1.000000000000000000e+00 0.000000000000000000e+00 0.000000000000000000e+00 0.000000000000000000e+00 1.000000000000000000e+00 1.000000000000000000e+10 0.000000000000000000e+00 0.000000000000000000e+00 0.000000000000000000e+00 1.000000000000000000e+10
1.841566026551830909e-02 1.324976026657670445e+05 8.331550131414723000e+04 5.787235765180485032e+04 2.428411889529364098e-01 1.237634470306921576e+05 2.379115698052383431e-25 1.751533193514598998e-25 1.287277533744980833e-25 3.776723290068374483e-01 1.924420870550822482e-25 1.000000000000000000e+00 0.000000000000000000e+00 0.000000000000000000e+00 0.000000000000000000e+00 1.000000000000000000e+00 1.000000000000000000e+10 0.000000000000000000e+00 0.000000000000000000e+00 0.000000000000000000e+00 1.000000000000000000e+10
2.123858088093512342e-02 8.848532725054628099e+04 6.117256270248960936e+04 3.714799720149318455e+04 2.461350584926852159e-01 7.879565353841293836e+04 2.056012258777025200e-25 1.625112555528672729e-25 9.099144304159247561e-26 3.387573446075816119e-01 1.588690021437119848e-25 1.000000000000000000e+00 0.000000000000000000e+00 0.000000000000000000e+00 0.000000000000000000e+00 1.000000000000000000e+00 1.000000000000000000e+10 0.000000000000000000e+00 0.000000000000000000e+00 0.000000000000000000e+00 1.000000000000000000e+10
2.449422455303571639e-02 5.893492262119375664e+04 4.198749586865650053e+04 1.889660736354205801e+04 2.414444497765977637e-01 4.851208193993189343e+04 1.747834926284031443e-25 1.344921540734880889e-25 6.135679831773170071e-26 3.154395013137431536e-01 1.349959906562700594e-25 1.000000000000000000e+00 0.000000000000000000e+00 0.000000000000000000e+00 0.000000000000000000e+00 1.000000000000000000e+00 1.000000000000000000e+10 0.000000000000000000e+00 0.000000000000000000e+00 0.000000000000000000e+00 1.000000000000000000e+10
2.824892302447100725e-02 3.913185553430063737e+04 2.750003222127435947e+04 1.245762139057259265e+04 2.407596709775963739e-01 3.211322025060931992e+04 1.518226309559151150e-25 1.220379310204505058e-25 5.910426542533463643e-26 3.005530251533163888e-01 1.200405461141836556e-25 1.000000000000000000e+00 0.000000000000000000e+00 0.000000000000000000e+00 0.000000000000000000e+00 1.000000000000000000e+00 1.000000000000000000e+10 0.000000000000000000e+00 0.000000000000000000e+00 0.000000000000000000e+00 1.000000000000000000e+10
3.257917597328415654e-02 2.685890610383665990e+04 1.871656939608672110e+04 9.112505703098278900e+03 2.394888195602090653e-01 2.223909634380035277e+04 1.249171988138466351e-25 9.573473836784342835e-26 4.666944187328129815e-26 2.802422192436778703e-01 1.013715806147991187e-25 1.000000000000000000e+00 0.000000000000000000e+00 0.000000000000000000e+00 0.000000000000000000e+00 1.000000000000000000e+00 1.000000000000000000e+10 0.000000000000000000e+00 0.000000000000000000e+00 0.000000000000000000e+00 1.000000000000000000e+10
3.757320964692217186e-02 1.893786910464790708e+04 1.037964136273487748e+04 4.994077127942317020e+03 2.353055852608338105e-01 1.495532447994284666e+04 1.034194784232795785e-25 8.981622125274151094e-26 3.357500473977666643e-26 2.861080879669125054e-01 7.881249847660215756e-26 1.000000000000000000e+00 0.000000000000000000e+00 0.000000000000000000e+00 0.000000000000000000e+00 1.000000000000000000e+00 1.000000000000000000e+10 0.000000000000000000e+00 0.000000000000000000e+00 0.000000000000000000e+00 1.000000000000000000e+10
4.333277441790538143e-02 1.323051128092976796e+04 8.206117876114652972e+03 2.958353811899572065e+03 1.985807564461596897e-01 1.085660001319018738e+04 8.511869691740751567e-26 6.465751734106113385e-26 3.027348838958350698e-26 2.655845236453069358e-01 6.947377212127744041e-26 1.000000000000000000e+00 0.000000000000000000e+00 0.000000000000000000e+00 0.000000000000000000e+00 1.000000000000000000e+00 1.000000000000000000e+10 0.000000000000000000e+00 0.000000000000000000e+00 0.000000000000000000e+00 1.000000000000000000e+10
4.997521788524898756e-02 9.633470303181426061e+03 4.673376977610307222e+03 2.534367840649678328e+03 1.731581557154214801e-01 8.630058781909670870e+03 6.926756498528255303e-26 5.193403481719310783e-26 2.587065232212081926e-26 2.711665124773423030e-01 5.561135403981990650e-26 1.000000000000000000e+00 0.000000000000000000e+00 0.000000000000000000e+00 0.000000000000000000e+00 1.000000000000000000e+00 1.000000000000000000e+10 0.000000000000000000e+00 0.000000000000000000e+00 0.000000000000000000e+00 1.000000000000000000e+10
5.763587575980636674e-02 7.719121264699252606e+03 3.325782254772290798e+03 2.300776452784922185e+03 1.657418903808501043e-01 7.141875944659225752e+03 5.686046157716811465e-26 4.100825419911981936e-26 2.198606216194214510e-26 2.701485947446291003e-01 4.696176763584102179e-26 1.000000000000000000e+00 0.000000000000000000e+00 0.000000000000000000e+00 0.000000000000000000e+00 1.000000000000000000e+00 1.000000000000000000e+10 0.000000000000000000e+00 0.000000000000000000e+00 0.000000000000000000e+00 1.000000000000000000e+10
6.647082924635627776e-02 6.136154195640157923e+03 2.390104298401904998e+03 2.006862159455337860e+03 1.739634657794768002e-01 5.752155416874982620e+03 4.390596267444999163e-26 3.237471460242821018e-26 1.530854596249232457e-26 2.622867708051388469e-01 3.499598904953628081e-26 1.000000000000000000e+00 0.000000000000000000e+00 0.000000000000000000e+00 0.000000000000000000e+00 1.000000000000000000e+00 1.000000000000000000e+10 0.000000000000000000e+00 0.000000000000000000e+00 0.000000000000000000e+00 1.000000000000000000e+10
7.666008510240249207e-02 4.785613584284815261e+03 2.289412515574721510e+03 1.327095872626275195e+03 1.705685792205217099e-01 4.221205441976252587e+03 3.322410287459789639e-26 2.463707827411457374e-26 1.308807473450197073e-26 2.627797930626745160e-01 2.747811657803622440e-26 1.000000000000000000e+00 0.000000000000000000e+00 0.000000000000000000e+00 0.000000000000000000e+00 1.000000000000000000e+00 1.000000000000000000e+10 0.000000000000000000e+00 0.000000000000000000e+00 0.000000000000000000e+00 1.000000000000000000e+10
8.841124316543315376e-02 3.721876319910208167e+03 2.038588370869417759e+03 1.047788174888324647e+03 1.731743898402892112e-01 3.337665831691997028e+03 2.439632133632586224e-26 1.887940413792649331e-26 9.549827152476324918e-27 2.646334918853361362e-01 1.993460459098032108e-26 1.000000000000000000e+00 0.000000000000000000e+00 0.000000000000000000e+00 0.000000000000000000e+00 1.000000000000000000e+00 1.000000000000000000e+10 0.000000000000000000e+00 0.000000000000000000e+00 0.000000000000000000e+00 1.000000000000000000e+10
1.019637260722580097e-01 2.901760492972582142e+03 1.449650546254253186e+03 8.821910270038977160e+02 1.714572658988126330e-01 2.655823722357724819e+03 1.808640289195845948e-26 1.430508874447698431e-26 7.751450423368536845e-27 2.729687019398485126e-01 1.515150988406016629e-26 1.000000000000000000e+00 0.000000000000000000e+00 0.000000000000000000e+00 0.000000000000000000e+00 1.000000000000000000e+00 1.000000000000000000e+10 0.000000000000000000e+00 0.000000000000000000e+00 0.000000000000000000e+00 1.000000000000000000e+10
1.175936573483598035e-01 2.223252877722469748e+03 1.060430075571889120e+03 7.347932013453098534e+02 1.754974526819828018e-01 2.085478430440287866e+03 1.286196619053710346e-26 1.061460709010755291e-26 5.471917008769241856e-27 2.840383200684943321e-01 1.051146029150605642e-26 1.000000000000000000e+00 0.000000000000000000e+00 0.000000000000000000e+00 0.000000000000000000e+00 1.000000000000000000e+00 1.000000000000000000e+10 0.000000000000000000e+00 0.000000000000000000e+00 0.000000000000000000e+00 1.000000000000000000e+10
1.356194872553388164e-01 1.684028673693916289e+03 7.321017826156401043e+02 6.197225672918751798e+02 1.732201462136214731e-01 1.616932834033322024e+03 8.984292831979217626e-27 7.812359406360868879e-27 4.281196929737266883e-27 2.934586450715873651e-01 7.638435129179538799e-27 1.000000000000000000e+00 0.000000000000000000e+00 0.000000000000000000e+00 0.000000000000000000e+00 1.000000000000000000e+00 1.000000000000000000e+10 0.000000000000000000e+00 0.000000000000000000e+00 0.000000000000000000e+00 1.000000000000000000e+10
1.564084810196403053e-01 1.253500143375611060e+03 4.818509009946392325e+02 4.937076594206384925e+02 1.753167028895203094e-01 1.220734447034584036e+03 6.236736164333996327e-27 4.979509368642313165e-27 3.081937854892512209e-27 3.084553535349021658e-01 5.258139835930250304e-27 1.000000000000000000e+00 0.000000000000000000e+00 0.000000000000000000e+00 0.000000000000000000e+00 1.000000000000000000e+00 1.000000000000000000e+10 0.000000000000000000e+00 0.000000000000000000e+00 0.000000000000000000e+00 1.000000000000000000e+10
1.803842016362447453e-01 9.149963714137003308e+02 3.736463912403687573e+02 3.646984131923237555e+02 1.745731537640222708e-01 8.995793462189492402e+02 4.278871020059135695e-27 3.691037094116394482e-27 2.094066311113172154e-27 3.231132107754036142e-01 3.497273648031203413e-27 1.000000000000000000e+00 0.000000000000000000e+00 0.000000000000000000e+00 0.000000000000000000e+00 1.000000000000000000e+00 1.000000000000000000e+10 0.000000000000000000e+00 0.000000000000000000e+00 0.000000000000000000e+00 1.000000000000000000e+10
2.080351397048574025e-01 6.595883500528092327e+02 3.353411266065451173e+02 2.081433303105190475e+02 1.722462133441094168e-01 6.028021349675453848e+02 2.935349165644563220e-27 2.694979502097700866e-27 1.231701321573018709e-27 3.407704237833351080e-01 2.161064496826824341e-27 1.000000000000000000e+00 0.000000000000000000e+00 0.000000000000000000e+00 0.000000000000000000e+00 1.000000000000000000e+00 1.000000000000000000e+10 0.000000000000000000e+00 0.000000000000000000e+00 0.000000000000000000e+00 1.000000000000000000e+10
2.399246661262133540e-01 4.873532922692948546e+02 2.535429989978100593e+02 1.616789796203659648e+02 1.841600881359981012e-01 4.387083863152032563e+02 2.044663638885459192e-27 1.849299192819353384e-27 8.993420940071642297e-28 3.682184907448516897e-01 1.470056568179922127e-27 1.000000000000000000e+00 0.000000000000000000e+00 0.000000000000000000e+00 0.000000000000000000e+00 1.000000000000000000e+00 1.000000000000000000e+10 0.000000000000000000e+00 0.000000000000000000e+00 0.000000000000000000e+00 1.000000000000000000e+10
2.767025104385807399e-01 3.702114745678300665e+02 2.216894260576567603e+02 1.153848461333694786e+02 1.990084523198993038e-01 3.236129767176531686e+02 1.504858299585044717e-27 1.312053050480397417e-27 5.581638547321081024e-28 4.001296695396991399e-01 9.231251934761350843e-28 1.000000000000000000e+00 0.000000000000000000e+00 0.000000000000000000e+00 0.000000000000000000e+00 1.000000000000000000e+00 1.000000000000000000e+10 0.000000000000000000e+00 0.000000000000000000e+00 0.000000000000000000e+00 1.000000000000000000e+10
3.191179986585286343e-01 2.702044013136198259e+02 1.457018227648278526e+02 8.147795077821891141e+01 2.023714199941949454e-01 2.303834123612936082e+02 1.130306052302140897e-27 9.871885153555959179e-28 3.729027348864747196e-28 4.300771759122281601e-01 6.054252898240500910e-28 1.000000000000000000e+00 0.000000000000000000e+00 0.000000000000000000e+00 0.000000000000000000e+00 1.000000000000000000e+00 1.000000000000000000e+10 0.000000000000000000e+00 0.000000000000000000e+00 0.000000000000000000e+00 1.000000000000000000e+10
3.680353203388414540e-01 2.036175383480027108e+02 1.250840313457412663e+02 5.257402838373856468e+01 2.142228437087055903e-01 1.620298131004196875e+02 9.398927036582749077e-28 8.052447330596497724e-28 2.677638687161455050e-28 4.720119700366591786e-01 4.076717916165386929e-28 1.000000000000000000e+00 0.000000000000000000e+00 0.000000000000000000e+00 0.000000000000000000e+00 1.000000000000000000e+00 1.000000000000000000e+10 0.000000000000000000e+00 0.000000000000000000e+00 0.000000000000000000e+00 1.000000000000000000e+10
4.244511359005219142e-01 1.565209028854542908e+02 9.037444946004723079e+01 4.558265924097003108e+01 2.292618005606372467e-01 1.238618570878778087e+02 7.994606022176931966e-28 6.025596444933438008e-28 1.871242523076368114e-28 5.151783735984204471e-01 2.798778464930047733e-28 1.000000000000000000e+00 0.000000000000000000e+00 0.000000000000000000e+00 0.000000000000000000e+00 1.000000000000000000e+00 1.000000000000000000e+10 0.000000000000000000e+00 0.000000000000000000e+00 0.000000000000000000e+00 1.000000000000000000e+10
4.895148829774688681e-01 1.197216816764725422e+02 6.869421047300615157e+01 3.152864215474560439e+01 2.343156065414122302e-01 9.262632868284264021e+01 6.999114003910675422e-28 5.688187750731101643e-28 1.159105135923114680e-28 5.564155472846670225e-01 1.820644196853737760e-28 1.000000000000000000e+00 0.000000000000000000e+00 0.000000000000000000e+00 0.000000000000000000e+00 1.000000000000000000e+00 1.000000000000000000e+10 0.000000000000000000e+00 0.000000000000000000e+00 0.000000000000000000e+00 1.000000000000000000e+10
5.645521955031491679e-01 9.919226614602811765e+01 6.656642165179555093e+01 2.740494102809821442e+01 2.555004218733756272e-01 7.335250900950516950e+01 7.122036293805841758e-28 5.749392694590342415e-28 9.121043681903614168e-29 6.191076421644090555e-01 1.340516055578118451e-28 1.000000000000000000e+00 0.000000000000000000e+00 0.000000000000000000e+00 0.000000000000000000e+00 1.000000000000000000e+00 1.000000000000000000e+10 0.000000000000000000e+00 0.000000000000000000e+00 0.000000000000000000e+00 1.000000000000000000e+10
6.510919126887823039e-01 9.097202143335661617e+01 8.102652103831982799e+01 2.343704612177950253e+01 2.981798905100730979e-01 5.934273685195535819e+01 6.985959678789720780e-28 6.521981981346005845e-28 4.965701750991902940e-29 7.021681293113678501e-01 8.059722266876476145e-29 1.000000000000000000e+00 0.000000000000000000e+00 0.000000000000000000e+00 0.000000000000000000e+00 1.000000000000000000e+00 1.000000000000000000e+10 0.000000000000000000e+00 0.000000000000000000e+00 0.000000000000000000e+00 1.000000000000000000e+10
7.508972281844089602e-01 7.847414012012498574e+01 7.797590975643382194e+01 1.899763336812113579e+01 3.171276689896240231e-01 4.892067779373355307e+01 6.329090511974348693e-28 5.616148641521994469e-28 4.914677614723828312e-29 7.516783966514817283e-01 6.951926157437334176e-29 1.000000000000000000e+00 0.000000000000000000e+00 0.000000000000000000e+00 0.000000000000000000e+00 1.000000000000000000e+00 1.000000000000000000e+10 0.000000000000000000e+00 0.000000000000000000e+00 0.000000000000000000e+00 1.000000000000000000e+10
8.660016140678794550e-01 6.371511766445879488e+01 5.750939377096261751e+01 1.698511491623530034e+01 2.980750801664400762e-01 4.264232458459616737e+01 5.140075926427910069e-28 4.701036677082110893e-28 4.406559124781083370e-29 7.585224383635640333e-01 6.065674210896428309e-29 1.000000000000000000e+00 0.000000000000000000e+00 0.000000000000000000e+00 0.000000000000000000e+00 1.000000000000000000e+00 1.000000000000000000e+10 0.000000000000000000e+00 0.000000000000000000e+00 0.000000000000000000e+00 1.000000000000000000e+10
9.987502515910116063e-01 5.412634119999101046e+01 4.631326813622681726e+01 1.532753994201300074e+01 2.867966954794516354e-01 3.797405198097542467e+01 5.324817259205657543e-28 4.344394391997878734e-28 4.289953423714046259e-29 7.706878497119119542e-01 5.482974158976258351e-29 1.000000000000000000e+00 0.000000000000000000e+00 0.000000000000000000e+00 0.000000000000000000e+00 1.000000000000000000e+00 1.000000000000000000e+10 0.000000000000000000e+00 0.000000000000000000e+00 0.000000000000000000e+00 1.000000000000000000e+10
1.151847812808953542e+00 4.945404634606195771e+01 4.332042807994843514e+01 1.506085948031670441e+01 2.958985524667765432e-01 3.485762042332017785e+01 6.599787555510593211e-28 4.336497753136801431e-28 5.021319771216706856e-29 8.050480110239885967e-01 6.050406079146405685e-29 1.000000000000000000e+00 0.000000000000000000e+00 0.000000000000000000e+00 0.000000000000000000e+00 1.000000000000000000e+00 1.000000000000000000e+10 0.000000000000000000e+00 0.000000000000000000e+00 0.000000000000000000e+00 1.000000000000000000e+10
1.328413566614123908e+00 4.597909843005826502e+01 3.619125638094911324e+01 1.527954449652443358e+01 2.917554541835619131e-01 3.345765518193745436e+01 7.899822214322674560e-28 4.831880251783278212e-28 4.092817374538131629e-29 8.065516507778529576e-01 5.086147642261741219e-29 1.000000000000000000e+00 0.000000000000000000e+00 0.000000000000000000e+00 0.000000000000000000e+00 1.000000000000000000e+00 1.000000000000000000e+10 0.000000000000000000e+00 0.000000000000000000e+00 0.000000000000000000e+00 1.000000000000000000e+10
1.532044931926391351e+00 4.414429757926635745e+01 4.401117652625915611e+01 1.254610870251678634e+01 2.940128365691499490e-01 3.013146058144848638e+01 1.022619577021093158e-27 4.494345182295697760e-28 5.216105066787756899e-29 7.922612164833302550e-01 6.255586829251052988e-29 1.000000000000000000e+00 0.000000000000000000e+00 0.000000000000000000e+00 0.000000000000000000e+00 1.000000000000000000e+00 1.000000000000000000e+10 0.000000000000000000e+00 0.000000000000000000e+00 0.000000000000000000e+00 1.000000000000000000e+10
1.766890772896739126e+00 3.818143464858579961e+01 2.507223379194241275e+01 1.311636548127864543e+01 2.686376054522441881e-01 2.912056302090206472e+01 7.821018877566122057e-28 3.036584237773120093e-28 4.618436651063130681e-29 7.458609580567785446e-01 5.657074003913379255e-29 1.000000000000000000e+00 0.000000000000000000e+00 0.000000000000000000e+00 0.000000000000000000e+00 1.000000000000000000e+00 1.000000000000000000e+10 0.000000000000000000e+00 0.000000000000000000e+00 0.000000000000000000e+00 1.000000000000000000e+10
2.037735929469222107e+00 3.281876657130484887e+01 2.338771453205498219e+01 9.955025424940323830e+00 2.475613904965887346e-01 2.578001938478201893e+01 3.832160122342363582e-28 2.496641658124508210e-28 3.531481969042837317e-29 7.130065140641239640e-01 4.744370613508046287e-29 1.000000000000000000e+00 0.000000000000000000e+00 0.000000000000000000e+00 0.000000000000000000e+00 1.000000000000000000e+00 1.000000000000000000e+10 0.000000000000000000e+00 0.000000000000000000e+00 0.000000000000000000e+00 1.000000000000000000e+10
2.350098705559579226e+00 3.058578652211496873e+01 2.388418476278132729e+01 7.531327288361294947e+00 2.377571906697357740e-01 2.323288097501571414e+01 2.792029454582674819e-28 1.926713078304199790e-28 4.537003976709277462e-29 6.798162544613118863e-01 5.935253405277112623e-29 1.000000000000000000e+00 0.000000000000000000e+00 0.000000000000000000e+00 0.000000000000000000e+00 1.000000000000000000e+00 1.000000000000000000e+10 0.000000000000000000e+00 0.000000000000000000e+00 0.000000000000000000e+00 1.000000000000000000e+10
