# R (Mpc), mean rho (Msol/kpc^3), errup (Msol/kpc^3), errlow, std, median rho (Msol/kpc^3), mean pth (Msol/kpc/s^2), errup(Msol/kpc/s^2), errlow, std, median pth (Msol/kpc/s^2), mean gas-mass-weighted metal (fraction), errup, errlow, std, median metal, mean gas-mass-weighted temp (K), errup, errlow, std, median temp  
#  nprofs 200, mean mh 211048548133.837585, median mh 202172801882.192871 
#  Mass range 11.00 - 11.5
1.040961082911032697e-02 2.547766198995632003e+05 1.459690230820495344e+05 9.665913166482851375e+04 2.413733278610918354e-01 2.284310518930282269e+05 1.022112352301674012e-25 1.652194001638693205e-25 1.434735272118663102e-26 4.654672229584165821e-01 3.508700735795311040e-26 1.000000000000000000e+00 0.000000000000000000e+00 0.000000000000000000e+00 0.000000000000000000e+00 1.000000000000000000e+00 1.000000000000000000e+10 0.000000000000000000e+00 0.000000000000000000e+00 0.000000000000000000e+00 1.000000000000000000e+10
1.200529105910367808e-02 1.983222864205231599e+05 1.316686993325458898e+05 8.292355373913452786e+04 2.506465354444844529e-01 1.768009500305822294e+05 9.669208181201913142e-26 1.468214517022825650e-25 1.907741568640856114e-26 4.583954787065083192e-01 3.770405343969066897e-26 1.000000000000000000e+00 0.000000000000000000e+00 0.000000000000000000e+00 0.000000000000000000e+00 1.000000000000000000e+00 1.000000000000000000e+10 0.000000000000000000e+00 0.000000000000000000e+00 0.000000000000000000e+00 1.000000000000000000e+10
1.384557172980430476e-02 1.522469050895381661e+05 1.000058702273826348e+05 6.858806468504494114e+04 2.657642175433990173e-01 1.398174008900594781e+05 7.421567908110664936e-26 8.663037386017864742e-26 2.165639229660466457e-26 4.038587593932074227e-01 4.047897794793660301e-26 1.000000000000000000e+00 0.000000000000000000e+00 0.000000000000000000e+00 0.000000000000000000e+00 1.000000000000000000e+00 1.000000000000000000e+10 0.000000000000000000e+00 0.000000000000000000e+00 0.000000000000000000e+00 1.000000000000000000e+10
1.596794743096121086e-02 1.121653372981246939e+05 6.621428630573771079e+04 6.034294799846370006e+04 2.595144042906092907e-01 1.098797404382134846e+05 7.343136290111458093e-26 8.248529420601098830e-26 2.919295584351938148e-26 3.970858063434242191e-01 4.675546080589740365e-26 1.000000000000000000e+00 0.000000000000000000e+00 0.000000000000000000e+00 0.000000000000000000e+00 1.000000000000000000e+00 1.000000000000000000e+10 0.000000000000000000e+00 0.000000000000000000e+00 0.000000000000000000e+00 1.000000000000000000e+10
1.841566026551830909e-02 8.260984348422073526e+04 5.982350220663622895e+04 4.035182437914284674e+04 2.762547546887652028e-01 7.439434156669264485e+04 6.696528325427669769e-26 7.157219822858046859e-26 2.213891849688204529e-26 3.787077923115642064e-01 4.116848139897190296e-26 1.000000000000000000e+00 0.000000000000000000e+00 0.000000000000000000e+00 0.000000000000000000e+00 1.000000000000000000e+00 1.000000000000000000e+10 0.000000000000000000e+00 0.000000000000000000e+00 0.000000000000000000e+00 1.000000000000000000e+10
2.123858088093512342e-02 5.593860362363837339e+04 4.461182769909777562e+04 2.622788487733504735e+04 2.906385895741993575e-01 4.854701115522652981e+04 5.123294332879723092e-26 4.964287634590146260e-26 1.730077345148530212e-26 3.357743443017363050e-01 3.535959574438134470e-26 1.000000000000000000e+00 0.000000000000000000e+00 0.000000000000000000e+00 0.000000000000000000e+00 1.000000000000000000e+00 1.000000000000000000e+10 0.000000000000000000e+00 0.000000000000000000e+00 0.000000000000000000e+00 1.000000000000000000e+10
2.449422455303571639e-02 3.621067116944960435e+04 2.351181692186678265e+04 1.659824853797009564e+04 2.843391586437769014e-01 3.116810034998103220e+04 4.313901513992337146e-26 3.671120386858916201e-26 1.583323878000941577e-26 3.161303678363484027e-01 3.286340898851823179e-26 1.000000000000000000e+00 0.000000000000000000e+00 0.000000000000000000e+00 0.000000000000000000e+00 1.000000000000000000e+00 1.000000000000000000e+10 0.000000000000000000e+00 0.000000000000000000e+00 0.000000000000000000e+00 1.000000000000000000e+10
2.824892302447100725e-02 2.348120539243304665e+04 1.777444227883566418e+04 8.019636504277987115e+03 2.617203228176122054e-01 1.852931351082915717e+04 3.508222952990950312e-26 2.766800339751511891e-26 1.255192899527858262e-26 2.836746525739707869e-01 2.717265335766540627e-26 1.000000000000000000e+00 0.000000000000000000e+00 0.000000000000000000e+00 0.000000000000000000e+00 1.000000000000000000e+00 1.000000000000000000e+10 0.000000000000000000e+00 0.000000000000000000e+00 0.000000000000000000e+00 1.000000000000000000e+10
3.257917597328415654e-02 1.532737888294980803e+04 1.050387525989250935e+04 5.795083778653432091e+03 2.605613114118549567e-01 1.296104168779700922e+04 2.826143551309323221e-26 2.023383413398837738e-26 1.089684941168307122e-26 2.661243399001793630e-01 2.363359372570183277e-26 1.000000000000000000e+00 0.000000000000000000e+00 0.000000000000000000e+00 0.000000000000000000e+00 1.000000000000000000e+00 1.000000000000000000e+10 0.000000000000000000e+00 0.000000000000000000e+00 0.000000000000000000e+00 1.000000000000000000e+10
3.757320964692217186e-02 9.564652476617990033e+03 4.514660910947437515e+03 3.214076306353693326e+03 2.381425073814979754e-01 8.318417221752606565e+03 2.231243371676894949e-26 1.692898636817777752e-26 8.115438657086760211e-27 2.593830365872994426e-01 1.882139248161094843e-26 1.000000000000000000e+00 0.000000000000000000e+00 0.000000000000000000e+00 0.000000000000000000e+00 1.000000000000000000e+00 1.000000000000000000e+10 0.000000000000000000e+00 0.000000000000000000e+00 0.000000000000000000e+00 1.000000000000000000e+10
4.333277441790538143e-02 6.399414590326326106e+03 3.129234946138451051e+03 1.951194583908421464e+03 1.866488826185674355e-01 5.712367706372560860e+03 1.858021270371039433e-26 1.251914586768909297e-26 6.565783309874152638e-27 2.307612392316872318e-01 1.610022671729366051e-26 1.000000000000000000e+00 0.000000000000000000e+00 0.000000000000000000e+00 0.000000000000000000e+00 1.000000000000000000e+00 1.000000000000000000e+10 0.000000000000000000e+00 0.000000000000000000e+00 0.000000000000000000e+00 1.000000000000000000e+10
4.997521788524898756e-02 4.572292196484889246e+03 2.197492202631638975e+03 1.360242165657163241e+03 1.749870094347834859e-01 4.220631892316003359e+03 1.481678521754790155e-26 8.079785424402440943e-27 5.770043814249094459e-27 2.204912433369977665e-01 1.307748970351911867e-26 1.000000000000000000e+00 0.000000000000000000e+00 0.000000000000000000e+00 0.000000000000000000e+00 1.000000000000000000e+00 1.000000000000000000e+10 0.000000000000000000e+00 0.000000000000000000e+00 0.000000000000000000e+00 1.000000000000000000e+10
5.763587575980636674e-02 3.483686530582897831e+03 1.394382096511758391e+03 1.122179145998131844e+03 1.743160111490268949e-01 3.265350004844781324e+03 1.176964054198561748e-26 6.969478488847310735e-27 4.216476299976300016e-27 2.262517270451534224e-01 1.033271634634291729e-26 1.000000000000000000e+00 0.000000000000000000e+00 0.000000000000000000e+00 0.000000000000000000e+00 1.000000000000000000e+00 1.000000000000000000e+10 0.000000000000000000e+00 0.000000000000000000e+00 0.000000000000000000e+00 1.000000000000000000e+10
6.647082924635627776e-02 2.690478561261241339e+03 1.406781099304561849e+03 7.218752356073937335e+02 1.673067177358846247e-01 2.421669105730327828e+03 9.057633516635181370e-27 4.901870566554635456e-27 3.313083628177036901e-27 2.117026988406172927e-01 8.083605402182767180e-27 1.000000000000000000e+00 0.000000000000000000e+00 0.000000000000000000e+00 0.000000000000000000e+00 1.000000000000000000e+00 1.000000000000000000e+10 0.000000000000000000e+00 0.000000000000000000e+00 0.000000000000000000e+00 1.000000000000000000e+10
7.666008510240249207e-02 2.122113742067778730e+03 8.166803369814526832e+02 5.410786742208106261e+02 1.571328231714533841e-01 1.936407981938454441e+03 7.123565947707278721e-27 3.818470533591596223e-27 2.285018367101309651e-27 2.225589777205560504e-01 6.044214100001217732e-27 1.000000000000000000e+00 0.000000000000000000e+00 0.000000000000000000e+00 0.000000000000000000e+00 1.000000000000000000e+00 1.000000000000000000e+10 0.000000000000000000e+00 0.000000000000000000e+00 0.000000000000000000e+00 1.000000000000000000e+10
8.841124316543315376e-02 1.662436307638902235e+03 7.116290707390419357e+02 4.138283582467072392e+02 1.517655511471721341e-01 1.534773485718120583e+03 5.375680717466266771e-27 3.467663956448594784e-27 1.744664521922420497e-27 2.192282078100498965e-01 4.507367706629225188e-27 1.000000000000000000e+00 0.000000000000000000e+00 0.000000000000000000e+00 0.000000000000000000e+00 1.000000000000000000e+00 1.000000000000000000e+10 0.000000000000000000e+00 0.000000000000000000e+00 0.000000000000000000e+00 1.000000000000000000e+10
1.019637260722580097e-01 1.264936407804160353e+03 5.563023435117606823e+02 3.268486917722516409e+02 1.468829222329842699e-01 1.164885035104189228e+03 4.041855513971898704e-27 2.991278455144035067e-27 1.229306142551831227e-27 2.401577085741993245e-01 3.236495708866254743e-27 1.000000000000000000e+00 0.000000000000000000e+00 0.000000000000000000e+00 0.000000000000000000e+00 1.000000000000000000e+00 1.000000000000000000e+10 0.000000000000000000e+00 0.000000000000000000e+00 0.000000000000000000e+00 1.000000000000000000e+10
1.175936573483598035e-01 9.952519168236789255e+02 3.744747594963221218e+02 2.768600711855809777e+02 1.542194782825628274e-01 9.363836708641047153e+02 3.085901092894576081e-27 1.944030985975310015e-27 1.077526176456154480e-27 2.603266081456452885e-01 2.478540226165502920e-27 1.000000000000000000e+00 0.000000000000000000e+00 0.000000000000000000e+00 0.000000000000000000e+00 1.000000000000000000e+00 1.000000000000000000e+10 0.000000000000000000e+00 0.000000000000000000e+00 0.000000000000000000e+00 1.000000000000000000e+10
1.356194872553388164e-01 7.688806559996694432e+02 3.027498688668125624e+02 1.970086617231437458e+02 1.517341719690391277e-01 7.121564952266112414e+02 2.311764724951708501e-27 1.675371986314392437e-27 7.340010865355907573e-28 2.784640539368168355e-01 1.713296087777943386e-27 1.000000000000000000e+00 0.000000000000000000e+00 0.000000000000000000e+00 0.000000000000000000e+00 1.000000000000000000e+00 1.000000000000000000e+10 0.000000000000000000e+00 0.000000000000000000e+00 0.000000000000000000e+00 1.000000000000000000e+10
1.564084810196403053e-01 5.837140292644241981e+02 2.395844790576367132e+02 1.557673142073427357e+02 1.576783557389187795e-01 5.350113268062086718e+02 1.734343242466131214e-27 1.126497886833666255e-27 5.692380910792363691e-28 3.073614841088210814e-01 1.207753449202914931e-27 1.000000000000000000e+00 0.000000000000000000e+00 0.000000000000000000e+00 0.000000000000000000e+00 1.000000000000000000e+00 1.000000000000000000e+10 0.000000000000000000e+00 0.000000000000000000e+00 0.000000000000000000e+00 1.000000000000000000e+10
1.803842016362447453e-01 4.407065266907949876e+02 1.881832971319865919e+02 1.372470373370072139e+02 1.604404290497795094e-01 4.112306608465354429e+02 1.326055051467285076e-27 8.581649567155493857e-28 4.553414314075521639e-28 3.426877700215956168e-01 8.773705625317412263e-28 1.000000000000000000e+00 0.000000000000000000e+00 0.000000000000000000e+00 0.000000000000000000e+00 1.000000000000000000e+00 1.000000000000000000e+10 0.000000000000000000e+00 0.000000000000000000e+00 0.000000000000000000e+00 1.000000000000000000e+10
2.080351397048574025e-01 3.452942215263881280e+02 1.494676703072968280e+02 9.792174275104034109e+01 1.765266882976318785e-01 3.077140737902867613e+02 1.040422161671874007e-27 7.247855542323926969e-28 3.017017939360034764e-28 3.820078927696738957e-01 5.862455300564689477e-28 1.000000000000000000e+00 0.000000000000000000e+00 0.000000000000000000e+00 0.000000000000000000e+00 1.000000000000000000e+00 1.000000000000000000e+10 0.000000000000000000e+00 0.000000000000000000e+00 0.000000000000000000e+00 1.000000000000000000e+10
2.399246661262133540e-01 2.620688171417522199e+02 1.323508043686480278e+02 7.162853380881577436e+01 1.854786790186061518e-01 2.265798937169682290e+02 8.148004099936296688e-28 6.709815593229161138e-28 2.364536116205729961e-28 4.224694275521338471e-01 4.100172710874875109e-28 1.000000000000000000e+00 0.000000000000000000e+00 0.000000000000000000e+00 0.000000000000000000e+00 1.000000000000000000e+00 1.000000000000000000e+10 0.000000000000000000e+00 0.000000000000000000e+00 0.000000000000000000e+00 1.000000000000000000e+10
2.767025104385807399e-01 2.069696595085207775e+02 8.670630371296516614e+01 5.251302570081948318e+01 2.003259029660103829e-01 1.723888344791238296e+02 6.657635750271970100e-28 6.372350612499037231e-28 1.782585398881664714e-28 4.600805522300943640e-01 2.958359609309199459e-28 1.000000000000000000e+00 0.000000000000000000e+00 0.000000000000000000e+00 0.000000000000000000e+00 1.000000000000000000e+00 1.000000000000000000e+10 0.000000000000000000e+00 0.000000000000000000e+00 0.000000000000000000e+00 1.000000000000000000e+10
3.191179986585286343e-01 1.701087831176860448e+02 9.966513825774012503e+01 4.169808027244265247e+01 2.218229620825277193e-01 1.323751102373579442e+02 5.738406365145776452e-28 6.199927226296683108e-28 1.243045141528190805e-28 5.025183157910243503e-01 2.055875001757954490e-28 1.000000000000000000e+00 0.000000000000000000e+00 0.000000000000000000e+00 0.000000000000000000e+00 1.000000000000000000e+00 1.000000000000000000e+10 0.000000000000000000e+00 0.000000000000000000e+00 0.000000000000000000e+00 1.000000000000000000e+10
3.680353203388414540e-01 1.401622863483539447e+02 7.825333004657056790e+01 3.405201761616339695e+01 2.372766043142790771e-01 1.047363170914293846e+02 5.078210058780958779e-28 4.677328025465994632e-28 8.964116314879477214e-29 5.409432024665269401e-01 1.516235655631862319e-28 1.000000000000000000e+00 0.000000000000000000e+00 0.000000000000000000e+00 0.000000000000000000e+00 1.000000000000000000e+00 1.000000000000000000e+10 0.000000000000000000e+00 0.000000000000000000e+00 0.000000000000000000e+00 1.000000000000000000e+10
4.244511359005219142e-01 1.151216991012716448e+02 7.145553374208165565e+01 2.418211437954824561e+01 2.496012916719418107e-01 8.151809328885792638e+01 4.675200558793473480e-28 3.722298501790112345e-28 5.630274192782039616e-29 5.881238063756782930e-01 9.908151422359097148e-29 1.000000000000000000e+00 0.000000000000000000e+00 0.000000000000000000e+00 0.000000000000000000e+00 1.000000000000000000e+00 1.000000000000000000e+10 0.000000000000000000e+00 0.000000000000000000e+00 0.000000000000000000e+00 1.000000000000000000e+10
4.895148829774688681e-01 9.279610714704544705e+01 6.778843284129514757e+01 2.220889605549305656e+01 2.577760672494813776e-01 6.598759771307889821e+01 4.390055109712113360e-28 3.222732216565711362e-28 5.465982259126161974e-29 6.380154212255494395e-01 8.331928706394232657e-29 1.000000000000000000e+00 0.000000000000000000e+00 0.000000000000000000e+00 0.000000000000000000e+00 1.000000000000000000e+00 1.000000000000000000e+10 0.000000000000000000e+00 0.000000000000000000e+00 0.000000000000000000e+00 1.000000000000000000e+10
5.645521955031491679e-01 8.200565745904131632e+01 5.860878642227446278e+01 2.075888617555071392e+01 2.834589701370798243e-01 5.518226166280976486e+01 4.363097319974757356e-28 3.243713636492756204e-28 4.088456104554325399e-29 6.892606471215900754e-01 6.202580569737327807e-29 1.000000000000000000e+00 0.000000000000000000e+00 0.000000000000000000e+00 0.000000000000000000e+00 1.000000000000000000e+00 1.000000000000000000e+10 0.000000000000000000e+00 0.000000000000000000e+00 0.000000000000000000e+00 1.000000000000000000e+10
6.510919126887823039e-01 6.764999685995958600e+01 5.370679435495323162e+01 1.854474204203796361e+01 2.882936527068866162e-01 4.638455889036939084e+01 4.021889614255632656e-28 4.228076163112689941e-28 4.260915339881648457e-29 7.393060414223440180e-01 5.760789279785848612e-29 1.000000000000000000e+00 0.000000000000000000e+00 0.000000000000000000e+00 0.000000000000000000e+00 1.000000000000000000e+00 1.000000000000000000e+10 0.000000000000000000e+00 0.000000000000000000e+00 0.000000000000000000e+00 1.000000000000000000e+10
7.508972281844089602e-01 5.940272094852998919e+01 5.322480710864552123e+01 1.599840462500600324e+01 2.964098641142793311e-01 3.952185420987159148e+01 4.162933332973195797e-28 4.325870596735137539e-28 4.695978244086502511e-29 7.949619563632557284e-01 5.768267174377984835e-29 1.000000000000000000e+00 0.000000000000000000e+00 0.000000000000000000e+00 0.000000000000000000e+00 1.000000000000000000e+00 1.000000000000000000e+10 0.000000000000000000e+00 0.000000000000000000e+00 0.000000000000000000e+00 1.000000000000000000e+10
8.660016140678794550e-01 5.714753825106909346e+01 5.661830842850577028e+01 1.483083919532259998e+01 3.267898781578915668e-01 3.555344271135901124e+01 4.135229570314413109e-28 5.172904452991331702e-28 3.929368497379201285e-29 8.507963992153347865e-01 4.871998827796225497e-29 1.000000000000000000e+00 0.000000000000000000e+00 0.000000000000000000e+00 0.000000000000000000e+00 1.000000000000000000e+00 1.000000000000000000e+10 0.000000000000000000e+00 0.000000000000000000e+00 0.000000000000000000e+00 1.000000000000000000e+10
9.987502515910116063e-01 5.006654010688620815e+01 4.627825061168351795e+01 1.748125948141242603e+01 3.223486975575987068e-01 3.508871073527939188e+01 4.168929687484526248e-28 4.005050843217720322e-28 4.257985719913773248e-29 8.802216719228953545e-01 4.973927933356021870e-29 1.000000000000000000e+00 0.000000000000000000e+00 0.000000000000000000e+00 0.000000000000000000e+00 1.000000000000000000e+00 1.000000000000000000e+10 0.000000000000000000e+00 0.000000000000000000e+00 0.000000000000000000e+00 1.000000000000000000e+10
1.151847812808953542e+00 4.571995594687712838e+01 4.752645265490617987e+01 1.524890874806473207e+01 3.205114478289723956e-01 3.190996917794031162e+01 4.276327177017270086e-28 4.674493895292138182e-28 4.039263871620744129e-29 8.800884150057957100e-01 4.725894855477563617e-29 1.000000000000000000e+00 0.000000000000000000e+00 0.000000000000000000e+00 0.000000000000000000e+00 1.000000000000000000e+00 1.000000000000000000e+10 0.000000000000000000e+00 0.000000000000000000e+00 0.000000000000000000e+00 1.000000000000000000e+10
1.328413566614123908e+00 4.210217923819406849e+01 3.419661495447743960e+01 1.545021961673222677e+01 3.072556735072417555e-01 3.147080118789529024e+01 5.000627772200308657e-28 4.077606143396329200e-28 4.240241756820393747e-29 8.568531703495186891e-01 4.983523982517696306e-29 1.000000000000000000e+00 0.000000000000000000e+00 0.000000000000000000e+00 0.000000000000000000e+00 1.000000000000000000e+00 1.000000000000000000e+10 0.000000000000000000e+00 0.000000000000000000e+00 0.000000000000000000e+00 1.000000000000000000e+10
1.532044931926391351e+00 4.085973701135291947e+01 3.519974493780794944e+01 1.498821075797824065e+01 3.101581343815695835e-01 2.982273096790153133e+01 6.854833494797939475e-28 4.411375002443578089e-28 4.561567603553375848e-29 8.800818678700903508e-01 5.241431307534716951e-29 1.000000000000000000e+00 0.000000000000000000e+00 0.000000000000000000e+00 0.000000000000000000e+00 1.000000000000000000e+00 1.000000000000000000e+10 0.000000000000000000e+00 0.000000000000000000e+00 0.000000000000000000e+00 1.000000000000000000e+10
1.766890772896739126e+00 3.948838093084992806e+01 3.117462676144261025e+01 1.348640969223323083e+01 3.076969679785462874e-01 2.813076825046157836e+01 1.115124768306962878e-27 3.849889290899972178e-28 5.539474524101357190e-29 8.900068180346901725e-01 6.216845106938717381e-29 1.000000000000000000e+00 0.000000000000000000e+00 0.000000000000000000e+00 0.000000000000000000e+00 1.000000000000000000e+00 1.000000000000000000e+10 0.000000000000000000e+00 0.000000000000000000e+00 0.000000000000000000e+00 1.000000000000000000e+10
2.037735929469222107e+00 3.935446753690411015e+01 2.857072980729098788e+01 1.403393271161346689e+01 3.130081638408745981e-01 2.753728619774087605e+01 1.577628956378131233e-27 3.040985795625985366e-28 6.474586496514781603e-29 8.884135440124784067e-01 7.227227448920795291e-29 1.000000000000000000e+00 0.000000000000000000e+00 0.000000000000000000e+00 0.000000000000000000e+00 1.000000000000000000e+00 1.000000000000000000e+10 0.000000000000000000e+00 0.000000000000000000e+00 0.000000000000000000e+00 1.000000000000000000e+10
2.350098705559579226e+00 3.458637302404697067e+01 2.341582940853732708e+01 1.233855269453332149e+01 2.956857176277880583e-01 2.551096979441722112e+01 1.231066100737383970e-27 2.738203004689519170e-28 6.265078149851285501e-29 8.783553225830004196e-01 7.082548592364688468e-29 1.000000000000000000e+00 0.000000000000000000e+00 0.000000000000000000e+00 0.000000000000000000e+00 1.000000000000000000e+00 1.000000000000000000e+10 0.000000000000000000e+00 0.000000000000000000e+00 0.000000000000000000e+00 1.000000000000000000e+10
