# R (Mpc), mean rho (Msol/kpc^3), errup (Msol/kpc^3), errlow, std, median rho (Msol/kpc^3), mean pth (Msol/kpc/s^2), errup(Msol/kpc/s^2), errlow, std, median pth (Msol/kpc/s^2), mean gas-mass-weighted metal (fraction), errup, errlow, std, median metal, mean gas-mass-weighted temp (K), errup, errlow, std, median temp  
#  nprofs 184, mean mh 554076616151.143188, median mh 512056715920.791748 
#  Mass range 11.50 - 12.0
1.040961082911032697e-02 9.674545193424534518e+05 5.536320651584774023e+05 4.288319108167712111e+05 2.360024617978508377e-01 9.314842550930938451e+05 4.945650393936546253e-25 4.045492771161937237e-25 2.515218821521913821e-25 4.470270023722275887e-01 3.388700183956700950e-25 1.000000000000000000e+00 0.000000000000000000e+00 0.000000000000000000e+00 0.000000000000000000e+00 1.000000000000000000e+00 1.000000000000000000e+10 0.000000000000000000e+00 0.000000000000000000e+00 0.000000000000000000e+00 1.000000000000000000e+10
1.200529105910367808e-02 7.308907307427240303e+05 4.946693211514162831e+05 2.296140722245600191e+05 2.396911400818467763e-01 6.342855021449732594e+05 4.824114142296564221e-25 3.849747209823120932e-25 2.773534446949437495e-25 4.154799689827797793e-01 3.945585389388484809e-25 1.000000000000000000e+00 0.000000000000000000e+00 0.000000000000000000e+00 0.000000000000000000e+00 1.000000000000000000e+00 1.000000000000000000e+10 0.000000000000000000e+00 0.000000000000000000e+00 0.000000000000000000e+00 1.000000000000000000e+10
1.384557172980430476e-02 5.106428908567554317e+05 3.487009912441896740e+05 1.871972314706210163e+05 2.478884305826421497e-01 4.404980804186516907e+05 4.219504761474596640e-25 3.942863721295030736e-25 1.962441153476867778e-25 3.993348906589386238e-01 3.243471579679111860e-25 1.000000000000000000e+00 0.000000000000000000e+00 0.000000000000000000e+00 0.000000000000000000e+00 1.000000000000000000e+00 1.000000000000000000e+10 0.000000000000000000e+00 0.000000000000000000e+00 0.000000000000000000e+00 1.000000000000000000e+10
1.596794743096121086e-02 3.399234116136204684e+05 2.529481585666956380e+05 1.223859456110804749e+05 2.532477495569585568e-01 2.904714476972853299e+05 3.908329511747814331e-25 3.410283419003718711e-25 2.028188648797949960e-25 3.856974396296346530e-01 3.031690699409969170e-25 1.000000000000000000e+00 0.000000000000000000e+00 0.000000000000000000e+00 0.000000000000000000e+00 1.000000000000000000e+00 1.000000000000000000e+10 0.000000000000000000e+00 0.000000000000000000e+00 0.000000000000000000e+00 1.000000000000000000e+10
1.841566026551830909e-02 2.235947947976393916e+05 1.494174304865495651e+05 7.020785736193299817e+04 2.210105931735865670e-01 1.920377332329983474e+05 3.564283267874406729e-25 3.261664084019159279e-25 1.504092553313539549e-25 3.629861245894204780e-01 2.667739550488114718e-25 1.000000000000000000e+00 0.000000000000000000e+00 0.000000000000000000e+00 0.000000000000000000e+00 1.000000000000000000e+00 1.000000000000000000e+10 0.000000000000000000e+00 0.000000000000000000e+00 0.000000000000000000e+00 1.000000000000000000e+10
2.123858088093512342e-02 1.445991895224256732e+05 6.407184701128970482e+04 5.104433619554851612e+04 2.088704513658500017e-01 1.311095184142193175e+05 2.929705329627967392e-25 2.357198789585217681e-25 1.243914744721879017e-25 3.538495352949804218e-01 2.292523513096042952e-25 1.000000000000000000e+00 0.000000000000000000e+00 0.000000000000000000e+00 0.000000000000000000e+00 1.000000000000000000e+00 1.000000000000000000e+10 0.000000000000000000e+00 0.000000000000000000e+00 0.000000000000000000e+00 1.000000000000000000e+10
2.449422455303571639e-02 9.590166527068088180e+04 3.342464012320476468e+04 3.325754597149913752e+04 1.872217643175964064e-01 9.278349149454140570e+04 2.279627006220729240e-25 2.124530770841205290e-25 9.986667708806080939e-26 3.420140102645186087e-01 1.782295372853484716e-25 1.000000000000000000e+00 0.000000000000000000e+00 0.000000000000000000e+00 0.000000000000000000e+00 1.000000000000000000e+00 1.000000000000000000e+10 0.000000000000000000e+00 0.000000000000000000e+00 0.000000000000000000e+00 1.000000000000000000e+10
2.824892302447100725e-02 6.431796410501813079e+04 2.566269142503780313e+04 1.958057796665254864e+04 1.756255455794771547e-01 6.096717338295193622e+04 1.832620764643556352e-25 1.729428606541704824e-25 6.911127105883239123e-26 3.316565350767318732e-01 1.358761544025193331e-25 1.000000000000000000e+00 0.000000000000000000e+00 0.000000000000000000e+00 0.000000000000000000e+00 1.000000000000000000e+00 1.000000000000000000e+10 0.000000000000000000e+00 0.000000000000000000e+00 0.000000000000000000e+00 1.000000000000000000e+10
3.257917597328415654e-02 4.350761965113984479e+04 1.703874345923198416e+04 1.585515961323066949e+04 1.726667512959736694e-01 4.296393420224044530e+04 1.450386593778504486e-25 1.307092514666677337e-25 4.258880190242369874e-26 3.008251889034451176e-01 1.034196554623277798e-25 1.000000000000000000e+00 0.000000000000000000e+00 0.000000000000000000e+00 0.000000000000000000e+00 1.000000000000000000e+00 1.000000000000000000e+10 0.000000000000000000e+00 0.000000000000000000e+00 0.000000000000000000e+00 1.000000000000000000e+10
3.757320964692217186e-02 2.912060605025995028e+04 1.109415744052424998e+04 1.061596816722027143e+04 1.756858339911431810e-01 2.843425546123585082e+04 1.114176176605508980e-25 7.566680971647997427e-26 4.322955977986617751e-26 2.854205091637878611e-01 9.381314308284684143e-26 1.000000000000000000e+00 0.000000000000000000e+00 0.000000000000000000e+00 0.000000000000000000e+00 1.000000000000000000e+00 1.000000000000000000e+10 0.000000000000000000e+00 0.000000000000000000e+00 0.000000000000000000e+00 1.000000000000000000e+10
4.333277441790538143e-02 1.947435906273701767e+04 8.972053416334856593e+03 6.336151289530094800e+03 1.815808565053610435e-01 1.785584632077392598e+04 8.600834699797654702e-26 7.203014987902351296e-26 2.743692158609037377e-26 2.697337795487878553e-01 6.622865709274268414e-26 1.000000000000000000e+00 0.000000000000000000e+00 0.000000000000000000e+00 0.000000000000000000e+00 1.000000000000000000e+00 1.000000000000000000e+10 0.000000000000000000e+00 0.000000000000000000e+00 0.000000000000000000e+00 1.000000000000000000e+10
4.997521788524898756e-02 1.304318011198721797e+04 5.401844718647480477e+03 4.780858635877224515e+03 1.756425556099589502e-01 1.253283473433673498e+04 6.815789675509105643e-26 4.760428933541667088e-26 2.648625508891286029e-26 2.611935495835263632e-01 5.788661302878739970e-26 1.000000000000000000e+00 0.000000000000000000e+00 0.000000000000000000e+00 0.000000000000000000e+00 1.000000000000000000e+00 1.000000000000000000e+10 0.000000000000000000e+00 0.000000000000000000e+00 0.000000000000000000e+00 1.000000000000000000e+10
5.763587575980636674e-02 9.157170402638364976e+03 3.647251749414717779e+03 3.115615432813974621e+03 1.675833424433021690e-01 8.750275579513214325e+03 5.399119781159346481e-26 4.266750322110349505e-26 1.735453932987767631e-26 2.485169693548855141e-01 4.358349475625932871e-26 1.000000000000000000e+00 0.000000000000000000e+00 0.000000000000000000e+00 0.000000000000000000e+00 1.000000000000000000e+00 1.000000000000000000e+10 0.000000000000000000e+00 0.000000000000000000e+00 0.000000000000000000e+00 1.000000000000000000e+10
6.647082924635627776e-02 6.531954280272233518e+03 2.904291297220834167e+03 1.859969865293634030e+03 1.684209177097735766e-01 6.006676012644966249e+03 4.047772211593286937e-26 2.887357654890581958e-26 1.546442692501330041e-26 2.401658673489033835e-01 3.483566767580514843e-26 1.000000000000000000e+00 0.000000000000000000e+00 0.000000000000000000e+00 0.000000000000000000e+00 1.000000000000000000e+00 1.000000000000000000e+10 0.000000000000000000e+00 0.000000000000000000e+00 0.000000000000000000e+00 1.000000000000000000e+10
7.666008510240249207e-02 5.037303572134063870e+03 2.294218155711440886e+03 1.413277054011699420e+03 1.658320558610963391e-01 4.628308469914118177e+03 3.062502294915297037e-26 2.034100206479822449e-26 1.086731022993998309e-26 2.334222428022552087e-01 2.601048969011932371e-26 1.000000000000000000e+00 0.000000000000000000e+00 0.000000000000000000e+00 0.000000000000000000e+00 1.000000000000000000e+00 1.000000000000000000e+10 0.000000000000000000e+00 0.000000000000000000e+00 0.000000000000000000e+00 1.000000000000000000e+10
8.841124316543315376e-02 3.728713315630941452e+03 1.634776911493227090e+03 1.018752092092684961e+03 1.688889331842265973e-01 3.366105591884648675e+03 2.235089160747870663e-26 1.548613486634354336e-26 8.427523927026172051e-27 2.385729969189467614e-01 1.886538590306559377e-26 1.000000000000000000e+00 0.000000000000000000e+00 0.000000000000000000e+00 0.000000000000000000e+00 1.000000000000000000e+00 1.000000000000000000e+10 0.000000000000000000e+00 0.000000000000000000e+00 0.000000000000000000e+00 1.000000000000000000e+10
1.019637260722580097e-01 2.708775980743013861e+03 1.110954258143507104e+03 7.165569278566213143e+02 1.555154036604695367e-01 2.462245589881681553e+03 1.598382426419822659e-26 1.233440042134462747e-26 6.024078366435860688e-27 2.427007233235307371e-01 1.320664727897545190e-26 1.000000000000000000e+00 0.000000000000000000e+00 0.000000000000000000e+00 0.000000000000000000e+00 1.000000000000000000e+00 1.000000000000000000e+10 0.000000000000000000e+00 0.000000000000000000e+00 0.000000000000000000e+00 1.000000000000000000e+10
1.175936573483598035e-01 2.008257282546211172e+03 8.202461142559905056e+02 5.041641991483736547e+02 1.552851400230155221e-01 1.824324379864120601e+03 1.123679050564111516e-26 9.194146725557410809e-27 4.230431018259511141e-27 2.497935452602451645e-01 9.257525858049594247e-27 1.000000000000000000e+00 0.000000000000000000e+00 0.000000000000000000e+00 0.000000000000000000e+00 1.000000000000000000e+00 1.000000000000000000e+10 0.000000000000000000e+00 0.000000000000000000e+00 0.000000000000000000e+00 1.000000000000000000e+10
1.356194872553388164e-01 1.451472075947836856e+03 5.301374072985095154e+02 4.196157604131327616e+02 1.494113198403293485e-01 1.382131804729539454e+03 7.720201089702445855e-27 5.959565254761440316e-27 3.100068255859902680e-27 2.646446530679860687e-01 6.356455068704375851e-27 1.000000000000000000e+00 0.000000000000000000e+00 0.000000000000000000e+00 0.000000000000000000e+00 1.000000000000000000e+00 1.000000000000000000e+10 0.000000000000000000e+00 0.000000000000000000e+00 0.000000000000000000e+00 1.000000000000000000e+10
1.564084810196403053e-01 1.038537659690730607e+03 3.656141337240258053e+02 3.102480991229090250e+02 1.526079103095230594e-01 9.860753705376248490e+02 5.191248431538544116e-27 3.532530094879074892e-27 2.623182321664454307e-27 2.833080949260834425e-01 4.621498845225289936e-27 1.000000000000000000e+00 0.000000000000000000e+00 0.000000000000000000e+00 0.000000000000000000e+00 1.000000000000000000e+00 1.000000000000000000e+10 0.000000000000000000e+00 0.000000000000000000e+00 0.000000000000000000e+00 1.000000000000000000e+10
1.803842016362447453e-01 7.334910075589359622e+02 2.748917409873884026e+02 2.095828031837016852e+02 1.599154545843247399e-01 6.860390784639788535e+02 3.454921418388261823e-27 2.470868633247486510e-27 1.615736913741495528e-27 3.097286308295451041e-01 2.787620000138588388e-27 1.000000000000000000e+00 0.000000000000000000e+00 0.000000000000000000e+00 0.000000000000000000e+00 1.000000000000000000e+00 1.000000000000000000e+10 0.000000000000000000e+00 0.000000000000000000e+00 0.000000000000000000e+00 1.000000000000000000e+10
2.080351397048574025e-01 5.058726124320334065e+02 2.074559298487974388e+02 1.585432398705481205e+02 1.590469952176943591e-01 4.715752892265213063e+02 2.296142113528759482e-27 1.743559049224116570e-27 9.959313445488807464e-28 3.383782655019466623e-01 1.726895476887204839e-27 1.000000000000000000e+00 0.000000000000000000e+00 0.000000000000000000e+00 0.000000000000000000e+00 1.000000000000000000e+00 1.000000000000000000e+10 0.000000000000000000e+00 0.000000000000000000e+00 0.000000000000000000e+00 1.000000000000000000e+10
2.399246661262133540e-01 3.634672160747286398e+02 1.497604502424945281e+02 1.082065078707629198e+02 1.762037472699163332e-01 3.306437273753956561e+02 1.602174828142703797e-27 1.329818672583221155e-27 6.307923124586047298e-28 3.809300107432762039e-01 1.046338009865844880e-27 1.000000000000000000e+00 0.000000000000000000e+00 0.000000000000000000e+00 0.000000000000000000e+00 1.000000000000000000e+00 1.000000000000000000e+10 0.000000000000000000e+00 0.000000000000000000e+00 0.000000000000000000e+00 1.000000000000000000e+10
2.767025104385807399e-01 2.777973728942963589e+02 1.566233320788412584e+02 7.584378477441129007e+01 2.085577222456334590e-01 2.332150850480131226e+02 1.180037363792290474e-27 1.198178828095161064e-27 3.800856683973531560e-28 4.272675914361329652e-01 6.288647001917447690e-28 1.000000000000000000e+00 0.000000000000000000e+00 0.000000000000000000e+00 0.000000000000000000e+00 1.000000000000000000e+00 1.000000000000000000e+10 0.000000000000000000e+00 0.000000000000000000e+00 0.000000000000000000e+00 1.000000000000000000e+10
3.191179986585286343e-01 2.078038968864862852e+02 1.311200153268121085e+02 5.543817976664017522e+01 2.180208020457319595e-01 1.681246309479417391e+02 9.148874133162900042e-28 9.695189188499979213e-28 2.511004561389277341e-28 4.670696616670697021e-01 4.091169793268970681e-28 1.000000000000000000e+00 0.000000000000000000e+00 0.000000000000000000e+00 0.000000000000000000e+00 1.000000000000000000e+00 1.000000000000000000e+10 0.000000000000000000e+00 0.000000000000000000e+00 0.000000000000000000e+00 1.000000000000000000e+10
3.680353203388414540e-01 1.635820934954262214e+02 1.058293658644396658e+02 3.695805008558272675e+01 2.339594423678484636e-01 1.237983033214439388e+02 7.724543309400021537e-28 7.929202157442080732e-28 1.534790794102072252e-28 5.091017148878469456e-01 2.683538192269556486e-28 1.000000000000000000e+00 0.000000000000000000e+00 0.000000000000000000e+00 0.000000000000000000e+00 1.000000000000000000e+00 1.000000000000000000e+10 0.000000000000000000e+00 0.000000000000000000e+00 0.000000000000000000e+00 1.000000000000000000e+10
4.244511359005219142e-01 1.351473588904769656e+02 8.778735259070336383e+01 2.880028358454464410e+01 2.513768482070162791e-01 9.404353056040434922e+01 7.321748420390898314e-28 6.440966864219557455e-28 1.073903110288365762e-28 5.590165381842127079e-01 1.808846852331765923e-28 1.000000000000000000e+00 0.000000000000000000e+00 0.000000000000000000e+00 0.000000000000000000e+00 1.000000000000000000e+00 1.000000000000000000e+10 0.000000000000000000e+00 0.000000000000000000e+00 0.000000000000000000e+00 1.000000000000000000e+10
4.895148829774688681e-01 1.063720834329475338e+02 6.885995597270189705e+01 2.393560191835481277e+01 2.505874717955460240e-01 7.648137236673139228e+01 6.587959713558970915e-28 5.814294207675190574e-28 8.730677155499862174e-29 5.960746803334256994e-01 1.385706965380225085e-28 1.000000000000000000e+00 0.000000000000000000e+00 0.000000000000000000e+00 0.000000000000000000e+00 1.000000000000000000e+00 1.000000000000000000e+10 0.000000000000000000e+00 0.000000000000000000e+00 0.000000000000000000e+00 1.000000000000000000e+10
5.645521955031491679e-01 9.244396444977367366e+01 6.509432293853819829e+01 2.253638046772089609e+01 2.711944543977858335e-01 6.453366987167103730e+01 6.515179989454061594e-28 5.953101940701319265e-28 7.187777341604129610e-29 6.548384759354863860e-01 1.087428741481024259e-28 1.000000000000000000e+00 0.000000000000000000e+00 0.000000000000000000e+00 0.000000000000000000e+00 1.000000000000000000e+00 1.000000000000000000e+10 0.000000000000000000e+00 0.000000000000000000e+00 0.000000000000000000e+00 1.000000000000000000e+10
6.510919126887823039e-01 8.847020477529217430e+01 8.511726275452353718e+01 2.298851443347385981e+01 3.106624171104098719e-01 5.642385998615596066e+01 6.962249106627290989e-28 5.709327242343244805e-28 5.642102327950805410e-29 7.224166210109566055e-01 8.386388889499824461e-29 1.000000000000000000e+00 0.000000000000000000e+00 0.000000000000000000e+00 0.000000000000000000e+00 1.000000000000000000e+00 1.000000000000000000e+10 0.000000000000000000e+00 0.000000000000000000e+00 0.000000000000000000e+00 1.000000000000000000e+10
7.508972281844089602e-01 7.630189614038816615e+01 7.713401621283792053e+01 1.763469698756978943e+01 3.179653561876765733e-01 4.681539751420399398e+01 6.508938059353856164e-28 5.454950577589098598e-28 5.258695483293663902e-29 7.555142701661815563e-01 7.426849799780134308e-29 1.000000000000000000e+00 0.000000000000000000e+00 0.000000000000000000e+00 0.000000000000000000e+00 1.000000000000000000e+00 1.000000000000000000e+10 0.000000000000000000e+00 0.000000000000000000e+00 0.000000000000000000e+00 1.000000000000000000e+10
8.660016140678794550e-01 6.238752427005918122e+01 5.189291156718842046e+01 1.695809320859308755e+01 2.962505251023728747e-01 4.261725018657016051e+01 5.927682735704728819e-28 4.385327959651028138e-28 5.253776509972207235e-29 7.649851855284779401e-01 6.857627607775382291e-29 1.000000000000000000e+00 0.000000000000000000e+00 0.000000000000000000e+00 0.000000000000000000e+00 1.000000000000000000e+00 1.000000000000000000e+10 0.000000000000000000e+00 0.000000000000000000e+00 0.000000000000000000e+00 1.000000000000000000e+10
9.987502515910116063e-01 5.263646915747605703e+01 4.971237061508027466e+01 1.530582920001444691e+01 2.802329725368763458e-01 3.810899967479407735e+01 5.693097624862778393e-28 4.940741725552400444e-28 5.100218516199680317e-29 7.675588389331207129e-01 6.358214332101113509e-29 1.000000000000000000e+00 0.000000000000000000e+00 0.000000000000000000e+00 0.000000000000000000e+00 1.000000000000000000e+00 1.000000000000000000e+10 0.000000000000000000e+00 0.000000000000000000e+00 0.000000000000000000e+00 1.000000000000000000e+10
1.151847812808953542e+00 4.799615924876034967e+01 3.724864430789696712e+01 1.528812851551612084e+01 2.872639438129619416e-01 3.481270435273374630e+01 6.128725560226135740e-28 4.158459395410063875e-28 5.450788470788500262e-29 7.818156238198858965e-01 6.515831301037499040e-29 1.000000000000000000e+00 0.000000000000000000e+00 0.000000000000000000e+00 0.000000000000000000e+00 1.000000000000000000e+00 1.000000000000000000e+10 0.000000000000000000e+00 0.000000000000000000e+00 0.000000000000000000e+00 1.000000000000000000e+10
1.328413566614123908e+00 4.494768069526361387e+01 3.347831460990621366e+01 1.485489700652397005e+01 2.834684846132067837e-01 3.318500508553170647e+01 7.534307064334041019e-28 4.764423176758341383e-28 4.853490576144650840e-29 7.808941862805193201e-01 6.030061387627850780e-29 1.000000000000000000e+00 0.000000000000000000e+00 0.000000000000000000e+00 0.000000000000000000e+00 1.000000000000000000e+00 1.000000000000000000e+10 0.000000000000000000e+00 0.000000000000000000e+00 0.000000000000000000e+00 1.000000000000000000e+10
1.532044931926391351e+00 4.271794495556655136e+01 3.977824847879734449e+01 1.262771571538464244e+01 2.839310668003536819e-01 3.017783282766468034e+01 9.214914452947060354e-28 4.275645427968188007e-28 5.187656502790733980e-29 7.738344286715894693e-01 6.367587789858445454e-29 1.000000000000000000e+00 0.000000000000000000e+00 0.000000000000000000e+00 0.000000000000000000e+00 1.000000000000000000e+00 1.000000000000000000e+10 0.000000000000000000e+00 0.000000000000000000e+00 0.000000000000000000e+00 1.000000000000000000e+10
1.766890772896739126e+00 3.734872357219298777e+01 2.423089827963246634e+01 1.349920314235979291e+01 2.622503316108555915e-01 2.938474890726886102e+01 7.194290953289863365e-28 3.513917696853126206e-28 5.550762539172326045e-29 7.385723622939158739e-01 6.657934132501940533e-29 1.000000000000000000e+00 0.000000000000000000e+00 0.000000000000000000e+00 0.000000000000000000e+00 1.000000000000000000e+00 1.000000000000000000e+10 0.000000000000000000e+00 0.000000000000000000e+00 0.000000000000000000e+00 1.000000000000000000e+10
2.037735929469222107e+00 3.277322419568787382e+01 2.296224965099677817e+01 1.096357257838004884e+01 2.468164523626561746e-01 2.658336186930491962e+01 4.078034664926941982e-28 3.144942865425558347e-28 4.359943270236679120e-29 7.213529452847781132e-01 5.757165815735668610e-29 1.000000000000000000e+00 0.000000000000000000e+00 0.000000000000000000e+00 0.000000000000000000e+00 1.000000000000000000e+00 1.000000000000000000e+10 0.000000000000000000e+00 0.000000000000000000e+00 0.000000000000000000e+00 1.000000000000000000e+10
2.350098705559579226e+00 3.079348738813466113e+01 2.469648338157134049e+01 8.263015677748585475e+00 2.387364986047406656e-01 2.384315756157861443e+01 3.287243865261317369e-28 2.137862143834969029e-28 5.914156205693946912e-29 6.971968897136038290e-01 7.341223603412841293e-29 1.000000000000000000e+00 0.000000000000000000e+00 0.000000000000000000e+00 0.000000000000000000e+00 1.000000000000000000e+00 1.000000000000000000e+10 0.000000000000000000e+00 0.000000000000000000e+00 0.000000000000000000e+00 1.000000000000000000e+10
