# R (Mpc), mean rho (Msol/kpc^3), errup (Msol/kpc^3), errlow, std, median rho (Msol/kpc^3), mean pth (Msol/kpc/s^2), errup(Msol/kpc/s^2), errlow, std, median pth (Msol/kpc/s^2), mean gas-mass-weighted metal (fraction), errup, errlow, std, median metal, mean gas-mass-weighted temp (K), errup, errlow, std, median temp  
#  nprofs 169, mean mh 544555836547.402893, median mh 506786595973.931519 
#  Mass range 11.50 - 12.0
1.040961082911032697e-02 2.883331057933357661e+05 1.459593065706459456e+05 1.166635690568385762e+05 2.249348665968620153e-01 2.737269013714906760e+05 2.544640260996793768e-25 4.797178629407834923e-25 6.249326386218969058e-26 5.659034034717270734e-01 8.942162667560871665e-26 1.000000000000000000e+00 0.000000000000000000e+00 0.000000000000000000e+00 0.000000000000000000e+00 1.000000000000000000e+00 1.000000000000000000e+10 0.000000000000000000e+00 0.000000000000000000e+00 0.000000000000000000e+00 1.000000000000000000e+10
1.200529105910367808e-02 2.159504796118773229e+05 1.326870397079741524e+05 7.248302059981619823e+04 2.236779502524181840e-01 1.934285199868679338e+05 2.598211490559210802e-25 3.606634322754180468e-25 9.390295344941709350e-26 5.294996431166941742e-01 1.239060822130883179e-25 1.000000000000000000e+00 0.000000000000000000e+00 0.000000000000000000e+00 0.000000000000000000e+00 1.000000000000000000e+00 1.000000000000000000e+10 0.000000000000000000e+00 0.000000000000000000e+00 0.000000000000000000e+00 1.000000000000000000e+10
1.384557172980430476e-02 1.696104180148827145e+05 1.083300709649568598e+05 6.153292458748682111e+04 2.567060443468823783e-01 1.484341541822129511e+05 2.554181544095451686e-25 3.809414495369066375e-25 9.294445685190282816e-26 4.657996602156263544e-01 1.392196186896259896e-25 1.000000000000000000e+00 0.000000000000000000e+00 0.000000000000000000e+00 0.000000000000000000e+00 1.000000000000000000e+00 1.000000000000000000e+10 0.000000000000000000e+00 0.000000000000000000e+00 0.000000000000000000e+00 1.000000000000000000e+10
1.596794743096121086e-02 1.229286823151170684e+05 8.475584832023465424e+04 4.562204143730888609e+04 2.454733661514645338e-01 1.042036694811476918e+05 2.291661445986395671e-25 2.297676386792940664e-25 1.323308778097850912e-25 4.015543722300670137e-01 1.904916478603817729e-25 1.000000000000000000e+00 0.000000000000000000e+00 0.000000000000000000e+00 0.000000000000000000e+00 1.000000000000000000e+00 1.000000000000000000e+10 0.000000000000000000e+00 0.000000000000000000e+00 0.000000000000000000e+00 1.000000000000000000e+10
1.841566026551830909e-02 8.836916424138951697e+04 5.001075645822058141e+04 3.652727368262793607e+04 2.497742714490569227e-01 8.055676333464638446e+04 2.182290356966922848e-25 2.188862668028029119e-25 8.873479270167324467e-26 3.534076287774257086e-01 1.591545691308931618e-25 1.000000000000000000e+00 0.000000000000000000e+00 0.000000000000000000e+00 0.000000000000000000e+00 1.000000000000000000e+00 1.000000000000000000e+10 0.000000000000000000e+00 0.000000000000000000e+00 0.000000000000000000e+00 1.000000000000000000e+10
2.123858088093512342e-02 6.336758412032028718e+04 4.335935807754233247e+04 2.570495106048858361e+04 2.596859095759972980e-01 5.633521839631782495e+04 1.821281978884351319e-25 1.755847173413578172e-25 8.151171897558308363e-26 3.312306785710882329e-01 1.464161715307640926e-25 1.000000000000000000e+00 0.000000000000000000e+00 0.000000000000000000e+00 0.000000000000000000e+00 1.000000000000000000e+00 1.000000000000000000e+10 0.000000000000000000e+00 0.000000000000000000e+00 0.000000000000000000e+00 1.000000000000000000e+10
2.449422455303571639e-02 4.513285593070730101e+04 2.426794366059652384e+04 1.788186266016844093e+04 2.796612814427309468e-01 3.936692940721767809e+04 1.581916287103189294e-25 1.292593498010891156e-25 6.972573072599140226e-26 3.082061031520614280e-01 1.269514965634903762e-25 1.000000000000000000e+00 0.000000000000000000e+00 0.000000000000000000e+00 0.000000000000000000e+00 1.000000000000000000e+00 1.000000000000000000e+10 0.000000000000000000e+00 0.000000000000000000e+00 0.000000000000000000e+00 1.000000000000000000e+10
2.824892302447100725e-02 3.145455488704537493e+04 2.334459678403593352e+04 1.105151241135925738e+04 2.563900273656666284e-01 2.672000814164850090e+04 1.272889944835499276e-25 1.142454856232169107e-25 4.617805513041391306e-26 2.910786630946564091e-01 1.000918916774850220e-25 1.000000000000000000e+00 0.000000000000000000e+00 0.000000000000000000e+00 0.000000000000000000e+00 1.000000000000000000e+00 1.000000000000000000e+10 0.000000000000000000e+00 0.000000000000000000e+00 0.000000000000000000e+00 1.000000000000000000e+10
3.257917597328415654e-02 2.235456604208817225e+04 1.413782141181428233e+04 9.171326370509183107e+03 2.533074177606217114e-01 1.979096358253334984e+04 1.079703375928344620e-25 6.371258900564610782e-26 5.008984424144126027e-26 2.833468510634533088e-01 9.592456572052914218e-26 1.000000000000000000e+00 0.000000000000000000e+00 0.000000000000000000e+00 0.000000000000000000e+00 1.000000000000000000e+00 1.000000000000000000e+10 0.000000000000000000e+00 0.000000000000000000e+00 0.000000000000000000e+00 1.000000000000000000e+10
3.757320964692217186e-02 1.646955554129361190e+04 9.052739729248458389e+03 6.270754086153136086e+03 2.324331400583656837e-01 1.463231182745679871e+04 9.173501310419682556e-26 6.883452050641312181e-26 3.780501324840686398e-26 2.721181597262977148e-01 7.682891209167446268e-26 1.000000000000000000e+00 0.000000000000000000e+00 0.000000000000000000e+00 0.000000000000000000e+00 1.000000000000000000e+00 1.000000000000000000e+10 0.000000000000000000e+00 0.000000000000000000e+00 0.000000000000000000e+00 1.000000000000000000e+10
4.333277441790538143e-02 1.206314303572213612e+04 5.706447357614597422e+03 3.694797495147879090e+03 2.059755166759063005e-01 1.062801367214321908e+04 7.540271041715805003e-26 5.794437463873336803e-26 3.035574147161138454e-26 2.707635911616289026e-01 6.129581708205259863e-26 1.000000000000000000e+00 0.000000000000000000e+00 0.000000000000000000e+00 0.000000000000000000e+00 1.000000000000000000e+00 1.000000000000000000e+10 0.000000000000000000e+00 0.000000000000000000e+00 0.000000000000000000e+00 1.000000000000000000e+10
4.997521788524898756e-02 9.312445207593769737e+03 3.779872470013357088e+03 2.953305882211734570e+03 1.790085296194626197e-01 8.449613430849763972e+03 6.569263149421839269e-26 5.041601142702752841e-26 2.547188006680289980e-26 2.681481373572521809e-01 5.438255979420191622e-26 1.000000000000000000e+00 0.000000000000000000e+00 0.000000000000000000e+00 0.000000000000000000e+00 1.000000000000000000e+00 1.000000000000000000e+10 0.000000000000000000e+00 0.000000000000000000e+00 0.000000000000000000e+00 1.000000000000000000e+10
5.763587575980636674e-02 7.142197745697628307e+03 3.005658889980456479e+03 1.844589578920520580e+03 1.721121047963093953e-01 6.415077823014996284e+03 5.279287308367396808e-26 4.453855286607888883e-26 2.282840124641497722e-26 2.683804558796758499e-01 4.525563081376620153e-26 1.000000000000000000e+00 0.000000000000000000e+00 0.000000000000000000e+00 0.000000000000000000e+00 1.000000000000000000e+00 1.000000000000000000e+10 0.000000000000000000e+00 0.000000000000000000e+00 0.000000000000000000e+00 1.000000000000000000e+10
6.647082924635627776e-02 5.791482545945536003e+03 2.283141410991501289e+03 1.693037712256982559e+03 1.637529519747267237e-01 5.389915287954791893e+03 4.277163886679035821e-26 3.698305736489816388e-26 1.637915725216403919e-26 2.690410964503803237e-01 3.461271440710935532e-26 1.000000000000000000e+00 0.000000000000000000e+00 0.000000000000000000e+00 0.000000000000000000e+00 1.000000000000000000e+00 1.000000000000000000e+10 0.000000000000000000e+00 0.000000000000000000e+00 0.000000000000000000e+00 1.000000000000000000e+10
7.666008510240249207e-02 4.679480128967302335e+03 2.236382443473948115e+03 1.438193790710105986e+03 1.714940553868533613e-01 4.364992123201387585e+03 3.330153191039522053e-26 2.560712708337729234e-26 1.431977210760003723e-26 2.674658780358626919e-01 2.875991840207059011e-26 1.000000000000000000e+00 0.000000000000000000e+00 0.000000000000000000e+00 0.000000000000000000e+00 1.000000000000000000e+00 1.000000000000000000e+10 0.000000000000000000e+00 0.000000000000000000e+00 0.000000000000000000e+00 1.000000000000000000e+10
8.841124316543315376e-02 3.681283314787914151e+03 1.940385470425559561e+03 1.166979991269486163e+03 1.698837543456526156e-01 3.463109072023258250e+03 2.547701774567934547e-26 2.062038479457049517e-26 1.053282062602327652e-26 2.739236770549037803e-01 2.098463459940180584e-26 1.000000000000000000e+00 0.000000000000000000e+00 0.000000000000000000e+00 0.000000000000000000e+00 1.000000000000000000e+00 1.000000000000000000e+10 0.000000000000000000e+00 0.000000000000000000e+00 0.000000000000000000e+00 1.000000000000000000e+10
1.019637260722580097e-01 2.904239243263138178e+03 1.357069085462844669e+03 8.126130578084096214e+02 1.663313452474572962e-01 2.647179546585413846e+03 1.899407308675448332e-26 1.446001000876764979e-26 6.952039555063080764e-27 2.774245283961735975e-01 1.516224918250903948e-26 1.000000000000000000e+00 0.000000000000000000e+00 0.000000000000000000e+00 0.000000000000000000e+00 1.000000000000000000e+00 1.000000000000000000e+10 0.000000000000000000e+00 0.000000000000000000e+00 0.000000000000000000e+00 1.000000000000000000e+10
1.175936573483598035e-01 2.297039085314246677e+03 9.761426972386971102e+02 7.129853818391175082e+02 1.757611913550882199e-01 2.107110661222376621e+03 1.403245081588244318e-26 1.140291235471685850e-26 6.057896805333429906e-27 2.905709579387363295e-01 1.139464246177087571e-26 1.000000000000000000e+00 0.000000000000000000e+00 0.000000000000000000e+00 0.000000000000000000e+00 1.000000000000000000e+00 1.000000000000000000e+10 0.000000000000000000e+00 0.000000000000000000e+00 0.000000000000000000e+00 1.000000000000000000e+10
1.356194872553388164e-01 1.787695099247333928e+03 8.746882917677316982e+02 5.767128056628503145e+02 1.748027156045108277e-01 1.667381639417863880e+03 1.010763190469097187e-26 8.348603019985406949e-27 4.904843852750339484e-27 3.018573475179661125e-01 8.492982218409632676e-27 1.000000000000000000e+00 0.000000000000000000e+00 0.000000000000000000e+00 0.000000000000000000e+00 1.000000000000000000e+00 1.000000000000000000e+10 0.000000000000000000e+00 0.000000000000000000e+00 0.000000000000000000e+00 1.000000000000000000e+10
1.564084810196403053e-01 1.373861286874224788e+03 6.256582742784546554e+02 5.045526134326800047e+02 1.826110986477012255e-01 1.301778645888452957e+03 7.196100275349984592e-27 5.999376468161629009e-27 3.345991407696310810e-27 3.167534757334467543e-01 5.795066505513657213e-27 1.000000000000000000e+00 0.000000000000000000e+00 0.000000000000000000e+00 0.000000000000000000e+00 1.000000000000000000e+00 1.000000000000000000e+10 0.000000000000000000e+00 0.000000000000000000e+00 0.000000000000000000e+00 1.000000000000000000e+10
1.803842016362447453e-01 1.032522436052507828e+03 3.960205729147695592e+02 4.033127822041774380e+02 1.810550196991985994e-01 1.002122729543207811e+03 5.038576551440692116e-27 3.901457519242339552e-27 2.452613392647689879e-27 3.309445348703279333e-01 4.028094844785708656e-27 1.000000000000000000e+00 0.000000000000000000e+00 0.000000000000000000e+00 0.000000000000000000e+00 1.000000000000000000e+00 1.000000000000000000e+10 0.000000000000000000e+00 0.000000000000000000e+00 0.000000000000000000e+00 1.000000000000000000e+10
2.080351397048574025e-01 7.665773293483587167e+02 3.076905675786938446e+02 3.106312955959162423e+02 1.806145625109641939e-01 7.529757563720374947e+02 3.491811855179320713e-27 2.887157207605724045e-27 1.769854816764232601e-27 3.455349540560090915e-01 2.829008015863625531e-27 1.000000000000000000e+00 0.000000000000000000e+00 0.000000000000000000e+00 0.000000000000000000e+00 1.000000000000000000e+00 1.000000000000000000e+10 0.000000000000000000e+00 0.000000000000000000e+00 0.000000000000000000e+00 1.000000000000000000e+10
2.399246661262133540e-01 5.643071481901813513e+02 2.541912331146425004e+02 2.061233332620127499e+02 1.819073269174850682e-01 5.339456195357618071e+02 2.417278751015299590e-27 2.110210040559139243e-27 1.145532526563155880e-27 3.638556795362167251e-01 1.825233387041533110e-27 1.000000000000000000e+00 0.000000000000000000e+00 0.000000000000000000e+00 0.000000000000000000e+00 1.000000000000000000e+00 1.000000000000000000e+10 0.000000000000000000e+00 0.000000000000000000e+00 0.000000000000000000e+00 1.000000000000000000e+10
2.767025104385807399e-01 4.127112376986263484e+02 2.127650062108767202e+02 1.499484403301547673e+02 1.863961514679078058e-01 3.811797064505209960e+02 1.704184846389601087e-27 1.228778545405819118e-27 8.065512511695860165e-28 3.834409287037262026e-01 1.199988945467621951e-27 1.000000000000000000e+00 0.000000000000000000e+00 0.000000000000000000e+00 0.000000000000000000e+00 1.000000000000000000e+00 1.000000000000000000e+10 0.000000000000000000e+00 0.000000000000000000e+00 0.000000000000000000e+00 1.000000000000000000e+10
3.191179986585286343e-01 2.960833859557209280e+02 1.373552764093971632e+02 1.077278609313287916e+02 1.877297059061918127e-01 2.737242470914533214e+02 1.223007944607246020e-27 8.829325679515344932e-28 4.480990452952633335e-28 4.076178467009107798e-01 7.105909582859864212e-28 1.000000000000000000e+00 0.000000000000000000e+00 0.000000000000000000e+00 0.000000000000000000e+00 1.000000000000000000e+00 1.000000000000000000e+10 0.000000000000000000e+00 0.000000000000000000e+00 0.000000000000000000e+00 1.000000000000000000e+10
3.680353203388414540e-01 2.194246979860864144e+02 1.040443994872817655e+02 6.047518076256938002e+01 1.937669473067279713e-01 1.880860462863439864e+02 9.979084445469244488e-28 7.086072071486080668e-28 2.937820950089847048e-28 4.418630064339387764e-01 4.613237153368651731e-28 1.000000000000000000e+00 0.000000000000000000e+00 0.000000000000000000e+00 0.000000000000000000e+00 1.000000000000000000e+00 1.000000000000000000e+10 0.000000000000000000e+00 0.000000000000000000e+00 0.000000000000000000e+00 1.000000000000000000e+10
4.244511359005219142e-01 1.678876474104338001e+02 7.490904247415571149e+01 4.873386900702109870e+01 2.034297624108897529e-01 1.409838719571947934e+02 9.147498456379967184e-28 5.744885369688630029e-28 1.990634120903709833e-28 4.855394685988369541e-01 3.153982828450907971e-28 1.000000000000000000e+00 0.000000000000000000e+00 0.000000000000000000e+00 0.000000000000000000e+00 1.000000000000000000e+00 1.000000000000000000e+10 0.000000000000000000e+00 0.000000000000000000e+00 0.000000000000000000e+00 1.000000000000000000e+10
4.895148829774688681e-01 1.308882367044670900e+02 6.271703070646657352e+01 4.028461245261749468e+01 2.187847068575206888e-01 1.086566875586213143e+02 8.679828221551460026e-28 5.058807596789517815e-28 1.383184776804079162e-28 5.365673260319128168e-01 2.135583794922814840e-28 1.000000000000000000e+00 0.000000000000000000e+00 0.000000000000000000e+00 0.000000000000000000e+00 1.000000000000000000e+00 1.000000000000000000e+10 0.000000000000000000e+00 0.000000000000000000e+00 0.000000000000000000e+00 1.000000000000000000e+10
5.645521955031491679e-01 1.091844395638253928e+02 7.100698958515995685e+01 3.494894859644656293e+01 2.506790438908699237e-01 8.409035049479020074e+01 9.082589014938651741e-28 4.968571146998259209e-28 1.008965015551904622e-28 6.091789179167396151e-01 1.514329368589338464e-28 1.000000000000000000e+00 0.000000000000000000e+00 0.000000000000000000e+00 0.000000000000000000e+00 1.000000000000000000e+00 1.000000000000000000e+10 0.000000000000000000e+00 0.000000000000000000e+00 0.000000000000000000e+00 1.000000000000000000e+10
6.510919126887823039e-01 9.848639058373503019e+01 8.435220719960506131e+01 2.756693009321613630e+01 2.979836279569877400e-01 6.466332267386732724e+01 9.323504045355366021e-28 6.049745634037710822e-28 7.242505022529889238e-29 7.038936714749949308e-01 1.027528724158414084e-28 1.000000000000000000e+00 0.000000000000000000e+00 0.000000000000000000e+00 0.000000000000000000e+00 1.000000000000000000e+00 1.000000000000000000e+10 0.000000000000000000e+00 0.000000000000000000e+00 0.000000000000000000e+00 1.000000000000000000e+10
7.508972281844089602e-01 8.490696313385129201e+01 8.522830127497496733e+01 1.990470484581205923e+01 3.260933724053443061e-01 5.050245374187630887e+01 9.135025599729022294e-28 5.466922260932489783e-28 5.749555443863950507e-29 7.782769604782600048e-01 7.774479781108961134e-29 1.000000000000000000e+00 0.000000000000000000e+00 0.000000000000000000e+00 0.000000000000000000e+00 1.000000000000000000e+00 1.000000000000000000e+10 0.000000000000000000e+00 0.000000000000000000e+00 0.000000000000000000e+00 1.000000000000000000e+10
8.660016140678794550e-01 7.129645633303420027e+01 5.670955936681419018e+01 1.883674319820136489e+01 3.210166426984356614e-01 4.478703071814528869e+01 1.014276109804990276e-27 3.778353131215554387e-28 4.489003717836498606e-29 8.058054384026382966e-01 6.045001597172814900e-29 1.000000000000000000e+00 0.000000000000000000e+00 0.000000000000000000e+00 0.000000000000000000e+00 1.000000000000000000e+00 1.000000000000000000e+10 0.000000000000000000e+00 0.000000000000000000e+00 0.000000000000000000e+00 1.000000000000000000e+10
9.987502515910116063e-01 6.116156799314430970e+01 5.171620761732327054e+01 1.773269156017006409e+01 3.129774937298973048e-01 4.003683628429939034e+01 1.281521460184350879e-27 4.171040959200091262e-28 4.175917081465227602e-29 8.267451099335993980e-01 5.352563204170939880e-29 1.000000000000000000e+00 0.000000000000000000e+00 0.000000000000000000e+00 0.000000000000000000e+00 1.000000000000000000e+00 1.000000000000000000e+10 0.000000000000000000e+00 0.000000000000000000e+00 0.000000000000000000e+00 1.000000000000000000e+10
1.151847812808953542e+00 5.837857209142831749e+01 4.096383823608633179e+01 1.624974600611724540e+01 3.291858316822102171e-01 3.636247098631744734e+01 2.006904814335231968e-27 3.916830015173343148e-28 4.054331292866402872e-29 8.655561334251353767e-01 4.959611807624148982e-29 1.000000000000000000e+00 0.000000000000000000e+00 0.000000000000000000e+00 0.000000000000000000e+00 1.000000000000000000e+00 1.000000000000000000e+10 0.000000000000000000e+00 0.000000000000000000e+00 0.000000000000000000e+00 1.000000000000000000e+10
1.328413566614123908e+00 5.528638587390313575e+01 4.188933886986714583e+01 1.348668092523132955e+01 3.262067763397767384e-01 3.188427104440049220e+01 2.547300542103611160e-27 3.887444322505755580e-28 3.085186675767115258e-29 8.716934957599331568e-01 4.069037655590887486e-29 1.000000000000000000e+00 0.000000000000000000e+00 0.000000000000000000e+00 0.000000000000000000e+00 1.000000000000000000e+00 1.000000000000000000e+10 0.000000000000000000e+00 0.000000000000000000e+00 0.000000000000000000e+00 1.000000000000000000e+10
1.532044931926391351e+00 5.043682908985084623e+01 4.707041236497246928e+01 1.230001836290357886e+01 3.220513021114865815e-01 2.916528276306449996e+01 1.976584428493638832e-27 3.779381647859134139e-28 2.730305054867809846e-29 8.483714532518468188e-01 3.759776246766780834e-29 1.000000000000000000e+00 0.000000000000000000e+00 0.000000000000000000e+00 0.000000000000000000e+00 1.000000000000000000e+00 1.000000000000000000e+10 0.000000000000000000e+00 0.000000000000000000e+00 0.000000000000000000e+00 1.000000000000000000e+10
1.766890772896739126e+00 4.078178117925504154e+01 2.664031772980253621e+01 1.202603507777983438e+01 2.883244660147727956e-01 2.818482656882641280e+01 1.122077283321729284e-27 2.907989003269554945e-28 3.675245309716536195e-29 7.935154598466025444e-01 4.697999147969844242e-29 1.000000000000000000e+00 0.000000000000000000e+00 0.000000000000000000e+00 0.000000000000000000e+00 1.000000000000000000e+00 1.000000000000000000e+10 0.000000000000000000e+00 0.000000000000000000e+00 0.000000000000000000e+00 1.000000000000000000e+10
2.037735929469222107e+00 3.296687659414654092e+01 2.348771877682787590e+01 9.588565548106632974e+00 2.531652143088736207e-01 2.528980395744564191e+01 4.211327448978575258e-28 2.404136387630813448e-28 2.321499340175463953e-29 7.317628923901734472e-01 3.402856715968634040e-29 1.000000000000000000e+00 0.000000000000000000e+00 0.000000000000000000e+00 0.000000000000000000e+00 1.000000000000000000e+00 1.000000000000000000e+10 0.000000000000000000e+00 0.000000000000000000e+00 0.000000000000000000e+00 1.000000000000000000e+10
2.350098705559579226e+00 3.037851526629303578e+01 2.406360288784906487e+01 7.587530528405890706e+00 2.414954578021793197e-01 2.315426046059365461e+01 2.772529515950787632e-28 2.090479120715519033e-28 3.221776004634683827e-29 7.070998667471924959e-01 4.385186633932815472e-29 1.000000000000000000e+00 0.000000000000000000e+00 0.000000000000000000e+00 0.000000000000000000e+00 1.000000000000000000e+00 1.000000000000000000e+10 0.000000000000000000e+00 0.000000000000000000e+00 0.000000000000000000e+00 1.000000000000000000e+10
