# R (Mpc), mean rho (Msol/kpc^3), errup (Msol/kpc^3), errlow, std, median rho (Msol/kpc^3), mean pth (Msol/kpc/s^2), errup(Msol/kpc/s^2), errlow, std, median pth (Msol/kpc/s^2), mean gas-mass-weighted metal (fraction), errup, errlow, std, median metal, mean gas-mass-weighted temp (K), errup, errlow, std, median temp  
#  nprofs 216, mean mh 212740277470.592712, median mh 203721787247.070160 
#  Mass range 11.00 - 11.5
1.040961082911032697e-02 2.240538127689009125e+05 1.395099192601024115e+05 8.980831748782246723e+04 2.474003736997093250e-01 2.007276035978889267e+05 1.097033513583004771e-25 1.768518904586333481e-25 1.862155747659421989e-26 4.889361031226751586e-01 3.715181378444061391e-26 1.000000000000000000e+00 0.000000000000000000e+00 0.000000000000000000e+00 0.000000000000000000e+00 1.000000000000000000e+00 1.000000000000000000e+10 0.000000000000000000e+00 0.000000000000000000e+00 0.000000000000000000e+00 1.000000000000000000e+10
1.200529105910367808e-02 1.670769799844011432e+05 1.241435167125027510e+05 6.627190308476920472e+04 2.538192805435351973e-01 1.428915993446697830e+05 1.020114548295828388e-25 1.905683163518973535e-25 3.033937635235854744e-26 4.703667341093404342e-01 4.964387952550644916e-26 1.000000000000000000e+00 0.000000000000000000e+00 0.000000000000000000e+00 0.000000000000000000e+00 1.000000000000000000e+00 1.000000000000000000e+10 0.000000000000000000e+00 0.000000000000000000e+00 0.000000000000000000e+00 1.000000000000000000e+10
1.384557172980430476e-02 1.223019487467125000e+05 8.166700090977203217e+04 5.740735414401853632e+04 2.516268270193888212e-01 1.115277515651489084e+05 8.900240089415366605e-26 1.106651899971618615e-25 3.456825668264700125e-26 4.251339976694857858e-01 5.369992491490148280e-26 1.000000000000000000e+00 0.000000000000000000e+00 0.000000000000000000e+00 0.000000000000000000e+00 1.000000000000000000e+00 1.000000000000000000e+10 0.000000000000000000e+00 0.000000000000000000e+00 0.000000000000000000e+00 1.000000000000000000e+10
1.596794743096121086e-02 9.025137840127041272e+04 5.551871741808389197e+04 3.599874699460828560e+04 2.448220883178016671e-01 8.047267681088339305e+04 8.273668248108183966e-26 9.156937568336053782e-26 3.910022644716845462e-26 3.898800983075931259e-01 6.120085202913894428e-26 1.000000000000000000e+00 0.000000000000000000e+00 0.000000000000000000e+00 0.000000000000000000e+00 1.000000000000000000e+00 1.000000000000000000e+10 0.000000000000000000e+00 0.000000000000000000e+00 0.000000000000000000e+00 1.000000000000000000e+10
1.841566026551830909e-02 6.169516075240127975e+04 3.886934832027945959e+04 2.489089995428149268e+04 2.593244516753601125e-01 5.353105337875265104e+04 6.519829837628662162e-26 6.665863874328629221e-26 2.500354835013297633e-26 3.542101352718759477e-01 4.615944091716761816e-26 1.000000000000000000e+00 0.000000000000000000e+00 0.000000000000000000e+00 0.000000000000000000e+00 1.000000000000000000e+00 1.000000000000000000e+10 0.000000000000000000e+00 0.000000000000000000e+00 0.000000000000000000e+00 1.000000000000000000e+10
2.123858088093512342e-02 4.346383358821664297e+04 2.997896243381671957e+04 1.639366814128288024e+04 2.589708802039897839e-01 3.731210914509803115e+04 5.476981637471696886e-26 4.087179300145570825e-26 2.466901946719560090e-26 3.079606732861079332e-01 4.413733390517607102e-26 1.000000000000000000e+00 0.000000000000000000e+00 0.000000000000000000e+00 0.000000000000000000e+00 1.000000000000000000e+00 1.000000000000000000e+10 0.000000000000000000e+00 0.000000000000000000e+00 0.000000000000000000e+00 1.000000000000000000e+10
2.449422455303571639e-02 2.954301300153936609e+04 2.083016625772561383e+04 1.038167311694090859e+04 2.651823285062774316e-01 2.400087992605728505e+04 4.247586200718157995e-26 2.865803655653390093e-26 1.746591504793626912e-26 2.688657734354836792e-01 3.565949888916340008e-26 1.000000000000000000e+00 0.000000000000000000e+00 0.000000000000000000e+00 0.000000000000000000e+00 1.000000000000000000e+00 1.000000000000000000e+10 0.000000000000000000e+00 0.000000000000000000e+00 0.000000000000000000e+00 1.000000000000000000e+10
2.824892302447100725e-02 1.993580771910368276e+04 1.169929325103520750e+04 6.538857885776133116e+03 2.418796379486830572e-01 1.639265230057547160e+04 3.621371856131355252e-26 2.889660560963540481e-26 1.295355303253005568e-26 2.611265661702070195e-01 2.917815672778961074e-26 1.000000000000000000e+00 0.000000000000000000e+00 0.000000000000000000e+00 0.000000000000000000e+00 1.000000000000000000e+00 1.000000000000000000e+10 0.000000000000000000e+00 0.000000000000000000e+00 0.000000000000000000e+00 1.000000000000000000e+10
3.257917597328415654e-02 1.360891407937503209e+04 9.010956600339253782e+03 4.379310834439826067e+03 2.393957981614749098e-01 1.115909784206553377e+04 2.900307547061510034e-26 1.486531777741709555e-26 1.046287710376002419e-26 2.344293523513379662e-01 2.516357476823038929e-26 1.000000000000000000e+00 0.000000000000000000e+00 0.000000000000000000e+00 0.000000000000000000e+00 1.000000000000000000e+00 1.000000000000000000e+10 0.000000000000000000e+00 0.000000000000000000e+00 0.000000000000000000e+00 1.000000000000000000e+10
3.757320964692217186e-02 9.556362271913727454e+03 5.133228100651582281e+03 3.216850165221719180e+03 2.379661306658973352e-01 8.069386965137427978e+03 2.403890516553887943e-26 1.574165441714464496e-26 7.433892372437598606e-27 2.370218640395180543e-01 1.958887387167600471e-26 1.000000000000000000e+00 0.000000000000000000e+00 0.000000000000000000e+00 0.000000000000000000e+00 1.000000000000000000e+00 1.000000000000000000e+10 0.000000000000000000e+00 0.000000000000000000e+00 0.000000000000000000e+00 1.000000000000000000e+10
4.333277441790538143e-02 6.882392782709542189e+03 3.656034769015850543e+03 2.479319818305858462e+03 2.126446360511722034e-01 6.073942483500635717e+03 1.975070944433910896e-26 1.134952708218275237e-26 6.806408936947152232e-27 2.266200807984060650e-01 1.689449544597122273e-26 1.000000000000000000e+00 0.000000000000000000e+00 0.000000000000000000e+00 0.000000000000000000e+00 1.000000000000000000e+00 1.000000000000000000e+10 0.000000000000000000e+00 0.000000000000000000e+00 0.000000000000000000e+00 1.000000000000000000e+10
4.997521788524898756e-02 5.110773794174672730e+03 2.636093641334655331e+03 1.458043277986403155e+03 1.885168139382129848e-01 4.499633803639491816e+03 1.591056270847387273e-26 9.948424117348309606e-27 5.236991477416853769e-27 2.165203284990842858e-01 1.367387588813637514e-26 1.000000000000000000e+00 0.000000000000000000e+00 0.000000000000000000e+00 0.000000000000000000e+00 1.000000000000000000e+00 1.000000000000000000e+10 0.000000000000000000e+00 0.000000000000000000e+00 0.000000000000000000e+00 1.000000000000000000e+10
5.763587575980636674e-02 3.931232408515398220e+03 1.936193710115710928e+03 1.127421510553667304e+03 1.793246828507527035e-01 3.481049563311748898e+03 1.265966467450692483e-26 8.397148938628833279e-27 3.951217249856015896e-27 2.104171887941349850e-01 1.081192411649957200e-26 1.000000000000000000e+00 0.000000000000000000e+00 0.000000000000000000e+00 0.000000000000000000e+00 1.000000000000000000e+00 1.000000000000000000e+10 0.000000000000000000e+00 0.000000000000000000e+00 0.000000000000000000e+00 1.000000000000000000e+10
6.647082924635627776e-02 2.993303577900920573e+03 1.233983300688416421e+03 8.589982191378810512e+02 1.697796393872084975e-01 2.743137208823098263e+03 9.973037549893329600e-27 6.814957332774828197e-27 3.101031089323701673e-27 2.116877201704426004e-01 8.440332072572012734e-27 1.000000000000000000e+00 0.000000000000000000e+00 0.000000000000000000e+00 0.000000000000000000e+00 1.000000000000000000e+00 1.000000000000000000e+10 0.000000000000000000e+00 0.000000000000000000e+00 0.000000000000000000e+00 1.000000000000000000e+10
7.666008510240249207e-02 2.336235113073093089e+03 1.056159198611369902e+03 6.309492145155797971e+02 1.635472037709136683e-01 2.119967108071681650e+03 7.604854446624241289e-27 4.739261028178020907e-27 2.218053872941856895e-27 2.085354927262714764e-01 6.425225440620138092e-27 1.000000000000000000e+00 0.000000000000000000e+00 0.000000000000000000e+00 0.000000000000000000e+00 1.000000000000000000e+00 1.000000000000000000e+10 0.000000000000000000e+00 0.000000000000000000e+00 0.000000000000000000e+00 1.000000000000000000e+10
8.841124316543315376e-02 1.820788573734710781e+03 7.431883940771535890e+02 4.825864779948333307e+02 1.567812854014028479e-01 1.660271524646419039e+03 5.842805009035265533e-27 3.509841647335713969e-27 1.580259993121404995e-27 2.122701212343394428e-01 4.926122605089882403e-27 1.000000000000000000e+00 0.000000000000000000e+00 0.000000000000000000e+00 0.000000000000000000e+00 1.000000000000000000e+00 1.000000000000000000e+10 0.000000000000000000e+00 0.000000000000000000e+00 0.000000000000000000e+00 1.000000000000000000e+10
1.019637260722580097e-01 1.397853718224194381e+03 5.749822997210753783e+02 3.638131396444927077e+02 1.552434677918369255e-01 1.271267039429591478e+03 4.329013170589322539e-27 2.537317594356657272e-27 1.425301352313373314e-27 2.192495580902319163e-01 3.685524394192096516e-27 1.000000000000000000e+00 0.000000000000000000e+00 0.000000000000000000e+00 0.000000000000000000e+00 1.000000000000000000e+00 1.000000000000000000e+10 0.000000000000000000e+00 0.000000000000000000e+00 0.000000000000000000e+00 1.000000000000000000e+10
1.175936573483598035e-01 1.080111906661991497e+03 4.383314691307975863e+02 2.935471094081701722e+02 1.560558004736765925e-01 1.006576213008959712e+03 3.192161914379766325e-27 1.955116363391977894e-27 1.110101588954400214e-27 2.399880453751027376e-01 2.633722020482667377e-27 1.000000000000000000e+00 0.000000000000000000e+00 0.000000000000000000e+00 0.000000000000000000e+00 1.000000000000000000e+00 1.000000000000000000e+10 0.000000000000000000e+00 0.000000000000000000e+00 0.000000000000000000e+00 1.000000000000000000e+10
1.356194872553388164e-01 8.503750399283451316e+02 3.669523402510958476e+02 2.377526239408869060e+02 1.609218730991392177e-01 7.733895638223125388e+02 2.414425315004332532e-27 1.426596719776719220e-27 7.783788967042129129e-28 2.628794049476736450e-01 1.897848100282123222e-27 1.000000000000000000e+00 0.000000000000000000e+00 0.000000000000000000e+00 0.000000000000000000e+00 1.000000000000000000e+00 1.000000000000000000e+10 0.000000000000000000e+00 0.000000000000000000e+00 0.000000000000000000e+00 1.000000000000000000e+10
1.564084810196403053e-01 6.367866213327266678e+02 2.788631802891010238e+02 1.686705042893563586e+02 1.605901922085842537e-01 5.863073314169747619e+02 1.760652241822522310e-27 1.203375924608825930e-27 6.370159172599943632e-28 2.908573166726624026e-01 1.354846473973041047e-27 1.000000000000000000e+00 0.000000000000000000e+00 0.000000000000000000e+00 0.000000000000000000e+00 1.000000000000000000e+00 1.000000000000000000e+10 0.000000000000000000e+00 0.000000000000000000e+00 0.000000000000000000e+00 1.000000000000000000e+10
1.803842016362447453e-01 4.936580147041324835e+02 2.130400258819103101e+02 1.488739924452487458e+02 1.663269393535281859e-01 4.536132974229540196e+02 1.324647592028979306e-27 7.318675662837884568e-28 4.584387028720517923e-28 3.178117358938699621e-01 9.255746472323725741e-28 1.000000000000000000e+00 0.000000000000000000e+00 0.000000000000000000e+00 0.000000000000000000e+00 1.000000000000000000e+00 1.000000000000000000e+10 0.000000000000000000e+00 0.000000000000000000e+00 0.000000000000000000e+00 1.000000000000000000e+10
2.080351397048574025e-01 3.851052752355018356e+02 1.609624437561574268e+02 1.035639808028086009e+02 1.720192915942283240e-01 3.471448806634541597e+02 9.983156816245382670e-28 7.121899044921441174e-28 3.077832379451031783e-28 3.416292621948465169e-01 6.355709687213336384e-28 1.000000000000000000e+00 0.000000000000000000e+00 0.000000000000000000e+00 0.000000000000000000e+00 1.000000000000000000e+00 1.000000000000000000e+10 0.000000000000000000e+00 0.000000000000000000e+00 0.000000000000000000e+00 1.000000000000000000e+10
2.399246661262133540e-01 3.021218430212048816e+02 1.438427984097298236e+02 7.465309932052926456e+01 1.802874891473387753e-01 2.644404850023312292e+02 7.861632789674587255e-28 6.681881033743387255e-28 1.832348422651865031e-28 3.724338241078485878e-01 4.204825227981394670e-28 1.000000000000000000e+00 0.000000000000000000e+00 0.000000000000000000e+00 0.000000000000000000e+00 1.000000000000000000e+00 1.000000000000000000e+10 0.000000000000000000e+00 0.000000000000000000e+00 0.000000000000000000e+00 1.000000000000000000e+10
2.767025104385807399e-01 2.425971795920955856e+02 1.530468627242641446e+02 5.774949393175845103e+01 1.954028311959396247e-01 1.991503901277725959e+02 6.480402586072716242e-28 6.454922290663162836e-28 1.484081137521099496e-28 4.066186387359878029e-01 3.019050908437346010e-28 1.000000000000000000e+00 0.000000000000000000e+00 0.000000000000000000e+00 0.000000000000000000e+00 1.000000000000000000e+00 1.000000000000000000e+10 0.000000000000000000e+00 0.000000000000000000e+00 0.000000000000000000e+00 1.000000000000000000e+10
3.191179986585286343e-01 1.981243942798146804e+02 1.272015138234249889e+02 4.445626062541863632e+01 2.160582626639605264e-01 1.534720180192007888e+02 5.600394956822762620e-28 5.453867930893146446e-28 1.146014000016828426e-28 4.517301836776868029e-01 2.262880621487959264e-28 1.000000000000000000e+00 0.000000000000000000e+00 0.000000000000000000e+00 0.000000000000000000e+00 1.000000000000000000e+00 1.000000000000000000e+10 0.000000000000000000e+00 0.000000000000000000e+00 0.000000000000000000e+00 1.000000000000000000e+10
3.680353203388414540e-01 1.648737927951073345e+02 1.297150302878316097e+02 3.488464454643572310e+01 2.399372595650249573e-01 1.198506971351932862e+02 4.929545713138974405e-28 5.027201631622232684e-28 8.328332447385359525e-29 4.931400732242772200e-01 1.586494258509738184e-28 1.000000000000000000e+00 0.000000000000000000e+00 0.000000000000000000e+00 0.000000000000000000e+00 1.000000000000000000e+00 1.000000000000000000e+10 0.000000000000000000e+00 0.000000000000000000e+00 0.000000000000000000e+00 1.000000000000000000e+10
4.244511359005219142e-01 1.295589452155322192e+02 9.886818250130235697e+01 2.873157880633314676e+01 2.390455864041578504e-01 9.362128405220940408e+01 4.422011822104700871e-28 4.690583494423229177e-28 6.109049221654059146e-29 5.357539411160445741e-01 1.122891481572553493e-28 1.000000000000000000e+00 0.000000000000000000e+00 0.000000000000000000e+00 0.000000000000000000e+00 1.000000000000000000e+00 1.000000000000000000e+10 0.000000000000000000e+00 0.000000000000000000e+00 0.000000000000000000e+00 1.000000000000000000e+10
4.895148829774688681e-01 1.104188402972805108e+02 7.651195963611209550e+01 2.315309712049829471e+01 2.715741750424225942e-01 7.339867941925757577e+01 4.087342433872988531e-28 4.132168569914448997e-28 4.298174757516936072e-29 5.958152846257610546e-01 7.649449695246882349e-29 1.000000000000000000e+00 0.000000000000000000e+00 0.000000000000000000e+00 0.000000000000000000e+00 1.000000000000000000e+00 1.000000000000000000e+10 0.000000000000000000e+00 0.000000000000000000e+00 0.000000000000000000e+00 1.000000000000000000e+10
5.645521955031491679e-01 8.979659450216550454e+01 6.510686030392031398e+01 1.984486334574364008e+01 2.817743475875233439e-01 5.745422180870386342e+01 3.755915657292242662e-28 3.720441826642433954e-28 3.457985788336884110e-29 6.550481180359114530e-01 5.577624725386764551e-29 1.000000000000000000e+00 0.000000000000000000e+00 0.000000000000000000e+00 0.000000000000000000e+00 1.000000000000000000e+00 1.000000000000000000e+10 0.000000000000000000e+00 0.000000000000000000e+00 0.000000000000000000e+00 1.000000000000000000e+10
6.510919126887823039e-01 7.549559186225282303e+01 8.047294467884991320e+01 1.732317062719815581e+01 2.979132227898957930e-01 4.769349404900025036e+01 3.193503300768990888e-28 4.224611728728088724e-28 3.209172630887096275e-29 7.038596377639299018e-01 4.701771354840574970e-29 1.000000000000000000e+00 0.000000000000000000e+00 0.000000000000000000e+00 0.000000000000000000e+00 1.000000000000000000e+00 1.000000000000000000e+10 0.000000000000000000e+00 0.000000000000000000e+00 0.000000000000000000e+00 1.000000000000000000e+10
7.508972281844089602e-01 6.546784123638411756e+01 7.263685882411604666e+01 1.622984792133268783e+01 3.036485310168134388e-01 4.292321984820488723e+01 2.815818756594562092e-28 3.728443571450791640e-28 2.816179451906799012e-29 7.375388532577160650e-01 4.082334607515142050e-29 1.000000000000000000e+00 0.000000000000000000e+00 0.000000000000000000e+00 0.000000000000000000e+00 1.000000000000000000e+00 1.000000000000000000e+10 0.000000000000000000e+00 0.000000000000000000e+00 0.000000000000000000e+00 1.000000000000000000e+10
8.660016140678794550e-01 5.959238203008550983e+01 5.885298530664721994e+01 1.499417621094801234e+01 3.093348938955576832e-01 3.848584479294722627e+01 2.892811290095794196e-28 3.856592207487157754e-28 2.596409021272863264e-29 7.742046179249106874e-01 3.561832849471826160e-29 1.000000000000000000e+00 0.000000000000000000e+00 0.000000000000000000e+00 0.000000000000000000e+00 1.000000000000000000e+00 1.000000000000000000e+10 0.000000000000000000e+00 0.000000000000000000e+00 0.000000000000000000e+00 1.000000000000000000e+10
9.987502515910116063e-01 5.134356140143945879e+01 5.423718266501875007e+01 1.403144099739149198e+01 2.996800511857722893e-01 3.444480842636573925e+01 2.776346063698603608e-28 3.616738412350050156e-28 2.861539522184336242e-29 7.885494558484074101e-01 3.698544941357678547e-29 1.000000000000000000e+00 0.000000000000000000e+00 0.000000000000000000e+00 0.000000000000000000e+00 1.000000000000000000e+00 1.000000000000000000e+10 0.000000000000000000e+00 0.000000000000000000e+00 0.000000000000000000e+00 1.000000000000000000e+10
1.151847812808953542e+00 4.736265069244910819e+01 4.375144059244097150e+01 1.473981951006224023e+01 3.025296058179832714e-01 3.303979655476874200e+01 2.944108497247247814e-28 2.762643113408952982e-28 2.562861709903594822e-29 8.029719040649873074e-01 3.232923389319837967e-29 1.000000000000000000e+00 0.000000000000000000e+00 0.000000000000000000e+00 0.000000000000000000e+00 1.000000000000000000e+00 1.000000000000000000e+10 0.000000000000000000e+00 0.000000000000000000e+00 0.000000000000000000e+00 1.000000000000000000e+10
1.328413566614123908e+00 4.199594839219964371e+01 3.500419054902366156e+01 1.508074194592889228e+01 2.776023784659665816e-01 3.245349827709158319e+01 3.047340421825838425e-28 2.576259637511609535e-28 3.372838664150288511e-29 7.657733332709664165e-01 4.048446655915380300e-29 1.000000000000000000e+00 0.000000000000000000e+00 0.000000000000000000e+00 0.000000000000000000e+00 1.000000000000000000e+00 1.000000000000000000e+10 0.000000000000000000e+00 0.000000000000000000e+00 0.000000000000000000e+00 1.000000000000000000e+10
1.532044931926391351e+00 3.889236066329880970e+01 2.701252076568147231e+01 1.620563629929299054e+01 2.687432727804772159e-01 3.168544617412897679e+01 5.474318944448331600e-28 1.785259754129801428e-28 4.204259494295106744e-29 7.672850424691864957e-01 4.810112784682020106e-29 1.000000000000000000e+00 0.000000000000000000e+00 0.000000000000000000e+00 0.000000000000000000e+00 1.000000000000000000e+00 1.000000000000000000e+10 0.000000000000000000e+00 0.000000000000000000e+00 0.000000000000000000e+00 1.000000000000000000e+10
1.766890772896739126e+00 3.600744254461616123e+01 2.297109677420559848e+01 1.482586600280624367e+01 2.603141521536653791e-01 3.004538053148924348e+01 5.589405105739771535e-28 1.836959440777911793e-28 3.580314876416377863e-29 7.671989795414623226e-01 4.169113345216434120e-29 1.000000000000000000e+00 0.000000000000000000e+00 0.000000000000000000e+00 0.000000000000000000e+00 1.000000000000000000e+00 1.000000000000000000e+10 0.000000000000000000e+00 0.000000000000000000e+00 0.000000000000000000e+00 1.000000000000000000e+10
2.037735929469222107e+00 3.311479626220232575e+01 2.240425823947775541e+01 1.226003748483521782e+01 2.558485683667204302e-01 2.650149128019782552e+01 5.110119436866136260e-28 1.625341314043650385e-28 3.116790645727957111e-29 7.626404599793901173e-01 3.778716247462703991e-29 1.000000000000000000e+00 0.000000000000000000e+00 0.000000000000000000e+00 0.000000000000000000e+00 1.000000000000000000e+00 1.000000000000000000e+10 0.000000000000000000e+00 0.000000000000000000e+00 0.000000000000000000e+00 1.000000000000000000e+10
2.350098705559579226e+00 3.121640404902350951e+01 1.948836920779040582e+01 1.046980320826189903e+01 2.498568787949816961e-01 2.489366295272447616e+01 5.520377386863821698e-28 1.633686157626076578e-28 2.772026885377968318e-29 7.495064704404591494e-01 3.487098740808932125e-29 1.000000000000000000e+00 0.000000000000000000e+00 0.000000000000000000e+00 0.000000000000000000e+00 1.000000000000000000e+00 1.000000000000000000e+10 0.000000000000000000e+00 0.000000000000000000e+00 0.000000000000000000e+00 1.000000000000000000e+10
