# R (Mpc), mean rho (Msol/kpc^3), errup (Msol/kpc^3), errlow, std, median rho (Msol/kpc^3), mean pth (Msol/kpc/s^2), errup(Msol/kpc/s^2), errlow, std, median pth (Msol/kpc/s^2), mean gas-mass-weighted metal (fraction), errup, errlow, std, median metal, mean gas-mass-weighted temp (K), errup, errlow, std, median temp  
#  nprofs 198, mean mh 213556053661.823242, median mh 203682153844.172577 
#  Mass range 11.00 - 11.5
1.040961082911032697e-02 2.198015139298600552e+05 1.205341654641075293e+05 8.531942002271846286e+04 2.452162102516342035e-01 1.968043195873881923e+05 1.268354594982473135e-25 2.317291990358808330e-25 1.447455258532528808e-26 5.244414416938472101e-01 3.371425204078072574e-26 1.000000000000000000e+00 0.000000000000000000e+00 0.000000000000000000e+00 0.000000000000000000e+00 1.000000000000000000e+00 1.000000000000000000e+10 0.000000000000000000e+00 0.000000000000000000e+00 0.000000000000000000e+00 1.000000000000000000e+10
1.200529105910367808e-02 1.690730386375886446e+05 1.079217429014049121e+05 7.856741742056036310e+04 2.545836633747339262e-01 1.533482772390745231e+05 9.939014304229381430e-26 1.358470924112040876e-25 1.865944792158730485e-26 4.704464718472949891e-01 3.746416516223138594e-26 1.000000000000000000e+00 0.000000000000000000e+00 0.000000000000000000e+00 0.000000000000000000e+00 1.000000000000000000e+00 1.000000000000000000e+10 0.000000000000000000e+00 0.000000000000000000e+00 0.000000000000000000e+00 1.000000000000000000e+10
1.384557172980430476e-02 1.314001770846299187e+05 8.519954294186829065e+04 5.805050911560583336e+04 2.710507231669249673e-01 1.155164097181695251e+05 8.739578045648573041e-26 8.738782238507619288e-26 3.687693417821154289e-26 4.378156200798214437e-01 5.543633617850242052e-26 1.000000000000000000e+00 0.000000000000000000e+00 0.000000000000000000e+00 0.000000000000000000e+00 1.000000000000000000e+00 1.000000000000000000e+10 0.000000000000000000e+00 0.000000000000000000e+00 0.000000000000000000e+00 1.000000000000000000e+10
1.596794743096121086e-02 9.699597068438306451e+04 5.931709741475096962e+04 5.027011646693188231e+04 2.841845517097335572e-01 9.008539613439193636e+04 8.086256411107370584e-26 6.278515650710580129e-26 3.473452222766532874e-26 3.859572311113289578e-01 5.663853642482911946e-26 1.000000000000000000e+00 0.000000000000000000e+00 0.000000000000000000e+00 0.000000000000000000e+00 1.000000000000000000e+00 1.000000000000000000e+10 0.000000000000000000e+00 0.000000000000000000e+00 0.000000000000000000e+00 1.000000000000000000e+10
1.841566026551830909e-02 7.072412585500140267e+04 4.941071116225369042e+04 3.466457726377929066e+04 2.794793863758129326e-01 6.143636441613628995e+04 7.002223261915530357e-26 6.694594381700670436e-26 2.297910364398848246e-26 3.699993146764192775e-01 4.444165139881082136e-26 1.000000000000000000e+00 0.000000000000000000e+00 0.000000000000000000e+00 0.000000000000000000e+00 1.000000000000000000e+00 1.000000000000000000e+10 0.000000000000000000e+00 0.000000000000000000e+00 0.000000000000000000e+00 1.000000000000000000e+10
2.123858088093512342e-02 5.005177552755729994e+04 3.571703992700864910e+04 2.107345204484171700e+04 2.739950169990303941e-01 4.294130333306381362e+04 5.863271196396442636e-26 5.041580730740843784e-26 2.404375045431354942e-26 3.372899411862639307e-01 4.459051249154863270e-26 1.000000000000000000e+00 0.000000000000000000e+00 0.000000000000000000e+00 0.000000000000000000e+00 1.000000000000000000e+00 1.000000000000000000e+10 0.000000000000000000e+00 0.000000000000000000e+00 0.000000000000000000e+00 1.000000000000000000e+10
2.449422455303571639e-02 3.274414009737012748e+04 2.791335501107030723e+04 1.352129926385574254e+04 2.981595834398125255e-01 2.697700019796167180e+04 4.397244748754483921e-26 3.187831911909777725e-26 1.403449712659743107e-26 2.889085234434190519e-01 3.282360088220725178e-26 1.000000000000000000e+00 0.000000000000000000e+00 0.000000000000000000e+00 0.000000000000000000e+00 1.000000000000000000e+00 1.000000000000000000e+10 0.000000000000000000e+00 0.000000000000000000e+00 0.000000000000000000e+00 1.000000000000000000e+10
2.824892302447100725e-02 2.107102210662465950e+04 1.402786159102473903e+04 8.279278513870998722e+03 2.653086497401700994e-01 1.801734975789875534e+04 3.585396884765986960e-26 2.486837679426308361e-26 1.485774597312629840e-26 2.756323060642757450e-01 2.987566255829686118e-26 1.000000000000000000e+00 0.000000000000000000e+00 0.000000000000000000e+00 0.000000000000000000e+00 1.000000000000000000e+00 1.000000000000000000e+10 0.000000000000000000e+00 0.000000000000000000e+00 0.000000000000000000e+00 1.000000000000000000e+10
3.257917597328415654e-02 1.383817772042716933e+04 8.927900941839008738e+03 5.617280294845600110e+03 2.493870107712780060e-01 1.188811954697193505e+04 2.847468064320318932e-26 1.795320571594148706e-26 9.129904716879510498e-27 2.463539886927561262e-01 2.303597316680221062e-26 1.000000000000000000e+00 0.000000000000000000e+00 0.000000000000000000e+00 0.000000000000000000e+00 1.000000000000000000e+00 1.000000000000000000e+10 0.000000000000000000e+00 0.000000000000000000e+00 0.000000000000000000e+00 1.000000000000000000e+10
3.757320964692217186e-02 9.251992408012230953e+03 4.387115418087480066e+03 3.830584589415349910e+03 2.324788636377214945e-01 8.559802839411051536e+03 2.420949042046531938e-26 1.731627835727763549e-26 6.975674296928435485e-27 2.515663654122066162e-01 1.944496877443156954e-26 1.000000000000000000e+00 0.000000000000000000e+00 0.000000000000000000e+00 0.000000000000000000e+00 1.000000000000000000e+00 1.000000000000000000e+10 0.000000000000000000e+00 0.000000000000000000e+00 0.000000000000000000e+00 1.000000000000000000e+10
4.333277441790538143e-02 6.488611188700132516e+03 3.650686460326551241e+03 1.972401893554551407e+03 2.094406521286404366e-01 5.672178627584118658e+03 1.940291540031100391e-26 1.381628628072107955e-26 5.685542852504580031e-27 2.353569264088402890e-01 1.547469506619734872e-26 1.000000000000000000e+00 0.000000000000000000e+00 0.000000000000000000e+00 0.000000000000000000e+00 1.000000000000000000e+00 1.000000000000000000e+10 0.000000000000000000e+00 0.000000000000000000e+00 0.000000000000000000e+00 1.000000000000000000e+10
4.997521788524898756e-02 4.759402196778984035e+03 2.461857960388491847e+03 1.686952316274563145e+03 2.004679291900073324e-01 4.391633159103892467e+03 1.540319300045079854e-26 9.875883294887466737e-27 5.168316714913944893e-27 2.175891933403060474e-01 1.313081496065420754e-26 1.000000000000000000e+00 0.000000000000000000e+00 0.000000000000000000e+00 0.000000000000000000e+00 1.000000000000000000e+00 1.000000000000000000e+10 0.000000000000000000e+00 0.000000000000000000e+00 0.000000000000000000e+00 1.000000000000000000e+10
5.763587575980636674e-02 3.582801714067018111e+03 1.770120783714447498e+03 1.148707644769969647e+03 1.772625937312081179e-01 3.263088216940336679e+03 1.228695695866883131e-26 8.350238324052272072e-27 3.309394898568237454e-27 2.271545147522531505e-01 9.994498505329516469e-27 1.000000000000000000e+00 0.000000000000000000e+00 0.000000000000000000e+00 0.000000000000000000e+00 1.000000000000000000e+00 1.000000000000000000e+10 0.000000000000000000e+00 0.000000000000000000e+00 0.000000000000000000e+00 1.000000000000000000e+10
6.647082924635627776e-02 2.824158323929181734e+03 1.307547204781536493e+03 8.464157350133684758e+02 1.653811037055482047e-01 2.652018701570421399e+03 9.542523792935335436e-27 6.220814582856898656e-27 2.957429464167643439e-27 2.109050207046713754e-01 8.210875054893566776e-27 1.000000000000000000e+00 0.000000000000000000e+00 0.000000000000000000e+00 0.000000000000000000e+00 1.000000000000000000e+00 1.000000000000000000e+10 0.000000000000000000e+00 0.000000000000000000e+00 0.000000000000000000e+00 1.000000000000000000e+10
7.666008510240249207e-02 2.236292773961281000e+03 1.019244998696271523e+03 7.173063302239679615e+02 1.659342115275606044e-01 2.071532768862531611e+03 7.525288759529182243e-27 4.784991826563427139e-27 2.701659129442772316e-27 2.282341615179417915e-01 6.437360389646199105e-27 1.000000000000000000e+00 0.000000000000000000e+00 0.000000000000000000e+00 0.000000000000000000e+00 1.000000000000000000e+00 1.000000000000000000e+10 0.000000000000000000e+00 0.000000000000000000e+00 0.000000000000000000e+00 1.000000000000000000e+10
8.841124316543315376e-02 1.734522867034203728e+03 9.020930953334247988e+02 4.461229364230503052e+02 1.634642732959288303e-01 1.543758676457130377e+03 5.668022787721576834e-27 3.387526074405307694e-27 1.939161485372505983e-27 2.299956592128000743e-01 4.800777124669165173e-27 1.000000000000000000e+00 0.000000000000000000e+00 0.000000000000000000e+00 0.000000000000000000e+00 1.000000000000000000e+00 1.000000000000000000e+10 0.000000000000000000e+00 0.000000000000000000e+00 0.000000000000000000e+00 1.000000000000000000e+10
1.019637260722580097e-01 1.338206470048845858e+03 5.906345489286122756e+02 3.670605512340091536e+02 1.619093326500991858e-01 1.230404380053366367e+03 4.302744657516571304e-27 2.469648301070064513e-27 1.573886051391234753e-27 2.424730112687403516e-01 3.703434698549670943e-27 1.000000000000000000e+00 0.000000000000000000e+00 0.000000000000000000e+00 0.000000000000000000e+00 1.000000000000000000e+00 1.000000000000000000e+10 0.000000000000000000e+00 0.000000000000000000e+00 0.000000000000000000e+00 1.000000000000000000e+10
1.175936573483598035e-01 1.044173407440086066e+03 4.235185024020968285e+02 2.693321734327016657e+02 1.562355517869065957e-01 9.466196925993124296e+02 3.190905279458946976e-27 2.034561600731967725e-27 1.117652882234284139e-27 2.535222295772459056e-01 2.661370325401046238e-27 1.000000000000000000e+00 0.000000000000000000e+00 0.000000000000000000e+00 0.000000000000000000e+00 1.000000000000000000e+00 1.000000000000000000e+10 0.000000000000000000e+00 0.000000000000000000e+00 0.000000000000000000e+00 1.000000000000000000e+10
1.356194872553388164e-01 7.979283809234185583e+02 3.582305023138583238e+02 1.880723688457002254e+02 1.497446279206852693e-01 7.158784225455569867e+02 2.373946076037456068e-27 2.019188386799712356e-27 8.027137944703794505e-28 2.677919348091316598e-01 1.823539178428120791e-27 1.000000000000000000e+00 0.000000000000000000e+00 0.000000000000000000e+00 0.000000000000000000e+00 1.000000000000000000e+00 1.000000000000000000e+10 0.000000000000000000e+00 0.000000000000000000e+00 0.000000000000000000e+00 1.000000000000000000e+10
1.564084810196403053e-01 6.027232591189580262e+02 2.722765647110044256e+02 1.371713798240964479e+02 1.438086644785182833e-01 5.478863883594474373e+02 1.730596491170972817e-27 1.453589568363621449e-27 5.857477458734918052e-28 2.872872349044615636e-01 1.285978182033507409e-27 1.000000000000000000e+00 0.000000000000000000e+00 0.000000000000000000e+00 0.000000000000000000e+00 1.000000000000000000e+00 1.000000000000000000e+10 0.000000000000000000e+00 0.000000000000000000e+00 0.000000000000000000e+00 1.000000000000000000e+10
1.803842016362447453e-01 4.560103136418833287e+02 2.016392974099436515e+02 1.119868974524670193e+02 1.570748383995826947e-01 4.112051878935353670e+02 1.276022090161234851e-27 9.078605840222053805e-28 4.019261880084862384e-28 3.187212521013911282e-01 8.752738082811467250e-28 1.000000000000000000e+00 0.000000000000000000e+00 0.000000000000000000e+00 0.000000000000000000e+00 1.000000000000000000e+00 1.000000000000000000e+10 0.000000000000000000e+00 0.000000000000000000e+00 0.000000000000000000e+00 1.000000000000000000e+10
2.080351397048574025e-01 3.544009195408572168e+02 1.539735519289044987e+02 9.288446517554947945e+01 1.664445037112119719e-01 3.150570882902388803e+02 9.897149241288577301e-28 8.007799739585151425e-28 2.749523783996309981e-28 3.523964667604346235e-01 5.823855633287821193e-28 1.000000000000000000e+00 0.000000000000000000e+00 0.000000000000000000e+00 0.000000000000000000e+00 1.000000000000000000e+00 1.000000000000000000e+10 0.000000000000000000e+00 0.000000000000000000e+00 0.000000000000000000e+00 1.000000000000000000e+10
2.399246661262133540e-01 2.725881841315165843e+02 1.449226929080734863e+02 6.455375855199082480e+01 1.799349477267247754e-01 2.319309218587738997e+02 7.813498342962027729e-28 6.685362844690258936e-28 2.068779700519499995e-28 3.922906584704626276e-01 4.113831496274279157e-28 1.000000000000000000e+00 0.000000000000000000e+00 0.000000000000000000e+00 0.000000000000000000e+00 1.000000000000000000e+00 1.000000000000000000e+10 0.000000000000000000e+00 0.000000000000000000e+00 0.000000000000000000e+00 1.000000000000000000e+10
2.767025104385807399e-01 2.166960040800498177e+02 1.071735650962668842e+02 5.265479099253893480e+01 1.958660186526210711e-01 1.799137199690626403e+02 6.526846701614058059e-28 5.497203505990301329e-28 1.595422718034392287e-28 4.344784175718597874e-01 2.915126356825055748e-28 1.000000000000000000e+00 0.000000000000000000e+00 0.000000000000000000e+00 0.000000000000000000e+00 1.000000000000000000e+00 1.000000000000000000e+10 0.000000000000000000e+00 0.000000000000000000e+00 0.000000000000000000e+00 1.000000000000000000e+10
3.191179986585286343e-01 1.725596314547417478e+02 1.036939444077592043e+02 4.546468951217399024e+01 2.074423741489635487e-01 1.417934342560552068e+02 5.664280172269588651e-28 5.288093445618718702e-28 1.181461456207541536e-28 4.771441233710326801e-01 2.171520708462154093e-28 1.000000000000000000e+00 0.000000000000000000e+00 0.000000000000000000e+00 0.000000000000000000e+00 1.000000000000000000e+00 1.000000000000000000e+10 0.000000000000000000e+00 0.000000000000000000e+00 0.000000000000000000e+00 1.000000000000000000e+10
3.680353203388414540e-01 1.402804711633659167e+02 8.190834790616638372e+01 3.627136609583465088e+01 2.278343640404383308e-01 1.093970239578144827e+02 5.198534053420993557e-28 4.196113220087886196e-28 9.479443551405782170e-29 5.273994869978599898e-01 1.590764262530599076e-28 1.000000000000000000e+00 0.000000000000000000e+00 0.000000000000000000e+00 0.000000000000000000e+00 1.000000000000000000e+00 1.000000000000000000e+10 0.000000000000000000e+00 0.000000000000000000e+00 0.000000000000000000e+00 1.000000000000000000e+10
4.244511359005219142e-01 1.220194669359585333e+02 7.302485728059727421e+01 3.088854044090726347e+01 2.554003591990651190e-01 8.793609614588652335e+01 5.104104344726054841e-28 3.580559070175121351e-28 6.507888663109311298e-29 5.823173616688587240e-01 1.114935012265383388e-28 1.000000000000000000e+00 0.000000000000000000e+00 0.000000000000000000e+00 0.000000000000000000e+00 1.000000000000000000e+00 1.000000000000000000e+10 0.000000000000000000e+00 0.000000000000000000e+00 0.000000000000000000e+00 1.000000000000000000e+10
4.895148829774688681e-01 9.903210540376072402e+01 6.407620163098381738e+01 2.697109809534914859e+01 2.707624194588347244e-01 7.003065846763068691e+01 4.815949006764429739e-28 3.181483837066424521e-28 5.940127166643953019e-29 6.372338300431769076e-01 8.944540078839552644e-29 1.000000000000000000e+00 0.000000000000000000e+00 0.000000000000000000e+00 0.000000000000000000e+00 1.000000000000000000e+00 1.000000000000000000e+10 0.000000000000000000e+00 0.000000000000000000e+00 0.000000000000000000e+00 1.000000000000000000e+10
5.645521955031491679e-01 8.807568833407576392e+01 5.832049567923522915e+01 2.089707577371829217e+01 2.985745036758484239e-01 5.564365533911317385e+01 4.801878852503045937e-28 3.501702350682490664e-28 4.116859514125807356e-29 6.928056836658015305e-01 6.286417987914709555e-29 1.000000000000000000e+00 0.000000000000000000e+00 0.000000000000000000e+00 0.000000000000000000e+00 1.000000000000000000e+00 1.000000000000000000e+10 0.000000000000000000e+00 0.000000000000000000e+00 0.000000000000000000e+00 1.000000000000000000e+10
6.510919126887823039e-01 7.078213969564428965e+01 5.276828227967491358e+01 1.796206942823567232e+01 3.003270990910551497e-01 4.643924070132745641e+01 4.341932115276921534e-28 3.147067911246092743e-28 3.988486651550789993e-29 7.381460227462190993e-01 5.510872238601564675e-29 1.000000000000000000e+00 0.000000000000000000e+00 0.000000000000000000e+00 0.000000000000000000e+00 1.000000000000000000e+00 1.000000000000000000e+10 0.000000000000000000e+00 0.000000000000000000e+00 0.000000000000000000e+00 1.000000000000000000e+10
7.508972281844089602e-01 6.164972486766261284e+01 5.067996384407232568e+01 1.668156486038159869e+01 3.043204506502884543e-01 4.037070179119364610e+01 4.072624331318843101e-28 3.641510482292865318e-28 4.060374777309507609e-29 7.820556257193358451e-01 5.251660388693593667e-29 1.000000000000000000e+00 0.000000000000000000e+00 0.000000000000000000e+00 0.000000000000000000e+00 1.000000000000000000e+00 1.000000000000000000e+10 0.000000000000000000e+00 0.000000000000000000e+00 0.000000000000000000e+00 1.000000000000000000e+10
8.660016140678794550e-01 5.734167048793677424e+01 6.109607722303991295e+01 1.484005801978553762e+01 3.242641831356580240e-01 3.614561711818272727e+01 4.114121603709682091e-28 4.729568667312242048e-28 4.226924533813637765e-29 8.378803685244434751e-01 5.210668560488643931e-29 1.000000000000000000e+00 0.000000000000000000e+00 0.000000000000000000e+00 0.000000000000000000e+00 1.000000000000000000e+00 1.000000000000000000e+10 0.000000000000000000e+00 0.000000000000000000e+00 0.000000000000000000e+00 1.000000000000000000e+10
9.987502515910116063e-01 5.186716237516717598e+01 5.187540671894047506e+01 1.641117237194477951e+01 3.262512551477665390e-01 3.421885298726301272e+01 4.387881201903501911e-28 4.167700342017432782e-28 3.799498521710400969e-29 8.787965390816870892e-01 4.550235861103599411e-29 1.000000000000000000e+00 0.000000000000000000e+00 0.000000000000000000e+00 0.000000000000000000e+00 1.000000000000000000e+00 1.000000000000000000e+10 0.000000000000000000e+00 0.000000000000000000e+00 0.000000000000000000e+00 1.000000000000000000e+10
1.151847812808953542e+00 4.730537790480948956e+01 5.341406725273591150e+01 1.541852929652954884e+01 3.251056713673785570e-01 3.214563051034075869e+01 4.250760201125260544e-28 5.148487580502958641e-28 3.415988967516129243e-29 8.784064302277670988e-01 4.117991598309425846e-29 1.000000000000000000e+00 0.000000000000000000e+00 0.000000000000000000e+00 0.000000000000000000e+00 1.000000000000000000e+00 1.000000000000000000e+10 0.000000000000000000e+00 0.000000000000000000e+00 0.000000000000000000e+00 1.000000000000000000e+10
1.328413566614123908e+00 4.333926262138989216e+01 3.248975834989494160e+01 1.595940380920829682e+01 3.125807540897251879e-01 3.196249715794623469e+01 4.886027365486258977e-28 4.069068577642530762e-28 3.639847504921388577e-29 8.615504617821923006e-01 4.363202115643416962e-29 1.000000000000000000e+00 0.000000000000000000e+00 0.000000000000000000e+00 0.000000000000000000e+00 1.000000000000000000e+00 1.000000000000000000e+10 0.000000000000000000e+00 0.000000000000000000e+00 0.000000000000000000e+00 1.000000000000000000e+10
1.532044931926391351e+00 4.164484555742615157e+01 3.324080426800461652e+01 1.482047115464096798e+01 3.120257718974153716e-01 3.015722123844707170e+01 7.147766125957069907e-28 3.921274266252408895e-28 3.884037472527747740e-29 8.687091449876610527e-01 4.641948989437277747e-29 1.000000000000000000e+00 0.000000000000000000e+00 0.000000000000000000e+00 0.000000000000000000e+00 1.000000000000000000e+00 1.000000000000000000e+10 0.000000000000000000e+00 0.000000000000000000e+00 0.000000000000000000e+00 1.000000000000000000e+10
1.766890772896739126e+00 3.949604334990742416e+01 2.793784975594787667e+01 1.284333659327888100e+01 3.054508125596455681e-01 2.726624315469921456e+01 1.155722700251340668e-27 3.349742841862077085e-28 4.479543061305017485e-29 8.648449689993862322e-01 5.214960632508508840e-29 1.000000000000000000e+00 0.000000000000000000e+00 0.000000000000000000e+00 0.000000000000000000e+00 1.000000000000000000e+00 1.000000000000000000e+10 0.000000000000000000e+00 0.000000000000000000e+00 0.000000000000000000e+00 1.000000000000000000e+10
2.037735929469222107e+00 3.945733651572621881e+01 2.788241906231869649e+01 1.300527169704218977e+01 3.106055317503159663e-01 2.687628214092996615e+01 1.629302056715825027e-27 2.724547473733523802e-28 5.071912595855302450e-29 8.772572077718029382e-01 5.778565105850316600e-29 1.000000000000000000e+00 0.000000000000000000e+00 0.000000000000000000e+00 0.000000000000000000e+00 1.000000000000000000e+00 1.000000000000000000e+10 0.000000000000000000e+00 0.000000000000000000e+00 0.000000000000000000e+00 1.000000000000000000e+10
2.350098705559579226e+00 3.514298496192305521e+01 2.241865569286055404e+01 1.278470524689510057e+01 2.958635282847790759e-01 2.606657578020494981e+01 1.253657836911805253e-27 2.617987666088527862e-28 5.876627623920378259e-29 8.853390183766910448e-01 6.590699790225586128e-29 1.000000000000000000e+00 0.000000000000000000e+00 0.000000000000000000e+00 0.000000000000000000e+00 1.000000000000000000e+00 1.000000000000000000e+10 0.000000000000000000e+00 0.000000000000000000e+00 0.000000000000000000e+00 1.000000000000000000e+10
