# R (Mpc), mean rho (Msol/kpc^3), errup (Msol/kpc^3), errlow, std, median rho (Msol/kpc^3), mean pth (Msol/kpc/s^2), errup(Msol/kpc/s^2), errlow, std, median pth (Msol/kpc/s^2), mean gas-mass-weighted metal (fraction), errup, errlow, std, median metal, mean gas-mass-weighted temp (K), errup, errlow, std, median temp  
#  nprofs 167, mean mh 545620948120.470032, median mh 500269892531.559631 
#  Mass range 11.50 - 12.0
1.040961082911032697e-02 5.236220157710553030e+05 2.979615943365404964e+05 1.767745870008938946e+05 2.452950118720313710e-01 4.623961769738906878e+05 2.226512936322135016e-25 3.576028716145867617e-25 6.983890357654636172e-26 4.499847231419510374e-01 1.154741563746826016e-25 1.000000000000000000e+00 0.000000000000000000e+00 0.000000000000000000e+00 0.000000000000000000e+00 1.000000000000000000e+00 1.000000000000000000e+10 0.000000000000000000e+00 0.000000000000000000e+00 0.000000000000000000e+00 1.000000000000000000e+10
1.200529105910367808e-02 4.063909789123183582e+05 2.013196840237760916e+05 1.549161504005295283e+05 2.519986489973708998e-01 3.786013285039309412e+05 2.400613030414853320e-25 3.224102315230179894e-25 8.666829395560626205e-26 4.805634740328998955e-01 1.279034974910311402e-25 1.000000000000000000e+00 0.000000000000000000e+00 0.000000000000000000e+00 0.000000000000000000e+00 1.000000000000000000e+00 1.000000000000000000e+10 0.000000000000000000e+00 0.000000000000000000e+00 0.000000000000000000e+00 1.000000000000000000e+10
1.384557172980430476e-02 3.028869931901321979e+05 1.583079932919887942e+05 1.191528051925395848e+05 2.609902292393803114e-01 2.825079716420843615e+05 2.824029314978478970e-25 4.018055142212676314e-25 1.187509413978242168e-25 5.008645090642607212e-01 1.614620927721797978e-25 1.000000000000000000e+00 0.000000000000000000e+00 0.000000000000000000e+00 0.000000000000000000e+00 1.000000000000000000e+00 1.000000000000000000e+10 0.000000000000000000e+00 0.000000000000000000e+00 0.000000000000000000e+00 1.000000000000000000e+10
1.596794743096121086e-02 2.167069884778786800e+05 1.111121643094327010e+05 9.858888456808323099e+04 2.449035185063212494e-01 2.045120180577703577e+05 2.396330809697594934e-25 2.958785381664038350e-25 1.135322957378431311e-25 4.345226030507395865e-01 1.646585258266112451e-25 1.000000000000000000e+00 0.000000000000000000e+00 0.000000000000000000e+00 0.000000000000000000e+00 1.000000000000000000e+00 1.000000000000000000e+10 0.000000000000000000e+00 0.000000000000000000e+00 0.000000000000000000e+00 1.000000000000000000e+10
1.841566026551830909e-02 1.509988562520295964e+05 1.138613979434262001e+05 5.761453839910728857e+04 2.588576361039423013e-01 1.295446499145022099e+05 2.243772465602809684e-25 1.921623097717294048e-25 1.057895698857445453e-25 3.986560706196798920e-01 1.663355369028024131e-25 1.000000000000000000e+00 0.000000000000000000e+00 0.000000000000000000e+00 0.000000000000000000e+00 1.000000000000000000e+00 1.000000000000000000e+10 0.000000000000000000e+00 0.000000000000000000e+00 0.000000000000000000e+00 1.000000000000000000e+10
2.123858088093512342e-02 1.008130601887706580e+05 7.868350216313860437e+04 4.139069855404911505e+04 2.840966267715020477e-01 8.501150634234792960e+04 2.057436728854305751e-25 2.048073241509218950e-25 9.193395072673894842e-26 3.771712849124106426e-01 1.476411247242641748e-25 1.000000000000000000e+00 0.000000000000000000e+00 0.000000000000000000e+00 0.000000000000000000e+00 1.000000000000000000e+00 1.000000000000000000e+10 0.000000000000000000e+00 0.000000000000000000e+00 0.000000000000000000e+00 1.000000000000000000e+10
2.449422455303571639e-02 6.876743903828549082e+04 5.155492183622020821e+04 2.632330466948873436e+04 2.728111947866380116e-01 5.717187001722420973e+04 1.843979818139385849e-25 1.561003820944629047e-25 8.586132849146525530e-26 3.415339894234901696e-01 1.445905629297969789e-25 1.000000000000000000e+00 0.000000000000000000e+00 0.000000000000000000e+00 0.000000000000000000e+00 1.000000000000000000e+00 1.000000000000000000e+10 0.000000000000000000e+00 0.000000000000000000e+00 0.000000000000000000e+00 1.000000000000000000e+10
2.824892302447100725e-02 4.523848154701353633e+04 3.513524991632969613e+04 1.441098076009349461e+04 2.719583871932683139e-01 3.549459725542164961e+04 1.408942287953823118e-25 1.292276421432943274e-25 5.790709233617836293e-26 3.163849687254671195e-01 1.109530744217316537e-25 1.000000000000000000e+00 0.000000000000000000e+00 0.000000000000000000e+00 0.000000000000000000e+00 1.000000000000000000e+00 1.000000000000000000e+10 0.000000000000000000e+00 0.000000000000000000e+00 0.000000000000000000e+00 1.000000000000000000e+10
3.257917597328415654e-02 3.029042041417949804e+04 2.192105029138133978e+04 1.090415731874248922e+04 2.439400586245507596e-01 2.549989784680195589e+04 1.225701343441243378e-25 1.035172995279098403e-25 4.322874158292222022e-26 3.128200375469566419e-01 8.965456495806015698e-26 1.000000000000000000e+00 0.000000000000000000e+00 0.000000000000000000e+00 0.000000000000000000e+00 1.000000000000000000e+00 1.000000000000000000e+10 0.000000000000000000e+00 0.000000000000000000e+00 0.000000000000000000e+00 1.000000000000000000e+10
3.757320964692217186e-02 2.006387519257988242e+04 1.439929433108109879e+04 6.006777146420667123e+03 2.263447885910417345e-01 1.612141703018145563e+04 9.803560259371816211e-26 7.819049188536879724e-26 3.694496432755309915e-26 3.115561697436350364e-01 7.534810875182842013e-26 1.000000000000000000e+00 0.000000000000000000e+00 0.000000000000000000e+00 0.000000000000000000e+00 1.000000000000000000e+00 1.000000000000000000e+10 0.000000000000000000e+00 0.000000000000000000e+00 0.000000000000000000e+00 1.000000000000000000e+10
4.333277441790538143e-02 1.363986260902320646e+04 8.169101612973316151e+03 4.021733263561977765e+03 2.126959099497551520e-01 1.155392797854812125e+04 7.990108117895060259e-26 6.703484892685693677e-26 3.451165424122657363e-26 3.029223639196145235e-01 6.341291814214581504e-26 1.000000000000000000e+00 0.000000000000000000e+00 0.000000000000000000e+00 0.000000000000000000e+00 1.000000000000000000e+00 1.000000000000000000e+10 0.000000000000000000e+00 0.000000000000000000e+00 0.000000000000000000e+00 1.000000000000000000e+10
4.997521788524898756e-02 9.456563143938226858e+03 4.557727560652492684e+03 2.957781828474912800e+03 1.852692427306013301e-01 8.400193297360805445e+03 6.414394391964239019e-26 5.670520157465633458e-26 2.379569530282585373e-26 2.908015588483955360e-01 4.855533703452281947e-26 1.000000000000000000e+00 0.000000000000000000e+00 0.000000000000000000e+00 0.000000000000000000e+00 1.000000000000000000e+00 1.000000000000000000e+10 0.000000000000000000e+00 0.000000000000000000e+00 0.000000000000000000e+00 1.000000000000000000e+10
5.763587575980636674e-02 6.814105201990050773e+03 3.046044635001066126e+03 2.382429641952000566e+03 1.694485165068320698e-01 6.539361848206071954e+03 5.096051804122838289e-26 4.695178229351234731e-26 1.710173229331312972e-26 2.934627072664512393e-01 3.772791125521769522e-26 1.000000000000000000e+00 0.000000000000000000e+00 0.000000000000000000e+00 0.000000000000000000e+00 1.000000000000000000e+00 1.000000000000000000e+10 0.000000000000000000e+00 0.000000000000000000e+00 0.000000000000000000e+00 1.000000000000000000e+10
6.647082924635627776e-02 5.275024979434363559e+03 2.424883878863583959e+03 1.752727991560081591e+03 1.691974210863188000e-01 4.986309491841298041e+03 3.995929518067173036e-26 3.671190706683684645e-26 1.528445803530792312e-26 2.844291753216179330e-01 3.074579269056684277e-26 1.000000000000000000e+00 0.000000000000000000e+00 0.000000000000000000e+00 0.000000000000000000e+00 1.000000000000000000e+00 1.000000000000000000e+10 0.000000000000000000e+00 0.000000000000000000e+00 0.000000000000000000e+00 1.000000000000000000e+10
7.666008510240249207e-02 4.101914683325071564e+03 1.526352213630356346e+03 1.510152457147233235e+03 1.628023204159729509e-01 4.030542241589559126e+03 3.117203315518470442e-26 2.683667120144599722e-26 1.338919895190109159e-26 2.910163753281543864e-01 2.532413847569460482e-26 1.000000000000000000e+00 0.000000000000000000e+00 0.000000000000000000e+00 0.000000000000000000e+00 1.000000000000000000e+00 1.000000000000000000e+10 0.000000000000000000e+00 0.000000000000000000e+00 0.000000000000000000e+00 1.000000000000000000e+10
8.841124316543315376e-02 3.248948462795514843e+03 1.172169375708782354e+03 1.166110615085827703e+03 1.647934314731721861e-01 3.145097868339595152e+03 2.334677447441652928e-26 1.999395634897131387e-26 9.266023736149637943e-27 2.892267512638669325e-01 1.831758874197685488e-26 1.000000000000000000e+00 0.000000000000000000e+00 0.000000000000000000e+00 0.000000000000000000e+00 1.000000000000000000e+00 1.000000000000000000e+10 0.000000000000000000e+00 0.000000000000000000e+00 0.000000000000000000e+00 1.000000000000000000e+10
1.019637260722580097e-01 2.605633750005733418e+03 9.222603633442909086e+02 9.521435647777204849e+02 1.661611810195388061e-01 2.523616825364336819e+03 1.764789161199585866e-26 1.511119014383541879e-26 6.600311447855156737e-27 2.926964351556528010e-01 1.329234616224973333e-26 1.000000000000000000e+00 0.000000000000000000e+00 0.000000000000000000e+00 0.000000000000000000e+00 1.000000000000000000e+00 1.000000000000000000e+10 0.000000000000000000e+00 0.000000000000000000e+00 0.000000000000000000e+00 1.000000000000000000e+10
1.175936573483598035e-01 2.057035658253392739e+03 8.651883349104430181e+02 7.136064631342856046e+02 1.701516585680792892e-01 1.904923523943292594e+03 1.315079822988317317e-26 1.212300369853706006e-26 4.822118298070065436e-27 2.969965520825970096e-01 9.711254906116601217e-27 1.000000000000000000e+00 0.000000000000000000e+00 0.000000000000000000e+00 0.000000000000000000e+00 1.000000000000000000e+00 1.000000000000000000e+10 0.000000000000000000e+00 0.000000000000000000e+00 0.000000000000000000e+00 1.000000000000000000e+10
1.356194872553388164e-01 1.624043216175223279e+03 7.990484128530724774e+02 5.170185569448063916e+02 1.745980253561335849e-01 1.491366438052752528e+03 9.740500092263724417e-27 8.619111070322877746e-27 3.672796212796692451e-27 3.068407434935269684e-01 7.202026777870077430e-27 1.000000000000000000e+00 0.000000000000000000e+00 0.000000000000000000e+00 0.000000000000000000e+00 1.000000000000000000e+00 1.000000000000000000e+10 0.000000000000000000e+00 0.000000000000000000e+00 0.000000000000000000e+00 1.000000000000000000e+10
1.564084810196403053e-01 1.229722519890105104e+03 6.846939019363408079e+02 3.871384479526828954e+02 1.802725928447497239e-01 1.112552978837089768e+03 6.963253176547913165e-27 6.515371113116137462e-27 2.550873970781422819e-27 3.215315439495267658e-01 5.010902806073809974e-27 1.000000000000000000e+00 0.000000000000000000e+00 0.000000000000000000e+00 0.000000000000000000e+00 1.000000000000000000e+00 1.000000000000000000e+10 0.000000000000000000e+00 0.000000000000000000e+00 0.000000000000000000e+00 1.000000000000000000e+10
1.803842016362447453e-01 9.138006458056004249e+02 4.180521835917720637e+02 3.124030976172966803e+02 1.822135844247632641e-01 8.299322706716345692e+02 4.852347705622708582e-27 4.189655144034049872e-27 1.741857381073101581e-27 3.347421448561467838e-01 3.410275285003784160e-27 1.000000000000000000e+00 0.000000000000000000e+00 0.000000000000000000e+00 0.000000000000000000e+00 1.000000000000000000e+00 1.000000000000000000e+10 0.000000000000000000e+00 0.000000000000000000e+00 0.000000000000000000e+00 1.000000000000000000e+10
2.080351397048574025e-01 6.619801091992796955e+02 3.557124424945076271e+02 1.675082878503446864e+02 1.813341573218927028e-01 5.736761077750792310e+02 3.367614776983215396e-27 2.829896356798735865e-27 1.128449280264813270e-27 3.503737232441623828e-01 2.258082062814706547e-27 1.000000000000000000e+00 0.000000000000000000e+00 0.000000000000000000e+00 0.000000000000000000e+00 1.000000000000000000e+00 1.000000000000000000e+10 0.000000000000000000e+00 0.000000000000000000e+00 0.000000000000000000e+00 1.000000000000000000e+10
2.399246661262133540e-01 4.776495545045179938e+02 2.019479231470099876e+02 1.442547904706412965e+02 1.839359341452682650e-01 4.383448756389919936e+02 2.376253150339076355e-27 1.750614820576049670e-27 8.612374461306623230e-28 3.764881259363009880e-01 1.533224545078861341e-27 1.000000000000000000e+00 0.000000000000000000e+00 0.000000000000000000e+00 0.000000000000000000e+00 1.000000000000000000e+00 1.000000000000000000e+10 0.000000000000000000e+00 0.000000000000000000e+00 0.000000000000000000e+00 1.000000000000000000e+10
2.767025104385807399e-01 3.419611334511481573e+02 1.416923123275528269e+02 9.169263329518776118e+01 1.815772694244134899e-01 3.078610093796763181e+02 1.722545730591457941e-27 1.409017427856965318e-27 6.093316251695301101e-28 4.021002565426116115e-01 1.038149208704250673e-27 1.000000000000000000e+00 0.000000000000000000e+00 0.000000000000000000e+00 0.000000000000000000e+00 1.000000000000000000e+00 1.000000000000000000e+10 0.000000000000000000e+00 0.000000000000000000e+00 0.000000000000000000e+00 1.000000000000000000e+10
3.191179986585286343e-01 2.550976870416137672e+02 1.266721185924878057e+02 6.641279232070775151e+01 1.968779179777716271e-01 2.190993056088260857e+02 1.297293959229963747e-27 1.231768269413312869e-27 4.224041743892053849e-28 4.380203190531193891e-01 6.779948421233500274e-28 1.000000000000000000e+00 0.000000000000000000e+00 0.000000000000000000e+00 0.000000000000000000e+00 1.000000000000000000e+00 1.000000000000000000e+10 0.000000000000000000e+00 0.000000000000000000e+00 0.000000000000000000e+00 1.000000000000000000e+10
3.680353203388414540e-01 1.885825330260621513e+02 1.102973871654199343e+02 5.162110172389668605e+01 1.968618632431632931e-01 1.623917699038614728e+02 1.027417872302119305e-27 9.129162311138177564e-28 2.886039120945763691e-28 4.764769434684509863e-01 4.624317183676980653e-28 1.000000000000000000e+00 0.000000000000000000e+00 0.000000000000000000e+00 0.000000000000000000e+00 1.000000000000000000e+00 1.000000000000000000e+10 0.000000000000000000e+00 0.000000000000000000e+00 0.000000000000000000e+00 1.000000000000000000e+10
4.244511359005219142e-01 1.496966508115772285e+02 9.259653064932827249e+01 4.639742700875035553e+01 2.293132326817590716e-01 1.240419415061660260e+02 8.761495302911247040e-28 1.030221112891535798e-27 1.964691433510058315e-28 5.283383849312476288e-01 3.029817315844662601e-28 1.000000000000000000e+00 0.000000000000000000e+00 0.000000000000000000e+00 0.000000000000000000e+00 1.000000000000000000e+00 1.000000000000000000e+10 0.000000000000000000e+00 0.000000000000000000e+00 0.000000000000000000e+00 1.000000000000000000e+10
4.895148829774688681e-01 1.182972089890169514e+02 8.497241511799745695e+01 3.146223769270104498e+01 2.471446234112932017e-01 9.026783185288681466e+01 8.003536799107665324e-28 9.142198095662597603e-28 1.302832693193640104e-28 5.906431208092075558e-01 2.021441164856644740e-28 1.000000000000000000e+00 0.000000000000000000e+00 0.000000000000000000e+00 0.000000000000000000e+00 1.000000000000000000e+00 1.000000000000000000e+10 0.000000000000000000e+00 0.000000000000000000e+00 0.000000000000000000e+00 1.000000000000000000e+10
5.645521955031491679e-01 9.836920600298391548e+01 8.200012835539421019e+01 2.971825287567035900e+01 2.752375154956105963e-01 7.172013249125195955e+01 7.657008833543293055e-28 9.044945079900518884e-28 9.831169408615232859e-29 6.551300622821822905e-01 1.444300701465662996e-28 1.000000000000000000e+00 0.000000000000000000e+00 0.000000000000000000e+00 0.000000000000000000e+00 1.000000000000000000e+00 1.000000000000000000e+10 0.000000000000000000e+00 0.000000000000000000e+00 0.000000000000000000e+00 1.000000000000000000e+10
6.510919126887823039e-01 8.618973902180619007e+01 9.302239549019348885e+01 2.560289743107114191e+01 3.096999728660205786e-01 5.794589882907190770e+01 7.225279706329626994e-28 8.914099545501457574e-28 7.574629229672940925e-29 7.169577407066706209e-01 1.101785128253024593e-28 1.000000000000000000e+00 0.000000000000000000e+00 0.000000000000000000e+00 0.000000000000000000e+00 1.000000000000000000e+00 1.000000000000000000e+10 0.000000000000000000e+00 0.000000000000000000e+00 0.000000000000000000e+00 1.000000000000000000e+10
7.508972281844089602e-01 7.201390823597925817e+01 8.434242942736722171e+01 1.954774057378542196e+01 3.147533305674659054e-01 4.537007801513433236e+01 6.805902194679799991e-28 8.897220510865536902e-28 6.413545335095894692e-29 7.629657058777800094e-01 8.664690074539416964e-29 1.000000000000000000e+00 0.000000000000000000e+00 0.000000000000000000e+00 0.000000000000000000e+00 1.000000000000000000e+00 1.000000000000000000e+10 0.000000000000000000e+00 0.000000000000000000e+00 0.000000000000000000e+00 1.000000000000000000e+10
8.660016140678794550e-01 6.169501233093241410e+01 6.726879244958163895e+01 1.745260298655752607e+01 3.111313351862208254e-01 4.043389955313992346e+01 6.752075341663720872e-28 8.199337498503380810e-28 6.280662514910113190e-29 7.952229142722797572e-01 7.926454369854575470e-29 1.000000000000000000e+00 0.000000000000000000e+00 0.000000000000000000e+00 0.000000000000000000e+00 1.000000000000000000e+00 1.000000000000000000e+10 0.000000000000000000e+00 0.000000000000000000e+00 0.000000000000000000e+00 1.000000000000000000e+10
9.987502515910116063e-01 5.646855884320428487e+01 6.199874449452096314e+01 1.580525272449329677e+01 3.230783575322144774e-01 3.589457002329193358e+01 7.262190389286787354e-28 8.674581042468148044e-28 6.274858773836497503e-29 8.386986030749578047e-01 7.571845929699255978e-29 1.000000000000000000e+00 0.000000000000000000e+00 0.000000000000000000e+00 0.000000000000000000e+00 1.000000000000000000e+00 1.000000000000000000e+10 0.000000000000000000e+00 0.000000000000000000e+00 0.000000000000000000e+00 1.000000000000000000e+10
1.151847812808953542e+00 5.269719030676691318e+01 5.343953177608300820e+01 1.554697607657242386e+01 3.308775138374280278e-01 3.341836493348586856e+01 8.713022011688529265e-28 7.811579344323680893e-28 7.754447854641365582e-29 8.626538647692526540e-01 8.989332112458497198e-29 1.000000000000000000e+00 0.000000000000000000e+00 0.000000000000000000e+00 0.000000000000000000e+00 1.000000000000000000e+00 1.000000000000000000e+10 0.000000000000000000e+00 0.000000000000000000e+00 0.000000000000000000e+00 1.000000000000000000e+10
1.328413566614123908e+00 4.960790840961191606e+01 4.840876466875302953e+01 1.461669110588832510e+01 3.286831515202786602e-01 3.100320680964225772e+01 1.209288231214133245e-27 8.568379651891945690e-28 7.272212878189051338e-29 8.672267467326389978e-01 8.581924705929539142e-29 1.000000000000000000e+00 0.000000000000000000e+00 0.000000000000000000e+00 0.000000000000000000e+00 1.000000000000000000e+00 1.000000000000000000e+10 0.000000000000000000e+00 0.000000000000000000e+00 0.000000000000000000e+00 1.000000000000000000e+10
1.532044931926391351e+00 4.925754739359437906e+01 4.903019701797244068e+01 1.543786438263402516e+01 3.344184043537316020e-01 3.141952844416343638e+01 1.884497878341159181e-27 7.596619514990895323e-28 1.010312360283805207e-28 8.932832200953758628e-01 1.129340133158607465e-28 1.000000000000000000e+00 0.000000000000000000e+00 0.000000000000000000e+00 0.000000000000000000e+00 1.000000000000000000e+00 1.000000000000000000e+10 0.000000000000000000e+00 0.000000000000000000e+00 0.000000000000000000e+00 1.000000000000000000e+10
1.766890772896739126e+00 4.804697318717562382e+01 3.905398453163822126e+01 1.383577279461302822e+01 3.360316937370436685e-01 2.877363341305438027e+01 2.836181407205676487e-27 6.520718172738846072e-28 8.583469184634494904e-29 9.027525119059472969e-01 9.814104424505922696e-29 1.000000000000000000e+00 0.000000000000000000e+00 0.000000000000000000e+00 0.000000000000000000e+00 1.000000000000000000e+00 1.000000000000000000e+10 0.000000000000000000e+00 0.000000000000000000e+00 0.000000000000000000e+00 1.000000000000000000e+10
2.037735929469222107e+00 4.303959571877601320e+01 3.376040424507654336e+01 1.219375037470505951e+01 3.249765136314946568e-01 2.722347280919646195e+01 2.563565134446281880e-27 5.192668452383461466e-28 7.969101462501842238e-29 8.844166651754580277e-01 9.385063066364181161e-29 1.000000000000000000e+00 0.000000000000000000e+00 0.000000000000000000e+00 0.000000000000000000e+00 1.000000000000000000e+00 1.000000000000000000e+10 0.000000000000000000e+00 0.000000000000000000e+00 0.000000000000000000e+00 1.000000000000000000e+10
2.350098705559579226e+00 3.862797704455490333e+01 2.897137069112763896e+01 1.276236964861034551e+01 3.134299966223844658e-01 2.632620293239575204e+01 1.798171132243101143e-27 4.869756081309973753e-28 1.069370580611675631e-28 8.690374444797159814e-01 1.194380476071650513e-28 1.000000000000000000e+00 0.000000000000000000e+00 0.000000000000000000e+00 0.000000000000000000e+00 1.000000000000000000e+00 1.000000000000000000e+10 0.000000000000000000e+00 0.000000000000000000e+00 0.000000000000000000e+00 1.000000000000000000e+10
