# R (Mpc), mean rho (Msol/kpc^3), errup (Msol/kpc^3), errlow, std, median rho (Msol/kpc^3), mean pth (Msol/kpc/s^2), errup(Msol/kpc/s^2), errlow, std, median pth (Msol/kpc/s^2), mean gas-mass-weighted metal (fraction), errup, errlow, std, median metal, mean gas-mass-weighted temp (K), errup, errlow, std, median temp  
#  nprofs 227, mean mh 211744471668.376007, median mh 206431055047.653809 
#  Mass range 11.00 - 11.5
1.040961082911032697e-02 2.130285183303854719e+05 1.271157143341808696e+05 9.414903433892203611e+04 2.570279610082928379e-01 1.946735869571106741e+05 1.278014219154394078e-25 2.103537015469912098e-25 1.999168183629235361e-26 5.313414195935959317e-01 3.987000834677999422e-26 1.000000000000000000e+00 0.000000000000000000e+00 0.000000000000000000e+00 0.000000000000000000e+00 1.000000000000000000e+00 1.000000000000000000e+10 0.000000000000000000e+00 0.000000000000000000e+00 0.000000000000000000e+00 1.000000000000000000e+10
1.200529105910367808e-02 1.605626594561138190e+05 1.020722835334191332e+05 6.574706637349040830e+04 2.460126142036637154e-01 1.429100037969910190e+05 1.245894928399775694e-25 1.860029877111257074e-25 3.717258242703249524e-26 4.900143913812182728e-01 5.772158743647642182e-26 1.000000000000000000e+00 0.000000000000000000e+00 0.000000000000000000e+00 0.000000000000000000e+00 1.000000000000000000e+00 1.000000000000000000e+10 0.000000000000000000e+00 0.000000000000000000e+00 0.000000000000000000e+00 1.000000000000000000e+10
1.384557172980430476e-02 1.150171206723906798e+05 7.861527139053221617e+04 5.146103812881340855e+04 2.806778553487377370e-01 9.993769851314330299e+04 9.526448507165912240e-26 1.140243567860735739e-25 4.000298824296725552e-26 4.468910115073536082e-01 5.985613108870907856e-26 1.000000000000000000e+00 0.000000000000000000e+00 0.000000000000000000e+00 0.000000000000000000e+00 1.000000000000000000e+00 1.000000000000000000e+10 0.000000000000000000e+00 0.000000000000000000e+00 0.000000000000000000e+00 1.000000000000000000e+10
1.596794743096121086e-02 8.276402644845150644e+04 5.995677404740852944e+04 3.213600729002024309e+04 2.697815504007354259e-01 6.999854339349693328e+04 8.392494443489016588e-26 7.974256977972475999e-26 4.178802975345778256e-26 4.023824513721170337e-01 6.148319964106954304e-26 1.000000000000000000e+00 0.000000000000000000e+00 0.000000000000000000e+00 0.000000000000000000e+00 1.000000000000000000e+00 1.000000000000000000e+10 0.000000000000000000e+00 0.000000000000000000e+00 0.000000000000000000e+00 1.000000000000000000e+10
1.841566026551830909e-02 5.898535322149861895e+04 4.216931789283220132e+04 2.399866979499110312e+04 2.790753268590246416e-01 4.976071907912996539e+04 7.017007017648854126e-26 7.077752486813247950e-26 2.905962601211359798e-26 3.598938421130567500e-01 5.019181720051392896e-26 1.000000000000000000e+00 0.000000000000000000e+00 0.000000000000000000e+00 0.000000000000000000e+00 1.000000000000000000e+00 1.000000000000000000e+10 0.000000000000000000e+00 0.000000000000000000e+00 0.000000000000000000e+00 1.000000000000000000e+10
2.123858088093512342e-02 4.152825174024520675e+04 2.837386774604935636e+04 1.595904614003503957e+04 2.865949406172840774e-01 3.397725054633835680e+04 5.440754961252715565e-26 4.861253699417727982e-26 2.066351084318089911e-26 3.097509459926087172e-01 4.117678655772167153e-26 1.000000000000000000e+00 0.000000000000000000e+00 0.000000000000000000e+00 0.000000000000000000e+00 1.000000000000000000e+00 1.000000000000000000e+10 0.000000000000000000e+00 0.000000000000000000e+00 0.000000000000000000e+00 1.000000000000000000e+10
2.449422455303571639e-02 2.759513958502063542e+04 1.753561972827732825e+04 1.135624381311601792e+04 2.982745183630808317e-01 2.327132306771579169e+04 4.346643476121015567e-26 3.159786655702679092e-26 1.621810013327467842e-26 3.011256081664621109e-01 3.449744403980715846e-26 1.000000000000000000e+00 0.000000000000000000e+00 0.000000000000000000e+00 0.000000000000000000e+00 1.000000000000000000e+00 1.000000000000000000e+10 0.000000000000000000e+00 0.000000000000000000e+00 0.000000000000000000e+00 1.000000000000000000e+10
2.824892302447100725e-02 1.891895209027539022e+04 1.039451933305656348e+04 7.793019797464970907e+03 2.592630368355871018e-01 1.632591947665704356e+04 3.393595308586660289e-26 2.047492442878919849e-26 1.301386765341708940e-26 2.578570227057094266e-01 2.879997929271513416e-26 1.000000000000000000e+00 0.000000000000000000e+00 0.000000000000000000e+00 0.000000000000000000e+00 1.000000000000000000e+00 1.000000000000000000e+10 0.000000000000000000e+00 0.000000000000000000e+00 0.000000000000000000e+00 1.000000000000000000e+10
3.257917597328415654e-02 1.284547783605841687e+04 8.523379107145719900e+03 4.901539001524888590e+03 2.511199189065621562e-01 1.076305712355180003e+04 2.803661482445669811e-26 1.990908687721408124e-26 9.635648534280394494e-27 2.573155565053425464e-01 2.343176796852774380e-26 1.000000000000000000e+00 0.000000000000000000e+00 0.000000000000000000e+00 0.000000000000000000e+00 1.000000000000000000e+00 1.000000000000000000e+10 0.000000000000000000e+00 0.000000000000000000e+00 0.000000000000000000e+00 1.000000000000000000e+10
3.757320964692217186e-02 9.097024270307028928e+03 5.115340294522205113e+03 3.376932150122675921e+03 2.182362165874640048e-01 8.091004279543284611e+03 2.346924272436059232e-26 1.418147272856675408e-26 8.830465794289044748e-27 2.305122879097216693e-01 2.070181672236940398e-26 1.000000000000000000e+00 0.000000000000000000e+00 0.000000000000000000e+00 0.000000000000000000e+00 1.000000000000000000e+00 1.000000000000000000e+10 0.000000000000000000e+00 0.000000000000000000e+00 0.000000000000000000e+00 1.000000000000000000e+10
4.333277441790538143e-02 6.688867990003205705e+03 3.411561622866705875e+03 2.403108897678877383e+03 1.991216934441984998e-01 6.127411063883031602e+03 1.939555133596003484e-26 1.120648608247251537e-26 6.290066297933698729e-27 2.193942695297561307e-01 1.642181845501812271e-26 1.000000000000000000e+00 0.000000000000000000e+00 0.000000000000000000e+00 0.000000000000000000e+00 1.000000000000000000e+00 1.000000000000000000e+10 0.000000000000000000e+00 0.000000000000000000e+00 0.000000000000000000e+00 1.000000000000000000e+10
4.997521788524898756e-02 5.166016763421965152e+03 2.495446904584096956e+03 1.746435645132158697e+03 1.833763576473673440e-01 4.775524792032862933e+03 1.606913707343476155e-26 9.257070759439761751e-27 5.180737949328608824e-27 2.174932257882773445e-01 1.396162509367891118e-26 1.000000000000000000e+00 0.000000000000000000e+00 0.000000000000000000e+00 0.000000000000000000e+00 1.000000000000000000e+00 1.000000000000000000e+10 0.000000000000000000e+00 0.000000000000000000e+00 0.000000000000000000e+00 1.000000000000000000e+10
5.763587575980636674e-02 3.976123192245300743e+03 1.807255308161635639e+03 1.344275004696311498e+03 1.745102472747279976e-01 3.740655549668231743e+03 1.289248579695441067e-26 7.621748161982994737e-27 4.265549871395517862e-27 2.118797615356106390e-01 1.106527400523862752e-26 1.000000000000000000e+00 0.000000000000000000e+00 0.000000000000000000e+00 0.000000000000000000e+00 1.000000000000000000e+00 1.000000000000000000e+10 0.000000000000000000e+00 0.000000000000000000e+00 0.000000000000000000e+00 1.000000000000000000e+10
6.647082924635627776e-02 3.102016038032267261e+03 1.125477448103050392e+03 8.967685798721652191e+02 1.628813219317718775e-01 2.928288006055206552e+03 1.008725725928134950e-26 5.353444296512127100e-27 3.011358003350878686e-27 2.029759812040987932e-01 8.897940676585487920e-27 1.000000000000000000e+00 0.000000000000000000e+00 0.000000000000000000e+00 0.000000000000000000e+00 1.000000000000000000e+00 1.000000000000000000e+10 0.000000000000000000e+00 0.000000000000000000e+00 0.000000000000000000e+00 1.000000000000000000e+10
7.666008510240249207e-02 2.434136339566368861e+03 1.059527976276722711e+03 5.612438523558387260e+02 1.571029415107673688e-01 2.191791673167081171e+03 7.773605387393299658e-27 4.174679766263983046e-27 2.566019557015077404e-27 2.099725193393264522e-01 6.956549101086545586e-27 1.000000000000000000e+00 0.000000000000000000e+00 0.000000000000000000e+00 0.000000000000000000e+00 1.000000000000000000e+00 1.000000000000000000e+10 0.000000000000000000e+00 0.000000000000000000e+00 0.000000000000000000e+00 1.000000000000000000e+10
8.841124316543315376e-02 1.877603208820090458e+03 6.690666161177475715e+02 5.967685639345716027e+02 1.493670472156782003e-01 1.798038755950507721e+03 5.944082562577860464e-27 3.236641529827486759e-27 1.990941657956704855e-27 2.127655726998330665e-01 5.166436405195646381e-27 1.000000000000000000e+00 0.000000000000000000e+00 0.000000000000000000e+00 0.000000000000000000e+00 1.000000000000000000e+00 1.000000000000000000e+10 0.000000000000000000e+00 0.000000000000000000e+00 0.000000000000000000e+00 1.000000000000000000e+10
1.019637260722580097e-01 1.448701804785937838e+03 5.428445142673240298e+02 4.362410609305629805e+02 1.463174482968542245e-01 1.374101043850595488e+03 4.477123205964676249e-27 2.440988262267539098e-27 1.656700090120837611e-27 2.258399949995763822e-01 3.886871773383497491e-27 1.000000000000000000e+00 0.000000000000000000e+00 0.000000000000000000e+00 0.000000000000000000e+00 1.000000000000000000e+00 1.000000000000000000e+10 0.000000000000000000e+00 0.000000000000000000e+00 0.000000000000000000e+00 1.000000000000000000e+10
1.175936573483598035e-01 1.122251871832315828e+03 4.282790691163046404e+02 2.761145752260408699e+02 1.534398297298961711e-01 1.023875585754805911e+03 3.328738566922991767e-27 1.904401974401314813e-27 1.170002065302583967e-27 2.393589129842434993e-01 2.766282208334997481e-27 1.000000000000000000e+00 0.000000000000000000e+00 0.000000000000000000e+00 0.000000000000000000e+00 1.000000000000000000e+00 1.000000000000000000e+10 0.000000000000000000e+00 0.000000000000000000e+00 0.000000000000000000e+00 1.000000000000000000e+10
1.356194872553388164e-01 8.686700698731481225e+02 3.048015288055847805e+02 2.329400064941166875e+02 1.534468327711712987e-01 8.101868989674541126e+02 2.484671005327088983e-27 1.356597761183004833e-27 8.496950245469093206e-28 2.539463946757760104e-01 1.978053687411803365e-27 1.000000000000000000e+00 0.000000000000000000e+00 0.000000000000000000e+00 0.000000000000000000e+00 1.000000000000000000e+00 1.000000000000000000e+10 0.000000000000000000e+00 0.000000000000000000e+00 0.000000000000000000e+00 1.000000000000000000e+10
1.564084810196403053e-01 6.733162199073183274e+02 2.496658188347645364e+02 1.653279445826700567e+02 1.569125827129464468e-01 6.095443445133802243e+02 1.839907845190446013e-27 1.153743543076767500e-27 5.424496882307091253e-28 2.740140422042385837e-01 1.365598385752547438e-27 1.000000000000000000e+00 0.000000000000000000e+00 0.000000000000000000e+00 0.000000000000000000e+00 1.000000000000000000e+00 1.000000000000000000e+10 0.000000000000000000e+00 0.000000000000000000e+00 0.000000000000000000e+00 1.000000000000000000e+10
1.803842016362447453e-01 5.203628806743403175e+02 2.065442351714575011e+02 1.481582426863997171e+02 1.574475294275443360e-01 4.729070482978775658e+02 1.396573288555718599e-27 9.194414860812971417e-28 3.841322261360025316e-28 2.985846518351426004e-01 9.413172424840863960e-28 1.000000000000000000e+00 0.000000000000000000e+00 0.000000000000000000e+00 0.000000000000000000e+00 1.000000000000000000e+00 1.000000000000000000e+10 0.000000000000000000e+00 0.000000000000000000e+00 0.000000000000000000e+00 1.000000000000000000e+10
2.080351397048574025e-01 4.038235933409858944e+02 1.681121995274435221e+02 1.132688386132869596e+02 1.641550379195745313e-01 3.685142731798591740e+02 1.076334259750759390e-27 8.096993810029129221e-28 2.911819908142859764e-28 3.272628096112277785e-01 6.667457887116085624e-28 1.000000000000000000e+00 0.000000000000000000e+00 0.000000000000000000e+00 0.000000000000000000e+00 1.000000000000000000e+00 1.000000000000000000e+10 0.000000000000000000e+00 0.000000000000000000e+00 0.000000000000000000e+00 1.000000000000000000e+10
2.399246661262133540e-01 3.146861873033612937e+02 1.506809299256390773e+02 8.111173822532501276e+01 1.693800247856612762e-01 2.784141373718433670e+02 8.677811245216588324e-28 7.773772210982341567e-28 2.028815393235416832e-28 3.629326576730310672e-01 4.604533087391240826e-28 1.000000000000000000e+00 0.000000000000000000e+00 0.000000000000000000e+00 0.000000000000000000e+00 1.000000000000000000e+00 1.000000000000000000e+10 0.000000000000000000e+00 0.000000000000000000e+00 0.000000000000000000e+00 1.000000000000000000e+10
2.767025104385807399e-01 2.558516084247642937e+02 1.385960331087866280e+02 6.130461324842838167e+01 1.905775894143617311e-01 2.135639871788831670e+02 7.210307842541312005e-28 7.509647907167455680e-28 1.321652070620401957e-28 4.024404710391014661e-01 3.102444158182859273e-28 1.000000000000000000e+00 0.000000000000000000e+00 0.000000000000000000e+00 0.000000000000000000e+00 1.000000000000000000e+00 1.000000000000000000e+10 0.000000000000000000e+00 0.000000000000000000e+00 0.000000000000000000e+00 1.000000000000000000e+10
3.191179986585286343e-01 2.048900180535995048e+02 1.221184694514153364e+02 4.909881283215854353e+01 2.009255576021679868e-01 1.694297678082531036e+02 6.125241904628946153e-28 6.288668119132520442e-28 1.053002228632978243e-28 4.452996409151075419e-01 2.326507565382533781e-28 1.000000000000000000e+00 0.000000000000000000e+00 0.000000000000000000e+00 0.000000000000000000e+00 1.000000000000000000e+00 1.000000000000000000e+10 0.000000000000000000e+00 0.000000000000000000e+00 0.000000000000000000e+00 1.000000000000000000e+10
3.680353203388414540e-01 1.669629166939079994e+02 1.298492550149658200e+02 3.436693503118758031e+01 2.268842601271607307e-01 1.228736007682114888e+02 5.593496502112848423e-28 5.700379005936912144e-28 7.887676179513629834e-29 4.980138926584816716e-01 1.621293751678258335e-28 1.000000000000000000e+00 0.000000000000000000e+00 0.000000000000000000e+00 0.000000000000000000e+00 1.000000000000000000e+00 1.000000000000000000e+10 0.000000000000000000e+00 0.000000000000000000e+00 0.000000000000000000e+00 1.000000000000000000e+10
4.244511359005219142e-01 1.396802365465934201e+02 1.113194712999359268e+02 3.085968577182838146e+01 2.523575629866954828e-01 9.743899654088336604e+01 5.069782510656068170e-28 6.567161518543101204e-28 6.842657655536292025e-29 5.538722015606803994e-01 1.221000891897411368e-28 1.000000000000000000e+00 0.000000000000000000e+00 0.000000000000000000e+00 0.000000000000000000e+00 1.000000000000000000e+00 1.000000000000000000e+10 0.000000000000000000e+00 0.000000000000000000e+00 0.000000000000000000e+00 1.000000000000000000e+10
4.895148829774688681e-01 1.139581994528059994e+02 9.149227657256302848e+01 2.663461800675082713e+01 2.621921136396846430e-01 7.897737606238113983e+01 4.319137267125627728e-28 5.234491382862806778e-28 5.674299772257163620e-29 6.057763692631783492e-01 9.073780062591799732e-29 1.000000000000000000e+00 0.000000000000000000e+00 0.000000000000000000e+00 0.000000000000000000e+00 1.000000000000000000e+00 1.000000000000000000e+10 0.000000000000000000e+00 0.000000000000000000e+00 0.000000000000000000e+00 1.000000000000000000e+10
5.645521955031491679e-01 9.888816240558662685e+01 9.853039708315142775e+01 2.022631622986437350e+01 2.915459360708061998e-01 6.154041105970824077e+01 4.239328915553315761e-28 4.949515554888478956e-28 4.473130604992044822e-29 6.739327430931586482e-01 6.731079004546358914e-29 1.000000000000000000e+00 0.000000000000000000e+00 0.000000000000000000e+00 0.000000000000000000e+00 1.000000000000000000e+00 1.000000000000000000e+10 0.000000000000000000e+00 0.000000000000000000e+00 0.000000000000000000e+00 1.000000000000000000e+10
6.510919126887823039e-01 8.183001478558550446e+01 7.223938893817316398e+01 2.196010466270592332e+01 2.982543948974223924e-01 5.419782846441438551e+01 3.849266202284215717e-28 4.495514499332711311e-28 3.726563672407012274e-29 7.211115550032666244e-01 5.288169241282248205e-29 1.000000000000000000e+00 0.000000000000000000e+00 0.000000000000000000e+00 0.000000000000000000e+00 1.000000000000000000e+00 1.000000000000000000e+10 0.000000000000000000e+00 0.000000000000000000e+00 0.000000000000000000e+00 1.000000000000000000e+10
7.508972281844089602e-01 6.858618251319323633e+01 6.797890511085034859e+01 1.762657725269222908e+01 2.979146742771580092e-01 4.483094308259382643e+01 3.470794647878624941e-28 4.550704268021652458e-28 2.890556164604568521e-29 7.492503209627227045e-01 4.128947365097690982e-29 1.000000000000000000e+00 0.000000000000000000e+00 0.000000000000000000e+00 0.000000000000000000e+00 1.000000000000000000e+00 1.000000000000000000e+10 0.000000000000000000e+00 0.000000000000000000e+00 0.000000000000000000e+00 1.000000000000000000e+10
8.660016140678794550e-01 6.349557125442328953e+01 6.600963239137678329e+01 1.779744883813180323e+01 3.037632735333877232e-01 4.188379223938316187e+01 3.755087169827464698e-28 4.029488128267997816e-28 3.127737586637415382e-29 7.789218633805349290e-01 4.209808162031895113e-29 1.000000000000000000e+00 0.000000000000000000e+00 0.000000000000000000e+00 0.000000000000000000e+00 1.000000000000000000e+00 1.000000000000000000e+10 0.000000000000000000e+00 0.000000000000000000e+00 0.000000000000000000e+00 1.000000000000000000e+10
9.987502515910116063e-01 5.639118344909441305e+01 5.172931740861928063e+01 1.660843391095089672e+01 3.029916302951505824e-01 3.835174755153556703e+01 4.088105617696087922e-28 3.566596579048946960e-28 3.427646995174344227e-29 7.964473715307637258e-01 4.336891243846865491e-29 1.000000000000000000e+00 0.000000000000000000e+00 0.000000000000000000e+00 0.000000000000000000e+00 1.000000000000000000e+00 1.000000000000000000e+10 0.000000000000000000e+00 0.000000000000000000e+00 0.000000000000000000e+00 1.000000000000000000e+10
1.151847812808953542e+00 5.073346652418789660e+01 4.569953043715340613e+01 1.647938880132358008e+01 2.978266204658649441e-01 3.600477985260692293e+01 5.490774493089671146e-28 3.315264007031869151e-28 2.782830039353156955e-29 8.085959439203596055e-01 3.551629532052994792e-29 1.000000000000000000e+00 0.000000000000000000e+00 0.000000000000000000e+00 0.000000000000000000e+00 1.000000000000000000e+00 1.000000000000000000e+10 0.000000000000000000e+00 0.000000000000000000e+00 0.000000000000000000e+00 1.000000000000000000e+10
1.328413566614123908e+00 4.720923994493182363e+01 3.622423111810843466e+01 1.606022902534738961e+01 2.858421841786511486e-01 3.532874432969347822e+01 5.264559811462865481e-28 2.696739601099275228e-28 3.285833629030660280e-29 7.851007264083093018e-01 4.153523954036857902e-29 1.000000000000000000e+00 0.000000000000000000e+00 0.000000000000000000e+00 0.000000000000000000e+00 1.000000000000000000e+00 1.000000000000000000e+10 0.000000000000000000e+00 0.000000000000000000e+00 0.000000000000000000e+00 1.000000000000000000e+10
1.532044931926391351e+00 4.253668647997449881e+01 2.979737663427972905e+01 1.585643733258459775e+01 2.712171810733112198e-01 3.347586435470918076e+01 4.877800666495725328e-28 2.227060712299785008e-28 3.994827429807456927e-29 7.726678356607905584e-01 4.791156386803083236e-29 1.000000000000000000e+00 0.000000000000000000e+00 0.000000000000000000e+00 0.000000000000000000e+00 1.000000000000000000e+00 1.000000000000000000e+10 0.000000000000000000e+00 0.000000000000000000e+00 0.000000000000000000e+00 1.000000000000000000e+10
1.766890772896739126e+00 3.861633450045911076e+01 2.232368942325386740e+01 1.311314874456796531e+01 2.583173792142571812e-01 3.035182702964787183e+01 5.465844505142241858e-28 1.936746879679202875e-28 3.640028232188569903e-29 7.622193459870141297e-01 4.405878661241928864e-29 1.000000000000000000e+00 0.000000000000000000e+00 0.000000000000000000e+00 0.000000000000000000e+00 1.000000000000000000e+00 1.000000000000000000e+10 0.000000000000000000e+00 0.000000000000000000e+00 0.000000000000000000e+00 1.000000000000000000e+10
2.037735929469222107e+00 3.478064815211488536e+01 1.882184729785333133e+01 1.196055469504367608e+01 2.411084671783686739e-01 2.806802865477156672e+01 5.108009231335422395e-28 1.481308287296347618e-28 3.213523380782646532e-29 7.422828345892984458e-01 4.019754651420253188e-29 1.000000000000000000e+00 0.000000000000000000e+00 0.000000000000000000e+00 0.000000000000000000e+00 1.000000000000000000e+00 1.000000000000000000e+10 0.000000000000000000e+00 0.000000000000000000e+00 0.000000000000000000e+00 1.000000000000000000e+10
2.350098705559579226e+00 3.344619078825247271e+01 1.722852335481186259e+01 1.045640270291291785e+01 2.434679074363103046e-01 2.640657919180367230e+01 5.461638035869028473e-28 1.263699107377282631e-28 2.797986656894182928e-29 7.404324554630751232e-01 3.613791809614507167e-29 1.000000000000000000e+00 0.000000000000000000e+00 0.000000000000000000e+00 0.000000000000000000e+00 1.000000000000000000e+00 1.000000000000000000e+10 0.000000000000000000e+00 0.000000000000000000e+00 0.000000000000000000e+00 1.000000000000000000e+10
