# R (Mpc), mean rho (Msol/kpc^3), errup (Msol/kpc^3), errlow, std, median rho (Msol/kpc^3), mean pth (Msol/kpc/s^2), errup(Msol/kpc/s^2), errlow, std, median pth (Msol/kpc/s^2), mean gas-mass-weighted metal (fraction), errup, errlow, std, median metal, mean gas-mass-weighted temp (K), errup, errlow, std, median temp  
#  nprofs 189, mean mh 209780373271.019379, median mh 203757271150.632477 
#  Mass range 11.00 - 11.5
1.040961082911032697e-02 2.584712025868314086e+05 1.815920451271303173e+05 1.014312271773591492e+05 2.597620293280608061e-01 2.216040417519244656e+05 1.141941368160469320e-25 1.929065400204338882e-25 1.936798727427745295e-26 4.922464086081830836e-01 3.923843497693293946e-26 1.000000000000000000e+00 0.000000000000000000e+00 0.000000000000000000e+00 0.000000000000000000e+00 1.000000000000000000e+00 1.000000000000000000e+10 0.000000000000000000e+00 0.000000000000000000e+00 0.000000000000000000e+00 1.000000000000000000e+10
1.200529105910367808e-02 2.043704569779118756e+05 1.576966524214227684e+05 8.985348662934631284e+04 2.711267212495340750e-01 1.794488106661787606e+05 1.176464766454333267e-25 1.905904007435034128e-25 3.134514193269573656e-26 4.927827304580010837e-01 5.100155434182735130e-26 1.000000000000000000e+00 0.000000000000000000e+00 0.000000000000000000e+00 0.000000000000000000e+00 1.000000000000000000e+00 1.000000000000000000e+10 0.000000000000000000e+00 0.000000000000000000e+00 0.000000000000000000e+00 1.000000000000000000e+10
1.384557172980430476e-02 1.533290090695338731e+05 1.188200413233354047e+05 6.422870401661559299e+04 2.537262481707899808e-01 1.340526935952234780e+05 8.914305806979979031e-26 1.027708487597621118e-25 2.940058498850366145e-26 4.036076663688419330e-01 4.952510498321472070e-26 1.000000000000000000e+00 0.000000000000000000e+00 0.000000000000000000e+00 0.000000000000000000e+00 1.000000000000000000e+00 1.000000000000000000e+10 0.000000000000000000e+00 0.000000000000000000e+00 0.000000000000000000e+00 1.000000000000000000e+10
1.596794743096121086e-02 1.117077404905893345e+05 8.165841650466066494e+04 4.931012286228506127e+04 2.767843051414908273e-01 9.602043943320079416e+04 8.306716007297205488e-26 8.629663026789714558e-26 3.245577202318575221e-26 4.123582887869897684e-01 5.095375491530507726e-26 1.000000000000000000e+00 0.000000000000000000e+00 0.000000000000000000e+00 0.000000000000000000e+00 1.000000000000000000e+00 1.000000000000000000e+10 0.000000000000000000e+00 0.000000000000000000e+00 0.000000000000000000e+00 1.000000000000000000e+10
1.841566026551830909e-02 7.732071656195307150e+04 5.849667306966657634e+04 2.771642565533160086e+04 2.745892535997321304e-01 6.187447870284014789e+04 6.697436146509081288e-26 5.394844782266757152e-26 2.354352143232161989e-26 3.503496472209948753e-01 4.445910472096575264e-26 1.000000000000000000e+00 0.000000000000000000e+00 0.000000000000000000e+00 0.000000000000000000e+00 1.000000000000000000e+00 1.000000000000000000e+10 0.000000000000000000e+00 0.000000000000000000e+00 0.000000000000000000e+00 1.000000000000000000e+10
2.123858088093512342e-02 5.233108508709022135e+04 4.430183539210947492e+04 1.822174674957159004e+04 2.771285104086856355e-01 4.303325951392661227e+04 5.975307511411333079e-26 4.539516733408187707e-26 2.351755270146023083e-26 3.295232057196623709e-01 4.512190145378763710e-26 1.000000000000000000e+00 0.000000000000000000e+00 0.000000000000000000e+00 0.000000000000000000e+00 1.000000000000000000e+00 1.000000000000000000e+10 0.000000000000000000e+00 0.000000000000000000e+00 0.000000000000000000e+00 1.000000000000000000e+10
2.449422455303571639e-02 3.368232013555441517e+04 2.251136073495473102e+04 1.281701847152985283e+04 2.656573295606096674e-01 2.792272964330176910e+04 4.765836943826869468e-26 3.031646187712636058e-26 1.885212309158296259e-26 3.041687270515770480e-01 3.694397378613088123e-26 1.000000000000000000e+00 0.000000000000000000e+00 0.000000000000000000e+00 0.000000000000000000e+00 1.000000000000000000e+00 1.000000000000000000e+10 0.000000000000000000e+00 0.000000000000000000e+00 0.000000000000000000e+00 1.000000000000000000e+10
2.824892302447100725e-02 2.151266400916607017e+04 1.509906004403195402e+04 7.714868597394777680e+03 2.663350977440929745e-01 1.741663980325386001e+04 3.717441052593408702e-26 2.447125776257154581e-26 1.460303370006200581e-26 2.909358246043992624e-01 3.099810484456354445e-26 1.000000000000000000e+00 0.000000000000000000e+00 0.000000000000000000e+00 0.000000000000000000e+00 1.000000000000000000e+00 1.000000000000000000e+10 0.000000000000000000e+00 0.000000000000000000e+00 0.000000000000000000e+00 1.000000000000000000e+10
3.257917597328415654e-02 1.401429860775372799e+04 9.434465832377671177e+03 5.112724497683748268e+03 2.498469162695444168e-01 1.186606730797476121e+04 3.030798891038193726e-26 2.471782152044860864e-26 1.101617425735015167e-26 2.684013336748150569e-01 2.466963796503375551e-26 1.000000000000000000e+00 0.000000000000000000e+00 0.000000000000000000e+00 0.000000000000000000e+00 1.000000000000000000e+00 1.000000000000000000e+10 0.000000000000000000e+00 0.000000000000000000e+00 0.000000000000000000e+00 1.000000000000000000e+10
3.757320964692217186e-02 9.353192804703126967e+03 5.787171193232521546e+03 3.652087415651407355e+03 2.179682486923550377e-01 8.531913119602852021e+03 2.454163684482293342e-26 1.846105190487649617e-26 7.307817669551867808e-27 2.492950280328632418e-01 1.953733143149770146e-26 1.000000000000000000e+00 0.000000000000000000e+00 0.000000000000000000e+00 0.000000000000000000e+00 1.000000000000000000e+00 1.000000000000000000e+10 0.000000000000000000e+00 0.000000000000000000e+00 0.000000000000000000e+00 1.000000000000000000e+10
4.333277441790538143e-02 6.618112902051382662e+03 3.333412148870945202e+03 2.248045420841566738e+03 1.957224321052696558e-01 6.000896158164748158e+03 2.031133365031031786e-26 1.322791945393374777e-26 7.006998263630352994e-27 2.253073583822509385e-01 1.759524232653466925e-26 1.000000000000000000e+00 0.000000000000000000e+00 0.000000000000000000e+00 0.000000000000000000e+00 1.000000000000000000e+00 1.000000000000000000e+10 0.000000000000000000e+00 0.000000000000000000e+00 0.000000000000000000e+00 1.000000000000000000e+10
4.997521788524898756e-02 4.745422306681954979e+03 1.965352099500581971e+03 1.740926375969431319e+03 1.702059010600832645e-01 4.555155601672195189e+03 1.571740256906480648e-26 9.941877389172561846e-27 4.936654528433320960e-27 2.292227097435649286e-01 1.310362060478883642e-26 1.000000000000000000e+00 0.000000000000000000e+00 0.000000000000000000e+00 0.000000000000000000e+00 1.000000000000000000e+00 1.000000000000000000e+10 0.000000000000000000e+00 0.000000000000000000e+00 0.000000000000000000e+00 1.000000000000000000e+10
5.763587575980636674e-02 3.715515500765404795e+03 1.542505700153700218e+03 1.072890664710100737e+03 1.573812079333858638e-01 3.501365838764618729e+03 1.230952518836650335e-26 7.513826034105034396e-27 3.543146039526995214e-27 2.181695168377896510e-01 1.047685914898367676e-26 1.000000000000000000e+00 0.000000000000000000e+00 0.000000000000000000e+00 0.000000000000000000e+00 1.000000000000000000e+00 1.000000000000000000e+10 0.000000000000000000e+00 0.000000000000000000e+00 0.000000000000000000e+00 1.000000000000000000e+10
6.647082924635627776e-02 2.856693012625167285e+03 1.122332170362416946e+03 7.913496623893875039e+02 1.561584544256944818e-01 2.642710505428652596e+03 9.363168283800582897e-27 5.624606622547731311e-27 3.184728864921692702e-27 2.150571480389568135e-01 8.172374733535055964e-27 1.000000000000000000e+00 0.000000000000000000e+00 0.000000000000000000e+00 0.000000000000000000e+00 1.000000000000000000e+00 1.000000000000000000e+10 0.000000000000000000e+00 0.000000000000000000e+00 0.000000000000000000e+00 1.000000000000000000e+10
7.666008510240249207e-02 2.252778832320155743e+03 8.890396699314514990e+02 6.361026841011864690e+02 1.550177015643336431e-01 2.091343392831437086e+03 7.173943824732786913e-27 4.124428071372776330e-27 2.706519494632875009e-27 2.177137936595707479e-01 6.357459650116794128e-27 1.000000000000000000e+00 0.000000000000000000e+00 0.000000000000000000e+00 0.000000000000000000e+00 1.000000000000000000e+00 1.000000000000000000e+10 0.000000000000000000e+00 0.000000000000000000e+00 0.000000000000000000e+00 1.000000000000000000e+10
8.841124316543315376e-02 1.738018620390042770e+03 7.656802718470903528e+02 4.475964778141042189e+02 1.568456330435372692e-01 1.603421182734864487e+03 5.304071920475790403e-27 3.351643335579468401e-27 1.916983914229639456e-27 2.294165112809345985e-01 4.583180437664198023e-27 1.000000000000000000e+00 0.000000000000000000e+00 0.000000000000000000e+00 0.000000000000000000e+00 1.000000000000000000e+00 1.000000000000000000e+10 0.000000000000000000e+00 0.000000000000000000e+00 0.000000000000000000e+00 1.000000000000000000e+10
1.019637260722580097e-01 1.314316506283332046e+03 6.236862638981099280e+02 3.503559784771879322e+02 1.513743243738266686e-01 1.213083320565853455e+03 3.967099748276892405e-27 2.733847733722096273e-27 1.548846125935405183e-27 2.396602082747700535e-01 3.396488707617619249e-27 1.000000000000000000e+00 0.000000000000000000e+00 0.000000000000000000e+00 0.000000000000000000e+00 1.000000000000000000e+00 1.000000000000000000e+10 0.000000000000000000e+00 0.000000000000000000e+00 0.000000000000000000e+00 1.000000000000000000e+10
1.175936573483598035e-01 1.003379856991067754e+03 4.391813698505011416e+02 2.836673462334854321e+02 1.528633993594737950e-01 9.311192755703148123e+02 2.890434896039175325e-27 1.927468917015612295e-27 1.151010543581605168e-27 2.515536837464800168e-01 2.442684714876413744e-27 1.000000000000000000e+00 0.000000000000000000e+00 0.000000000000000000e+00 0.000000000000000000e+00 1.000000000000000000e+00 1.000000000000000000e+10 0.000000000000000000e+00 0.000000000000000000e+00 0.000000000000000000e+00 1.000000000000000000e+10
1.356194872553388164e-01 7.696808936577632494e+02 3.090465725458651605e+02 1.837588449551619760e+02 1.532822742480815792e-01 7.071334608261524863e+02 2.124701928892368128e-27 1.431644794413427661e-27 7.598176343441336861e-28 2.695030535670096539e-01 1.714016899668980423e-27 1.000000000000000000e+00 0.000000000000000000e+00 0.000000000000000000e+00 0.000000000000000000e+00 1.000000000000000000e+00 1.000000000000000000e+10 0.000000000000000000e+00 0.000000000000000000e+00 0.000000000000000000e+00 1.000000000000000000e+10
1.564084810196403053e-01 5.911243901531555593e+02 2.392563300265547923e+02 1.463498406141767987e+02 1.538382077054432640e-01 5.405811199765474839e+02 1.590801075119334142e-27 9.911816246905616115e-28 5.539733892537307533e-28 2.920699714642951972e-01 1.199444337062243272e-27 1.000000000000000000e+00 0.000000000000000000e+00 0.000000000000000000e+00 0.000000000000000000e+00 1.000000000000000000e+00 1.000000000000000000e+10 0.000000000000000000e+00 0.000000000000000000e+00 0.000000000000000000e+00 1.000000000000000000e+10
1.803842016362447453e-01 4.422699736799243055e+02 1.716379237073672925e+02 1.025065682037647434e+02 1.579291081392247553e-01 4.025732085308646333e+02 1.195359107827235164e-27 8.066302546511098575e-28 3.484488852966062645e-28 3.273136654135822554e-01 8.090336006473329533e-28 1.000000000000000000e+00 0.000000000000000000e+00 0.000000000000000000e+00 0.000000000000000000e+00 1.000000000000000000e+00 1.000000000000000000e+10 0.000000000000000000e+00 0.000000000000000000e+00 0.000000000000000000e+00 1.000000000000000000e+10
2.080351397048574025e-01 3.359096870922786024e+02 1.611049755645457822e+02 8.606363030669743353e+01 1.688001589454977969e-01 3.018915995996547963e+02 9.234737513616895170e-28 7.171375597777199542e-28 2.740739848756563960e-28 3.680412217100980654e-01 5.633819905652141373e-28 1.000000000000000000e+00 0.000000000000000000e+00 0.000000000000000000e+00 0.000000000000000000e+00 1.000000000000000000e+00 1.000000000000000000e+10 0.000000000000000000e+00 0.000000000000000000e+00 0.000000000000000000e+00 1.000000000000000000e+10
2.399246661262133540e-01 2.556008089634670171e+02 1.291964461734848157e+02 7.102871555359959643e+01 1.789840894251909231e-01 2.301276126264722564e+02 7.305872623125121405e-28 5.640583235154519521e-28 2.058452966475536573e-28 4.099882986793005890e-01 3.738868124071519202e-28 1.000000000000000000e+00 0.000000000000000000e+00 0.000000000000000000e+00 0.000000000000000000e+00 1.000000000000000000e+00 1.000000000000000000e+10 0.000000000000000000e+00 0.000000000000000000e+00 0.000000000000000000e+00 1.000000000000000000e+10
2.767025104385807399e-01 2.003094883850842223e+02 9.734413095995319054e+01 4.934669027729205482e+01 1.919612224683757418e-01 1.685616693245279976e+02 5.978442968726250715e-28 4.684207764424325448e-28 1.451342322748038654e-28 4.489274706505465007e-01 2.554482152886824022e-28 1.000000000000000000e+00 0.000000000000000000e+00 0.000000000000000000e+00 0.000000000000000000e+00 1.000000000000000000e+00 1.000000000000000000e+10 0.000000000000000000e+00 0.000000000000000000e+00 0.000000000000000000e+00 1.000000000000000000e+10
3.191179986585286343e-01 1.617448673173262819e+02 9.470963166600768091e+01 4.241781724422466482e+01 2.084299188117818835e-01 1.323910007023779656e+02 5.405145907408800685e-28 4.233630150936748884e-28 1.052994886461696191e-28 4.938066582673280025e-01 1.836611601037047389e-28 1.000000000000000000e+00 0.000000000000000000e+00 0.000000000000000000e+00 0.000000000000000000e+00 1.000000000000000000e+00 1.000000000000000000e+10 0.000000000000000000e+00 0.000000000000000000e+00 0.000000000000000000e+00 1.000000000000000000e+10
3.680353203388414540e-01 1.342109582230812350e+02 8.192576066455612249e+01 3.246315432067487450e+01 2.321908947276139501e-01 1.019213847137686173e+02 4.946050331235423106e-28 4.071276480692640686e-28 8.295763641997586839e-29 5.387931827796131889e-01 1.386913260676106611e-28 1.000000000000000000e+00 0.000000000000000000e+00 0.000000000000000000e+00 0.000000000000000000e+00 1.000000000000000000e+00 1.000000000000000000e+10 0.000000000000000000e+00 0.000000000000000000e+00 0.000000000000000000e+00 1.000000000000000000e+10
4.244511359005219142e-01 1.140783171100729021e+02 8.194397853135603782e+01 2.718268816044339076e+01 2.543917591576181358e-01 8.120101608094330459e+01 4.970413918300924365e-28 3.618284590696198064e-28 6.445241377286945484e-29 5.940047920907943757e-01 1.030598871880145652e-28 1.000000000000000000e+00 0.000000000000000000e+00 0.000000000000000000e+00 0.000000000000000000e+00 1.000000000000000000e+00 1.000000000000000000e+10 0.000000000000000000e+00 0.000000000000000000e+00 0.000000000000000000e+00 1.000000000000000000e+10
4.895148829774688681e-01 9.435457424252449243e+01 5.437600075083836515e+01 2.107579118119031847e+01 2.702328182893442010e-01 6.349915781745695398e+01 4.847877314242475572e-28 2.818864776343847679e-28 5.214935267770426578e-29 6.482819250520382992e-01 7.845401516345375375e-29 1.000000000000000000e+00 0.000000000000000000e+00 0.000000000000000000e+00 0.000000000000000000e+00 1.000000000000000000e+00 1.000000000000000000e+10 0.000000000000000000e+00 0.000000000000000000e+00 0.000000000000000000e+00 1.000000000000000000e+10
5.645521955031491679e-01 8.435696143669906633e+01 5.577603588801427037e+01 2.141870416978500913e+01 2.951411230957700638e-01 5.553158962545449384e+01 4.814468121080212514e-28 2.887127754725024557e-28 4.644231965914013581e-29 7.032938518968335773e-01 6.464520334600170293e-29 1.000000000000000000e+00 0.000000000000000000e+00 0.000000000000000000e+00 0.000000000000000000e+00 1.000000000000000000e+00 1.000000000000000000e+10 0.000000000000000000e+00 0.000000000000000000e+00 0.000000000000000000e+00 1.000000000000000000e+10
6.510919126887823039e-01 6.820253056523267787e+01 4.916388709036841931e+01 1.863290976240305241e+01 2.953944745745330502e-01 4.545250200572570520e+01 4.204526328433047775e-28 3.423384196632926039e-28 3.661670186915149519e-29 7.400116337680902046e-01 5.140059240793827109e-29 1.000000000000000000e+00 0.000000000000000000e+00 0.000000000000000000e+00 0.000000000000000000e+00 1.000000000000000000e+00 1.000000000000000000e+10 0.000000000000000000e+00 0.000000000000000000e+00 0.000000000000000000e+00 1.000000000000000000e+10
7.508972281844089602e-01 6.002382554988656693e+01 5.396982066226072305e+01 1.560155276872252372e+01 3.036443790506563323e-01 3.898959599840940626e+01 4.167972635513141621e-28 3.563407542786287186e-28 3.044191142125935617e-29 7.832123228516510993e-01 4.208880358068110383e-29 1.000000000000000000e+00 0.000000000000000000e+00 0.000000000000000000e+00 0.000000000000000000e+00 1.000000000000000000e+00 1.000000000000000000e+10 0.000000000000000000e+00 0.000000000000000000e+00 0.000000000000000000e+00 1.000000000000000000e+10
8.660016140678794550e-01 5.620612885595765817e+01 5.853914738013504859e+01 1.300793445716533014e+01 3.293112699053087344e-01 3.406980045483238939e+01 4.000836709407835702e-28 5.271816015313487571e-28 2.882377997787041979e-29 8.441895013889576527e-01 3.850937424272779608e-29 1.000000000000000000e+00 0.000000000000000000e+00 0.000000000000000000e+00 0.000000000000000000e+00 1.000000000000000000e+00 1.000000000000000000e+10 0.000000000000000000e+00 0.000000000000000000e+00 0.000000000000000000e+00 1.000000000000000000e+10
9.987502515910116063e-01 4.919946122783883169e+01 5.106870701918531097e+01 1.384294327835608840e+01 3.222088506159139221e-01 3.150155459705376515e+01 3.749324233582744592e-28 4.090807966707654171e-28 2.887610842168652667e-29 8.646974082043912269e-01 3.613891456413032488e-29 1.000000000000000000e+00 0.000000000000000000e+00 0.000000000000000000e+00 0.000000000000000000e+00 1.000000000000000000e+00 1.000000000000000000e+10 0.000000000000000000e+00 0.000000000000000000e+00 0.000000000000000000e+00 1.000000000000000000e+10
1.151847812808953542e+00 4.440470182011823397e+01 5.055298749823218429e+01 1.330089593469657672e+01 3.154727404752521447e-01 3.020445350789404415e+01 3.630888798865476656e-28 4.472480989589954154e-28 2.885327344255787279e-29 8.536425966599457960e-01 3.610488134257999715e-29 1.000000000000000000e+00 0.000000000000000000e+00 0.000000000000000000e+00 0.000000000000000000e+00 1.000000000000000000e+00 1.000000000000000000e+10 0.000000000000000000e+00 0.000000000000000000e+00 0.000000000000000000e+00 1.000000000000000000e+10
1.328413566614123908e+00 3.989895048151866064e+01 3.056158427985650405e+01 1.480062532408192411e+01 2.957989779249429185e-01 3.068889922657745473e+01 4.168969860296618601e-28 3.485649813112530122e-28 3.501585624818001548e-29 8.295058011895340977e-01 4.255558928256690938e-29 1.000000000000000000e+00 0.000000000000000000e+00 0.000000000000000000e+00 0.000000000000000000e+00 1.000000000000000000e+00 1.000000000000000000e+10 0.000000000000000000e+00 0.000000000000000000e+00 0.000000000000000000e+00 1.000000000000000000e+10
1.532044931926391351e+00 3.887952306741803454e+01 3.043557218363989136e+01 1.369330997509127812e+01 3.009114398112642808e-01 2.858230237658135309e+01 6.226727148674754993e-28 4.395966941821469360e-28 3.182170521005903772e-29 8.461065630013124839e-01 3.936139171157164260e-29 1.000000000000000000e+00 0.000000000000000000e+00 0.000000000000000000e+00 0.000000000000000000e+00 1.000000000000000000e+00 1.000000000000000000e+10 0.000000000000000000e+00 0.000000000000000000e+00 0.000000000000000000e+00 1.000000000000000000e+10
1.766890772896739126e+00 3.733341574830105714e+01 2.914679176204286648e+01 1.206087080935950340e+01 2.951857890286521680e-01 2.660541181114144393e+01 9.717787159630034765e-28 4.214856066812114062e-28 4.605302187421369195e-29 8.578534790068345073e-01 5.307444121715129303e-29 1.000000000000000000e+00 0.000000000000000000e+00 0.000000000000000000e+00 0.000000000000000000e+00 1.000000000000000000e+00 1.000000000000000000e+10 0.000000000000000000e+00 0.000000000000000000e+00 0.000000000000000000e+00 1.000000000000000000e+10
2.037735929469222107e+00 3.631496972796836076e+01 2.493977496491857337e+01 1.252608250846631321e+01 2.920846234089001792e-01 2.633815371690142726e+01 1.145156408574227839e-27 2.568973223446842028e-28 6.004603599404590775e-29 8.351753383008115872e-01 6.720221867975688252e-29 1.000000000000000000e+00 0.000000000000000000e+00 0.000000000000000000e+00 0.000000000000000000e+00 1.000000000000000000e+00 1.000000000000000000e+10 0.000000000000000000e+00 0.000000000000000000e+00 0.000000000000000000e+00 1.000000000000000000e+10
2.350098705559579226e+00 3.194827236570345264e+01 2.267027063376174567e+01 1.147227355064932475e+01 2.793053544508101171e-01 2.453611421657783609e+01 6.789815884128734780e-28 2.465100424606554920e-28 6.344514426550121862e-29 8.487915120564758498e-01 7.124006914271843521e-29 1.000000000000000000e+00 0.000000000000000000e+00 0.000000000000000000e+00 0.000000000000000000e+00 1.000000000000000000e+00 1.000000000000000000e+10 0.000000000000000000e+00 0.000000000000000000e+00 0.000000000000000000e+00 1.000000000000000000e+10
