# R (Mpc), mean rho (Msol/kpc^3), errup (Msol/kpc^3), errlow, std, median rho (Msol/kpc^3), mean pth (Msol/kpc/s^2), errup(Msol/kpc/s^2), errlow, std, median pth (Msol/kpc/s^2), mean gas-mass-weighted metal (fraction), errup, errlow, std, median metal, mean gas-mass-weighted temp (K), errup, errlow, std, median temp  
#  nprofs 192, mean mh 211605781954.162445, median mh 202844026031.516846 
#  Mass range 11.00 - 11.5
1.040961082911032697e-02 1.410300024501572771e+05 8.612896652881128830e+04 4.757853858044037770e+04 2.511832400703812862e-01 1.210148221205505833e+05 9.879234159948814825e-26 6.524309291186525134e-26 1.207191117710344832e-26 5.277331371234608159e-01 2.630135574731165394e-26 1.000000000000000000e+00 0.000000000000000000e+00 0.000000000000000000e+00 0.000000000000000000e+00 1.000000000000000000e+00 1.000000000000000000e+10 0.000000000000000000e+00 0.000000000000000000e+00 0.000000000000000000e+00 1.000000000000000000e+10
1.200529105910367808e-02 1.090457693342699640e+05 6.237644299853427219e+04 3.969333497122138942e+04 2.458548448222444560e-01 9.631829779479719582e+04 1.051692631524287926e-25 1.565821762083558350e-25 1.834360349133800114e-26 5.456770499029376387e-01 3.193764477517049090e-26 1.000000000000000000e+00 0.000000000000000000e+00 0.000000000000000000e+00 0.000000000000000000e+00 1.000000000000000000e+00 1.000000000000000000e+10 0.000000000000000000e+00 0.000000000000000000e+00 0.000000000000000000e+00 1.000000000000000000e+10
1.384557172980430476e-02 8.214988048369569879e+04 5.290635286745590565e+04 3.104640677323224372e+04 2.382105536738162721e-01 7.022018480005700258e+04 8.164820227214017991e-26 1.235452428454488601e-25 2.126706092983245489e-26 4.832752624123392016e-01 3.587129967236879356e-26 1.000000000000000000e+00 0.000000000000000000e+00 0.000000000000000000e+00 0.000000000000000000e+00 1.000000000000000000e+00 1.000000000000000000e+10 0.000000000000000000e+00 0.000000000000000000e+00 0.000000000000000000e+00 1.000000000000000000e+10
1.596794743096121086e-02 6.020910321104199829e+04 4.599517541901362711e+04 1.858643907807615687e+04 2.512505895708556647e-01 4.940442134930426255e+04 8.246633075806052284e-26 9.312827463994084017e-26 3.370070556579264647e-26 5.036540986805269071e-01 4.575436922343931912e-26 1.000000000000000000e+00 0.000000000000000000e+00 0.000000000000000000e+00 0.000000000000000000e+00 1.000000000000000000e+00 1.000000000000000000e+10 0.000000000000000000e+00 0.000000000000000000e+00 0.000000000000000000e+00 1.000000000000000000e+10
1.841566026551830909e-02 4.353907274282010621e+04 2.851766195389701898e+04 1.691363985704784500e+04 2.607824576134359362e-01 3.614312438994753757e+04 5.778972065935285276e-26 7.169679081682338495e-26 1.933908576914053424e-26 4.034030785416002352e-01 3.405184959960280250e-26 1.000000000000000000e+00 0.000000000000000000e+00 0.000000000000000000e+00 0.000000000000000000e+00 1.000000000000000000e+00 1.000000000000000000e+10 0.000000000000000000e+00 0.000000000000000000e+00 0.000000000000000000e+00 1.000000000000000000e+10
2.123858088093512342e-02 3.189703814081251039e+04 2.336121555852845631e+04 1.212729150527110323e+04 2.852823133089897878e-01 2.628758336898252310e+04 4.729606183031284581e-26 2.974374665911566063e-26 2.134142692735595252e-26 3.504319571694095581e-01 3.690147690761165058e-26 1.000000000000000000e+00 0.000000000000000000e+00 0.000000000000000000e+00 0.000000000000000000e+00 1.000000000000000000e+00 1.000000000000000000e+10 0.000000000000000000e+00 0.000000000000000000e+00 0.000000000000000000e+00 1.000000000000000000e+10
2.449422455303571639e-02 2.265829884710269471e+04 1.701343193029713075e+04 9.390044050539254386e+03 3.032132369119472926e-01 1.841771616329425524e+04 4.050602730436290941e-26 3.971835724851333717e-26 1.537336806907378536e-26 3.741954398337286603e-01 2.714699415985434231e-26 1.000000000000000000e+00 0.000000000000000000e+00 0.000000000000000000e+00 0.000000000000000000e+00 1.000000000000000000e+00 1.000000000000000000e+10 0.000000000000000000e+00 0.000000000000000000e+00 0.000000000000000000e+00 1.000000000000000000e+10
2.824892302447100725e-02 1.630080590819116878e+04 1.290492537325966623e+04 6.660141561601116337e+03 2.891252732626679034e-01 1.338548635552771884e+04 3.260481092526607275e-26 2.867267881190935031e-26 1.433166840088634015e-26 3.243569993481089098e-01 2.516539791712484502e-26 1.000000000000000000e+00 0.000000000000000000e+00 0.000000000000000000e+00 0.000000000000000000e+00 1.000000000000000000e+00 1.000000000000000000e+10 0.000000000000000000e+00 0.000000000000000000e+00 0.000000000000000000e+00 1.000000000000000000e+10
3.257917597328415654e-02 1.087564939078211501e+04 7.190677750814928004e+03 4.686758442836964605e+03 2.912708552540198004e-01 9.121882704820842264e+03 2.603515878775777178e-26 1.852731891420984146e-26 9.422669150827710098e-27 3.008969521657379187e-01 2.076365512440464143e-26 1.000000000000000000e+00 0.000000000000000000e+00 0.000000000000000000e+00 0.000000000000000000e+00 1.000000000000000000e+00 1.000000000000000000e+10 0.000000000000000000e+00 0.000000000000000000e+00 0.000000000000000000e+00 1.000000000000000000e+10
3.757320964692217186e-02 7.592573508087984919e+03 5.664887937898212840e+03 2.756938301114378646e+03 2.694942918273376953e-01 6.280360648218718779e+03 2.126359550441373175e-26 1.381818032525587398e-26 7.379101113556567267e-27 2.676187437617245646e-01 1.718614750361846166e-26 1.000000000000000000e+00 0.000000000000000000e+00 0.000000000000000000e+00 0.000000000000000000e+00 1.000000000000000000e+00 1.000000000000000000e+10 0.000000000000000000e+00 0.000000000000000000e+00 0.000000000000000000e+00 1.000000000000000000e+10
4.333277441790538143e-02 5.248557099387934613e+03 3.047608563766773841e+03 2.037043448857935800e+03 2.397459753406544214e-01 4.768536348260839986e+03 1.703117146737419668e-26 1.217044831084903329e-26 5.565904233371331595e-27 2.614482402069654432e-01 1.348024201431994208e-26 1.000000000000000000e+00 0.000000000000000000e+00 0.000000000000000000e+00 0.000000000000000000e+00 1.000000000000000000e+00 1.000000000000000000e+10 0.000000000000000000e+00 0.000000000000000000e+00 0.000000000000000000e+00 1.000000000000000000e+10
4.997521788524898756e-02 3.992647252553168528e+03 2.551599083174572115e+03 1.550814900729825467e+03 2.313142762599550983e-01 3.554963341763943390e+03 1.373171906194012199e-26 9.427295775762024412e-27 4.716609841957811408e-27 2.551346313608549576e-01 1.156499881937349419e-26 1.000000000000000000e+00 0.000000000000000000e+00 0.000000000000000000e+00 0.000000000000000000e+00 1.000000000000000000e+00 1.000000000000000000e+10 0.000000000000000000e+00 0.000000000000000000e+00 0.000000000000000000e+00 1.000000000000000000e+10
5.763587575980636674e-02 3.082316732533128288e+03 1.845744721910581575e+03 1.097168035906628347e+03 2.177747810156661357e-01 2.738077924241783876e+03 1.115963666440117561e-26 7.775439185831353941e-27 4.265602515958690099e-27 2.654197196573208628e-01 9.326604445108267357e-27 1.000000000000000000e+00 0.000000000000000000e+00 0.000000000000000000e+00 0.000000000000000000e+00 1.000000000000000000e+00 1.000000000000000000e+10 0.000000000000000000e+00 0.000000000000000000e+00 0.000000000000000000e+00 1.000000000000000000e+10
6.647082924635627776e-02 2.361507344233442836e+03 1.109661268003437726e+03 7.950410232031229043e+02 2.007815970123500438e-01 2.163055817440692863e+03 9.001605350001052996e-27 5.318406915385728726e-27 3.243825435736990620e-27 2.633395476033370541e-01 7.429759857139607209e-27 1.000000000000000000e+00 0.000000000000000000e+00 0.000000000000000000e+00 0.000000000000000000e+00 1.000000000000000000e+00 1.000000000000000000e+10 0.000000000000000000e+00 0.000000000000000000e+00 0.000000000000000000e+00 1.000000000000000000e+10
7.666008510240249207e-02 1.833666988203560322e+03 8.392362830942129222e+02 5.849919074328377064e+02 1.811144523385338767e-01 1.701786855170323634e+03 6.996428757379150833e-27 4.857644792300963236e-27 2.719914515730952858e-27 2.637719138651521966e-01 5.843137595540645304e-27 1.000000000000000000e+00 0.000000000000000000e+00 0.000000000000000000e+00 0.000000000000000000e+00 1.000000000000000000e+00 1.000000000000000000e+10 0.000000000000000000e+00 0.000000000000000000e+00 0.000000000000000000e+00 1.000000000000000000e+10
8.841124316543315376e-02 1.459805483685775698e+03 6.672294113099869719e+02 3.902643210172677755e+02 1.824675635224928816e-01 1.324530839810676298e+03 5.490213268235527498e-27 3.791680221240910962e-27 1.780617538636461987e-27 2.726873921858773420e-01 4.216640387872415753e-27 1.000000000000000000e+00 0.000000000000000000e+00 0.000000000000000000e+00 0.000000000000000000e+00 1.000000000000000000e+00 1.000000000000000000e+10 0.000000000000000000e+00 0.000000000000000000e+00 0.000000000000000000e+00 1.000000000000000000e+10
1.019637260722580097e-01 1.143555402883618399e+03 6.089499298800162705e+02 3.149224293515353565e+02 1.825168500626854207e-01 1.036739722309958324e+03 4.169502344761321171e-27 3.014405021533225579e-27 1.294378828317329337e-27 2.831331125148884298e-01 3.166877837520523799e-27 1.000000000000000000e+00 0.000000000000000000e+00 0.000000000000000000e+00 0.000000000000000000e+00 1.000000000000000000e+00 1.000000000000000000e+10 0.000000000000000000e+00 0.000000000000000000e+00 0.000000000000000000e+00 1.000000000000000000e+10
1.175936573483598035e-01 8.941006786935512309e+02 4.176213997442489472e+02 2.452572583951400702e+02 1.739124879599691087e-01 7.992598743172952709e+02 3.174676272905563884e-27 2.229165875235803544e-27 1.040953535428964994e-27 2.892487398492050166e-01 2.320025402641482655e-27 1.000000000000000000e+00 0.000000000000000000e+00 0.000000000000000000e+00 0.000000000000000000e+00 1.000000000000000000e+00 1.000000000000000000e+10 0.000000000000000000e+00 0.000000000000000000e+00 0.000000000000000000e+00 1.000000000000000000e+10
1.356194872553388164e-01 7.171700943497356775e+02 3.016947319484042964e+02 2.255849402394571825e+02 1.737898442930219944e-01 6.633506850398641745e+02 2.391250566391273429e-27 1.811597699832808086e-27 6.659797389659855500e-28 2.995982407887448074e-01 1.630482433623693667e-27 1.000000000000000000e+00 0.000000000000000000e+00 0.000000000000000000e+00 0.000000000000000000e+00 1.000000000000000000e+00 1.000000000000000000e+10 0.000000000000000000e+00 0.000000000000000000e+00 0.000000000000000000e+00 1.000000000000000000e+10
1.564084810196403053e-01 5.646874171120693973e+02 2.691837067511655732e+02 1.533811090548371681e+02 1.732924374257091560e-01 5.076983505587495529e+02 1.805793358309725317e-27 1.342793607956685226e-27 5.380675254269525473e-28 3.134079597606583278e-01 1.186469512163019146e-27 1.000000000000000000e+00 0.000000000000000000e+00 0.000000000000000000e+00 0.000000000000000000e+00 1.000000000000000000e+00 1.000000000000000000e+10 0.000000000000000000e+00 0.000000000000000000e+00 0.000000000000000000e+00 1.000000000000000000e+10
1.803842016362447453e-01 4.425200402371572181e+02 2.179076859877310426e+02 1.084509834397143777e+02 1.726179920799999490e-01 3.958206973780321505e+02 1.398258548481514454e-27 1.077338894764736599e-27 3.486564344153614067e-28 3.389724661817493656e-01 8.519999442168169789e-28 1.000000000000000000e+00 0.000000000000000000e+00 0.000000000000000000e+00 0.000000000000000000e+00 1.000000000000000000e+00 1.000000000000000000e+10 0.000000000000000000e+00 0.000000000000000000e+00 0.000000000000000000e+00 1.000000000000000000e+10
2.080351397048574025e-01 3.495472791695929686e+02 1.701137497301020858e+02 8.785902592078832640e+01 1.896025043757947337e-01 2.990705483087175480e+02 1.085367839136750569e-27 8.716607054408803374e-28 2.935216999138333276e-28 3.732040632065164454e-01 6.134400934158599632e-28 1.000000000000000000e+00 0.000000000000000000e+00 0.000000000000000000e+00 0.000000000000000000e+00 1.000000000000000000e+00 1.000000000000000000e+10 0.000000000000000000e+00 0.000000000000000000e+00 0.000000000000000000e+00 1.000000000000000000e+10
2.399246661262133540e-01 2.796296736759204009e+02 1.565992056521192808e+02 7.170112199086796068e+01 1.995735508740939801e-01 2.346831050603470317e+02 8.892908938525230744e-28 7.065054411152555900e-28 2.024504161045534010e-28 4.109684209602249561e-01 4.312400032881372090e-28 1.000000000000000000e+00 0.000000000000000000e+00 0.000000000000000000e+00 0.000000000000000000e+00 1.000000000000000000e+00 1.000000000000000000e+10 0.000000000000000000e+00 0.000000000000000000e+00 0.000000000000000000e+00 1.000000000000000000e+10
2.767025104385807399e-01 2.253863199519014415e+02 1.224612303964057105e+02 5.716618437573208666e+01 2.099063500990007158e-01 1.870694462918997942e+02 7.466858583887453645e-28 6.293421270956897332e-28 1.671657619503696451e-28 4.462265130486123277e-01 3.235647506465935298e-28 1.000000000000000000e+00 0.000000000000000000e+00 0.000000000000000000e+00 0.000000000000000000e+00 1.000000000000000000e+00 1.000000000000000000e+10 0.000000000000000000e+00 0.000000000000000000e+00 0.000000000000000000e+00 1.000000000000000000e+10
3.191179986585286343e-01 1.849611086341122075e+02 1.107821572245353536e+02 4.534282266051792476e+01 2.259360552543629719e-01 1.479619614390666698e+02 6.696895976894754350e-28 5.841902750610905895e-28 1.199563136889462793e-28 4.874890868112088382e-01 2.293180746960955669e-28 1.000000000000000000e+00 0.000000000000000000e+00 0.000000000000000000e+00 0.000000000000000000e+00 1.000000000000000000e+00 1.000000000000000000e+10 0.000000000000000000e+00 0.000000000000000000e+00 0.000000000000000000e+00 1.000000000000000000e+10
3.680353203388414540e-01 1.535842624662690525e+02 7.869099391181558190e+01 4.134278501559397512e+01 2.368209608888677820e-01 1.180862366448871796e+02 6.305472548649831461e-28 4.762134327941586902e-28 1.090376379553244876e-28 5.257093038162797827e-01 1.872483538047833441e-28 1.000000000000000000e+00 0.000000000000000000e+00 0.000000000000000000e+00 0.000000000000000000e+00 1.000000000000000000e+00 1.000000000000000000e+10 0.000000000000000000e+00 0.000000000000000000e+00 0.000000000000000000e+00 1.000000000000000000e+10
4.244511359005219142e-01 1.286370405090289921e+02 6.600183921019922195e+01 3.192676364374946019e+01 2.476530776725492100e-01 9.489866142064599330e+01 6.478055894627714298e-28 3.599218131764854110e-28 7.948383655539220322e-29 5.717207000690858187e-01 1.359949343565801025e-28 1.000000000000000000e+00 0.000000000000000000e+00 0.000000000000000000e+00 0.000000000000000000e+00 1.000000000000000000e+00 1.000000000000000000e+10 0.000000000000000000e+00 0.000000000000000000e+00 0.000000000000000000e+00 1.000000000000000000e+10
4.895148829774688681e-01 1.067356067377752851e+02 5.969167941336760919e+01 2.527372535338458448e+01 2.571635042787636105e-01 7.690416530864033007e+01 6.354175735120283728e-28 3.902262180035586154e-28 6.383445845855418437e-29 6.135230108517595315e-01 1.046499976211181627e-28 1.000000000000000000e+00 0.000000000000000000e+00 0.000000000000000000e+00 0.000000000000000000e+00 1.000000000000000000e+00 1.000000000000000000e+10 0.000000000000000000e+00 0.000000000000000000e+00 0.000000000000000000e+00 1.000000000000000000e+10
5.645521955031491679e-01 9.619525360456903229e+01 6.062449415534170782e+01 2.381776148551014671e+01 2.886104650673265160e-01 6.186856133578157824e+01 6.670126073719149479e-28 4.548560012408817120e-28 5.646685362171464961e-29 6.708426993495036905e-01 8.621204559760626227e-29 1.000000000000000000e+00 0.000000000000000000e+00 0.000000000000000000e+00 0.000000000000000000e+00 1.000000000000000000e+00 1.000000000000000000e+10 0.000000000000000000e+00 0.000000000000000000e+00 0.000000000000000000e+00 1.000000000000000000e+10
6.510919126887823039e-01 7.973219242671765983e+01 6.236544928797915333e+01 1.931424626733286942e+01 3.007992920023480621e-01 5.000814118018416110e+01 6.591344453491251450e-28 3.708825253597817081e-28 4.814497611045901792e-29 7.247076111870192072e-01 6.909514686864886963e-29 1.000000000000000000e+00 0.000000000000000000e+00 0.000000000000000000e+00 0.000000000000000000e+00 1.000000000000000000e+00 1.000000000000000000e+10 0.000000000000000000e+00 0.000000000000000000e+00 0.000000000000000000e+00 1.000000000000000000e+10
7.508972281844089602e-01 6.809670666512172943e+01 5.271383439335134113e+01 1.887319185177315362e+01 3.138054680645897543e-01 4.395835222781891360e+01 5.678462069851544726e-28 4.633333675548426663e-28 4.487361046195700648e-29 7.853408505456804800e-01 5.881478935422808608e-29 1.000000000000000000e+00 0.000000000000000000e+00 0.000000000000000000e+00 0.000000000000000000e+00 1.000000000000000000e+00 1.000000000000000000e+10 0.000000000000000000e+00 0.000000000000000000e+00 0.000000000000000000e+00 1.000000000000000000e+10
8.660016140678794550e-01 6.010316730115645356e+01 5.891654475585753659e+01 1.579824933334023029e+01 3.290520947797370144e-01 3.799298354003493472e+01 4.690508942798114446e-28 5.160084451707532566e-28 4.185535532745215351e-29 8.382393828574988826e-01 5.236612247764422547e-29 1.000000000000000000e+00 0.000000000000000000e+00 0.000000000000000000e+00 0.000000000000000000e+00 1.000000000000000000e+00 1.000000000000000000e+10 0.000000000000000000e+00 0.000000000000000000e+00 0.000000000000000000e+00 1.000000000000000000e+10
9.987502515910116063e-01 5.294441993961377335e+01 6.126363160410564745e+01 1.698139726832281937e+01 3.290483185087345053e-01 3.496159450990798945e+01 4.257259207088104758e-28 4.984419492631800064e-28 4.178979503558558024e-29 8.689868623423542271e-01 4.943838258732456462e-29 1.000000000000000000e+00 0.000000000000000000e+00 0.000000000000000000e+00 0.000000000000000000e+00 1.000000000000000000e+00 1.000000000000000000e+10 0.000000000000000000e+00 0.000000000000000000e+00 0.000000000000000000e+00 1.000000000000000000e+10
1.151847812808953542e+00 4.750080481631199092e+01 4.823536089096781154e+01 1.615674198606311762e+01 3.230504989867290511e-01 3.274732718055413727e+01 4.120005968569831533e-28 4.405198573559258318e-28 3.519040354282239253e-29 8.700453552516684841e-01 4.241080976188933980e-29 1.000000000000000000e+00 0.000000000000000000e+00 0.000000000000000000e+00 0.000000000000000000e+00 1.000000000000000000e+00 1.000000000000000000e+10 0.000000000000000000e+00 0.000000000000000000e+00 0.000000000000000000e+00 1.000000000000000000e+10
1.328413566614123908e+00 4.321167568019334482e+01 3.423933640221397923e+01 1.489174182825371417e+01 3.096145388662467912e-01 3.113765542472326686e+01 4.592369695716936928e-28 3.231863572529631680e-28 4.415996270824688640e-29 8.466783941970821292e-01 5.204468740468993428e-29 1.000000000000000000e+00 0.000000000000000000e+00 0.000000000000000000e+00 0.000000000000000000e+00 1.000000000000000000e+00 1.000000000000000000e+10 0.000000000000000000e+00 0.000000000000000000e+00 0.000000000000000000e+00 1.000000000000000000e+10
1.532044931926391351e+00 4.124078283417999558e+01 3.492125709262342781e+01 1.337233831612635626e+01 3.081948799623093205e-01 2.886769596853189057e+01 6.726304280460793564e-28 3.705616683899284559e-28 3.530761407263191214e-29 8.558268130801227613e-01 4.307988478073235915e-29 1.000000000000000000e+00 0.000000000000000000e+00 0.000000000000000000e+00 0.000000000000000000e+00 1.000000000000000000e+00 1.000000000000000000e+10 0.000000000000000000e+00 0.000000000000000000e+00 0.000000000000000000e+00 1.000000000000000000e+10
1.766890772896739126e+00 3.960943408183883463e+01 2.839419588809830231e+01 1.250770630666339045e+01 3.041516756760068718e-01 2.725614306249403285e+01 1.141552419076672591e-27 3.330524510015289787e-28 3.385042481848950863e-29 8.545974276632137823e-01 4.151072096262954221e-29 1.000000000000000000e+00 0.000000000000000000e+00 0.000000000000000000e+00 0.000000000000000000e+00 1.000000000000000000e+00 1.000000000000000000e+10 0.000000000000000000e+00 0.000000000000000000e+00 0.000000000000000000e+00 1.000000000000000000e+10
2.037735929469222107e+00 3.916480510895848255e+01 2.692129149098408192e+01 1.332970160870613974e+01 3.074185435961923063e-01 2.728340869449957040e+01 1.578873399587806242e-27 2.972132942103255517e-28 4.209296403692354762e-29 8.691019689993156883e-01 4.970798702138161692e-29 1.000000000000000000e+00 0.000000000000000000e+00 0.000000000000000000e+00 0.000000000000000000e+00 1.000000000000000000e+00 1.000000000000000000e+10 0.000000000000000000e+00 0.000000000000000000e+00 0.000000000000000000e+00 1.000000000000000000e+10
2.350098705559579226e+00 3.418988344798266610e+01 2.381308494805534082e+01 1.149020640012644456e+01 2.895966574454416076e-01 2.489058797393708744e+01 9.915078104896051022e-28 2.568327297821623947e-28 4.711876979802311068e-29 8.682005287745429012e-01 5.417884087384604013e-29 1.000000000000000000e+00 0.000000000000000000e+00 0.000000000000000000e+00 0.000000000000000000e+00 1.000000000000000000e+00 1.000000000000000000e+10 0.000000000000000000e+00 0.000000000000000000e+00 0.000000000000000000e+00 1.000000000000000000e+10
