# R (Mpc), mean rho (Msol/kpc^3), errup (Msol/kpc^3), errlow, std, median rho (Msol/kpc^3), mean pth (Msol/kpc/s^2), errup(Msol/kpc/s^2), errlow, std, median pth (Msol/kpc/s^2), mean gas-mass-weighted metal (fraction), errup, errlow, std, median metal, mean gas-mass-weighted temp (K), errup, errlow, std, median temp  
#  nprofs 187, mean mh 535467022708.390198, median mh 471266512187.968567 
#  Mass range 11.50 - 12.0
1.040961082911032697e-02 4.904077205748693668e+05 2.753849432714344584e+05 1.817354753982251277e+05 2.243789082163269166e-01 4.455368197572443751e+05 2.599853813950145023e-25 3.343809245700424831e-25 7.015047938165449373e-26 4.712603170306874922e-01 1.178817212686422393e-25 1.000000000000000000e+00 0.000000000000000000e+00 0.000000000000000000e+00 0.000000000000000000e+00 1.000000000000000000e+00 1.000000000000000000e+10 0.000000000000000000e+00 0.000000000000000000e+00 0.000000000000000000e+00 1.000000000000000000e+10
1.200529105910367808e-02 3.638413605403924594e+05 1.860971469087162986e+05 1.317819186911690631e+05 2.404502388069843510e-01 3.332500577173058991e+05 2.801610384176855164e-25 3.649983869877465493e-25 8.357330366973745390e-26 4.674119225975481018e-01 1.383177642145539851e-25 1.000000000000000000e+00 0.000000000000000000e+00 0.000000000000000000e+00 0.000000000000000000e+00 1.000000000000000000e+00 1.000000000000000000e+10 0.000000000000000000e+00 0.000000000000000000e+00 0.000000000000000000e+00 1.000000000000000000e+10
1.384557172980430476e-02 2.634787797538324376e+05 1.367416170331944304e+05 1.119198456994548615e+05 2.501459657657537639e-01 2.493994638565057830e+05 2.625503721085060336e-25 3.314835997752790816e-25 1.248002069701128879e-25 4.494039963478078659e-01 1.749001864865709481e-25 1.000000000000000000e+00 0.000000000000000000e+00 0.000000000000000000e+00 0.000000000000000000e+00 1.000000000000000000e+00 1.000000000000000000e+10 0.000000000000000000e+00 0.000000000000000000e+00 0.000000000000000000e+00 1.000000000000000000e+10
1.596794743096121086e-02 1.852558582102390646e+05 1.103342211189452501e+05 7.098074601680910564e+04 2.394524357565134820e-01 1.702053626117218228e+05 2.793981863311947906e-25 2.613232968091031077e-25 1.295021465066127244e-25 4.254222706735382165e-01 1.911239324639886504e-25 1.000000000000000000e+00 0.000000000000000000e+00 0.000000000000000000e+00 0.000000000000000000e+00 1.000000000000000000e+00 1.000000000000000000e+10 0.000000000000000000e+00 0.000000000000000000e+00 0.000000000000000000e+00 1.000000000000000000e+10
1.841566026551830909e-02 1.304721849960051331e+05 7.335599771379060985e+04 5.531049272727496282e+04 2.385820593966102854e-01 1.190666823318733514e+05 2.597654777506189211e-25 2.466437797244874356e-25 1.290641831466523106e-25 3.829182449275222999e-01 2.067530914975002030e-25 1.000000000000000000e+00 0.000000000000000000e+00 0.000000000000000000e+00 0.000000000000000000e+00 1.000000000000000000e+00 1.000000000000000000e+10 0.000000000000000000e+00 0.000000000000000000e+00 0.000000000000000000e+00 1.000000000000000000e+10
2.123858088093512342e-02 8.663900833944245824e+04 6.250651846270998067e+04 3.461170173492324830e+04 2.502376554966551092e-01 7.459932017562889087e+04 2.066872933337233960e-25 1.620661942858228875e-25 8.343035783859880616e-26 3.374023629370699329e-01 1.552360663606325161e-25 1.000000000000000000e+00 0.000000000000000000e+00 0.000000000000000000e+00 0.000000000000000000e+00 1.000000000000000000e+00 1.000000000000000000e+10 0.000000000000000000e+00 0.000000000000000000e+00 0.000000000000000000e+00 1.000000000000000000e+10
2.449422455303571639e-02 5.933095923811551620e+04 4.328959319674909784e+04 2.487095218709720211e+04 2.547487901991411507e-01 5.088855388792449230e+04 1.817429866527328026e-25 1.555097129215317396e-25 6.870058481547808266e-26 3.152016461373805534e-01 1.375337057055470012e-25 1.000000000000000000e+00 0.000000000000000000e+00 0.000000000000000000e+00 0.000000000000000000e+00 1.000000000000000000e+00 1.000000000000000000e+10 0.000000000000000000e+00 0.000000000000000000e+00 0.000000000000000000e+00 1.000000000000000000e+10
2.824892302447100725e-02 3.954756119428215607e+04 3.147892778637676747e+04 1.258899391307173937e+04 2.493173043023557967e-01 3.149902737477714618e+04 1.515829578187956823e-25 1.094642582888228876e-25 6.417718741258453991e-26 3.061290072032427645e-01 1.223205542004361181e-25 1.000000000000000000e+00 0.000000000000000000e+00 0.000000000000000000e+00 0.000000000000000000e+00 1.000000000000000000e+00 1.000000000000000000e+10 0.000000000000000000e+00 0.000000000000000000e+00 0.000000000000000000e+00 1.000000000000000000e+10
3.257917597328415654e-02 2.666570808566051710e+04 1.765813986441565794e+04 8.572097985927064656e+03 2.387236669137534073e-01 2.188217861556167190e+04 1.213481454497778134e-25 9.085251796072433936e-26 5.143150252042551778e-26 2.993118368515850780e-01 9.741315851853395181e-26 1.000000000000000000e+00 0.000000000000000000e+00 0.000000000000000000e+00 0.000000000000000000e+00 1.000000000000000000e+00 1.000000000000000000e+10 0.000000000000000000e+00 0.000000000000000000e+00 0.000000000000000000e+00 1.000000000000000000e+10
3.757320964692217186e-02 1.882912959008580583e+04 1.097581898578488654e+04 5.569734667119084406e+03 2.263079801920538925e-01 1.539119407042935745e+04 1.020598600727679524e-25 7.854828933617185629e-26 3.868504787505879051e-26 2.949159639280288792e-01 7.891616158936309400e-26 1.000000000000000000e+00 0.000000000000000000e+00 0.000000000000000000e+00 0.000000000000000000e+00 1.000000000000000000e+00 1.000000000000000000e+10 0.000000000000000000e+00 0.000000000000000000e+00 0.000000000000000000e+00 1.000000000000000000e+10
4.333277441790538143e-02 1.347639373048874040e+04 6.769307717972096725e+03 3.912584585253625846e+03 2.035434069593781981e-01 1.136515596476532301e+04 8.388759341102220281e-26 6.275430699820947681e-26 3.570579521928928210e-26 2.786441890791829246e-01 6.953360374682610177e-26 1.000000000000000000e+00 0.000000000000000000e+00 0.000000000000000000e+00 0.000000000000000000e+00 1.000000000000000000e+00 1.000000000000000000e+10 0.000000000000000000e+00 0.000000000000000000e+00 0.000000000000000000e+00 1.000000000000000000e+10
4.997521788524898756e-02 1.001057953102629290e+04 4.302773891354867374e+03 3.251711914262248683e+03 1.869303634423491733e-01 9.117395990460730900e+03 6.985747262095437033e-26 5.448993159337394145e-26 2.759143777867771038e-26 2.849033527049682490e-01 5.456079647918198696e-26 1.000000000000000000e+00 0.000000000000000000e+00 0.000000000000000000e+00 0.000000000000000000e+00 1.000000000000000000e+00 1.000000000000000000e+10 0.000000000000000000e+00 0.000000000000000000e+00 0.000000000000000000e+00 1.000000000000000000e+10
5.763587575980636674e-02 7.796881897389143887e+03 3.391384122141815169e+03 2.510422742430965627e+03 1.808897564314747575e-01 7.093747769556814092e+03 5.504454524118177992e-26 4.686012617559638433e-26 1.999042995920962871e-26 2.806714775044893972e-01 4.318348998564519023e-26 1.000000000000000000e+00 0.000000000000000000e+00 0.000000000000000000e+00 0.000000000000000000e+00 1.000000000000000000e+00 1.000000000000000000e+10 0.000000000000000000e+00 0.000000000000000000e+00 0.000000000000000000e+00 1.000000000000000000e+10
6.647082924635627776e-02 6.008889781862132622e+03 2.652203542568910052e+03 1.995085587442940323e+03 1.757947520986750389e-01 5.668040872987054172e+03 4.262846072939582421e-26 3.229333548896752346e-26 1.748937947016337846e-26 2.789736837901602429e-01 3.537544643065558214e-26 1.000000000000000000e+00 0.000000000000000000e+00 0.000000000000000000e+00 0.000000000000000000e+00 1.000000000000000000e+00 1.000000000000000000e+10 0.000000000000000000e+00 0.000000000000000000e+00 0.000000000000000000e+00 1.000000000000000000e+10
7.666008510240249207e-02 4.706160901727324017e+03 2.085567472065214133e+03 1.574550445397394469e+03 1.706597510798722461e-01 4.484478121693957291e+03 3.261111934262725284e-26 2.457412171721110045e-26 1.354845981651577317e-26 2.757511736033400607e-01 2.712888171304939348e-26 1.000000000000000000e+00 0.000000000000000000e+00 0.000000000000000000e+00 0.000000000000000000e+00 1.000000000000000000e+00 1.000000000000000000e+10 0.000000000000000000e+00 0.000000000000000000e+00 0.000000000000000000e+00 1.000000000000000000e+10
8.841124316543315376e-02 3.707401643859748674e+03 1.866309666354058663e+03 1.133831650951289248e+03 1.741475790311876881e-01 3.329958444602101281e+03 2.424831436001040360e-26 1.968674011130296580e-26 9.232509753949457984e-27 2.770797779195204869e-01 1.910232584418724248e-26 1.000000000000000000e+00 0.000000000000000000e+00 0.000000000000000000e+00 0.000000000000000000e+00 1.000000000000000000e+00 1.000000000000000000e+10 0.000000000000000000e+00 0.000000000000000000e+00 0.000000000000000000e+00 1.000000000000000000e+10
1.019637260722580097e-01 2.900481993267516827e+03 1.561589838850965862e+03 7.756919978343128150e+02 1.742151165502340837e-01 2.572971023446047184e+03 1.762182859434627266e-26 1.542845272548995625e-26 7.110293553703296552e-27 2.862960983487001232e-01 1.411778356669943570e-26 1.000000000000000000e+00 0.000000000000000000e+00 0.000000000000000000e+00 0.000000000000000000e+00 1.000000000000000000e+00 1.000000000000000000e+10 0.000000000000000000e+00 0.000000000000000000e+00 0.000000000000000000e+00 1.000000000000000000e+10
1.175936573483598035e-01 2.202528076209474875e+03 1.116312003625477473e+03 6.617467919799228184e+02 1.764758104300437613e-01 2.000981952237493033e+03 1.259631890640555220e-26 1.107790477104058536e-26 5.150765371427702041e-27 2.929514051439665590e-01 1.012773623896881748e-26 1.000000000000000000e+00 0.000000000000000000e+00 0.000000000000000000e+00 0.000000000000000000e+00 1.000000000000000000e+00 1.000000000000000000e+10 0.000000000000000000e+00 0.000000000000000000e+00 0.000000000000000000e+00 1.000000000000000000e+10
1.356194872553388164e-01 1.661038402229159146e+03 8.932517990985113556e+02 5.430032525594716617e+02 1.827421064579979326e-01 1.526242969259706342e+03 8.845231117363580205e-27 8.005178385002933439e-27 3.724284026657103493e-27 3.051134016297238349e-01 7.134786052618183966e-27 1.000000000000000000e+00 0.000000000000000000e+00 0.000000000000000000e+00 0.000000000000000000e+00 1.000000000000000000e+00 1.000000000000000000e+10 0.000000000000000000e+00 0.000000000000000000e+00 0.000000000000000000e+00 1.000000000000000000e+10
1.564084810196403053e-01 1.243423367646553970e+03 6.028991633949299285e+02 4.146784112988218567e+02 1.794883039139716085e-01 1.148896415905828235e+03 6.149768686119156583e-27 5.491593367096985629e-27 2.761912488555660745e-27 3.132132745371656313e-01 4.967733733780217577e-27 1.000000000000000000e+00 0.000000000000000000e+00 0.000000000000000000e+00 0.000000000000000000e+00 1.000000000000000000e+00 1.000000000000000000e+10 0.000000000000000000e+00 0.000000000000000000e+00 0.000000000000000000e+00 1.000000000000000000e+10
1.803842016362447453e-01 9.133601510595357240e+02 4.199804861338748196e+02 3.112395869719765642e+02 1.778303568216165198e-01 8.517545473022462375e+02 4.256940519810924071e-27 4.436590490375461686e-27 1.707088568179100151e-27 3.284228511777818049e-01 3.114325161842175809e-27 1.000000000000000000e+00 0.000000000000000000e+00 0.000000000000000000e+00 0.000000000000000000e+00 1.000000000000000000e+00 1.000000000000000000e+10 0.000000000000000000e+00 0.000000000000000000e+00 0.000000000000000000e+00 1.000000000000000000e+10
2.080351397048574025e-01 6.589571179652061801e+02 2.935513212906236049e+02 2.315516277603315984e+02 1.731250755418638210e-01 6.218334700647981208e+02 2.956211636024646431e-27 2.737621520969152085e-27 1.227686608463223475e-27 3.447468340267452747e-01 2.139194288801814326e-27 1.000000000000000000e+00 0.000000000000000000e+00 0.000000000000000000e+00 0.000000000000000000e+00 1.000000000000000000e+00 1.000000000000000000e+10 0.000000000000000000e+00 0.000000000000000000e+00 0.000000000000000000e+00 1.000000000000000000e+10
2.399246661262133540e-01 4.908025700696020408e+02 2.648490128862657116e+02 1.460432629976003795e+02 1.827718366546091933e-01 4.294921371881588925e+02 2.062306108046295819e-27 1.851457740391670910e-27 8.796919447283235623e-28 3.651057198620464850e-01 1.453706459871363340e-27 1.000000000000000000e+00 0.000000000000000000e+00 0.000000000000000000e+00 0.000000000000000000e+00 1.000000000000000000e+00 1.000000000000000000e+10 0.000000000000000000e+00 0.000000000000000000e+00 0.000000000000000000e+00 1.000000000000000000e+10
2.767025104385807399e-01 3.672531112809481897e+02 1.951342949665397555e+02 1.139913512966457745e+02 1.954086976881732884e-01 3.168495313409663936e+02 1.480994990971206817e-27 1.343919563993265674e-27 5.382707116165023278e-28 3.935240823377539887e-01 8.860344576035948130e-28 1.000000000000000000e+00 0.000000000000000000e+00 0.000000000000000000e+00 0.000000000000000000e+00 1.000000000000000000e+00 1.000000000000000000e+10 0.000000000000000000e+00 0.000000000000000000e+00 0.000000000000000000e+00 1.000000000000000000e+10
3.191179986585286343e-01 2.674737129695457725e+02 1.333096039684681671e+02 8.276609422390006898e+01 2.010924248541244574e-01 2.303651307596324784e+02 1.098933198254546535e-27 1.037734115758860941e-27 3.886747810712010973e-28 4.256190441988021989e-01 6.083671051897296484e-28 1.000000000000000000e+00 0.000000000000000000e+00 0.000000000000000000e+00 0.000000000000000000e+00 1.000000000000000000e+00 1.000000000000000000e+10 0.000000000000000000e+00 0.000000000000000000e+00 0.000000000000000000e+00 1.000000000000000000e+10
3.680353203388414540e-01 1.969562873900413535e+02 1.131451237528963532e+02 5.366107006291761650e+01 2.061666677410961823e-01 1.621864032221005516e+02 8.758528967725093769e-28 7.785323143532099262e-28 2.547416014283519285e-28 4.603535146648257692e-01 4.042313471565228317e-28 1.000000000000000000e+00 0.000000000000000000e+00 0.000000000000000000e+00 0.000000000000000000e+00 1.000000000000000000e+00 1.000000000000000000e+10 0.000000000000000000e+00 0.000000000000000000e+00 0.000000000000000000e+00 1.000000000000000000e+10
4.244511359005219142e-01 1.529923802766088556e+02 9.401140555828935419e+01 4.076092055143298865e+01 2.214688703474008147e-01 1.217126781873351860e+02 7.436386808764196574e-28 6.320410091627522130e-28 1.712832707369970612e-28 4.984579084755219047e-01 2.710341408177295929e-28 1.000000000000000000e+00 0.000000000000000000e+00 0.000000000000000000e+00 0.000000000000000000e+00 1.000000000000000000e+00 1.000000000000000000e+10 0.000000000000000000e+00 0.000000000000000000e+00 0.000000000000000000e+00 1.000000000000000000e+10
4.895148829774688681e-01 1.198162115912912782e+02 6.787771452804464900e+01 3.245523080237342839e+01 2.336472127829863632e-01 9.458003642749669382e+01 6.448009601688903028e-28 4.938627756431372766e-28 1.226611153221981301e-28 5.361798014897238840e-01 1.898466618950420003e-28 1.000000000000000000e+00 0.000000000000000000e+00 0.000000000000000000e+00 0.000000000000000000e+00 1.000000000000000000e+00 1.000000000000000000e+10 0.000000000000000000e+00 0.000000000000000000e+00 0.000000000000000000e+00 1.000000000000000000e+10
5.645521955031491679e-01 9.923231132454672831e+01 6.358702618860534983e+01 2.750210954577614331e+01 2.568545888276838607e-01 7.323596066730014797e+01 6.689509342863956413e-28 5.193940121318690974e-28 7.990979566300320783e-29 6.065086131506447487e-01 1.274974862235088160e-28 1.000000000000000000e+00 0.000000000000000000e+00 0.000000000000000000e+00 0.000000000000000000e+00 1.000000000000000000e+00 1.000000000000000000e+10 0.000000000000000000e+00 0.000000000000000000e+00 0.000000000000000000e+00 1.000000000000000000e+10
6.510919126887823039e-01 9.007243088072297610e+01 8.159970615835217700e+01 2.315309870171151374e+01 2.950341734886069434e-01 5.937589375818279791e+01 6.734329708362899381e-28 6.443206430447291888e-28 5.843086571668542098e-29 6.884610658820208284e-01 8.853958504205337126e-29 1.000000000000000000e+00 0.000000000000000000e+00 0.000000000000000000e+00 0.000000000000000000e+00 1.000000000000000000e+00 1.000000000000000000e+10 0.000000000000000000e+00 0.000000000000000000e+00 0.000000000000000000e+00 1.000000000000000000e+10
7.508972281844089602e-01 7.789992026908964817e+01 7.925752909609124686e+01 1.784601825459199276e+01 3.125398356104151509e-01 4.805259397912484332e+01 6.153415249520448580e-28 5.475357723695016431e-28 4.964589072112533141e-29 7.394305981823463547e-01 7.108236945755932805e-29 1.000000000000000000e+00 0.000000000000000000e+00 0.000000000000000000e+00 0.000000000000000000e+00 1.000000000000000000e+00 1.000000000000000000e+10 0.000000000000000000e+00 0.000000000000000000e+00 0.000000000000000000e+00 1.000000000000000000e+10
8.660016140678794550e-01 6.434599924152755079e+01 5.416721823153488202e+01 1.870167948979105788e+01 2.975882518137352717e-01 4.418165878145936887e+01 5.443492321399084083e-28 4.783839651027619619e-28 3.971496438862548636e-29 7.567603977108153801e-01 5.655338201361559123e-29 1.000000000000000000e+00 0.000000000000000000e+00 0.000000000000000000e+00 0.000000000000000000e+00 1.000000000000000000e+00 1.000000000000000000e+10 0.000000000000000000e+00 0.000000000000000000e+00 0.000000000000000000e+00 1.000000000000000000e+10
9.987502515910116063e-01 5.469372681094762356e+01 4.929149209844239721e+01 1.561481668739741480e+01 2.877906534866147004e-01 3.853641697392244936e+01 5.529456796470441528e-28 4.517486065264316346e-28 4.060621200673017547e-29 7.710088219445064839e-01 5.288719996041930373e-29 1.000000000000000000e+00 0.000000000000000000e+00 0.000000000000000000e+00 0.000000000000000000e+00 1.000000000000000000e+00 1.000000000000000000e+10 0.000000000000000000e+00 0.000000000000000000e+00 0.000000000000000000e+00 1.000000000000000000e+10
1.151847812808953542e+00 4.934543040316624030e+01 3.758445133102221547e+01 1.634469434673234289e+01 2.933184201137362668e-01 3.632295637830640800e+01 6.445927037690172615e-28 4.761157308265649094e-28 4.075783932334786399e-29 7.983505776186335945e-01 5.079200386488132222e-29 1.000000000000000000e+00 0.000000000000000000e+00 0.000000000000000000e+00 0.000000000000000000e+00 1.000000000000000000e+00 1.000000000000000000e+10 0.000000000000000000e+00 0.000000000000000000e+00 0.000000000000000000e+00 1.000000000000000000e+10
1.328413566614123908e+00 4.666366256633294540e+01 3.740613236158301902e+01 1.422388967348921796e+01 2.938654159407364519e-01 3.245852000151074890e+01 8.173419600399701155e-28 4.720127844532473589e-28 4.047008328622931752e-29 7.975178220274008467e-01 5.098578976918331140e-29 1.000000000000000000e+00 0.000000000000000000e+00 0.000000000000000000e+00 0.000000000000000000e+00 1.000000000000000000e+00 1.000000000000000000e+10 0.000000000000000000e+00 0.000000000000000000e+00 0.000000000000000000e+00 1.000000000000000000e+10
1.532044931926391351e+00 4.375196645962945752e+01 4.178808382126767640e+01 1.263903683700960201e+01 2.914394184390446396e-01 3.016256068824969816e+01 9.945639515824960529e-28 3.853045955896854360e-28 3.987185858385041372e-29 7.787197764590475524e-01 5.210821162645353440e-29 1.000000000000000000e+00 0.000000000000000000e+00 0.000000000000000000e+00 0.000000000000000000e+00 1.000000000000000000e+00 1.000000000000000000e+10 0.000000000000000000e+00 0.000000000000000000e+00 0.000000000000000000e+00 1.000000000000000000e+10
1.766890772896739126e+00 3.805892624334967422e+01 2.482243009449975801e+01 1.320203480573897181e+01 2.662700071016746439e-01 2.909738987149798106e+01 7.449990987505991699e-28 2.792795174663893680e-28 4.351228230661529937e-29 7.365272690903582609e-01 5.540585112561457478e-29 1.000000000000000000e+00 0.000000000000000000e+00 0.000000000000000000e+00 0.000000000000000000e+00 1.000000000000000000e+00 1.000000000000000000e+10 0.000000000000000000e+00 0.000000000000000000e+00 0.000000000000000000e+00 1.000000000000000000e+10
2.037735929469222107e+00 3.295873997425410806e+01 2.400178951978438491e+01 1.088834039448390634e+01 2.461545204202805759e-01 2.664928315924138857e+01 3.757952654227796776e-28 2.663569944560189766e-28 3.661922105911332667e-29 7.046236719822969174e-01 4.928809295065910099e-29 1.000000000000000000e+00 0.000000000000000000e+00 0.000000000000000000e+00 0.000000000000000000e+00 1.000000000000000000e+00 1.000000000000000000e+10 0.000000000000000000e+00 0.000000000000000000e+00 0.000000000000000000e+00 1.000000000000000000e+10
2.350098705559579226e+00 3.092304114709869367e+01 2.548715917633936456e+01 7.892920931146910846e+00 2.399980017742596172e-01 2.370152908276068970e+01 2.838816197756557966e-28 2.335829310180613764e-28 4.772720254918745930e-29 6.825516247549271442e-01 6.165701013269708511e-29 1.000000000000000000e+00 0.000000000000000000e+00 0.000000000000000000e+00 0.000000000000000000e+00 1.000000000000000000e+00 1.000000000000000000e+10 0.000000000000000000e+00 0.000000000000000000e+00 0.000000000000000000e+00 1.000000000000000000e+10
