# R (Mpc), mean rho (Msol/kpc^3), errup (Msol/kpc^3), errlow, std, median rho (Msol/kpc^3), mean pth (Msol/kpc/s^2), errup(Msol/kpc/s^2), errlow, std, median pth (Msol/kpc/s^2), mean gas-mass-weighted metal (fraction), errup, errlow, std, median metal, mean gas-mass-weighted temp (K), errup, errlow, std, median temp  
#  nprofs 186, mean mh 550010675278.623291, median mh 502617343884.966675 
#  Mass range 11.50 - 12.0
1.040961082911032697e-02 7.551019299502513604e+05 3.757884220969768940e+05 2.682957704471700708e+05 2.136121367855691733e-01 7.048858131167577812e+05 3.462777813420032438e-25 3.986997552940199154e-25 1.644441306302018858e-25 4.318164177795287828e-01 2.398885869526292308e-25 1.000000000000000000e+00 0.000000000000000000e+00 0.000000000000000000e+00 0.000000000000000000e+00 1.000000000000000000e+00 1.000000000000000000e+10 0.000000000000000000e+00 0.000000000000000000e+00 0.000000000000000000e+00 1.000000000000000000e+10
1.200529105910367808e-02 5.722533267804094357e+05 2.990874148680767976e+05 2.079357193865953595e+05 2.258856330496310516e-01 5.350745609457243700e+05 3.540546221353435736e-25 3.618095647321310734e-25 1.562910416937589967e-25 4.102474946087270591e-01 2.363709157104317178e-25 1.000000000000000000e+00 0.000000000000000000e+00 0.000000000000000000e+00 0.000000000000000000e+00 1.000000000000000000e+00 1.000000000000000000e+10 0.000000000000000000e+00 0.000000000000000000e+00 0.000000000000000000e+00 1.000000000000000000e+10
1.384557172980430476e-02 4.009446715916995890e+05 2.448271292346463306e+05 1.739334382680926938e+05 2.470741597237607057e-01 3.829839117853676435e+05 3.369087817226027586e-25 3.778992666911251158e-25 1.709646426454031644e-25 4.435615144614183381e-01 2.368496455931772172e-25 1.000000000000000000e+00 0.000000000000000000e+00 0.000000000000000000e+00 0.000000000000000000e+00 1.000000000000000000e+00 1.000000000000000000e+10 0.000000000000000000e+00 0.000000000000000000e+00 0.000000000000000000e+00 1.000000000000000000e+10
1.596794743096121086e-02 2.691619618932680460e+05 1.747190160323284217e+05 1.030933333044424653e+05 2.348368924675471592e-01 2.363383614086592570e+05 3.616281079934421753e-25 3.534643260291696447e-25 1.694505560254940864e-25 4.116722684933138421e-01 2.686616149083703111e-25 1.000000000000000000e+00 0.000000000000000000e+00 0.000000000000000000e+00 0.000000000000000000e+00 1.000000000000000000e+00 1.000000000000000000e+10 0.000000000000000000e+00 0.000000000000000000e+00 0.000000000000000000e+00 1.000000000000000000e+10
1.841566026551830909e-02 1.758334367068176798e+05 1.181599310483863228e+05 6.085262939806318900e+04 2.369732370245288544e-01 1.502383543662299635e+05 3.123484854426942671e-25 3.651070135535584562e-25 1.395291773293167470e-25 3.891208613545665829e-01 2.245816442024831722e-25 1.000000000000000000e+00 0.000000000000000000e+00 0.000000000000000000e+00 0.000000000000000000e+00 1.000000000000000000e+00 1.000000000000000000e+10 0.000000000000000000e+00 0.000000000000000000e+00 0.000000000000000000e+00 1.000000000000000000e+10
2.123858088093512342e-02 1.114686074451943568e+05 6.701434828662007931e+04 3.295056524148907192e+04 2.279506374792895917e-01 9.376301393559551798e+04 2.805789367209245942e-25 2.792540834245992554e-25 1.118161455039336494e-25 3.563517405168538099e-01 2.009406506394020751e-25 1.000000000000000000e+00 0.000000000000000000e+00 0.000000000000000000e+00 0.000000000000000000e+00 1.000000000000000000e+00 1.000000000000000000e+10 0.000000000000000000e+00 0.000000000000000000e+00 0.000000000000000000e+00 1.000000000000000000e+10
2.449422455303571639e-02 7.364810807202244177e+04 3.688938532298983773e+04 2.003986605284800316e+04 2.134226699715436881e-01 6.190757867260111379e+04 2.374986430482999473e-25 2.367671120198636198e-25 9.311754974998255272e-26 3.484071742049018039e-01 1.674241148701194261e-25 1.000000000000000000e+00 0.000000000000000000e+00 0.000000000000000000e+00 0.000000000000000000e+00 1.000000000000000000e+00 1.000000000000000000e+10 0.000000000000000000e+00 0.000000000000000000e+00 0.000000000000000000e+00 1.000000000000000000e+10
2.824892302447100725e-02 4.903961643915120658e+04 2.842131935332017747e+04 1.428739124294118665e+04 2.053772741510903610e-01 4.184307869390609994e+04 1.882663602424720434e-25 1.989345521631358035e-25 7.514526152443315644e-26 3.461625084941390984e-01 1.359008446667967377e-25 1.000000000000000000e+00 0.000000000000000000e+00 0.000000000000000000e+00 0.000000000000000000e+00 1.000000000000000000e+00 1.000000000000000000e+10 0.000000000000000000e+00 0.000000000000000000e+00 0.000000000000000000e+00 1.000000000000000000e+10
3.257917597328415654e-02 3.454686619164983858e+04 1.748356691628398403e+04 1.075027948310352440e+04 1.899678373514980534e-01 3.099001644066003792e+04 1.484496677662170720e-25 1.575006772951820524e-25 5.447568190353042850e-26 3.234510227533031745e-01 1.043450882752646520e-25 1.000000000000000000e+00 0.000000000000000000e+00 0.000000000000000000e+00 0.000000000000000000e+00 1.000000000000000000e+00 1.000000000000000000e+10 0.000000000000000000e+00 0.000000000000000000e+00 0.000000000000000000e+00 1.000000000000000000e+10
3.757320964692217186e-02 2.386996237603095142e+04 1.139270020174401725e+04 6.870945863223678316e+03 1.795597563153147058e-01 2.141666233591962373e+04 1.157367678771245252e-25 1.119632840099008868e-25 4.282448604768576921e-26 3.161286963704566522e-01 8.568132120753605555e-26 1.000000000000000000e+00 0.000000000000000000e+00 0.000000000000000000e+00 0.000000000000000000e+00 1.000000000000000000e+00 1.000000000000000000e+10 0.000000000000000000e+00 0.000000000000000000e+00 0.000000000000000000e+00 1.000000000000000000e+10
4.333277441790538143e-02 1.717318674816253042e+04 7.697719078404530592e+03 5.668526613536298100e+03 1.756291389256015301e-01 1.598487515832914141e+04 9.470859076608858450e-26 8.624004942057137270e-26 3.316421119816483857e-26 3.107786900521231632e-01 6.791998263111718664e-26 1.000000000000000000e+00 0.000000000000000000e+00 0.000000000000000000e+00 0.000000000000000000e+00 1.000000000000000000e+00 1.000000000000000000e+10 0.000000000000000000e+00 0.000000000000000000e+00 0.000000000000000000e+00 1.000000000000000000e+10
4.997521788524898756e-02 1.259959163179205461e+04 5.823745446381410147e+03 4.172670090146155417e+03 1.761172553297631893e-01 1.168835411651771938e+04 7.454672094733882716e-26 6.146783493517930290e-26 2.672227354131444049e-26 3.032569982752261195e-01 5.543140565899664773e-26 1.000000000000000000e+00 0.000000000000000000e+00 0.000000000000000000e+00 0.000000000000000000e+00 1.000000000000000000e+00 1.000000000000000000e+10 0.000000000000000000e+00 0.000000000000000000e+00 0.000000000000000000e+00 1.000000000000000000e+10
5.763587575980636674e-02 9.445159121567501643e+03 4.633954141130892822e+03 2.783383680877407642e+03 1.730549870797622736e-01 8.562304436190515844e+03 5.943582013653963468e-26 5.135221482755503597e-26 1.995489570768082772e-26 2.931521435381946317e-01 4.322050690252088243e-26 1.000000000000000000e+00 0.000000000000000000e+00 0.000000000000000000e+00 0.000000000000000000e+00 1.000000000000000000e+00 1.000000000000000000e+10 0.000000000000000000e+00 0.000000000000000000e+00 0.000000000000000000e+00 1.000000000000000000e+10
6.647082924635627776e-02 7.156622729609177441e+03 3.053287945362857499e+03 2.103455061599990586e+03 1.739948663021294306e-01 6.619283759655623726e+03 4.394012691327578549e-26 3.768749390232519312e-26 1.568294439202202497e-26 2.744542896965374568e-01 3.397527498301175778e-26 1.000000000000000000e+00 0.000000000000000000e+00 0.000000000000000000e+00 0.000000000000000000e+00 1.000000000000000000e+00 1.000000000000000000e+10 0.000000000000000000e+00 0.000000000000000000e+00 0.000000000000000000e+00 1.000000000000000000e+10
7.666008510240249207e-02 5.395322864742406637e+03 2.274794552319460308e+03 1.641602164269339482e+03 1.736045538319103965e-01 5.000683136706955338e+03 3.295340656561364761e-26 2.316740236636598336e-26 1.320058489218899510e-26 2.615885950499689527e-01 2.741866025785166071e-26 1.000000000000000000e+00 0.000000000000000000e+00 0.000000000000000000e+00 0.000000000000000000e+00 1.000000000000000000e+00 1.000000000000000000e+10 0.000000000000000000e+00 0.000000000000000000e+00 0.000000000000000000e+00 1.000000000000000000e+10
8.841124316543315376e-02 4.010752246990594813e+03 1.800963435358138668e+03 1.115003422345092076e+03 1.669552515197589571e-01 3.671552971774680373e+03 2.355705654705173537e-26 1.656824477176564322e-26 8.974062697635845822e-27 2.497626218966008393e-01 1.982038465734346198e-26 1.000000000000000000e+00 0.000000000000000000e+00 0.000000000000000000e+00 0.000000000000000000e+00 1.000000000000000000e+00 1.000000000000000000e+10 0.000000000000000000e+00 0.000000000000000000e+00 0.000000000000000000e+00 1.000000000000000000e+10
1.019637260722580097e-01 3.028185366355634869e+03 1.398674498147594932e+03 8.092918422535724403e+02 1.613314184290446096e-01 2.773581131672462107e+03 1.704110515838655713e-26 1.280379707812717950e-26 5.987346054736446912e-27 2.502231708487096529e-01 1.387841015151480511e-26 1.000000000000000000e+00 0.000000000000000000e+00 0.000000000000000000e+00 0.000000000000000000e+00 1.000000000000000000e+00 1.000000000000000000e+10 0.000000000000000000e+00 0.000000000000000000e+00 0.000000000000000000e+00 1.000000000000000000e+10
1.175936573483598035e-01 2.293894481645857468e+03 1.008307178603893590e+03 6.157910103977133076e+02 1.697985500873724629e-01 2.076916151297050419e+03 1.232941064930242523e-26 9.316528507582063194e-27 4.521283615221269893e-27 2.626395206021349682e-01 9.869671517637454148e-27 1.000000000000000000e+00 0.000000000000000000e+00 0.000000000000000000e+00 0.000000000000000000e+00 1.000000000000000000e+00 1.000000000000000000e+10 0.000000000000000000e+00 0.000000000000000000e+00 0.000000000000000000e+00 1.000000000000000000e+10
1.356194872553388164e-01 1.671298055327918064e+03 8.160096439790081604e+02 4.751128849340225315e+02 1.657054094277614076e-01 1.533926579347078132e+03 8.865826345289477056e-27 6.588620268270306866e-27 3.694140589229043911e-27 2.795570146718021065e-01 7.390574208285575081e-27 1.000000000000000000e+00 0.000000000000000000e+00 0.000000000000000000e+00 0.000000000000000000e+00 1.000000000000000000e+00 1.000000000000000000e+10 0.000000000000000000e+00 0.000000000000000000e+00 0.000000000000000000e+00 1.000000000000000000e+10
1.564084810196403053e-01 1.196431347975556719e+03 5.227730517511236030e+02 3.629659903233957721e+02 1.661961624812519633e-01 1.111403878822255137e+03 6.120046193575123321e-27 4.810069985933641604e-27 2.750628382296648172e-27 2.990954746606334091e-01 5.075753711880294433e-27 1.000000000000000000e+00 0.000000000000000000e+00 0.000000000000000000e+00 0.000000000000000000e+00 1.000000000000000000e+00 1.000000000000000000e+10 0.000000000000000000e+00 0.000000000000000000e+00 0.000000000000000000e+00 1.000000000000000000e+10
1.803842016362447453e-01 8.531173556937229705e+02 3.951233082555693272e+02 2.614612270692485936e+02 1.720055721837959184e-01 7.852641069043311290e+02 4.124623632758190812e-27 3.176747604526136795e-27 1.871281739179442761e-27 3.210756548333819071e-01 3.282654380618764990e-27 1.000000000000000000e+00 0.000000000000000000e+00 0.000000000000000000e+00 0.000000000000000000e+00 1.000000000000000000e+00 1.000000000000000000e+10 0.000000000000000000e+00 0.000000000000000000e+00 0.000000000000000000e+00 1.000000000000000000e+10
2.080351397048574025e-01 6.008281493641081852e+02 3.002997846461473728e+02 1.881815792418411206e+02 1.805589681657344403e-01 5.433693075072335432e+02 2.743405718158675383e-27 2.348189725675814261e-27 1.241844579707134885e-27 3.469815505865425087e-01 2.062302727242585414e-27 1.000000000000000000e+00 0.000000000000000000e+00 0.000000000000000000e+00 0.000000000000000000e+00 1.000000000000000000e+00 1.000000000000000000e+10 0.000000000000000000e+00 0.000000000000000000e+00 0.000000000000000000e+00 1.000000000000000000e+10
2.399246661262133540e-01 4.270305147099990108e+02 2.185164662810603886e+02 1.348505527659964685e+02 1.845855786867884873e-01 3.778137957414002130e+02 1.841977124110125547e-27 1.598594346365576050e-27 7.176504126781933237e-28 3.705237876249102280e-01 1.217838013407469764e-27 1.000000000000000000e+00 0.000000000000000000e+00 0.000000000000000000e+00 0.000000000000000000e+00 1.000000000000000000e+00 1.000000000000000000e+10 0.000000000000000000e+00 0.000000000000000000e+00 0.000000000000000000e+00 1.000000000000000000e+10
2.767025104385807399e-01 3.137466204441049626e+02 1.572511635954407438e+02 1.019081361406303188e+02 2.038149887336009880e-01 2.701799382142402806e+02 1.273955103397634809e-27 1.241331516960912132e-27 4.835090337875429824e-28 4.073597067659249782e-01 7.605889320722805162e-28 1.000000000000000000e+00 0.000000000000000000e+00 0.000000000000000000e+00 0.000000000000000000e+00 1.000000000000000000e+00 1.000000000000000000e+10 0.000000000000000000e+00 0.000000000000000000e+00 0.000000000000000000e+00 1.000000000000000000e+10
3.191179986585286343e-01 2.270957400774323105e+02 1.271682497833164405e+02 7.127899631508077505e+01 2.122150086445880046e-01 1.912968637289522178e+02 9.403001976135367598e-28 9.394248792726166468e-28 3.472597590719017521e-28 4.489850803718014594e-01 5.068253970848954191e-28 1.000000000000000000e+00 0.000000000000000000e+00 0.000000000000000000e+00 0.000000000000000000e+00 1.000000000000000000e+00 1.000000000000000000e+10 0.000000000000000000e+00 0.000000000000000000e+00 0.000000000000000000e+00 1.000000000000000000e+10
3.680353203388414540e-01 1.717853444980731581e+02 1.044477027126711164e+02 4.426091612400141173e+01 2.253417828661334332e-01 1.344212145877411899e+02 7.600842480751967071e-28 7.853645651990207268e-28 2.067243076308033829e-28 4.937670055013873016e-01 3.174683279621018500e-28 1.000000000000000000e+00 0.000000000000000000e+00 0.000000000000000000e+00 0.000000000000000000e+00 1.000000000000000000e+00 1.000000000000000000e+10 0.000000000000000000e+00 0.000000000000000000e+00 0.000000000000000000e+00 1.000000000000000000e+10
4.244511359005219142e-01 1.358498358708851583e+02 8.804191375007272313e+01 3.439982848679873939e+01 2.368875112609395150e-01 1.040254040553569439e+02 6.595386150836792117e-28 6.175441964988476327e-28 1.347054402776274067e-28 5.367932354244607795e-01 2.112098345376036512e-28 1.000000000000000000e+00 0.000000000000000000e+00 0.000000000000000000e+00 0.000000000000000000e+00 1.000000000000000000e+00 1.000000000000000000e+10 0.000000000000000000e+00 0.000000000000000000e+00 0.000000000000000000e+00 1.000000000000000000e+10
4.895148829774688681e-01 1.082216878160070763e+02 5.995823275770001715e+01 2.747172170098543376e+01 2.485685921221907901e-01 8.000786415308715505e+01 6.025453658937463765e-28 5.565834843592516761e-28 8.935949807217599296e-29 5.872230387888626169e-01 1.433158676554852086e-28 1.000000000000000000e+00 0.000000000000000000e+00 0.000000000000000000e+00 0.000000000000000000e+00 1.000000000000000000e+00 1.000000000000000000e+10 0.000000000000000000e+00 0.000000000000000000e+00 0.000000000000000000e+00 1.000000000000000000e+10
5.645521955031491679e-01 9.390852894785254534e+01 7.413356220742070946e+01 2.210816217862697641e+01 2.689601005395722000e-01 6.415796000004499433e+01 6.106458846366215122e-28 6.745624006013819835e-28 6.596619374153646886e-29 6.571262426960119418e-01 1.012490327554067559e-28 1.000000000000000000e+00 0.000000000000000000e+00 0.000000000000000000e+00 0.000000000000000000e+00 1.000000000000000000e+00 1.000000000000000000e+10 0.000000000000000000e+00 0.000000000000000000e+00 0.000000000000000000e+00 1.000000000000000000e+10
6.510919126887823039e-01 8.938833497546724516e+01 8.897623284953019152e+01 2.425662041155667481e+01 3.106805180630999863e-01 5.800344587569279042e+01 6.755976394265348378e-28 6.461404117476574625e-28 5.231511916413634579e-29 7.279374695220031111e-01 7.927414958150818211e-29 1.000000000000000000e+00 0.000000000000000000e+00 0.000000000000000000e+00 0.000000000000000000e+00 1.000000000000000000e+00 1.000000000000000000e+10 0.000000000000000000e+00 0.000000000000000000e+00 0.000000000000000000e+00 1.000000000000000000e+10
7.508972281844089602e-01 7.763091565149672135e+01 7.536911578438204629e+01 1.809025931470276305e+01 3.231338709317833069e-01 4.717545891271844738e+01 6.245504315690271171e-28 5.995582513494555787e-28 4.437224366338177560e-29 7.671280577350761964e-01 6.390648583416829996e-29 1.000000000000000000e+00 0.000000000000000000e+00 0.000000000000000000e+00 0.000000000000000000e+00 1.000000000000000000e+00 1.000000000000000000e+10 0.000000000000000000e+00 0.000000000000000000e+00 0.000000000000000000e+00 1.000000000000000000e+10
8.660016140678794550e-01 6.292816777237471371e+01 5.255185875064476875e+01 1.677079817814249552e+01 2.978735793961624911e-01 4.237503598461898946e+01 5.642977890537007755e-28 4.665242934919963123e-28 3.791656997770202228e-29 7.710248342894541196e-01 5.316783113867506906e-29 1.000000000000000000e+00 0.000000000000000000e+00 0.000000000000000000e+00 0.000000000000000000e+00 1.000000000000000000e+00 1.000000000000000000e+10 0.000000000000000000e+00 0.000000000000000000e+00 0.000000000000000000e+00 1.000000000000000000e+10
9.987502515910116063e-01 5.374291963656164484e+01 5.009479713505156440e+01 1.584939614113397610e+01 2.858950702481268813e-01 3.833489982365057358e+01 5.642345283053771297e-28 5.406599602260763570e-28 4.101622584234926343e-29 7.877951387378996362e-01 5.240875808222800852e-29 1.000000000000000000e+00 0.000000000000000000e+00 0.000000000000000000e+00 0.000000000000000000e+00 1.000000000000000000e+00 1.000000000000000000e+10 0.000000000000000000e+00 0.000000000000000000e+00 0.000000000000000000e+00 1.000000000000000000e+10
1.151847812808953542e+00 5.014602901516568778e+01 3.982016601987352544e+01 1.624429264006924356e+01 3.005736215060433869e-01 3.561463360105777554e+01 6.231507434937500332e-28 4.891990577587578452e-28 4.334068797681318308e-29 8.128275243501058567e-01 5.365695081186474351e-29 1.000000000000000000e+00 0.000000000000000000e+00 0.000000000000000000e+00 0.000000000000000000e+00 1.000000000000000000e+00 1.000000000000000000e+10 0.000000000000000000e+00 0.000000000000000000e+00 0.000000000000000000e+00 1.000000000000000000e+10
1.328413566614123908e+00 4.598808710514445153e+01 3.448255892498195863e+01 1.468887356066852234e+01 2.922538863203008042e-01 3.303165786852559904e+01 7.394946525380772625e-28 4.968460317620200450e-28 4.072206523419440756e-29 8.049180578083802162e-01 5.044622754346654162e-29 1.000000000000000000e+00 0.000000000000000000e+00 0.000000000000000000e+00 0.000000000000000000e+00 1.000000000000000000e+00 1.000000000000000000e+10 0.000000000000000000e+00 0.000000000000000000e+00 0.000000000000000000e+00 1.000000000000000000e+10
1.532044931926391351e+00 4.372852621429580466e+01 4.084304024545824774e+01 1.214609813097515101e+01 2.912502707320301365e-01 2.970105278477637256e+01 9.353720587974262877e-28 4.174521187471541750e-28 4.387850904212017950e-29 7.923864901910933067e-01 5.460052476717631156e-29 1.000000000000000000e+00 0.000000000000000000e+00 0.000000000000000000e+00 0.000000000000000000e+00 1.000000000000000000e+00 1.000000000000000000e+10 0.000000000000000000e+00 0.000000000000000000e+00 0.000000000000000000e+00 1.000000000000000000e+10
1.766890772896739126e+00 3.805241670385652242e+01 2.436849531656634227e+01 1.355449663923238290e+01 2.662686724079787459e-01 2.953820183358617513e+01 7.348402269599504336e-28 3.267433000936471865e-28 4.578491519546398027e-29 7.525443401038930391e-01 5.730942254627817950e-29 1.000000000000000000e+00 0.000000000000000000e+00 0.000000000000000000e+00 0.000000000000000000e+00 1.000000000000000000e+00 1.000000000000000000e+10 0.000000000000000000e+00 0.000000000000000000e+00 0.000000000000000000e+00 1.000000000000000000e+10
2.037735929469222107e+00 3.320052199776642965e+01 2.412798260679426932e+01 1.083116850877724069e+01 2.490536238902896216e-01 2.641247652104824084e+01 4.025412426797616066e-28 2.870536370798131433e-28 4.716221027323082730e-29 7.166263452576241422e-01 5.953405905801712710e-29 1.000000000000000000e+00 0.000000000000000000e+00 0.000000000000000000e+00 0.000000000000000000e+00 1.000000000000000000e+00 1.000000000000000000e+10 0.000000000000000000e+00 0.000000000000000000e+00 0.000000000000000000e+00 1.000000000000000000e+10
2.350098705559579226e+00 3.097134311512138538e+01 2.385845485352724893e+01 8.317252580411496510e+00 2.395860772858854626e-01 2.395655831714321238e+01 3.218612401355531589e-28 2.110334545070778475e-28 4.851000922028364482e-29 6.897608444759103508e-01 6.273862295102557518e-29 1.000000000000000000e+00 0.000000000000000000e+00 0.000000000000000000e+00 0.000000000000000000e+00 1.000000000000000000e+00 1.000000000000000000e+10 0.000000000000000000e+00 0.000000000000000000e+00 0.000000000000000000e+00 1.000000000000000000e+10
