# R (Mpc), mean rho (Msol/kpc^3), errup (Msol/kpc^3), errlow, std, median rho (Msol/kpc^3), mean pth (Msol/kpc/s^2), errup(Msol/kpc/s^2), errlow, std, median pth (Msol/kpc/s^2), mean gas-mass-weighted metal (fraction), errup, errlow, std, median metal, mean gas-mass-weighted temp (K), errup, errlow, std, median temp  
#  nprofs 169, mean mh 541641630248.553650, median mh 490765663252.699585 
#  Mass range 11.50 - 12.0
1.040961082911032697e-02 4.606403735725860461e+05 2.851641356568880146e+05 1.870456349925503600e+05 2.480623334437329630e-01 4.093402532123535639e+05 3.097856006234685309e-25 4.419509451290457868e-25 7.423012660456624374e-26 4.979439371342551102e-01 1.265163836392260767e-25 1.000000000000000000e+00 0.000000000000000000e+00 0.000000000000000000e+00 0.000000000000000000e+00 1.000000000000000000e+00 1.000000000000000000e+10 0.000000000000000000e+00 0.000000000000000000e+00 0.000000000000000000e+00 1.000000000000000000e+10
1.200529105910367808e-02 3.490393349550864659e+05 1.937053797975083580e+05 1.749001396160397271e+05 2.631275285493983596e-01 3.232607747462325497e+05 2.950267756533780138e-25 4.340515803389105044e-25 9.646670308872452303e-26 4.691895078417340770e-01 1.525448763644489910e-25 1.000000000000000000e+00 0.000000000000000000e+00 0.000000000000000000e+00 0.000000000000000000e+00 1.000000000000000000e+00 1.000000000000000000e+10 0.000000000000000000e+00 0.000000000000000000e+00 0.000000000000000000e+00 1.000000000000000000e+10
1.384557172980430476e-02 2.557967411819734261e+05 1.498289407292661781e+05 1.191148081777615444e+05 2.745595258899792834e-01 2.331621605819640390e+05 2.921199208099488440e-25 3.619539302342043340e-25 1.448529004293826728e-25 4.705628564170179495e-01 1.938946866624585836e-25 1.000000000000000000e+00 0.000000000000000000e+00 0.000000000000000000e+00 0.000000000000000000e+00 1.000000000000000000e+00 1.000000000000000000e+10 0.000000000000000000e+00 0.000000000000000000e+00 0.000000000000000000e+00 1.000000000000000000e+10
1.596794743096121086e-02 1.821462223080639087e+05 1.269657181389002362e+05 8.924788643638951180e+04 2.895643980840040821e-01 1.627649095117677352e+05 2.733253857697678248e-25 2.718294094796566796e-25 1.185127316168924275e-25 4.332404365236987576e-01 1.800616795049516505e-25 1.000000000000000000e+00 0.000000000000000000e+00 0.000000000000000000e+00 0.000000000000000000e+00 1.000000000000000000e+00 1.000000000000000000e+10 0.000000000000000000e+00 0.000000000000000000e+00 0.000000000000000000e+00 1.000000000000000000e+10
1.841566026551830909e-02 1.242605888559752348e+05 7.554709990857409139e+04 5.970069475986449106e+04 2.758532775408050197e-01 1.128897709389077645e+05 2.482571418724636629e-25 2.697671043290274883e-25 9.693133891316505756e-26 3.797683366560214990e-01 1.750275030196709754e-25 1.000000000000000000e+00 0.000000000000000000e+00 0.000000000000000000e+00 0.000000000000000000e+00 1.000000000000000000e+00 1.000000000000000000e+10 0.000000000000000000e+00 0.000000000000000000e+00 0.000000000000000000e+00 1.000000000000000000e+10
2.123858088093512342e-02 8.369533091914530087e+04 6.221321353947675379e+04 3.866829763821893721e+04 2.756665178854830200e-01 7.261214261525594338e+04 2.081116606134045936e-25 2.214577618708142161e-25 9.588783015283056490e-26 3.590844767649533642e-01 1.562417959050784136e-25 1.000000000000000000e+00 0.000000000000000000e+00 0.000000000000000000e+00 0.000000000000000000e+00 1.000000000000000000e+00 1.000000000000000000e+10 0.000000000000000000e+00 0.000000000000000000e+00 0.000000000000000000e+00 1.000000000000000000e+10
2.449422455303571639e-02 5.656268688829772145e+04 4.407991967281879624e+04 1.794438876644670745e+04 2.782363371179318867e-01 4.388058792388366419e+04 1.803953274317687708e-25 1.843655157903712609e-25 7.708042419505789500e-26 3.290239464067598041e-01 1.370059536719589759e-25 1.000000000000000000e+00 0.000000000000000000e+00 0.000000000000000000e+00 0.000000000000000000e+00 1.000000000000000000e+00 1.000000000000000000e+10 0.000000000000000000e+00 0.000000000000000000e+00 0.000000000000000000e+00 1.000000000000000000e+10
2.824892302447100725e-02 3.826136479541776498e+04 2.455575319505299558e+04 1.028423558285200488e+04 2.534212515822514278e-01 3.015828394655213924e+04 1.481111244251664868e-25 1.562590389215795608e-25 5.294095380658683013e-26 3.200709477479221077e-01 1.049295179093330695e-25 1.000000000000000000e+00 0.000000000000000000e+00 0.000000000000000000e+00 0.000000000000000000e+00 1.000000000000000000e+00 1.000000000000000000e+10 0.000000000000000000e+00 0.000000000000000000e+00 0.000000000000000000e+00 1.000000000000000000e+10
3.257917597328415654e-02 2.644446335740384166e+04 1.644762853499061021e+04 8.907791518609019477e+03 2.303279890285725440e-01 2.206394424883086322e+04 1.209521642630683789e-25 1.137694012568268256e-25 4.422783709826436761e-26 3.022784008828737212e-01 9.084305044996926560e-26 1.000000000000000000e+00 0.000000000000000000e+00 0.000000000000000000e+00 0.000000000000000000e+00 1.000000000000000000e+00 1.000000000000000000e+10 0.000000000000000000e+00 0.000000000000000000e+00 0.000000000000000000e+00 1.000000000000000000e+10
3.757320964692217186e-02 1.887042693318125021e+04 1.181507035192070180e+04 6.538271944766838715e+03 2.197484914780111764e-01 1.652684714256613370e+04 9.837210719339582400e-26 8.221529408810564781e-26 3.619739756057861897e-26 2.923989468875381470e-01 7.588542622878198569e-26 1.000000000000000000e+00 0.000000000000000000e+00 0.000000000000000000e+00 0.000000000000000000e+00 1.000000000000000000e+00 1.000000000000000000e+10 0.000000000000000000e+00 0.000000000000000000e+00 0.000000000000000000e+00 1.000000000000000000e+10
4.333277441790538143e-02 1.369192759211261728e+04 7.426820872515505471e+03 4.537900539482666318e+03 2.062510044017963617e-01 1.206828048999062594e+04 8.275847419809825525e-26 8.857868945523244472e-26 3.003467038471493561e-26 2.925833222052364180e-01 6.229252123487556376e-26 1.000000000000000000e+00 0.000000000000000000e+00 0.000000000000000000e+00 0.000000000000000000e+00 1.000000000000000000e+00 1.000000000000000000e+10 0.000000000000000000e+00 0.000000000000000000e+00 0.000000000000000000e+00 1.000000000000000000e+10
4.997521788524898756e-02 1.032454193460197348e+04 5.388060512701771586e+03 3.956619861666731595e+03 1.941138542919874643e-01 9.551632758978526908e+03 6.792509111757848330e-26 6.296782450805027449e-26 2.189460353459216815e-26 2.846939550674305042e-01 5.024726363811293366e-26 1.000000000000000000e+00 0.000000000000000000e+00 0.000000000000000000e+00 0.000000000000000000e+00 1.000000000000000000e+00 1.000000000000000000e+10 0.000000000000000000e+00 0.000000000000000000e+00 0.000000000000000000e+00 1.000000000000000000e+10
5.763587575980636674e-02 8.006324124186099652e+03 3.822821153884917294e+03 2.388272735319952517e+03 1.788215008751486979e-01 7.286666333099798067e+03 5.357946765387777400e-26 4.779251895040012732e-26 1.923797243447081901e-26 2.728174266191499830e-01 4.210894429535141544e-26 1.000000000000000000e+00 0.000000000000000000e+00 0.000000000000000000e+00 0.000000000000000000e+00 1.000000000000000000e+00 1.000000000000000000e+10 0.000000000000000000e+00 0.000000000000000000e+00 0.000000000000000000e+00 1.000000000000000000e+10
6.647082924635627776e-02 6.272979384527329785e+03 3.001986078120780803e+03 1.893259397554008956e+03 1.736604292961329843e-01 5.653301151400321032e+03 4.297446619312155318e-26 3.844333267218780184e-26 1.407136710720941671e-26 2.691838887545510151e-01 3.299110579172304607e-26 1.000000000000000000e+00 0.000000000000000000e+00 0.000000000000000000e+00 0.000000000000000000e+00 1.000000000000000000e+00 1.000000000000000000e+10 0.000000000000000000e+00 0.000000000000000000e+00 0.000000000000000000e+00 1.000000000000000000e+10
7.666008510240249207e-02 5.033501312284906817e+03 2.867111226998630627e+03 1.222699004265309668e+03 1.710233179690474892e-01 4.359217163109057765e+03 3.314708550836560459e-26 2.783553212183407569e-26 1.233107891305376297e-26 2.613473049757748523e-01 2.727185296390781801e-26 1.000000000000000000e+00 0.000000000000000000e+00 0.000000000000000000e+00 0.000000000000000000e+00 1.000000000000000000e+00 1.000000000000000000e+10 0.000000000000000000e+00 0.000000000000000000e+00 0.000000000000000000e+00 1.000000000000000000e+10
8.841124316543315376e-02 3.968633334832465152e+03 1.963642564344577295e+03 1.165907362107723202e+03 1.623865655276406639e-01 3.643564410419979140e+03 2.517664470417671653e-26 2.250055362481980130e-26 8.396475915115816103e-27 2.588414859633196841e-01 2.014449550344002457e-26 1.000000000000000000e+00 0.000000000000000000e+00 0.000000000000000000e+00 0.000000000000000000e+00 1.000000000000000000e+00 1.000000000000000000e+10 0.000000000000000000e+00 0.000000000000000000e+00 0.000000000000000000e+00 1.000000000000000000e+10
1.019637260722580097e-01 3.013196877644620145e+03 1.392998867435536795e+03 8.299415682117073629e+02 1.515007057702691118e-01 2.784688377924334873e+03 1.880838903228850898e-26 1.670321247980522345e-26 6.713182312625153474e-27 2.633027757279022829e-01 1.507735245419135899e-26 1.000000000000000000e+00 0.000000000000000000e+00 0.000000000000000000e+00 0.000000000000000000e+00 1.000000000000000000e+00 1.000000000000000000e+10 0.000000000000000000e+00 0.000000000000000000e+00 0.000000000000000000e+00 1.000000000000000000e+10
1.175936573483598035e-01 2.314132507649735999e+03 9.945975391204965490e+02 6.861888778715958779e+02 1.585898291958934836e-01 2.181803012236644918e+03 1.374540835418012421e-26 1.172266607752747806e-26 4.438332950836280383e-27 2.716757918137449046e-01 1.072505773977383678e-26 1.000000000000000000e+00 0.000000000000000000e+00 0.000000000000000000e+00 0.000000000000000000e+00 1.000000000000000000e+00 1.000000000000000000e+10 0.000000000000000000e+00 0.000000000000000000e+00 0.000000000000000000e+00 1.000000000000000000e+10
1.356194872553388164e-01 1.752951927809139761e+03 8.316847448523305957e+02 4.579094692573428347e+02 1.574826507761912242e-01 1.605683255969553329e+03 9.800133943365643316e-27 9.589348298461622999e-27 3.363441794901293412e-27 2.816374983755429162e-01 7.482905971457472231e-27 1.000000000000000000e+00 0.000000000000000000e+00 0.000000000000000000e+00 0.000000000000000000e+00 1.000000000000000000e+00 1.000000000000000000e+10 0.000000000000000000e+00 0.000000000000000000e+00 0.000000000000000000e+00 1.000000000000000000e+10
1.564084810196403053e-01 1.323408456816855733e+03 5.484278535409341657e+02 3.821185415558861678e+02 1.573165932441302484e-01 1.235278916976265009e+03 6.849683811277399595e-27 6.224320283237494691e-27 2.433849917518556229e-27 2.919229779394666435e-01 5.337598614473721886e-27 1.000000000000000000e+00 0.000000000000000000e+00 0.000000000000000000e+00 0.000000000000000000e+00 1.000000000000000000e+00 1.000000000000000000e+10 0.000000000000000000e+00 0.000000000000000000e+00 0.000000000000000000e+00 1.000000000000000000e+10
1.803842016362447453e-01 9.971970083192177299e+02 3.743861794227593691e+02 2.945714942445753195e+02 1.691387216636569824e-01 9.190540891283467317e+02 4.803350703928805947e-27 3.595129752739708468e-27 1.990397937310094403e-27 3.134402188826367341e-01 3.784773325392202694e-27 1.000000000000000000e+00 0.000000000000000000e+00 0.000000000000000000e+00 0.000000000000000000e+00 1.000000000000000000e+00 1.000000000000000000e+10 0.000000000000000000e+00 0.000000000000000000e+00 0.000000000000000000e+00 1.000000000000000000e+10
2.080351397048574025e-01 7.241490274008231154e+02 3.350766369336575963e+02 2.205317374696073216e+02 1.752569576311040489e-01 6.404155695138309738e+02 3.294515046797085335e-27 2.791625071559945776e-27 1.112671004024837924e-27 3.336232063368476108e-01 2.287613234049578484e-27 1.000000000000000000e+00 0.000000000000000000e+00 0.000000000000000000e+00 0.000000000000000000e+00 1.000000000000000000e+00 1.000000000000000000e+10 0.000000000000000000e+00 0.000000000000000000e+00 0.000000000000000000e+00 1.000000000000000000e+10
2.399246661262133540e-01 5.310709303335332834e+02 2.631808749279834387e+02 1.448745248946458446e+02 1.794746100863567062e-01 4.710189587006621537e+02 2.291738303456905612e-27 2.182346586086487620e-27 8.004969653032720950e-28 3.523053971993851397e-01 1.557379673615651268e-27 1.000000000000000000e+00 0.000000000000000000e+00 0.000000000000000000e+00 0.000000000000000000e+00 1.000000000000000000e+00 1.000000000000000000e+10 0.000000000000000000e+00 0.000000000000000000e+00 0.000000000000000000e+00 1.000000000000000000e+10
2.767025104385807399e-01 3.816999857654277548e+02 1.752172576377579958e+02 1.144828033174487985e+02 1.819793678300052064e-01 3.406057200060292303e+02 1.637993021732833441e-27 1.505906146043228530e-27 5.314635092086459147e-28 3.778793134015760447e-01 9.864178763461328458e-28 1.000000000000000000e+00 0.000000000000000000e+00 0.000000000000000000e+00 0.000000000000000000e+00 1.000000000000000000e+00 1.000000000000000000e+10 0.000000000000000000e+00 0.000000000000000000e+00 0.000000000000000000e+00 1.000000000000000000e+10
3.191179986585286343e-01 2.741095068264789347e+02 1.305169403983720997e+02 7.975039995634665502e+01 1.848196482626364989e-01 2.411938924535071180e+02 1.209392759326257032e-27 1.013194642251862541e-27 2.984874232135142960e-28 4.055586419729862446e-01 5.902105925478113523e-28 1.000000000000000000e+00 0.000000000000000000e+00 0.000000000000000000e+00 0.000000000000000000e+00 1.000000000000000000e+00 1.000000000000000000e+10 0.000000000000000000e+00 0.000000000000000000e+00 0.000000000000000000e+00 1.000000000000000000e+10
3.680353203388414540e-01 2.016690829992832334e+02 1.001928949633597199e+02 5.315516715870889186e+01 1.864811093557117994e-01 1.737056429747228776e+02 9.413145537968021724e-28 7.850424160334999549e-28 1.905406334109795128e-28 4.410504662304776113e-01 3.642003246654156440e-28 1.000000000000000000e+00 0.000000000000000000e+00 0.000000000000000000e+00 0.000000000000000000e+00 1.000000000000000000e+00 1.000000000000000000e+10 0.000000000000000000e+00 0.000000000000000000e+00 0.000000000000000000e+00 1.000000000000000000e+10
4.244511359005219142e-01 1.608391329272036785e+02 1.000344328623747856e+02 3.873412084723611315e+01 2.075370072353585338e-01 1.294720526971563572e+02 7.969423143496970045e-28 5.092460352545054118e-28 1.415089482204040865e-28 4.832302237657769006e-01 2.506203462146859441e-28 1.000000000000000000e+00 0.000000000000000000e+00 0.000000000000000000e+00 0.000000000000000000e+00 1.000000000000000000e+00 1.000000000000000000e+10 0.000000000000000000e+00 0.000000000000000000e+00 0.000000000000000000e+00 1.000000000000000000e+10
4.895148829774688681e-01 1.267502896023617467e+02 7.843897169488535326e+01 3.566240410831814245e+01 2.234041100209623598e-01 1.010744392380662049e+02 7.324036003681980502e-28 4.545788814058397335e-28 1.151435824515791659e-28 5.337984841644947132e-01 1.859431339825919825e-28 1.000000000000000000e+00 0.000000000000000000e+00 0.000000000000000000e+00 0.000000000000000000e+00 1.000000000000000000e+00 1.000000000000000000e+10 0.000000000000000000e+00 0.000000000000000000e+00 0.000000000000000000e+00 1.000000000000000000e+10
5.645521955031491679e-01 1.047533497949710011e+02 6.635986037906138790e+01 2.913405748100738180e+01 2.459775914972775201e-01 8.001889925178699059e+01 7.245429377367336866e-28 4.320386007244002556e-28 7.481259349475089037e-29 5.954118604712173024e-01 1.227347355748777884e-28 1.000000000000000000e+00 0.000000000000000000e+00 0.000000000000000000e+00 0.000000000000000000e+00 1.000000000000000000e+00 1.000000000000000000e+10 0.000000000000000000e+00 0.000000000000000000e+00 0.000000000000000000e+00 1.000000000000000000e+10
6.510919126887823039e-01 8.891457374395109525e+01 6.879370613713300031e+01 2.387495448558086508e+01 2.663215027830092008e-01 6.416494272738248128e+01 7.688136565247133982e-28 4.267253307533719692e-28 5.603705250990900960e-29 6.599161085014974004e-01 8.948658165492477634e-29 1.000000000000000000e+00 0.000000000000000000e+00 0.000000000000000000e+00 0.000000000000000000e+00 1.000000000000000000e+00 1.000000000000000000e+10 0.000000000000000000e+00 0.000000000000000000e+00 0.000000000000000000e+00 1.000000000000000000e+10
7.508972281844089602e-01 8.067967167627098490e+01 6.090717806504964926e+01 2.183304225970589130e+01 2.857351298410976126e-01 5.651307967898333118e+01 9.134768022881824449e-28 4.050902819562176911e-28 5.473515272004059832e-29 7.207700101445645435e-01 7.954913554530465461e-29 1.000000000000000000e+00 0.000000000000000000e+00 0.000000000000000000e+00 0.000000000000000000e+00 1.000000000000000000e+00 1.000000000000000000e+10 0.000000000000000000e+00 0.000000000000000000e+00 0.000000000000000000e+00 1.000000000000000000e+10
8.660016140678794550e-01 7.404203299802212257e+01 4.885857887713186187e+01 1.985339584332569274e+01 2.993900790932595424e-01 4.849103848414441131e+01 1.265493489361387388e-27 3.181575315725874180e-28 5.541547630837527880e-29 7.619199693348730484e-01 7.532635085602539850e-29 1.000000000000000000e+00 0.000000000000000000e+00 0.000000000000000000e+00 0.000000000000000000e+00 1.000000000000000000e+00 1.000000000000000000e+10 0.000000000000000000e+00 0.000000000000000000e+00 0.000000000000000000e+00 1.000000000000000000e+10
9.987502515910116063e-01 6.808655322745201488e+01 4.707311472335993585e+01 1.493507650465866732e+01 3.114540239719248427e-01 4.097653351190280091e+01 1.845022644591250770e-27 3.902806456674738541e-28 4.119595570091310823e-29 8.139883493058894803e-01 5.590087251739929294e-29 1.000000000000000000e+00 0.000000000000000000e+00 0.000000000000000000e+00 0.000000000000000000e+00 1.000000000000000000e+00 1.000000000000000000e+10 0.000000000000000000e+00 0.000000000000000000e+00 0.000000000000000000e+00 1.000000000000000000e+10
1.151847812808953542e+00 6.190489795655209093e+01 3.808462738340222842e+01 1.469460550942374155e+01 3.117019560497066855e-01 3.683915906961554043e+01 2.364818158144044490e-27 3.826914977246513731e-28 3.263897803474468463e-29 8.455717418202861602e-01 4.373825095999913486e-29 1.000000000000000000e+00 0.000000000000000000e+00 0.000000000000000000e+00 0.000000000000000000e+00 1.000000000000000000e+00 1.000000000000000000e+10 0.000000000000000000e+00 0.000000000000000000e+00 0.000000000000000000e+00 1.000000000000000000e+10
1.328413566614123908e+00 6.081807768578924112e+01 3.967453390039027283e+01 1.293916499722289615e+01 3.255600316521303217e-01 3.309738002253830302e+01 2.562886923285731938e-27 4.450003603448965119e-28 3.643520888155056149e-29 8.722135873002450079e-01 4.611174072085514993e-29 1.000000000000000000e+00 0.000000000000000000e+00 0.000000000000000000e+00 0.000000000000000000e+00 1.000000000000000000e+00 1.000000000000000000e+10 0.000000000000000000e+00 0.000000000000000000e+00 0.000000000000000000e+00 1.000000000000000000e+10
1.532044931926391351e+00 5.363416292619099579e+01 4.303316806268793471e+01 1.143011537612312978e+01 3.163566219980983307e-01 3.063704082878449597e+01 2.047023269220880413e-27 4.511279825422730276e-28 3.199881524673959970e-29 8.719155577398969292e-01 4.272478997045706650e-29 1.000000000000000000e+00 0.000000000000000000e+00 0.000000000000000000e+00 0.000000000000000000e+00 1.000000000000000000e+00 1.000000000000000000e+10 0.000000000000000000e+00 0.000000000000000000e+00 0.000000000000000000e+00 1.000000000000000000e+10
1.766890772896739126e+00 4.381393729520078750e+01 3.106276738433025031e+01 1.112213114907617850e+01 2.812758292773209767e-01 2.925018087086851892e+01 1.199688942344295435e-27 3.121348956180546286e-28 3.467995707679166710e-29 8.126083015371514673e-01 4.601469508027822779e-29 1.000000000000000000e+00 0.000000000000000000e+00 0.000000000000000000e+00 0.000000000000000000e+00 1.000000000000000000e+00 1.000000000000000000e+10 0.000000000000000000e+00 0.000000000000000000e+00 0.000000000000000000e+00 1.000000000000000000e+10
2.037735929469222107e+00 3.850378142093396150e+01 2.370853668434690675e+01 1.077968324106618070e+01 2.611629538189281785e-01 2.821631342760874261e+01 9.918080322285669526e-28 2.213032199189896502e-28 3.104165568543595756e-29 7.692271154464697114e-01 4.259269905905717677e-29 1.000000000000000000e+00 0.000000000000000000e+00 0.000000000000000000e+00 0.000000000000000000e+00 1.000000000000000000e+00 1.000000000000000000e+10 0.000000000000000000e+00 0.000000000000000000e+00 0.000000000000000000e+00 1.000000000000000000e+10
2.350098705559579226e+00 3.428440346772848812e+01 2.090864555124165847e+01 6.941411523485246704e+00 2.473419321545371752e-01 2.337815189716065944e+01 8.437728069104191297e-28 1.494248553367145966e-28 2.846470108840798953e-29 7.280123053950288137e-01 4.071402046673536674e-29 1.000000000000000000e+00 0.000000000000000000e+00 0.000000000000000000e+00 0.000000000000000000e+00 1.000000000000000000e+00 1.000000000000000000e+10 0.000000000000000000e+00 0.000000000000000000e+00 0.000000000000000000e+00 1.000000000000000000e+10
