# R (Mpc), mean rho (Msol/kpc^3), errup (Msol/kpc^3), errlow, std, median rho (Msol/kpc^3), mean pth (Msol/kpc/s^2), errup(Msol/kpc/s^2), errlow, std, median pth (Msol/kpc/s^2), mean gas-mass-weighted metal (fraction), errup, errlow, std, median metal, mean gas-mass-weighted temp (K), errup, errlow, std, median temp  
#  nprofs 281, mean mh 210335364294.469086, median mh 197305567057.437164 
#  Mass range 11.00 - 11.5
1.040961082911032697e-02 1.644612619620600308e+05 1.060644094956692425e+05 5.073561342615255853e+04 2.250807038766529100e-01 1.408788420794195845e+05 9.332092712646410232e-26 1.575423020015297938e-25 1.299681564796117845e-26 4.896936971088028945e-01 2.942376810780839431e-26 1.000000000000000000e+00 0.000000000000000000e+00 0.000000000000000000e+00 0.000000000000000000e+00 1.000000000000000000e+00 1.000000000000000000e+10 0.000000000000000000e+00 0.000000000000000000e+00 0.000000000000000000e+00 1.000000000000000000e+10
1.200529105910367808e-02 1.323226346675122622e+05 8.980204511921359517e+04 4.851508851820285781e+04 2.500884558216544540e-01 1.129778268338298803e+05 9.579161944045761219e-26 1.376484189019683418e-25 2.258406254652074115e-26 4.892005833666430714e-01 3.877982108789328438e-26 1.000000000000000000e+00 0.000000000000000000e+00 0.000000000000000000e+00 0.000000000000000000e+00 1.000000000000000000e+00 1.000000000000000000e+10 0.000000000000000000e+00 0.000000000000000000e+00 0.000000000000000000e+00 1.000000000000000000e+10
1.384557172980430476e-02 9.964620283099920198e+04 6.783818879920650215e+04 3.968697953898939886e+04 2.673544015426553844e-01 8.387781717193800432e+04 7.267778070302511438e-26 8.764166005903586626e-26 2.436129610985606368e-26 4.306626184218924625e-01 4.026682465421591832e-26 1.000000000000000000e+00 0.000000000000000000e+00 0.000000000000000000e+00 0.000000000000000000e+00 1.000000000000000000e+00 1.000000000000000000e+10 0.000000000000000000e+00 0.000000000000000000e+00 0.000000000000000000e+00 1.000000000000000000e+10
1.596794743096121086e-02 7.697279290866680094e+04 4.968080346948764054e+04 3.229908602853035700e+04 2.717903277037154175e-01 6.670499986101014656e+04 6.032347790863008983e-26 6.357888767166698637e-26 2.453056201004574718e-26 3.768769912512339726e-01 4.098386680213842582e-26 1.000000000000000000e+00 0.000000000000000000e+00 0.000000000000000000e+00 0.000000000000000000e+00 1.000000000000000000e+00 1.000000000000000000e+10 0.000000000000000000e+00 0.000000000000000000e+00 0.000000000000000000e+00 1.000000000000000000e+10
1.841566026551830909e-02 5.491993272624733800e+04 3.411004986481977539e+04 2.327839368556977934e+04 2.726761114611406800e-01 4.897367257271103881e+04 5.399280597188506524e-26 5.066552089711891672e-26 2.401527329924886917e-26 3.434931814603398026e-01 4.120573773249849487e-26 1.000000000000000000e+00 0.000000000000000000e+00 0.000000000000000000e+00 0.000000000000000000e+00 1.000000000000000000e+00 1.000000000000000000e+10 0.000000000000000000e+00 0.000000000000000000e+00 0.000000000000000000e+00 1.000000000000000000e+10
2.123858088093512342e-02 3.871169305143730890e+04 2.557199102179433976e+04 1.614909165175515591e+04 2.713135309711614540e-01 3.427674662960622663e+04 4.352599927270629719e-26 3.021109501982318169e-26 1.825172737423230547e-26 2.985526953413544793e-01 3.576179613847376417e-26 1.000000000000000000e+00 0.000000000000000000e+00 0.000000000000000000e+00 0.000000000000000000e+00 1.000000000000000000e+00 1.000000000000000000e+10 0.000000000000000000e+00 0.000000000000000000e+00 0.000000000000000000e+00 1.000000000000000000e+10
2.449422455303571639e-02 2.614908640733002539e+04 1.590070086808689302e+04 1.112683037801940554e+04 2.700445170718689392e-01 2.320939333422905111e+04 3.428206000635434845e-26 2.588800589691719417e-26 1.242006709536708823e-26 2.592131865118669776e-01 2.800431458183172371e-26 1.000000000000000000e+00 0.000000000000000000e+00 0.000000000000000000e+00 0.000000000000000000e+00 1.000000000000000000e+00 1.000000000000000000e+10 0.000000000000000000e+00 0.000000000000000000e+00 0.000000000000000000e+00 1.000000000000000000e+10
2.824892302447100725e-02 1.698680438566493103e+04 1.174138592739875639e+04 6.189856397907834435e+03 2.534044204478454465e-01 1.435381317425942871e+04 2.952766188621561216e-26 1.862267112451972026e-26 1.204341417689220798e-26 2.475049608427673242e-01 2.611081657995991155e-26 1.000000000000000000e+00 0.000000000000000000e+00 0.000000000000000000e+00 0.000000000000000000e+00 1.000000000000000000e+00 1.000000000000000000e+10 0.000000000000000000e+00 0.000000000000000000e+00 0.000000000000000000e+00 1.000000000000000000e+10
3.257917597328415654e-02 1.024889363307336134e+04 5.559866533259653806e+03 3.087118609121055670e+03 2.310798052797549407e-01 8.366339289066341735e+03 2.384785323350404755e-26 1.505846215388449332e-26 7.668887106803457547e-27 2.301532052612035029e-01 2.053168138310120944e-26 1.000000000000000000e+00 0.000000000000000000e+00 0.000000000000000000e+00 0.000000000000000000e+00 1.000000000000000000e+00 1.000000000000000000e+10 0.000000000000000000e+00 0.000000000000000000e+00 0.000000000000000000e+00 1.000000000000000000e+10
3.757320964692217186e-02 6.553249003911110776e+03 3.602271628887612678e+03 2.241503642152707926e+03 2.165532321333423493e-01 5.813671433848414381e+03 2.002688964549074926e-26 1.137060824582401330e-26 7.528377541208554400e-27 2.171033426697826785e-01 1.823166272349155683e-26 1.000000000000000000e+00 0.000000000000000000e+00 0.000000000000000000e+00 0.000000000000000000e+00 1.000000000000000000e+00 1.000000000000000000e+10 0.000000000000000000e+00 0.000000000000000000e+00 0.000000000000000000e+00 1.000000000000000000e+10
4.333277441790538143e-02 4.540614076938658400e+03 2.223056868315531574e+03 1.401292054885194375e+03 1.875944762307524827e-01 4.081155920339522709e+03 1.623206803323932768e-26 8.769768196240256153e-27 5.828367883833663679e-27 2.155322394788270202e-01 1.460150331505075799e-26 1.000000000000000000e+00 0.000000000000000000e+00 0.000000000000000000e+00 0.000000000000000000e+00 1.000000000000000000e+00 1.000000000000000000e+10 0.000000000000000000e+00 0.000000000000000000e+00 0.000000000000000000e+00 1.000000000000000000e+10
4.997521788524898756e-02 3.482039662807766490e+03 1.751636777280148181e+03 9.854927057717059142e+02 1.816223650918828980e-01 3.119091319267682138e+03 1.363215626475231612e-26 6.692162158856695256e-27 5.102394986383808426e-27 2.076815852570215448e-01 1.255947927522742192e-26 1.000000000000000000e+00 0.000000000000000000e+00 0.000000000000000000e+00 0.000000000000000000e+00 1.000000000000000000e+00 1.000000000000000000e+10 0.000000000000000000e+00 0.000000000000000000e+00 0.000000000000000000e+00 1.000000000000000000e+10
5.763587575980636674e-02 2.672015862763349105e+03 1.233121627995175459e+03 7.849392998715991325e+02 1.743329162019519873e-01 2.428792877550283720e+03 1.065524144134685603e-26 5.715547858182558211e-27 3.588231329548528274e-27 2.103931559296895459e-01 9.447925857233780493e-27 1.000000000000000000e+00 0.000000000000000000e+00 0.000000000000000000e+00 0.000000000000000000e+00 1.000000000000000000e+00 1.000000000000000000e+10 0.000000000000000000e+00 0.000000000000000000e+00 0.000000000000000000e+00 1.000000000000000000e+10
6.647082924635627776e-02 2.110424247769462454e+03 8.181104792952769458e+02 5.746304407192633334e+02 1.540039487921603667e-01 1.959455249408559212e+03 8.288831073430259746e-27 3.865356639406374707e-27 2.926826768359452469e-27 1.981026921250013950e-01 7.676264007568108562e-27 1.000000000000000000e+00 0.000000000000000000e+00 0.000000000000000000e+00 0.000000000000000000e+00 1.000000000000000000e+00 1.000000000000000000e+10 0.000000000000000000e+00 0.000000000000000000e+00 0.000000000000000000e+00 1.000000000000000000e+10
7.666008510240249207e-02 1.683362866139099879e+03 6.716686873783212377e+02 4.355778387250677497e+02 1.502933067699093739e-01 1.579784546089318837e+03 6.406735099136693078e-27 3.438542159114238850e-27 2.180331765291312375e-27 2.115077921386631088e-01 5.629714854491165467e-27 1.000000000000000000e+00 0.000000000000000000e+00 0.000000000000000000e+00 0.000000000000000000e+00 1.000000000000000000e+00 1.000000000000000000e+10 0.000000000000000000e+00 0.000000000000000000e+00 0.000000000000000000e+00 1.000000000000000000e+10
8.841124316543315376e-02 1.337569450126940865e+03 5.174225866349970602e+02 3.832138481219426467e+02 1.490714533866003555e-01 1.266888053252344207e+03 4.931726031863761938e-27 2.430335482575754945e-27 1.734512458569095192e-27 2.223170940001293894e-01 4.294823773280895504e-27 1.000000000000000000e+00 0.000000000000000000e+00 0.000000000000000000e+00 0.000000000000000000e+00 1.000000000000000000e+00 1.000000000000000000e+10 0.000000000000000000e+00 0.000000000000000000e+00 0.000000000000000000e+00 1.000000000000000000e+10
1.019637260722580097e-01 1.044082210120777745e+03 4.048331219063120443e+02 2.837485029002533565e+02 1.500861459910911022e-01 9.737001497686283074e+02 3.654888124280642964e-27 2.056432981119840024e-27 1.387546293044290036e-27 2.366857209850640742e-01 3.199278312913234914e-27 1.000000000000000000e+00 0.000000000000000000e+00 0.000000000000000000e+00 0.000000000000000000e+00 1.000000000000000000e+00 1.000000000000000000e+10 0.000000000000000000e+00 0.000000000000000000e+00 0.000000000000000000e+00 1.000000000000000000e+10
1.175936573483598035e-01 8.209875406329051657e+02 3.182892228840919415e+02 2.013044754828410987e+02 1.566325516173663057e-01 7.480310716482485986e+02 2.791727351446546439e-27 1.886310725039971728e-27 9.454566453650831415e-28 2.672731855539303147e-01 2.226026434244994097e-27 1.000000000000000000e+00 0.000000000000000000e+00 0.000000000000000000e+00 0.000000000000000000e+00 1.000000000000000000e+00 1.000000000000000000e+10 0.000000000000000000e+00 0.000000000000000000e+00 0.000000000000000000e+00 1.000000000000000000e+10
1.356194872553388164e-01 6.409218025694127618e+02 3.046208920024633926e+02 1.509851267739980472e+02 1.548827487810066905e-01 5.737529299987082823e+02 2.135956853507201615e-27 1.739916773332127101e-27 6.563390834467221957e-28 2.916647448902033313e-01 1.533702837077103569e-27 1.000000000000000000e+00 0.000000000000000000e+00 0.000000000000000000e+00 0.000000000000000000e+00 1.000000000000000000e+00 1.000000000000000000e+10 0.000000000000000000e+00 0.000000000000000000e+00 0.000000000000000000e+00 1.000000000000000000e+10
1.564084810196403053e-01 4.941424879341216752e+02 2.220742462450062931e+02 1.143319296258884492e+02 1.634752203985451458e-01 4.402256141395927216e+02 1.659277390124580043e-27 1.549616451988379409e-27 4.568723869333533174e-28 3.322994230475643795e-01 1.044546930238066174e-27 1.000000000000000000e+00 0.000000000000000000e+00 0.000000000000000000e+00 0.000000000000000000e+00 1.000000000000000000e+00 1.000000000000000000e+10 0.000000000000000000e+00 0.000000000000000000e+00 0.000000000000000000e+00 1.000000000000000000e+10
1.803842016362447453e-01 3.886195373398499555e+02 1.973806285762672132e+02 9.129067281944824686e+01 1.728887777615566168e-01 3.367643372109175743e+02 1.292789327347020974e-27 1.173615413370581147e-27 3.319536785226163229e-28 3.647077723864691201e-01 7.340074232859075723e-28 1.000000000000000000e+00 0.000000000000000000e+00 0.000000000000000000e+00 0.000000000000000000e+00 1.000000000000000000e+00 1.000000000000000000e+10 0.000000000000000000e+00 0.000000000000000000e+00 0.000000000000000000e+00 1.000000000000000000e+10
2.080351397048574025e-01 2.989717667521730391e+02 1.338550709329562096e+02 7.968081330484960745e+01 1.734054249097908007e-01 2.666859239179405563e+02 1.062211272273673467e-27 1.109357280325921840e-27 2.508215048981815332e-28 4.055478311222247556e-01 5.116117535943565900e-28 1.000000000000000000e+00 0.000000000000000000e+00 0.000000000000000000e+00 0.000000000000000000e+00 1.000000000000000000e+00 1.000000000000000000e+10 0.000000000000000000e+00 0.000000000000000000e+00 0.000000000000000000e+00 1.000000000000000000e+10
2.399246661262133540e-01 2.338466117220188210e+02 1.245425323693769144e+02 5.717685350476696726e+01 1.843907111017364375e-01 2.015672397250604888e+02 8.955915742751314666e-28 1.023742935784326713e-27 1.958068521144841858e-28 4.498672410844394287e-01 3.720202546849882377e-28 1.000000000000000000e+00 0.000000000000000000e+00 0.000000000000000000e+00 0.000000000000000000e+00 1.000000000000000000e+00 1.000000000000000000e+10 0.000000000000000000e+00 0.000000000000000000e+00 0.000000000000000000e+00 1.000000000000000000e+10
2.767025104385807399e-01 1.843789234934980072e+02 1.108723848768465814e+02 5.198365581954750780e+01 1.990948449400755105e-01 1.580513814393384564e+02 7.972685603022777899e-28 8.536891153510643685e-28 1.584522466855879132e-28 5.001014843078841476e-01 2.732720971222956574e-28 1.000000000000000000e+00 0.000000000000000000e+00 0.000000000000000000e+00 0.000000000000000000e+00 1.000000000000000000e+00 1.000000000000000000e+10 0.000000000000000000e+00 0.000000000000000000e+00 0.000000000000000000e+00 1.000000000000000000e+10
3.191179986585286343e-01 1.591053004834829778e+02 9.702765158608839613e+01 3.715047858834354599e+01 2.359869637694751165e-01 1.200810660633225240e+02 7.456273626348271802e-28 8.059384774358853868e-28 1.288917908145443326e-28 5.536173801803402350e-01 2.059718576351798451e-28 1.000000000000000000e+00 0.000000000000000000e+00 0.000000000000000000e+00 0.000000000000000000e+00 1.000000000000000000e+00 1.000000000000000000e+10 0.000000000000000000e+00 0.000000000000000000e+00 0.000000000000000000e+00 1.000000000000000000e+10
3.680353203388414540e-01 1.281868442544912909e+02 1.037507819594239891e+02 3.274164480079006267e+01 2.493759545521564980e-01 9.469160143193843737e+01 7.092843089666378480e-28 8.472743363853246170e-28 9.559160363825999367e-29 6.106960552784577168e-01 1.519354247955355948e-28 1.000000000000000000e+00 0.000000000000000000e+00 0.000000000000000000e+00 0.000000000000000000e+00 1.000000000000000000e+00 1.000000000000000000e+10 0.000000000000000000e+00 0.000000000000000000e+00 0.000000000000000000e+00 1.000000000000000000e+10
4.244511359005219142e-01 1.079956632898673803e+02 8.537103028974910046e+01 2.528957901216843140e+01 2.774348665370491296e-01 7.265786273004080442e+01 7.111231424417988458e-28 8.438235612212531272e-28 7.139436201329311289e-29 6.740104761686739332e-01 1.092028247781240110e-28 1.000000000000000000e+00 0.000000000000000000e+00 0.000000000000000000e+00 0.000000000000000000e+00 1.000000000000000000e+00 1.000000000000000000e+10 0.000000000000000000e+00 0.000000000000000000e+00 0.000000000000000000e+00 1.000000000000000000e+10
4.895148829774688681e-01 9.160322677288515081e+01 7.901081107731556585e+01 2.370451323658292608e+01 2.954880562988662640e-01 6.048715537356893179e+01 6.904387755420638930e-28 7.474202095020413022e-28 7.187848647289571672e-29 7.242335073337214935e-01 9.513705984848538578e-29 1.000000000000000000e+00 0.000000000000000000e+00 0.000000000000000000e+00 0.000000000000000000e+00 1.000000000000000000e+00 1.000000000000000000e+10 0.000000000000000000e+00 0.000000000000000000e+00 0.000000000000000000e+00 1.000000000000000000e+10
5.645521955031491679e-01 7.614255460107810336e+01 6.720775678454160129e+01 2.056058824587837108e+01 3.032725574387137302e-01 4.953392009636483095e+01 6.371321095832206171e-28 6.028415002025374179e-28 5.011256911740908996e-29 7.633807701678713142e-01 6.770089884232235809e-29 1.000000000000000000e+00 0.000000000000000000e+00 0.000000000000000000e+00 0.000000000000000000e+00 1.000000000000000000e+00 1.000000000000000000e+10 0.000000000000000000e+00 0.000000000000000000e+00 0.000000000000000000e+00 1.000000000000000000e+10
6.510919126887823039e-01 6.660102560847515463e+01 6.716524930562110285e+01 1.789514008903492481e+01 3.179713086510467246e-01 4.235743452901867556e+01 6.092513397602434299e-28 6.238655811954681966e-28 5.386008902020912146e-29 8.144535629146498756e-01 6.744346669244773126e-29 1.000000000000000000e+00 0.000000000000000000e+00 0.000000000000000000e+00 0.000000000000000000e+00 1.000000000000000000e+00 1.000000000000000000e+10 0.000000000000000000e+00 0.000000000000000000e+00 0.000000000000000000e+00 1.000000000000000000e+10
7.508972281844089602e-01 6.053860074997905372e+01 7.038689047452533032e+01 1.553842892979935542e+01 3.296883695065118691e-01 3.688240138841749882e+01 6.502568005494137611e-28 7.267016747879094473e-28 5.120278150492808116e-29 8.650802256732603723e-01 6.207075284720149521e-29 1.000000000000000000e+00 0.000000000000000000e+00 0.000000000000000000e+00 0.000000000000000000e+00 1.000000000000000000e+00 1.000000000000000000e+10 0.000000000000000000e+00 0.000000000000000000e+00 0.000000000000000000e+00 1.000000000000000000e+10
8.660016140678794550e-01 5.861565627237506249e+01 6.232144639484769755e+01 1.781930300252295396e+01 3.495155651178118439e-01 3.546959280967310235e+01 7.647597005933617055e-28 7.000682094742787351e-28 6.179656291013185243e-29 9.110575498283298712e-01 7.174652848130761965e-29 1.000000000000000000e+00 0.000000000000000000e+00 0.000000000000000000e+00 0.000000000000000000e+00 1.000000000000000000e+00 1.000000000000000000e+10 0.000000000000000000e+00 0.000000000000000000e+00 0.000000000000000000e+00 1.000000000000000000e+10
9.987502515910116063e-01 5.443987256723057300e+01 5.230381624103038263e+01 1.727766957879568821e+01 3.559548544398345449e-01 3.329459358626589704e+01 9.065002188640766338e-28 7.164948735170023370e-28 5.921750221042656356e-29 9.405952334492913014e-01 6.742414184138577458e-29 1.000000000000000000e+00 0.000000000000000000e+00 0.000000000000000000e+00 0.000000000000000000e+00 1.000000000000000000e+00 1.000000000000000000e+10 0.000000000000000000e+00 0.000000000000000000e+00 0.000000000000000000e+00 1.000000000000000000e+10
1.151847812808953542e+00 4.953470927230230814e+01 4.622358908977999903e+01 1.637352713769532642e+01 3.478642713158525135e-01 3.176646997891040058e+01 1.095958180410895847e-27 6.780982959015058359e-28 4.771720275834488385e-29 9.397370136675814445e-01 5.605716572063056449e-29 1.000000000000000000e+00 0.000000000000000000e+00 0.000000000000000000e+00 0.000000000000000000e+00 1.000000000000000000e+00 1.000000000000000000e+10 0.000000000000000000e+00 0.000000000000000000e+00 0.000000000000000000e+00 1.000000000000000000e+10
1.328413566614123908e+00 4.693926544752785901e+01 4.491804130155944108e+01 1.583858998154958719e+01 3.386658493725033803e-01 3.119755694361374765e+01 1.377052140900143397e-27 7.751023797300928536e-28 5.851170143476839913e-29 9.367812595981422907e-01 6.853402520194415120e-29 1.000000000000000000e+00 0.000000000000000000e+00 0.000000000000000000e+00 0.000000000000000000e+00 1.000000000000000000e+00 1.000000000000000000e+10 0.000000000000000000e+00 0.000000000000000000e+00 0.000000000000000000e+00 1.000000000000000000e+10
1.532044931926391351e+00 4.677348706973923953e+01 4.320070494199659095e+01 1.514799633174888527e+01 3.443948248136676771e-01 2.968115676936427860e+01 2.047066669922482787e-27 8.765547020152195270e-28 5.459228187294941317e-29 9.547249521854435095e-01 6.450820974319237640e-29 1.000000000000000000e+00 0.000000000000000000e+00 0.000000000000000000e+00 0.000000000000000000e+00 1.000000000000000000e+00 1.000000000000000000e+10 0.000000000000000000e+00 0.000000000000000000e+00 0.000000000000000000e+00 1.000000000000000000e+10
1.766890772896739126e+00 4.533628129224005932e+01 3.539278190799884527e+01 1.259370111658100200e+01 3.354530705651809219e-01 2.728598683776696276e+01 2.718305461276699540e-27 6.563420849396941171e-28 6.603002750761976754e-29 9.554013420468044915e-01 7.615804868221313404e-29 1.000000000000000000e+00 0.000000000000000000e+00 0.000000000000000000e+00 0.000000000000000000e+00 1.000000000000000000e+00 1.000000000000000000e+10 0.000000000000000000e+00 0.000000000000000000e+00 0.000000000000000000e+00 1.000000000000000000e+10
2.037735929469222107e+00 3.968643896136960336e+01 2.502461593662336625e+01 1.294881247996178608e+01 3.218220966122267712e-01 2.621169018929687766e+01 2.230637105810979202e-27 3.708660587441044349e-28 7.019189870216535865e-29 9.281083035556915162e-01 8.087731703143722785e-29 1.000000000000000000e+00 0.000000000000000000e+00 0.000000000000000000e+00 0.000000000000000000e+00 1.000000000000000000e+00 1.000000000000000000e+10 0.000000000000000000e+00 0.000000000000000000e+00 0.000000000000000000e+00 1.000000000000000000e+10
2.350098705559579226e+00 3.624190142367364587e+01 2.409872224968057353e+01 1.115950154977631570e+01 3.098124623993402382e-01 2.427165634061378441e+01 1.831833739218465135e-27 4.250509757351567816e-28 6.601694065543523922e-29 9.007280851779593256e-01 7.706721185243923049e-29 1.000000000000000000e+00 0.000000000000000000e+00 0.000000000000000000e+00 0.000000000000000000e+00 1.000000000000000000e+00 1.000000000000000000e+10 0.000000000000000000e+00 0.000000000000000000e+00 0.000000000000000000e+00 1.000000000000000000e+10
