# R (Mpc), mean rho (Msol/kpc^3), errup (Msol/kpc^3), errlow, std, median rho (Msol/kpc^3), mean pth (Msol/kpc/s^2), errup(Msol/kpc/s^2), errlow, std, median pth (Msol/kpc/s^2), mean gas-mass-weighted metal (fraction), errup, errlow, std, median metal, mean gas-mass-weighted temp (K), errup, errlow, std, median temp  
#  nprofs 185, mean mh 554928960518.531982, median mh 512434632993.813782 
#  Mass range 11.50 - 12.0
1.040961082911032697e-02 1.018550516284856247e+06 6.335205722625160124e+05 4.595563352162229130e+05 2.915864032797403915e-01 9.203404607601207681e+05 4.871890661564326037e-25 4.806298912789709736e-25 2.709596585109214131e-25 4.581802733778318482e-01 3.577022707643699160e-25 1.000000000000000000e+00 0.000000000000000000e+00 0.000000000000000000e+00 0.000000000000000000e+00 1.000000000000000000e+00 1.000000000000000000e+10 0.000000000000000000e+00 0.000000000000000000e+00 0.000000000000000000e+00 1.000000000000000000e+10
1.200529105910367808e-02 6.919898205278464593e+05 4.361819272364587523e+05 3.229567019276350038e+05 2.938784273520122503e-01 6.515736071844710968e+05 4.060493448113918987e-25 3.817169829705988518e-25 2.005897254061624945e-25 4.096456789173952284e-01 3.069560619426482041e-25 1.000000000000000000e+00 0.000000000000000000e+00 0.000000000000000000e+00 0.000000000000000000e+00 1.000000000000000000e+00 1.000000000000000000e+10 0.000000000000000000e+00 0.000000000000000000e+00 0.000000000000000000e+00 1.000000000000000000e+10
1.384557172980430476e-02 4.728911203138214769e+05 3.361420569336673943e+05 1.448636911071325012e+05 2.656162671430244981e-01 3.866934662443015259e+05 3.855103984785096617e-25 3.747875077262456766e-25 1.647709519470455306e-25 3.699149040418587275e-01 2.822844457826098256e-25 1.000000000000000000e+00 0.000000000000000000e+00 0.000000000000000000e+00 0.000000000000000000e+00 1.000000000000000000e+00 1.000000000000000000e+10 0.000000000000000000e+00 0.000000000000000000e+00 0.000000000000000000e+00 1.000000000000000000e+10
1.596794743096121086e-02 3.182106811782901641e+05 2.194540520584204933e+05 8.523993740196211729e+04 2.393256707105654579e-01 2.551796977625587606e+05 3.633154415089281450e-25 3.004656960743287232e-25 1.611899609508176284e-25 3.523218427552991527e-01 2.734525703013585931e-25 1.000000000000000000e+00 0.000000000000000000e+00 0.000000000000000000e+00 0.000000000000000000e+00 1.000000000000000000e+00 1.000000000000000000e+10 0.000000000000000000e+00 0.000000000000000000e+00 0.000000000000000000e+00 1.000000000000000000e+10
1.841566026551830909e-02 2.239954601081372821e+05 1.216558554746728623e+05 6.319127692440756073e+04 2.299983910954992994e-01 1.893987709037314635e+05 3.152215938817048587e-25 2.815441615833765646e-25 1.421434864288022984e-25 3.578154693933618957e-01 2.411455137312087342e-25 1.000000000000000000e+00 0.000000000000000000e+00 0.000000000000000000e+00 0.000000000000000000e+00 1.000000000000000000e+00 1.000000000000000000e+10 0.000000000000000000e+00 0.000000000000000000e+00 0.000000000000000000e+00 1.000000000000000000e+10
2.123858088093512342e-02 1.525512719304167840e+05 7.612970306534637348e+04 4.237696266828414809e+04 1.986620001352444875e-01 1.347290882364626741e+05 2.730596436758314291e-25 2.126748516133591468e-25 1.099008795884378343e-25 3.257300612239831250e-01 2.054200662558557430e-25 1.000000000000000000e+00 0.000000000000000000e+00 0.000000000000000000e+00 0.000000000000000000e+00 1.000000000000000000e+00 1.000000000000000000e+10 0.000000000000000000e+00 0.000000000000000000e+00 0.000000000000000000e+00 1.000000000000000000e+10
2.449422455303571639e-02 1.054808960168876365e+05 4.057386879659020633e+04 3.842735511809637683e+04 1.882171191430577761e-01 1.010634349487185973e+05 2.159920902735717321e-25 1.860615624253013763e-25 7.508185610361255290e-26 3.188094573652358044e-01 1.587886615674938791e-25 1.000000000000000000e+00 0.000000000000000000e+00 0.000000000000000000e+00 0.000000000000000000e+00 1.000000000000000000e+00 1.000000000000000000e+10 0.000000000000000000e+00 0.000000000000000000e+00 0.000000000000000000e+00 1.000000000000000000e+10
2.824892302447100725e-02 7.275974832976856851e+04 3.192334755841510196e+04 2.213057972475658607e+04 1.828966451596366893e-01 6.816572245845991711e+04 1.668005895343349512e-25 1.419069197683264471e-25 6.920824597178798218e-26 3.091094509717432492e-01 1.301711316226534098e-25 1.000000000000000000e+00 0.000000000000000000e+00 0.000000000000000000e+00 0.000000000000000000e+00 1.000000000000000000e+00 1.000000000000000000e+10 0.000000000000000000e+00 0.000000000000000000e+00 0.000000000000000000e+00 1.000000000000000000e+10
3.257917597328415654e-02 4.741858969007540145e+04 2.080496606621296814e+04 1.588327497346905511e+04 1.819093954712840966e-01 4.475428302195293509e+04 1.323180146263271140e-25 1.044618563822459821e-25 4.921667328683355464e-26 2.875327144357567311e-01 1.038609542025616444e-25 1.000000000000000000e+00 0.000000000000000000e+00 0.000000000000000000e+00 0.000000000000000000e+00 1.000000000000000000e+00 1.000000000000000000e+10 0.000000000000000000e+00 0.000000000000000000e+00 0.000000000000000000e+00 1.000000000000000000e+10
3.757320964692217186e-02 3.105590167779037074e+04 1.512509944053592335e+04 1.079051034135609370e+04 1.953507448437762362e-01 2.887676369513415557e+04 1.088646167963400777e-25 9.945475167839293902e-26 3.623220994278554543e-26 2.931362485070919677e-01 8.063303329303545431e-26 1.000000000000000000e+00 0.000000000000000000e+00 0.000000000000000000e+00 0.000000000000000000e+00 1.000000000000000000e+00 1.000000000000000000e+10 0.000000000000000000e+00 0.000000000000000000e+00 0.000000000000000000e+00 1.000000000000000000e+10
4.333277441790538143e-02 1.962928895445642775e+04 9.499797371278251376e+03 7.153593646346924288e+03 1.996578412696572991e-01 1.783386895718920641e+04 8.565865549826876916e-26 7.428034309505582590e-26 2.850392731400509303e-26 2.752904628851681745e-01 6.494592319405880108e-26 1.000000000000000000e+00 0.000000000000000000e+00 0.000000000000000000e+00 0.000000000000000000e+00 1.000000000000000000e+00 1.000000000000000000e+10 0.000000000000000000e+00 0.000000000000000000e+00 0.000000000000000000e+00 1.000000000000000000e+10
4.997521788524898756e-02 1.259507977446907717e+04 6.267872546190652429e+03 3.490594386266926449e+03 1.843758817490291635e-01 1.114199803064265689e+04 6.866753888994536221e-26 5.556179824198628432e-26 2.240614943000354291e-26 2.621122648435115221e-01 5.364022611772604383e-26 1.000000000000000000e+00 0.000000000000000000e+00 0.000000000000000000e+00 0.000000000000000000e+00 1.000000000000000000e+00 1.000000000000000000e+10 0.000000000000000000e+00 0.000000000000000000e+00 0.000000000000000000e+00 1.000000000000000000e+10
5.763587575980636674e-02 8.624905096342972683e+03 4.022137558911520500e+03 2.598379756684952554e+03 1.733133208222810695e-01 7.890457100295153396e+03 5.430479290925686044e-26 3.842884251325410327e-26 2.050111647134064857e-26 2.493487870588027289e-01 4.571367718199455305e-26 1.000000000000000000e+00 0.000000000000000000e+00 0.000000000000000000e+00 0.000000000000000000e+00 1.000000000000000000e+00 1.000000000000000000e+10 0.000000000000000000e+00 0.000000000000000000e+00 0.000000000000000000e+00 1.000000000000000000e+10
6.647082924635627776e-02 6.172896364497220020e+03 2.366861555966896049e+03 1.919985081608400833e+03 1.660465187240990903e-01 5.783959187878756893e+03 4.139516117064534489e-26 3.013095202960089045e-26 1.545643790126299188e-26 2.529466619011021544e-01 3.408356276369181055e-26 1.000000000000000000e+00 0.000000000000000000e+00 0.000000000000000000e+00 0.000000000000000000e+00 1.000000000000000000e+00 1.000000000000000000e+10 0.000000000000000000e+00 0.000000000000000000e+00 0.000000000000000000e+00 1.000000000000000000e+10
7.666008510240249207e-02 4.667729368957989209e+03 1.560878658590379928e+03 1.248424890381566001e+03 1.624060108546535042e-01 4.337377115546267305e+03 3.076341973558412501e-26 2.217362155023335590e-26 1.189043954589085645e-26 2.432637042690577178e-01 2.624898639577952710e-26 1.000000000000000000e+00 0.000000000000000000e+00 0.000000000000000000e+00 0.000000000000000000e+00 1.000000000000000000e+00 1.000000000000000000e+10 0.000000000000000000e+00 0.000000000000000000e+00 0.000000000000000000e+00 1.000000000000000000e+10
8.841124316543315376e-02 3.608565490897228756e+03 1.644178813537556834e+03 7.653104311339893684e+02 1.666561081902484254e-01 3.171099446799099042e+03 2.262124907121616240e-26 1.882494856939433718e-26 8.388261727799172454e-27 2.432748665797753174e-01 1.916507395865705349e-26 1.000000000000000000e+00 0.000000000000000000e+00 0.000000000000000000e+00 0.000000000000000000e+00 1.000000000000000000e+00 1.000000000000000000e+10 0.000000000000000000e+00 0.000000000000000000e+00 0.000000000000000000e+00 1.000000000000000000e+10
1.019637260722580097e-01 2.691551970738470573e+03 1.045323808255840504e+03 6.918320984162673994e+02 1.609698945028441575e-01 2.449378609908019371e+03 1.620628163248487029e-26 1.149565570515512542e-26 6.926715004276378115e-27 2.499365666419993415e-01 1.411063999768290541e-26 1.000000000000000000e+00 0.000000000000000000e+00 0.000000000000000000e+00 0.000000000000000000e+00 1.000000000000000000e+00 1.000000000000000000e+10 0.000000000000000000e+00 0.000000000000000000e+00 0.000000000000000000e+00 1.000000000000000000e+10
1.175936573483598035e-01 1.972351401489046111e+03 7.462458349346475188e+02 5.679147619270343057e+02 1.594782517385951448e-01 1.861680838574747213e+03 1.143822398807755095e-26 8.852288511747111477e-27 4.402840303630420012e-27 2.628625567301766663e-01 9.445486721437403608e-27 1.000000000000000000e+00 0.000000000000000000e+00 0.000000000000000000e+00 0.000000000000000000e+00 1.000000000000000000e+00 1.000000000000000000e+10 0.000000000000000000e+00 0.000000000000000000e+00 0.000000000000000000e+00 1.000000000000000000e+10
1.356194872553388164e-01 1.440559350889393954e+03 5.454721027537248119e+02 4.289127511682729619e+02 1.570410747897476034e-01 1.346744215853956803e+03 7.911381238988907712e-27 5.863666541226535870e-27 3.334770238394452317e-27 2.810480633144484819e-01 6.580401995095699063e-27 1.000000000000000000e+00 0.000000000000000000e+00 0.000000000000000000e+00 0.000000000000000000e+00 1.000000000000000000e+00 1.000000000000000000e+10 0.000000000000000000e+00 0.000000000000000000e+00 0.000000000000000000e+00 1.000000000000000000e+10
1.564084810196403053e-01 1.046999142868003446e+03 4.474766768783923681e+02 3.030974785223186245e+02 1.698277393973021410e-01 9.388491594134032994e+02 5.327825141861395689e-27 3.717339984770622524e-27 2.558643077012004914e-27 3.037957266192017891e-01 4.392799174913835142e-27 1.000000000000000000e+00 0.000000000000000000e+00 0.000000000000000000e+00 0.000000000000000000e+00 1.000000000000000000e+00 1.000000000000000000e+10 0.000000000000000000e+00 0.000000000000000000e+00 0.000000000000000000e+00 1.000000000000000000e+10
1.803842016362447453e-01 7.117620314674306883e+02 2.957176832818555567e+02 2.018954614694026191e+02 1.590611846371613458e-01 6.529073134570016919e+02 3.546219691878358807e-27 2.554242991888009982e-27 1.573718016222124668e-27 3.229407011543264927e-01 2.727752584772437493e-27 1.000000000000000000e+00 0.000000000000000000e+00 0.000000000000000000e+00 0.000000000000000000e+00 1.000000000000000000e+00 1.000000000000000000e+10 0.000000000000000000e+00 0.000000000000000000e+00 0.000000000000000000e+00 1.000000000000000000e+10
2.080351397048574025e-01 5.051847781865297407e+02 2.248993567694834042e+02 1.496394417627889197e+02 1.709952369790710691e-01 4.594325982350215440e+02 2.391175088912009691e-27 1.778489301196904892e-27 9.513507411156232018e-28 3.504430320034082058e-01 1.658827837562886967e-27 1.000000000000000000e+00 0.000000000000000000e+00 0.000000000000000000e+00 0.000000000000000000e+00 1.000000000000000000e+00 1.000000000000000000e+10 0.000000000000000000e+00 0.000000000000000000e+00 0.000000000000000000e+00 1.000000000000000000e+10
2.399246661262133540e-01 3.716794152585725897e+02 1.753374146756036680e+02 9.935656127308573105e+01 1.950754225506103057e-01 3.176117556800341504e+02 1.681237140243091202e-27 1.644335783814526743e-27 5.387516052907964323e-28 3.928843031361261562e-01 9.648646874481115476e-28 1.000000000000000000e+00 0.000000000000000000e+00 0.000000000000000000e+00 0.000000000000000000e+00 1.000000000000000000e+00 1.000000000000000000e+10 0.000000000000000000e+00 0.000000000000000000e+00 0.000000000000000000e+00 1.000000000000000000e+10
2.767025104385807399e-01 2.765009914025705484e+02 1.665865382428562498e+02 6.296976763150826173e+01 2.116054924055371933e-01 2.219525500460607645e+02 1.206653743300471999e-27 1.346199244410629382e-27 3.661772215510729361e-28 4.317762158370180292e-01 6.163540153504900064e-28 1.000000000000000000e+00 0.000000000000000000e+00 0.000000000000000000e+00 0.000000000000000000e+00 1.000000000000000000e+00 1.000000000000000000e+10 0.000000000000000000e+00 0.000000000000000000e+00 0.000000000000000000e+00 1.000000000000000000e+10
3.191179986585286343e-01 2.008447929162828700e+02 1.366079100050649515e+02 4.954400736437213482e+01 2.156218509206812017e-01 1.606573836257317396e+02 9.073153392293206490e-28 1.115685812869337968e-27 2.394661244269040831e-28 4.718604911385957945e-01 3.986663618418971096e-28 1.000000000000000000e+00 0.000000000000000000e+00 0.000000000000000000e+00 0.000000000000000000e+00 1.000000000000000000e+00 1.000000000000000000e+10 0.000000000000000000e+00 0.000000000000000000e+00 0.000000000000000000e+00 1.000000000000000000e+10
3.680353203388414540e-01 1.623840142046950916e+02 1.041338137095851124e+02 3.290175662167931137e+01 2.403375385922734697e-01 1.187669774712468467e+02 7.622203706718260237e-28 7.937997610422741837e-28 1.607584624349861530e-28 5.167871995244740502e-01 2.665115605111681613e-28 1.000000000000000000e+00 0.000000000000000000e+00 0.000000000000000000e+00 0.000000000000000000e+00 1.000000000000000000e+00 1.000000000000000000e+10 0.000000000000000000e+00 0.000000000000000000e+00 0.000000000000000000e+00 1.000000000000000000e+10
4.244511359005219142e-01 1.355458384424130145e+02 9.231803164002624840e+01 3.066016252690323540e+01 2.561402733763500916e-01 9.502591678851209167e+01 7.245068617783350853e-28 6.213131336588750918e-28 1.206349746467249103e-28 5.686814838097995484e-01 1.883118666228016048e-28 1.000000000000000000e+00 0.000000000000000000e+00 0.000000000000000000e+00 0.000000000000000000e+00 1.000000000000000000e+00 1.000000000000000000e+10 0.000000000000000000e+00 0.000000000000000000e+00 0.000000000000000000e+00 1.000000000000000000e+10
4.895148829774688681e-01 1.100534075308150079e+02 6.415453509454458469e+01 2.501152178105930801e+01 2.676406159805578833e-01 7.701162661391340691e+01 6.785230976147296700e-28 6.729651132897792745e-28 9.109861511647284311e-29 6.197121937697825933e-01 1.403459520161307701e-28 1.000000000000000000e+00 0.000000000000000000e+00 0.000000000000000000e+00 0.000000000000000000e+00 1.000000000000000000e+00 1.000000000000000000e+10 0.000000000000000000e+00 0.000000000000000000e+00 0.000000000000000000e+00 1.000000000000000000e+10
5.645521955031491679e-01 9.167253873506230377e+01 6.124614595680836260e+01 2.405230485628423054e+01 2.719974090486438345e-01 6.487916026695047833e+01 6.791944587281080015e-28 6.556075633990855419e-28 7.508434922644112831e-29 6.740992780541331664e-01 1.091573882566257849e-28 1.000000000000000000e+00 0.000000000000000000e+00 0.000000000000000000e+00 0.000000000000000000e+00 1.000000000000000000e+00 1.000000000000000000e+10 0.000000000000000000e+00 0.000000000000000000e+00 0.000000000000000000e+00 1.000000000000000000e+10
6.510919126887823039e-01 8.764306978672176740e+01 9.212402636439460935e+01 2.617558990162839194e+01 3.085299221694758898e-01 5.844396516767326943e+01 7.280060099826848470e-28 6.315434613812348902e-28 6.595284031609466473e-29 7.353273259989229205e-01 9.161867285723671053e-29 1.000000000000000000e+00 0.000000000000000000e+00 0.000000000000000000e+00 0.000000000000000000e+00 1.000000000000000000e+00 1.000000000000000000e+10 0.000000000000000000e+00 0.000000000000000000e+00 0.000000000000000000e+00 1.000000000000000000e+10
7.508972281844089602e-01 7.626139902660072778e+01 7.807665483537525120e+01 1.931498623987802432e+01 3.208264332971181299e-01 4.732921867888321543e+01 6.422998579809957448e-28 5.896954808595232456e-28 5.710456183781298580e-29 7.632661761430221681e-01 7.744319554849910304e-29 1.000000000000000000e+00 0.000000000000000000e+00 0.000000000000000000e+00 0.000000000000000000e+00 1.000000000000000000e+00 1.000000000000000000e+10 0.000000000000000000e+00 0.000000000000000000e+00 0.000000000000000000e+00 1.000000000000000000e+10
8.660016140678794550e-01 6.064646730673704411e+01 4.453442181817310797e+01 1.732717550440382226e+01 2.879474284402481210e-01 4.284009670297188421e+01 5.341393038764180819e-28 4.637907507047469156e-28 6.042124211139633015e-29 7.562065455029841621e-01 7.714756799925637019e-29 1.000000000000000000e+00 0.000000000000000000e+00 0.000000000000000000e+00 0.000000000000000000e+00 1.000000000000000000e+00 1.000000000000000000e+10 0.000000000000000000e+00 0.000000000000000000e+00 0.000000000000000000e+00 1.000000000000000000e+10
9.987502515910116063e-01 5.255809403404462898e+01 4.645185076880433428e+01 1.481144182710589874e+01 2.782429890653739801e-01 3.781075618805726890e+01 5.480491213196656180e-28 4.775826959795518834e-28 5.634578830330176354e-29 7.678928733003200779e-01 6.951989629926192676e-29 1.000000000000000000e+00 0.000000000000000000e+00 0.000000000000000000e+00 0.000000000000000000e+00 1.000000000000000000e+00 1.000000000000000000e+10 0.000000000000000000e+00 0.000000000000000000e+00 0.000000000000000000e+00 1.000000000000000000e+10
1.151847812808953542e+00 4.866266839787098064e+01 3.867167131196423924e+01 1.521816984326364874e+01 2.906238114656564120e-01 3.483339880277235778e+01 6.408413346445130196e-28 4.654444875250005259e-28 5.633293411774115556e-29 7.928155676180324019e-01 6.742396059338991091e-29 1.000000000000000000e+00 0.000000000000000000e+00 0.000000000000000000e+00 0.000000000000000000e+00 1.000000000000000000e+00 1.000000000000000000e+10 0.000000000000000000e+00 0.000000000000000000e+00 0.000000000000000000e+00 1.000000000000000000e+10
1.328413566614123908e+00 4.429837050595757830e+01 3.134921624356976366e+01 1.432969525866992200e+01 2.807442320124950985e-01 3.265460894113005708e+01 7.363056024110529909e-28 4.832860898639117852e-28 5.648891733644148617e-29 7.815882182498604669e-01 6.766659654061523160e-29 1.000000000000000000e+00 0.000000000000000000e+00 0.000000000000000000e+00 0.000000000000000000e+00 1.000000000000000000e+00 1.000000000000000000e+10 0.000000000000000000e+00 0.000000000000000000e+00 0.000000000000000000e+00 1.000000000000000000e+10
1.532044931926391351e+00 4.220064111097089210e+01 3.925374285799777141e+01 1.232515596738257813e+01 2.797606827638944860e-01 2.990907687376716950e+01 9.263769838418020624e-28 4.160361826500430999e-28 5.812709468437239074e-29 7.639652824448716073e-01 7.042627932469171457e-29 1.000000000000000000e+00 0.000000000000000000e+00 0.000000000000000000e+00 0.000000000000000000e+00 1.000000000000000000e+00 1.000000000000000000e+10 0.000000000000000000e+00 0.000000000000000000e+00 0.000000000000000000e+00 1.000000000000000000e+10
1.766890772896739126e+00 3.738271018641525245e+01 2.536707225983590419e+01 1.368575458439748616e+01 2.607641320031996446e-01 2.972655714067917998e+01 7.195596128757459748e-28 3.919331126951181634e-28 5.283479227094516425e-29 7.379615844361989696e-01 6.604839639998712847e-29 1.000000000000000000e+00 0.000000000000000000e+00 0.000000000000000000e+00 0.000000000000000000e+00 1.000000000000000000e+00 1.000000000000000000e+10 0.000000000000000000e+00 0.000000000000000000e+00 0.000000000000000000e+00 1.000000000000000000e+10
2.037735929469222107e+00 3.251403803903497192e+01 2.378567720421378695e+01 1.026547649662215278e+01 2.433270580591160026e-01 2.599562042999041367e+01 4.023709207693979446e-28 2.874498972945486246e-28 4.882782741919170170e-29 6.991491606142431481e-01 6.505985774896687979e-29 1.000000000000000000e+00 0.000000000000000000e+00 0.000000000000000000e+00 0.000000000000000000e+00 1.000000000000000000e+00 1.000000000000000000e+10 0.000000000000000000e+00 0.000000000000000000e+00 0.000000000000000000e+00 1.000000000000000000e+10
2.350098705559579226e+00 3.067075618691227135e+01 2.429213278926324904e+01 8.257016850046065670e+00 2.371940797054173655e-01 2.380775165440519459e+01 3.274629152285058810e-28 2.341126419272042397e-28 5.326652843266781750e-29 6.728069690004441217e-01 7.086188196734538088e-29 1.000000000000000000e+00 0.000000000000000000e+00 0.000000000000000000e+00 0.000000000000000000e+00 1.000000000000000000e+00 1.000000000000000000e+10 0.000000000000000000e+00 0.000000000000000000e+00 0.000000000000000000e+00 1.000000000000000000e+10
