# R (Mpc), mean rho (Msol/kpc^3), errup (Msol/kpc^3), errlow, std, median rho (Msol/kpc^3), mean pth (Msol/kpc/s^2), errup(Msol/kpc/s^2), errlow, std, median pth (Msol/kpc/s^2), mean gas-mass-weighted metal (fraction), errup, errlow, std, median metal, mean gas-mass-weighted temp (K), errup, errlow, std, median temp  
#  nprofs 201, mean mh 213307573927.189209, median mh 202977719489.552185 
#  Mass range 11.00 - 11.5
1.040961082911032697e-02 1.419201548343889590e+05 9.693724364065882401e+04 6.306112913481892610e+04 2.446367977469996180e-01 1.273787882809192815e+05 1.143913931841925542e-25 2.111741137282042333e-25 1.829106596921330454e-26 5.575686488102190586e-01 3.207985138708700798e-26 1.000000000000000000e+00 0.000000000000000000e+00 0.000000000000000000e+00 0.000000000000000000e+00 1.000000000000000000e+00 1.000000000000000000e+10 0.000000000000000000e+00 0.000000000000000000e+00 0.000000000000000000e+00 1.000000000000000000e+10
1.200529105910367808e-02 1.118586449822102732e+05 6.999234109300901764e+04 4.745798509744172770e+04 2.681953848365636883e-01 1.007635592725792667e+05 9.940171525905281067e-26 1.461667451427576890e-25 3.115458294464262545e-26 4.706313155730778020e-01 4.999282399184852615e-26 1.000000000000000000e+00 0.000000000000000000e+00 0.000000000000000000e+00 0.000000000000000000e+00 1.000000000000000000e+00 1.000000000000000000e+10 0.000000000000000000e+00 0.000000000000000000e+00 0.000000000000000000e+00 1.000000000000000000e+10
1.384557172980430476e-02 8.451548225493010250e+04 6.265004719859649776e+04 3.625251246040326805e+04 2.764859770285650331e-01 7.268610647104470991e+04 8.035354298035566366e-26 9.483960776735363646e-26 3.622651043375319225e-26 4.169133081185236733e-01 5.492964694429623348e-26 1.000000000000000000e+00 0.000000000000000000e+00 0.000000000000000000e+00 0.000000000000000000e+00 1.000000000000000000e+00 1.000000000000000000e+10 0.000000000000000000e+00 0.000000000000000000e+00 0.000000000000000000e+00 1.000000000000000000e+10
1.596794743096121086e-02 6.295554366679018131e+04 5.028212785509640526e+04 2.850254032491177350e+04 2.797794560874543590e-01 5.473151156108606665e+04 7.713798523620638410e-26 8.791038734980869576e-26 3.191303271333314547e-26 3.982455439199309444e-01 5.188555642440031447e-26 1.000000000000000000e+00 0.000000000000000000e+00 0.000000000000000000e+00 0.000000000000000000e+00 1.000000000000000000e+00 1.000000000000000000e+10 0.000000000000000000e+00 0.000000000000000000e+00 0.000000000000000000e+00 1.000000000000000000e+10
1.841566026551830909e-02 4.582754628617376875e+04 3.912165285319666145e+04 1.623733759396857567e+04 2.847785758336842110e-01 3.645733368015897577e+04 6.263268569943618543e-26 5.403396126892931256e-26 3.037978810266629608e-26 3.752478669553505619e-01 4.842726410386059158e-26 1.000000000000000000e+00 0.000000000000000000e+00 0.000000000000000000e+00 0.000000000000000000e+00 1.000000000000000000e+00 1.000000000000000000e+10 0.000000000000000000e+00 0.000000000000000000e+00 0.000000000000000000e+00 1.000000000000000000e+10
2.123858088093512342e-02 3.313796826856228290e+04 2.625073672623903258e+04 1.268326640355618838e+04 2.790231670717815970e-01 2.762552334089681972e+04 5.289830084434039537e-26 4.937840197424506770e-26 2.271225865211442079e-26 3.280233280218231018e-01 4.085154593247093089e-26 1.000000000000000000e+00 0.000000000000000000e+00 0.000000000000000000e+00 0.000000000000000000e+00 1.000000000000000000e+00 1.000000000000000000e+10 0.000000000000000000e+00 0.000000000000000000e+00 0.000000000000000000e+00 1.000000000000000000e+10
2.449422455303571639e-02 2.374125585143320859e+04 1.906507096388010177e+04 8.415235909641583930e+03 2.902496562874181674e-01 1.893507039661220551e+04 4.102197450397240663e-26 3.221952973677986435e-26 1.647914361213580649e-26 2.853170586303388490e-01 3.472259149215626805e-26 1.000000000000000000e+00 0.000000000000000000e+00 0.000000000000000000e+00 0.000000000000000000e+00 1.000000000000000000e+00 1.000000000000000000e+10 0.000000000000000000e+00 0.000000000000000000e+00 0.000000000000000000e+00 1.000000000000000000e+10
2.824892302447100725e-02 1.758586447697945187e+04 1.346356948648123398e+04 7.437838201045343340e+03 2.895890953267370449e-01 1.440811574842631853e+04 3.356981887972820115e-26 2.398120211297813740e-26 1.212721269926285718e-26 2.603228879006176943e-01 2.880638351328305178e-26 1.000000000000000000e+00 0.000000000000000000e+00 0.000000000000000000e+00 0.000000000000000000e+00 1.000000000000000000e+00 1.000000000000000000e+10 0.000000000000000000e+00 0.000000000000000000e+00 0.000000000000000000e+00 1.000000000000000000e+10
3.257917597328415654e-02 1.230066861127381344e+04 7.883145647292416470e+03 4.485479458144534874e+03 2.766038136928298252e-01 9.981301339869669391e+03 2.968380142374093234e-26 1.744517469671125860e-26 1.048046467038127175e-26 2.587816461240239896e-01 2.465080097082853018e-26 1.000000000000000000e+00 0.000000000000000000e+00 0.000000000000000000e+00 0.000000000000000000e+00 1.000000000000000000e+00 1.000000000000000000e+10 0.000000000000000000e+00 0.000000000000000000e+00 0.000000000000000000e+00 1.000000000000000000e+10
3.757320964692217186e-02 8.572223218320717933e+03 5.942846824928143178e+03 3.055125023357860300e+03 2.488143829893657288e-01 7.112240153175967862e+03 2.367295808017958076e-26 1.732413693443333965e-26 7.449101380099880123e-27 2.385002186853586448e-01 1.940820615389820215e-26 1.000000000000000000e+00 0.000000000000000000e+00 0.000000000000000000e+00 0.000000000000000000e+00 1.000000000000000000e+00 1.000000000000000000e+10 0.000000000000000000e+00 0.000000000000000000e+00 0.000000000000000000e+00 1.000000000000000000e+10
4.333277441790538143e-02 6.192060385462185877e+03 3.600325537181076470e+03 2.083207457150537266e+03 2.155542902699952856e-01 5.506478010061734494e+03 2.027496140958017524e-26 1.243277586808532161e-26 7.107887928635972130e-27 2.428911015005275620e-01 1.691357709409318657e-26 1.000000000000000000e+00 0.000000000000000000e+00 0.000000000000000000e+00 0.000000000000000000e+00 1.000000000000000000e+00 1.000000000000000000e+10 0.000000000000000000e+00 0.000000000000000000e+00 0.000000000000000000e+00 1.000000000000000000e+10
4.997521788524898756e-02 4.703304544529592931e+03 2.228736901888908505e+03 1.727202536507939840e+03 2.030591726250651208e-01 4.373937937889927525e+03 1.662324548346178657e-26 9.808623054102905392e-27 5.251175673812601563e-27 2.442215828134896571e-01 1.317152069781656658e-26 1.000000000000000000e+00 0.000000000000000000e+00 0.000000000000000000e+00 0.000000000000000000e+00 1.000000000000000000e+00 1.000000000000000000e+10 0.000000000000000000e+00 0.000000000000000000e+00 0.000000000000000000e+00 1.000000000000000000e+10
5.763587575980636674e-02 3.545497943195661719e+03 1.832061046370161876e+03 1.133431881182650613e+03 1.859994449788111848e-01 3.252728432024238373e+03 1.318632648687487856e-26 9.683939775313962737e-27 4.071645416875005484e-27 2.482059095061740495e-01 1.035676270347765219e-26 1.000000000000000000e+00 0.000000000000000000e+00 0.000000000000000000e+00 0.000000000000000000e+00 1.000000000000000000e+00 1.000000000000000000e+10 0.000000000000000000e+00 0.000000000000000000e+00 0.000000000000000000e+00 1.000000000000000000e+10
6.647082924635627776e-02 2.764842821896565965e+03 1.322854008772054840e+03 7.665961403564356260e+02 1.674703958357888767e-01 2.545607858765594756e+03 1.024113789121871941e-26 6.765721144048063922e-27 3.185092224983899319e-27 2.357091745741576316e-01 8.401547257210383764e-27 1.000000000000000000e+00 0.000000000000000000e+00 0.000000000000000000e+00 0.000000000000000000e+00 1.000000000000000000e+00 1.000000000000000000e+10 0.000000000000000000e+00 0.000000000000000000e+00 0.000000000000000000e+00 1.000000000000000000e+10
7.666008510240249207e-02 2.142448196897660637e+03 9.058630784375502571e+02 7.118735447046706213e+02 1.682046739037756644e-01 2.043949419778807851e+03 7.857004675027193479e-27 6.708004497993264663e-27 2.606718049087021683e-27 2.462535952767734015e-01 6.251937945952851340e-27 1.000000000000000000e+00 0.000000000000000000e+00 0.000000000000000000e+00 0.000000000000000000e+00 1.000000000000000000e+00 1.000000000000000000e+10 0.000000000000000000e+00 0.000000000000000000e+00 0.000000000000000000e+00 1.000000000000000000e+10
8.841124316543315376e-02 1.716020486278583348e+03 8.327934942795543520e+02 4.358139539136195708e+02 1.657112526299081845e-01 1.551251495014467991e+03 5.951181646919970396e-27 4.940022842886762871e-27 1.894712986135978605e-27 2.411180982247278504e-01 4.848794736656735703e-27 1.000000000000000000e+00 0.000000000000000000e+00 0.000000000000000000e+00 0.000000000000000000e+00 1.000000000000000000e+00 1.000000000000000000e+10 0.000000000000000000e+00 0.000000000000000000e+00 0.000000000000000000e+00 1.000000000000000000e+10
1.019637260722580097e-01 1.344141039029267858e+03 6.129964916225660545e+02 3.806151403163090663e+02 1.656419947892207312e-01 1.234220074752774508e+03 4.471194357621230950e-27 4.004371511243377590e-27 1.436930404232767624e-27 2.578164368245678406e-01 3.513500567649414712e-27 1.000000000000000000e+00 0.000000000000000000e+00 0.000000000000000000e+00 0.000000000000000000e+00 1.000000000000000000e+00 1.000000000000000000e+10 0.000000000000000000e+00 0.000000000000000000e+00 0.000000000000000000e+00 1.000000000000000000e+10
1.175936573483598035e-01 1.034327357646049677e+03 4.868116924851883596e+02 3.275015819563465129e+02 1.616402282948285751e-01 9.785780743707475722e+02 3.310482088585904016e-27 2.655772241220460484e-27 1.214648331367963621e-27 2.641698279223684831e-01 2.638585791076650699e-27 1.000000000000000000e+00 0.000000000000000000e+00 0.000000000000000000e+00 0.000000000000000000e+00 1.000000000000000000e+00 1.000000000000000000e+10 0.000000000000000000e+00 0.000000000000000000e+00 0.000000000000000000e+00 1.000000000000000000e+10
1.356194872553388164e-01 8.065633924690281447e+02 3.664762600633368947e+02 2.384121485942679897e+02 1.618139735772817500e-01 7.496894616069589574e+02 2.456145646384263588e-27 1.925368274274922597e-27 8.269654342230615626e-28 2.837570306000218312e-01 1.863768538080887197e-27 1.000000000000000000e+00 0.000000000000000000e+00 0.000000000000000000e+00 0.000000000000000000e+00 1.000000000000000000e+00 1.000000000000000000e+10 0.000000000000000000e+00 0.000000000000000000e+00 0.000000000000000000e+00 1.000000000000000000e+10
1.564084810196403053e-01 6.270823052358568930e+02 2.806045680968169336e+02 1.692489360440272890e+02 1.626796977052903381e-01 5.687649186625418452e+02 1.809447390416172825e-27 1.561149506826368518e-27 5.510099104997991373e-28 3.010504593238848003e-01 1.275648076449063405e-27 1.000000000000000000e+00 0.000000000000000000e+00 0.000000000000000000e+00 0.000000000000000000e+00 1.000000000000000000e+00 1.000000000000000000e+10 0.000000000000000000e+00 0.000000000000000000e+00 0.000000000000000000e+00 1.000000000000000000e+10
1.803842016362447453e-01 4.810925189441392149e+02 1.928837138945447691e+02 1.299635089618454913e+02 1.702511645824345277e-01 4.397075788631897808e+02 1.339983194279825245e-27 1.137545762318689665e-27 4.306238774407719236e-28 3.286279004834154471e-01 9.161850227488748255e-28 1.000000000000000000e+00 0.000000000000000000e+00 0.000000000000000000e+00 0.000000000000000000e+00 1.000000000000000000e+00 1.000000000000000000e+10 0.000000000000000000e+00 0.000000000000000000e+00 0.000000000000000000e+00 1.000000000000000000e+10
2.080351397048574025e-01 3.755052002080057605e+02 1.977757756289744862e+02 1.079264609867088893e+02 1.826961512551094069e-01 3.345900989946476898e+02 9.962154497521876501e-28 8.151689629012823486e-28 3.260486019101647003e-28 3.544103318748408338e-01 6.589443306538728379e-28 1.000000000000000000e+00 0.000000000000000000e+00 0.000000000000000000e+00 0.000000000000000000e+00 1.000000000000000000e+00 1.000000000000000000e+10 0.000000000000000000e+00 0.000000000000000000e+00 0.000000000000000000e+00 1.000000000000000000e+10
2.399246661262133540e-01 2.886478506507281168e+02 1.936430773315239264e+02 7.152685052851796854e+01 1.890741433653120585e-01 2.446026590321377796e+02 7.675834550066197503e-28 7.713191775954355350e-28 1.960153637812564864e-28 3.882823639507576030e-01 4.201961906686912220e-28 1.000000000000000000e+00 0.000000000000000000e+00 0.000000000000000000e+00 0.000000000000000000e+00 1.000000000000000000e+00 1.000000000000000000e+10 0.000000000000000000e+00 0.000000000000000000e+00 0.000000000000000000e+00 1.000000000000000000e+10
2.767025104385807399e-01 2.261098682327976803e+02 1.369922693705449035e+02 5.807884463830512800e+01 1.971509921142990118e-01 1.887506967761054568e+02 6.227732435549730684e-28 6.314776660520452325e-28 1.622662782289882319e-28 4.250823039005376947e-01 3.030327498588753128e-28 1.000000000000000000e+00 0.000000000000000000e+00 0.000000000000000000e+00 0.000000000000000000e+00 1.000000000000000000e+00 1.000000000000000000e+10 0.000000000000000000e+00 0.000000000000000000e+00 0.000000000000000000e+00 1.000000000000000000e+10
3.191179986585286343e-01 1.844476254660136192e+02 1.127547444651758326e+02 4.963848329179103303e+01 2.179962122239320343e-01 1.469993322019298319e+02 5.479770020704204416e-28 4.661362294286058113e-28 1.124784189863937231e-28 4.669410318726529563e-01 2.139378531151634041e-28 1.000000000000000000e+00 0.000000000000000000e+00 0.000000000000000000e+00 0.000000000000000000e+00 1.000000000000000000e+00 1.000000000000000000e+10 0.000000000000000000e+00 0.000000000000000000e+00 0.000000000000000000e+00 1.000000000000000000e+10
3.680353203388414540e-01 1.496355277185833472e+02 7.778760308472035945e+01 3.804500652417137019e+01 2.307577634867417904e-01 1.145252320531543546e+02 5.133317752351021809e-28 3.362181562111908789e-28 8.774372408292475346e-29 5.101135952296182996e-01 1.568618629036737836e-28 1.000000000000000000e+00 0.000000000000000000e+00 0.000000000000000000e+00 0.000000000000000000e+00 1.000000000000000000e+00 1.000000000000000000e+10 0.000000000000000000e+00 0.000000000000000000e+00 0.000000000000000000e+00 1.000000000000000000e+10
4.244511359005219142e-01 1.237186070366726653e+02 6.928109980271831603e+01 2.746786469997552871e+01 2.449084387672576524e-01 9.053461139640374711e+01 5.003681497643774424e-28 3.069290122723497324e-28 6.998788462696628084e-29 5.547482058657646764e-01 1.175051265063841595e-28 1.000000000000000000e+00 0.000000000000000000e+00 0.000000000000000000e+00 0.000000000000000000e+00 1.000000000000000000e+00 1.000000000000000000e+10 0.000000000000000000e+00 0.000000000000000000e+00 0.000000000000000000e+00 1.000000000000000000e+10
4.895148829774688681e-01 1.046474610230376072e+02 5.666473620031604241e+01 2.247968076733546638e+01 2.677388773417145873e-01 7.084808554824084581e+01 5.087012051935480514e-28 2.947714666982219218e-28 4.699583312734535165e-29 6.108868101675563045e-01 8.152253607031350809e-29 1.000000000000000000e+00 0.000000000000000000e+00 0.000000000000000000e+00 0.000000000000000000e+00 1.000000000000000000e+00 1.000000000000000000e+10 0.000000000000000000e+00 0.000000000000000000e+00 0.000000000000000000e+00 1.000000000000000000e+10
5.645521955031491679e-01 9.232809372783542301e+01 6.084094607463235604e+01 1.967099858429138948e+01 2.985555710317587819e-01 5.702100309280031354e+01 5.316662763842790385e-28 2.885100016598864562e-28 3.871500642769955214e-29 6.770359166932077288e-01 6.272183907296443255e-29 1.000000000000000000e+00 0.000000000000000000e+00 0.000000000000000000e+00 0.000000000000000000e+00 1.000000000000000000e+00 1.000000000000000000e+10 0.000000000000000000e+00 0.000000000000000000e+00 0.000000000000000000e+00 1.000000000000000000e+10
6.510919126887823039e-01 7.753102181788905511e+01 5.692261056013949627e+01 1.635993969344492527e+01 3.122397608815948300e-01 4.606222700575421669e+01 5.574344318443833551e-28 3.053102733321821394e-28 3.274903245198857393e-29 7.391779383221050992e-01 4.896970617825168923e-29 1.000000000000000000e+00 0.000000000000000000e+00 0.000000000000000000e+00 0.000000000000000000e+00 1.000000000000000000e+00 1.000000000000000000e+10 0.000000000000000000e+00 0.000000000000000000e+00 0.000000000000000000e+00 1.000000000000000000e+10
7.508972281844089602e-01 6.818601864937228640e+01 5.411269513653050467e+01 1.454425578778643313e+01 3.232019113148168477e-01 3.938311171568327040e+01 5.867704985498690417e-28 3.229833290056144505e-28 3.277984135244066599e-29 7.926089690853412861e-01 4.453393620953999601e-29 1.000000000000000000e+00 0.000000000000000000e+00 0.000000000000000000e+00 0.000000000000000000e+00 1.000000000000000000e+00 1.000000000000000000e+10 0.000000000000000000e+00 0.000000000000000000e+00 0.000000000000000000e+00 1.000000000000000000e+10
8.660016140678794550e-01 6.073321087236548266e+01 5.326993159485355278e+01 1.620036319565226535e+01 3.377581377840838117e-01 3.733299800146341596e+01 4.747143378489570950e-28 4.018950744150546288e-28 3.750108275095874254e-29 8.408716825139375128e-01 4.668313393889483082e-29 1.000000000000000000e+00 0.000000000000000000e+00 0.000000000000000000e+00 0.000000000000000000e+00 1.000000000000000000e+00 1.000000000000000000e+10 0.000000000000000000e+00 0.000000000000000000e+00 0.000000000000000000e+00 1.000000000000000000e+10
9.987502515910116063e-01 5.345108876371808293e+01 4.400122592459887017e+01 1.648168275917669945e+01 3.335147423369685393e-01 3.472415449680396193e+01 4.666226246591780478e-28 3.182682783175868958e-28 3.174801664752067572e-29 8.652027487067254219e-01 3.936779848890536770e-29 1.000000000000000000e+00 0.000000000000000000e+00 0.000000000000000000e+00 0.000000000000000000e+00 1.000000000000000000e+00 1.000000000000000000e+10 0.000000000000000000e+00 0.000000000000000000e+00 0.000000000000000000e+00 1.000000000000000000e+10
1.151847812808953542e+00 4.703428671209525191e+01 4.639170484947167239e+01 1.484526337133264917e+01 3.226853755525612155e-01 3.159377765111862146e+01 3.907735966160218574e-28 3.704335127015969597e-28 2.877693332391514253e-29 8.568121566235230580e-01 3.599198984815248111e-29 1.000000000000000000e+00 0.000000000000000000e+00 0.000000000000000000e+00 0.000000000000000000e+00 1.000000000000000000e+00 1.000000000000000000e+10 0.000000000000000000e+00 0.000000000000000000e+00 0.000000000000000000e+00 1.000000000000000000e+10
1.328413566614123908e+00 4.295115679180735668e+01 3.219496674546326886e+01 1.517467101858753153e+01 3.093803052573453338e-01 3.120762724659337550e+01 4.198324709508177385e-28 3.042792540076633804e-28 3.586448349938962767e-29 8.411191206460357783e-01 4.350925261308324414e-29 1.000000000000000000e+00 0.000000000000000000e+00 0.000000000000000000e+00 0.000000000000000000e+00 1.000000000000000000e+00 1.000000000000000000e+10 0.000000000000000000e+00 0.000000000000000000e+00 0.000000000000000000e+00 1.000000000000000000e+10
1.532044931926391351e+00 4.193626974060723711e+01 3.642972676429131695e+01 1.508461968855059609e+01 3.160070783677209061e-01 3.019414222085279675e+01 6.344972874560829308e-28 3.625574248687192520e-28 3.480128671820980585e-29 8.702446236898221388e-01 4.138813850629398016e-29 1.000000000000000000e+00 0.000000000000000000e+00 0.000000000000000000e+00 0.000000000000000000e+00 1.000000000000000000e+00 1.000000000000000000e+10 0.000000000000000000e+00 0.000000000000000000e+00 0.000000000000000000e+00 1.000000000000000000e+10
1.766890772896739126e+00 3.959341821083861390e+01 2.862519058897217406e+01 1.299316946394931804e+01 3.079984105138017236e-01 2.711535804843406083e+01 9.802577334476150164e-28 3.767829558476384976e-28 3.673076555742556921e-29 8.613848194043713935e-01 4.305317902893419207e-29 1.000000000000000000e+00 0.000000000000000000e+00 0.000000000000000000e+00 0.000000000000000000e+00 1.000000000000000000e+00 1.000000000000000000e+10 0.000000000000000000e+00 0.000000000000000000e+00 0.000000000000000000e+00 1.000000000000000000e+10
2.037735929469222107e+00 3.796563333061944689e+01 2.805634800185127276e+01 1.333895595937779355e+01 3.063272640672788372e-01 2.690767854559470251e+01 1.190825512966905673e-27 2.959844532150527286e-28 3.608869381845960204e-29 8.622000988041624847e-01 4.216714517608938702e-29 1.000000000000000000e+00 0.000000000000000000e+00 0.000000000000000000e+00 0.000000000000000000e+00 1.000000000000000000e+00 1.000000000000000000e+10 0.000000000000000000e+00 0.000000000000000000e+00 0.000000000000000000e+00 1.000000000000000000e+10
2.350098705559579226e+00 3.266219357485083918e+01 2.458632270302429745e+01 1.136128272483216861e+01 2.837490457573413893e-01 2.449855485422839863e+01 6.160338396168333365e-28 2.798697430584934500e-28 3.750120260328287816e-29 8.608146662050598641e-01 4.413277141136949195e-29 1.000000000000000000e+00 0.000000000000000000e+00 0.000000000000000000e+00 0.000000000000000000e+00 1.000000000000000000e+00 1.000000000000000000e+10 0.000000000000000000e+00 0.000000000000000000e+00 0.000000000000000000e+00 1.000000000000000000e+10
