# R (Mpc), mean rho (Msol/kpc^3), errup (Msol/kpc^3), errlow, std, median rho (Msol/kpc^3), mean pth (Msol/kpc/s^2), errup(Msol/kpc/s^2), errlow, std, median pth (Msol/kpc/s^2), mean gas-mass-weighted metal (fraction), errup, errlow, std, median metal, mean gas-mass-weighted temp (K), errup, errlow, std, median temp  
#  nprofs 197, mean mh 213286314975.088013, median mh 203946116002.230194 
#  Mass range 11.00 - 11.5
1.040961082911032697e-02 2.178037071129538526e+05 1.330460999761479325e+05 8.700712377012870274e+04 2.430645654068895600e-01 1.953728400494871894e+05 1.038352644564308051e-25 1.283517037085519327e-25 1.690939721776466577e-26 4.938001706519840051e-01 3.439712453968481317e-26 1.000000000000000000e+00 0.000000000000000000e+00 0.000000000000000000e+00 0.000000000000000000e+00 1.000000000000000000e+00 1.000000000000000000e+10 0.000000000000000000e+00 0.000000000000000000e+00 0.000000000000000000e+00 1.000000000000000000e+10
1.200529105910367808e-02 1.662222281595491222e+05 1.010410401446608303e+05 6.570698730322704068e+04 2.451491771484012316e-01 1.479469968407649430e+05 1.081349826348905428e-25 1.539724585043699415e-25 2.424930800179898042e-26 4.979701027048593076e-01 4.194546385336836537e-26 1.000000000000000000e+00 0.000000000000000000e+00 0.000000000000000000e+00 0.000000000000000000e+00 1.000000000000000000e+00 1.000000000000000000e+10 0.000000000000000000e+00 0.000000000000000000e+00 0.000000000000000000e+00 1.000000000000000000e+10
1.384557172980430476e-02 1.283522762669976510e+05 8.125127028270740993e+04 5.864976721407835430e+04 2.639146048035945213e-01 1.162575053028997208e+05 8.368704888837506313e-26 1.077407370996040825e-25 2.865765396518603861e-26 4.485435863637358134e-01 4.480880041079600974e-26 1.000000000000000000e+00 0.000000000000000000e+00 0.000000000000000000e+00 0.000000000000000000e+00 1.000000000000000000e+00 1.000000000000000000e+10 0.000000000000000000e+00 0.000000000000000000e+00 0.000000000000000000e+00 1.000000000000000000e+10
1.596794743096121086e-02 9.442356860604224494e+04 6.149124081406924233e+04 3.645380025018695596e+04 2.634470917334141848e-01 8.164887117461832531e+04 7.409574626744379604e-26 6.144344221384251519e-26 3.430715180322217210e-26 3.810333583050650175e-01 5.386673866145172634e-26 1.000000000000000000e+00 0.000000000000000000e+00 0.000000000000000000e+00 0.000000000000000000e+00 1.000000000000000000e+00 1.000000000000000000e+10 0.000000000000000000e+00 0.000000000000000000e+00 0.000000000000000000e+00 1.000000000000000000e+10
1.841566026551830909e-02 6.699600835982382705e+04 4.408439273113948002e+04 3.050057953957473728e+04 2.711076335609899357e-01 5.930485395413273363e+04 6.115741007633481894e-26 5.837986346418512635e-26 2.729086972365056771e-26 3.654956915460207956e-01 4.555185838534636872e-26 1.000000000000000000e+00 0.000000000000000000e+00 0.000000000000000000e+00 0.000000000000000000e+00 1.000000000000000000e+00 1.000000000000000000e+10 0.000000000000000000e+00 0.000000000000000000e+00 0.000000000000000000e+00 1.000000000000000000e+10
2.123858088093512342e-02 4.651636691231244913e+04 3.272338971054626745e+04 2.022259003798122285e+04 2.747194962780774574e-01 3.986229211260139709e+04 5.249390119137233834e-26 4.813117231292914099e-26 2.018682719265137995e-26 3.440614461556051884e-01 3.739194255804969276e-26 1.000000000000000000e+00 0.000000000000000000e+00 0.000000000000000000e+00 0.000000000000000000e+00 1.000000000000000000e+00 1.000000000000000000e+10 0.000000000000000000e+00 0.000000000000000000e+00 0.000000000000000000e+00 1.000000000000000000e+10
2.449422455303571639e-02 3.128877829227743860e+04 2.056106508348105490e+04 1.356442484784152475e+04 2.716522424962271032e-01 2.742469812269493195e+04 4.398892963213124964e-26 3.048040920147029669e-26 2.014444319921474493e-26 3.167491756984029405e-01 3.633611524799004864e-26 1.000000000000000000e+00 0.000000000000000000e+00 0.000000000000000000e+00 0.000000000000000000e+00 1.000000000000000000e+00 1.000000000000000000e+10 0.000000000000000000e+00 0.000000000000000000e+00 0.000000000000000000e+00 1.000000000000000000e+10
2.824892302447100725e-02 2.029238583413076049e+04 1.312229100714219385e+04 7.750272392193923224e+03 2.601006505890589016e-01 1.681117373725164362e+04 3.554024901316695818e-26 2.234440930894934246e-26 1.469370479561462537e-26 3.022693298565184983e-01 2.854365212388566270e-26 1.000000000000000000e+00 0.000000000000000000e+00 0.000000000000000000e+00 0.000000000000000000e+00 1.000000000000000000e+00 1.000000000000000000e+10 0.000000000000000000e+00 0.000000000000000000e+00 0.000000000000000000e+00 1.000000000000000000e+10
3.257917597328415654e-02 1.329914673147129542e+04 8.451841387830945678e+03 5.512967870890341146e+03 2.442352167205232294e-01 1.170768373269419135e+04 2.815382736587225177e-26 1.933889339478476165e-26 1.052606541276484935e-26 2.590785274422931495e-01 2.345974627654354691e-26 1.000000000000000000e+00 0.000000000000000000e+00 0.000000000000000000e+00 0.000000000000000000e+00 1.000000000000000000e+00 1.000000000000000000e+10 0.000000000000000000e+00 0.000000000000000000e+00 0.000000000000000000e+00 1.000000000000000000e+10
3.757320964692217186e-02 8.927019993697402242e+03 4.593158696960123962e+03 2.915875027308318749e+03 2.306102255177784055e-01 7.706908690190078232e+03 2.271427153467604486e-26 1.651004014275097852e-26 7.772787206552936251e-27 2.561765022455586016e-01 1.875957395435067792e-26 1.000000000000000000e+00 0.000000000000000000e+00 0.000000000000000000e+00 0.000000000000000000e+00 1.000000000000000000e+00 1.000000000000000000e+10 0.000000000000000000e+00 0.000000000000000000e+00 0.000000000000000000e+00 1.000000000000000000e+10
4.333277441790538143e-02 6.174225511220456610e+03 2.969114741475241317e+03 2.017764356691771354e+03 1.981845241472819652e-01 5.575661976945852075e+03 1.872497052468142806e-26 1.292640419671478239e-26 6.863555873392855687e-27 2.385985134565732912e-01 1.630221369671141212e-26 1.000000000000000000e+00 0.000000000000000000e+00 0.000000000000000000e+00 0.000000000000000000e+00 1.000000000000000000e+00 1.000000000000000000e+10 0.000000000000000000e+00 0.000000000000000000e+00 0.000000000000000000e+00 1.000000000000000000e+10
4.997521788524898756e-02 4.772165550720637839e+03 2.236223606850559918e+03 1.458451579232784297e+03 2.005377919617829519e-01 4.301931597642978886e+03 1.510265945160398794e-26 1.018290195875358750e-26 5.703313267064330233e-27 2.407971490246479662e-01 1.302751369282970110e-26 1.000000000000000000e+00 0.000000000000000000e+00 0.000000000000000000e+00 0.000000000000000000e+00 1.000000000000000000e+00 1.000000000000000000e+10 0.000000000000000000e+00 0.000000000000000000e+00 0.000000000000000000e+00 1.000000000000000000e+10
5.763587575980636674e-02 3.587444511761375452e+03 1.873265915668986509e+03 1.092390487388924157e+03 1.810544836598607377e-01 3.237303064203465965e+03 1.195795812234843071e-26 7.691254010892599887e-27 4.131161062258076311e-27 2.213675669438762428e-01 1.017116714091521702e-26 1.000000000000000000e+00 0.000000000000000000e+00 0.000000000000000000e+00 0.000000000000000000e+00 1.000000000000000000e+00 1.000000000000000000e+10 0.000000000000000000e+00 0.000000000000000000e+00 0.000000000000000000e+00 1.000000000000000000e+10
6.647082924635627776e-02 2.801457703208528528e+03 1.258394905389674477e+03 8.538816836532064372e+02 1.692377006476400159e-01 2.603225400305549556e+03 9.634317314063719580e-27 7.249679006439835677e-27 3.109415811821639379e-27 2.274037563924372063e-01 8.029792821314726279e-27 1.000000000000000000e+00 0.000000000000000000e+00 0.000000000000000000e+00 0.000000000000000000e+00 1.000000000000000000e+00 1.000000000000000000e+10 0.000000000000000000e+00 0.000000000000000000e+00 0.000000000000000000e+00 1.000000000000000000e+10
7.666008510240249207e-02 2.203392572351835952e+03 1.161412158409842050e+03 5.314606037296457544e+02 1.712585873307508888e-01 1.956631804847803778e+03 7.263583803836941465e-27 5.264120134371622358e-27 2.434628742712231658e-27 2.283666767533523712e-01 6.156292761532115712e-27 1.000000000000000000e+00 0.000000000000000000e+00 0.000000000000000000e+00 0.000000000000000000e+00 1.000000000000000000e+00 1.000000000000000000e+10 0.000000000000000000e+00 0.000000000000000000e+00 0.000000000000000000e+00 1.000000000000000000e+10
8.841124316543315376e-02 1.715231923672904713e+03 7.885235723081618744e+02 4.904027506087134043e+02 1.600995449249566771e-01 1.590293716228842641e+03 5.549315016769191868e-27 3.791980524534112539e-27 1.881377971110707693e-27 2.291491760846626757e-01 4.724671314026362971e-27 1.000000000000000000e+00 0.000000000000000000e+00 0.000000000000000000e+00 0.000000000000000000e+00 1.000000000000000000e+00 1.000000000000000000e+10 0.000000000000000000e+00 0.000000000000000000e+00 0.000000000000000000e+00 1.000000000000000000e+10
1.019637260722580097e-01 1.321472046737941128e+03 6.065291523944110850e+02 3.218857601766559355e+02 1.592296694552008396e-01 1.203281144432459996e+03 4.162918379399153708e-27 2.619037290193595898e-27 1.346789278597684395e-27 2.400638471480364688e-01 3.445167740562524061e-27 1.000000000000000000e+00 0.000000000000000000e+00 0.000000000000000000e+00 0.000000000000000000e+00 1.000000000000000000e+00 1.000000000000000000e+10 0.000000000000000000e+00 0.000000000000000000e+00 0.000000000000000000e+00 1.000000000000000000e+10
1.175936573483598035e-01 1.035337310690882532e+03 4.258559108495805958e+02 2.653230790339461009e+02 1.561422964771666810e-01 9.449175199741573579e+02 3.158691938346694389e-27 2.226971871117876946e-27 1.084507358813806187e-27 2.529004168030949962e-01 2.524185067651174416e-27 1.000000000000000000e+00 0.000000000000000000e+00 0.000000000000000000e+00 0.000000000000000000e+00 1.000000000000000000e+00 1.000000000000000000e+10 0.000000000000000000e+00 0.000000000000000000e+00 0.000000000000000000e+00 1.000000000000000000e+10
1.356194872553388164e-01 7.909947500697784335e+02 3.152417271733550024e+02 1.908144534987437737e+02 1.510376556075236076e-01 7.266234494619411635e+02 2.341186611317553524e-27 1.740009919188728559e-27 7.499044695293592374e-28 2.656110720514095469e-01 1.800844204035322317e-27 1.000000000000000000e+00 0.000000000000000000e+00 0.000000000000000000e+00 0.000000000000000000e+00 1.000000000000000000e+00 1.000000000000000000e+10 0.000000000000000000e+00 0.000000000000000000e+00 0.000000000000000000e+00 1.000000000000000000e+10
1.564084810196403053e-01 6.005979910432588440e+02 2.559391851215686984e+02 1.454851312848927023e+02 1.500884394255087018e-01 5.546541247219852266e+02 1.722674074605663376e-27 1.250009645543891298e-27 5.538045783235549291e-28 2.882187663552701062e-01 1.267032836942053790e-27 1.000000000000000000e+00 0.000000000000000000e+00 0.000000000000000000e+00 0.000000000000000000e+00 1.000000000000000000e+00 1.000000000000000000e+10 0.000000000000000000e+00 0.000000000000000000e+00 0.000000000000000000e+00 1.000000000000000000e+10
1.803842016362447453e-01 4.555757628495785525e+02 1.856656778222278490e+02 1.220687905964912829e+02 1.547683815249639439e-01 4.192398935424421325e+02 1.314300957817359548e-27 1.002265859378618355e-27 4.148078489394705543e-28 3.216326821410511738e-01 8.861745518043047449e-28 1.000000000000000000e+00 0.000000000000000000e+00 0.000000000000000000e+00 0.000000000000000000e+00 1.000000000000000000e+00 1.000000000000000000e+10 0.000000000000000000e+00 0.000000000000000000e+00 0.000000000000000000e+00 1.000000000000000000e+10
2.080351397048574025e-01 3.575189863469755096e+02 1.475773102975690563e+02 1.117318059368814716e+02 1.696677287593807704e-01 3.304036422729098490e+02 1.008211775923966660e-27 7.546992285641336139e-28 3.253782488340044470e-28 3.602354228366244637e-01 6.285311900897010915e-28 1.000000000000000000e+00 0.000000000000000000e+00 0.000000000000000000e+00 0.000000000000000000e+00 1.000000000000000000e+00 1.000000000000000000e+10 0.000000000000000000e+00 0.000000000000000000e+00 0.000000000000000000e+00 1.000000000000000000e+10
2.399246661262133540e-01 2.756769777704132593e+02 1.272514760329914054e+02 7.952350424389516093e+01 1.846335570723384167e-01 2.409729650465523889e+02 8.115744701883865632e-28 6.160322962930574894e-28 2.284612617172797298e-28 4.051863728716454949e-01 4.198123723662589798e-28 1.000000000000000000e+00 0.000000000000000000e+00 0.000000000000000000e+00 0.000000000000000000e+00 1.000000000000000000e+00 1.000000000000000000e+10 0.000000000000000000e+00 0.000000000000000000e+00 0.000000000000000000e+00 1.000000000000000000e+10
2.767025104385807399e-01 2.196905888196955914e+02 1.113865352417085433e+02 5.788235223132392093e+01 2.027688348261327267e-01 1.816328103125549092e+02 6.890451560275778142e-28 6.791248958275493146e-28 1.725259503929571662e-28 4.522867288973072553e-01 2.972566675119751634e-28 1.000000000000000000e+00 0.000000000000000000e+00 0.000000000000000000e+00 0.000000000000000000e+00 1.000000000000000000e+00 1.000000000000000000e+10 0.000000000000000000e+00 0.000000000000000000e+00 0.000000000000000000e+00 1.000000000000000000e+10
3.191179986585286343e-01 1.766773919264013557e+02 1.079025967221461997e+02 4.467763387170559497e+01 2.179453055575757692e-01 1.409171886135224270e+02 6.050067420177443625e-28 6.097463867407443959e-28 1.251574661672080350e-28 4.987458255869010593e-01 2.157769108048242979e-28 1.000000000000000000e+00 0.000000000000000000e+00 0.000000000000000000e+00 0.000000000000000000e+00 1.000000000000000000e+00 1.000000000000000000e+10 0.000000000000000000e+00 0.000000000000000000e+00 0.000000000000000000e+00 1.000000000000000000e+10
3.680353203388414540e-01 1.420096852340292628e+02 7.804295074453345649e+01 3.783537307730053101e+01 2.282657289270400292e-01 1.110991128031315185e+02 5.574410803130923635e-28 5.041108376586779171e-28 8.994257035500459561e-29 5.415426414401051103e-01 1.553375949474244685e-28 1.000000000000000000e+00 0.000000000000000000e+00 0.000000000000000000e+00 0.000000000000000000e+00 1.000000000000000000e+00 1.000000000000000000e+10 0.000000000000000000e+00 0.000000000000000000e+00 0.000000000000000000e+00 1.000000000000000000e+10
4.244511359005219142e-01 1.255278120342952235e+02 7.850943834832375501e+01 2.958005734816320853e+01 2.630400359600136850e-01 8.706361286562554369e+01 5.801040761107094979e-28 4.740618159540010108e-28 6.495888261500174348e-29 6.026370482534013640e-01 1.072067227539771217e-28 1.000000000000000000e+00 0.000000000000000000e+00 0.000000000000000000e+00 0.000000000000000000e+00 1.000000000000000000e+00 1.000000000000000000e+10 0.000000000000000000e+00 0.000000000000000000e+00 0.000000000000000000e+00 1.000000000000000000e+10
4.895148829774688681e-01 1.003064456646712017e+02 6.132340507956088516e+01 2.514000172939855560e+01 2.717687925762348189e-01 6.908905760563278875e+01 5.519038606136081390e-28 3.691668400009856716e-28 5.391026530914774078e-29 6.541810819884413819e-01 8.347127045723695158e-29 1.000000000000000000e+00 0.000000000000000000e+00 0.000000000000000000e+00 0.000000000000000000e+00 1.000000000000000000e+00 1.000000000000000000e+10 0.000000000000000000e+00 0.000000000000000000e+00 0.000000000000000000e+00 1.000000000000000000e+10
5.645521955031491679e-01 8.859946578712900589e+01 6.169223965655626785e+01 2.233398957018850695e+01 2.994026557110098796e-01 5.677552998030618880e+01 5.115843568091581180e-28 3.446609847154499965e-28 4.692630755486880234e-29 7.041474629393889018e-01 6.941768790506544347e-29 1.000000000000000000e+00 0.000000000000000000e+00 0.000000000000000000e+00 0.000000000000000000e+00 1.000000000000000000e+00 1.000000000000000000e+10 0.000000000000000000e+00 0.000000000000000000e+00 0.000000000000000000e+00 1.000000000000000000e+10
6.510919126887823039e-01 7.192573276456587905e+01 5.500171836864385710e+01 1.726320680418784903e+01 3.047358720296869938e-01 4.548158200946775054e+01 4.524603620451920497e-28 2.875726208998919262e-28 3.623659302604766594e-29 7.452299957457305668e-01 5.319244291990125938e-29 1.000000000000000000e+00 0.000000000000000000e+00 0.000000000000000000e+00 0.000000000000000000e+00 1.000000000000000000e+00 1.000000000000000000e+10 0.000000000000000000e+00 0.000000000000000000e+00 0.000000000000000000e+00 1.000000000000000000e+10
7.508972281844089602e-01 6.189284183786683968e+01 5.064920966055146323e+01 1.533393829123850693e+01 3.076349426559493172e-01 3.940766346850614354e+01 4.460895165236401881e-28 3.549560977315168946e-28 3.408205368604707012e-29 7.969111899434578872e-01 4.619666556628904990e-29 1.000000000000000000e+00 0.000000000000000000e+00 0.000000000000000000e+00 0.000000000000000000e+00 1.000000000000000000e+00 1.000000000000000000e+10 0.000000000000000000e+00 0.000000000000000000e+00 0.000000000000000000e+00 1.000000000000000000e+10
8.660016140678794550e-01 5.686305310388377166e+01 6.362971132055474754e+01 1.383715515920426853e+01 3.272981158265085289e-01 3.500005516932425564e+01 4.342954854225332226e-28 5.928899445936406091e-28 3.506127268700129459e-29 8.540341018533285089e-01 4.440208532730697814e-29 1.000000000000000000e+00 0.000000000000000000e+00 0.000000000000000000e+00 0.000000000000000000e+00 1.000000000000000000e+00 1.000000000000000000e+10 0.000000000000000000e+00 0.000000000000000000e+00 0.000000000000000000e+00 1.000000000000000000e+10
9.987502515910116063e-01 5.083110550724148169e+01 4.577965280753900146e+01 1.602656267710830917e+01 3.257448147162338992e-01 3.362545831827463161e+01 4.400398276418253655e-28 4.854777591487751622e-28 3.270075176740204753e-29 8.857043313973269605e-01 4.012161579682779609e-29 1.000000000000000000e+00 0.000000000000000000e+00 0.000000000000000000e+00 0.000000000000000000e+00 1.000000000000000000e+00 1.000000000000000000e+10 0.000000000000000000e+00 0.000000000000000000e+00 0.000000000000000000e+00 1.000000000000000000e+10
1.151847812808953542e+00 4.561523164642570549e+01 5.417525155418545779e+01 1.394544870493593081e+01 3.215183747063364295e-01 3.045545931929799366e+01 4.222552353712059842e-28 4.484491271517561113e-28 2.930642776317727879e-29 8.830057564993483155e-01 3.599769255728735923e-29 1.000000000000000000e+00 0.000000000000000000e+00 0.000000000000000000e+00 0.000000000000000000e+00 1.000000000000000000e+00 1.000000000000000000e+10 0.000000000000000000e+00 0.000000000000000000e+00 0.000000000000000000e+00 1.000000000000000000e+10
1.328413566614123908e+00 4.159070555560500537e+01 3.149799275145944932e+01 1.408053528526516018e+01 3.063601577631090422e-01 3.002367515234924156e+01 4.931564015301210923e-28 4.130004094090228538e-28 3.576367599404209900e-29 8.645845868116368571e-01 4.302189607358472391e-29 1.000000000000000000e+00 0.000000000000000000e+00 0.000000000000000000e+00 0.000000000000000000e+00 1.000000000000000000e+00 1.000000000000000000e+10 0.000000000000000000e+00 0.000000000000000000e+00 0.000000000000000000e+00 1.000000000000000000e+10
1.532044931926391351e+00 4.035932206142368983e+01 3.535864013644098947e+01 1.302500710646531878e+01 3.094356254074601686e-01 2.816714702463232101e+01 6.909726890546102145e-28 4.463028795113753025e-28 3.372922387630583264e-29 8.760217661099214403e-01 4.049284612168747173e-29 1.000000000000000000e+00 0.000000000000000000e+00 0.000000000000000000e+00 0.000000000000000000e+00 1.000000000000000000e+00 1.000000000000000000e+10 0.000000000000000000e+00 0.000000000000000000e+00 0.000000000000000000e+00 1.000000000000000000e+10
1.766890772896739126e+00 3.864562868302510168e+01 2.725193069635512799e+01 1.239298466613288596e+01 3.041946350340783978e-01 2.654453165083802801e+01 1.128325488285622104e-27 3.616231341330143382e-28 4.116335611493804399e-29 8.728886281146701620e-01 4.822206680045299065e-29 1.000000000000000000e+00 0.000000000000000000e+00 0.000000000000000000e+00 0.000000000000000000e+00 1.000000000000000000e+00 1.000000000000000000e+10 0.000000000000000000e+00 0.000000000000000000e+00 0.000000000000000000e+00 1.000000000000000000e+10
2.037735929469222107e+00 3.796826314266048996e+01 2.627550315858076857e+01 1.348113175073765468e+01 3.060637265364139492e-01 2.694382161049074398e+01 1.452636842101349463e-27 3.191138705756478728e-28 6.161975290864192238e-29 8.706021253898815759e-01 6.810987656973748018e-29 1.000000000000000000e+00 0.000000000000000000e+00 0.000000000000000000e+00 0.000000000000000000e+00 1.000000000000000000e+00 1.000000000000000000e+10 0.000000000000000000e+00 0.000000000000000000e+00 0.000000000000000000e+00 1.000000000000000000e+10
2.350098705559579226e+00 3.326652470681721496e+01 2.147022941219503878e+01 1.241885018792309126e+01 2.869587850599720213e-01 2.555237045518876471e+01 9.412735402910351874e-28 2.206987000497057633e-28 6.439086920307891564e-29 8.726894690712901914e-01 7.176092004805515805e-29 1.000000000000000000e+00 0.000000000000000000e+00 0.000000000000000000e+00 0.000000000000000000e+00 1.000000000000000000e+00 1.000000000000000000e+10 0.000000000000000000e+00 0.000000000000000000e+00 0.000000000000000000e+00 1.000000000000000000e+10
