# R (Mpc), mean rho (Msol/kpc^3), errup (Msol/kpc^3), errlow, std, median rho (Msol/kpc^3), mean pth (Msol/kpc/s^2), errup(Msol/kpc/s^2), errlow, std, median pth (Msol/kpc/s^2), mean gas-mass-weighted metal (fraction), errup, errlow, std, median metal, mean gas-mass-weighted temp (K), errup, errlow, std, median temp  
#  nprofs 197, mean mh 216040531236.806183, median mh 209114303213.706970 
#  Mass range 11.00 - 11.5
1.040961082911032697e-02 2.197790390701318393e+05 1.374250702770118660e+05 8.086175840580638032e+04 2.453262610314077830e-01 1.923443056896135386e+05 9.108730858658819344e-26 1.193576078333087909e-25 1.537041162556165841e-26 4.623205430145587158e-01 3.393451671472273212e-26 1.000000000000000000e+00 0.000000000000000000e+00 0.000000000000000000e+00 0.000000000000000000e+00 1.000000000000000000e+00 1.000000000000000000e+10 0.000000000000000000e+00 0.000000000000000000e+00 0.000000000000000000e+00 1.000000000000000000e+10
1.200529105910367808e-02 1.761317774110574974e+05 1.106179525306668656e+05 8.244166832963579509e+04 2.564655664786499867e-01 1.631497850547083945e+05 9.561095137788388127e-26 1.508427950646720846e-25 2.282160456629637657e-26 4.774431878896351344e-01 3.958691902279141877e-26 1.000000000000000000e+00 0.000000000000000000e+00 0.000000000000000000e+00 0.000000000000000000e+00 1.000000000000000000e+00 1.000000000000000000e+10 0.000000000000000000e+00 0.000000000000000000e+00 0.000000000000000000e+00 1.000000000000000000e+10
1.384557172980430476e-02 1.389237828993524599e+05 8.743227614009179524e+04 6.868266346574114868e+04 2.688024676910723554e-01 1.314567744567617483e+05 8.056188554863094971e-26 1.157118318297846628e-25 2.604523887656439962e-26 4.376816404504585978e-01 4.310877224785413145e-26 1.000000000000000000e+00 0.000000000000000000e+00 0.000000000000000000e+00 0.000000000000000000e+00 1.000000000000000000e+00 1.000000000000000000e+10 0.000000000000000000e+00 0.000000000000000000e+00 0.000000000000000000e+00 1.000000000000000000e+10
1.596794743096121086e-02 1.080402506159488403e+05 7.305074904394996702e+04 5.133823732831757661e+04 2.755257446674649890e-01 9.782779488870064961e+04 6.537778111188178046e-26 7.021946483891726778e-26 2.369352574701848432e-26 3.661264285889925807e-01 4.216223235531427033e-26 1.000000000000000000e+00 0.000000000000000000e+00 0.000000000000000000e+00 0.000000000000000000e+00 1.000000000000000000e+00 1.000000000000000000e+10 0.000000000000000000e+00 0.000000000000000000e+00 0.000000000000000000e+00 1.000000000000000000e+10
1.841566026551830909e-02 7.936946472155762604e+04 5.526473701142227219e+04 3.834266305077209836e+04 3.068838849436729133e-01 7.040930094861969701e+04 5.948985252556153633e-26 5.029437690115010729e-26 2.766952870312237948e-26 3.449803292106487507e-01 4.589021892464890912e-26 1.000000000000000000e+00 0.000000000000000000e+00 0.000000000000000000e+00 0.000000000000000000e+00 1.000000000000000000e+00 1.000000000000000000e+10 0.000000000000000000e+00 0.000000000000000000e+00 0.000000000000000000e+00 1.000000000000000000e+10
2.123858088093512342e-02 5.576323421492955094e+04 3.899173184689436312e+04 2.500194227173897525e+04 3.023285495028418257e-01 4.892867101656608429e+04 5.185171720295781691e-26 3.757071705648764016e-26 1.742542492084453447e-26 2.963151648479084299e-01 3.865603888893755537e-26 1.000000000000000000e+00 0.000000000000000000e+00 0.000000000000000000e+00 0.000000000000000000e+00 1.000000000000000000e+00 1.000000000000000000e+10 0.000000000000000000e+00 0.000000000000000000e+00 0.000000000000000000e+00 1.000000000000000000e+10
2.449422455303571639e-02 3.666991744649473549e+04 2.657887216387731678e+04 1.685942802749971452e+04 3.012378114943849439e-01 3.200390075340241674e+04 4.156937128491373930e-26 2.870763106970799347e-26 1.655709894959682092e-26 2.893796639871893395e-01 3.363973903103999009e-26 1.000000000000000000e+00 0.000000000000000000e+00 0.000000000000000000e+00 0.000000000000000000e+00 1.000000000000000000e+00 1.000000000000000000e+10 0.000000000000000000e+00 0.000000000000000000e+00 0.000000000000000000e+00 1.000000000000000000e+10
2.824892302447100725e-02 2.367745570259134547e+04 1.682016453307894699e+04 8.756398078682606865e+03 2.582442209968695002e-01 2.068621546563219454e+04 3.530061098580642215e-26 2.128317882091629272e-26 1.297906306049882920e-26 2.591276047919739423e-01 3.053352907853074242e-26 1.000000000000000000e+00 0.000000000000000000e+00 0.000000000000000000e+00 0.000000000000000000e+00 1.000000000000000000e+00 1.000000000000000000e+10 0.000000000000000000e+00 0.000000000000000000e+00 0.000000000000000000e+00 1.000000000000000000e+10
3.257917597328415654e-02 1.413925741561944233e+04 7.588596003072618259e+03 5.531130211554248490e+03 2.468688855535252913e-01 1.244805867834840865e+04 2.803913596443882465e-26 1.891223222630127124e-26 9.738083550578610916e-27 2.492865962796463608e-01 2.402947072661052260e-26 1.000000000000000000e+00 0.000000000000000000e+00 0.000000000000000000e+00 0.000000000000000000e+00 1.000000000000000000e+00 1.000000000000000000e+10 0.000000000000000000e+00 0.000000000000000000e+00 0.000000000000000000e+00 1.000000000000000000e+10
3.757320964692217186e-02 8.762554994763057039e+03 4.791169031867524609e+03 3.056971790110318580e+03 2.067275318669022366e-01 7.751867882793121680e+03 2.289379150465304843e-26 1.330752369888456819e-26 8.353756644051615670e-27 2.296792144990925655e-01 1.983951767990090448e-26 1.000000000000000000e+00 0.000000000000000000e+00 0.000000000000000000e+00 0.000000000000000000e+00 1.000000000000000000e+00 1.000000000000000000e+10 0.000000000000000000e+00 0.000000000000000000e+00 0.000000000000000000e+00 1.000000000000000000e+10
4.333277441790538143e-02 5.786920969135894666e+03 3.046423079630394568e+03 1.722487838823333732e+03 1.872798956025675254e-01 5.136701010055646293e+03 1.853491356723368137e-26 9.618413577810386817e-27 5.855399092145294406e-27 2.190946419970577763e-01 1.582128597268922724e-26 1.000000000000000000e+00 0.000000000000000000e+00 0.000000000000000000e+00 0.000000000000000000e+00 1.000000000000000000e+00 1.000000000000000000e+10 0.000000000000000000e+00 0.000000000000000000e+00 0.000000000000000000e+00 1.000000000000000000e+10
4.997521788524898756e-02 4.267600915003945374e+03 1.755915468569439781e+03 1.051118482013231642e+03 1.683957577269539485e-01 3.770401157777502249e+03 1.525642255081201189e-26 7.659944820114610415e-27 5.688808593753783425e-27 2.124720519319686363e-01 1.387929421836911574e-26 1.000000000000000000e+00 0.000000000000000000e+00 0.000000000000000000e+00 0.000000000000000000e+00 1.000000000000000000e+00 1.000000000000000000e+10 0.000000000000000000e+00 0.000000000000000000e+00 0.000000000000000000e+00 1.000000000000000000e+10
5.763587575980636674e-02 3.137632011922015863e+03 1.266480392300413769e+03 9.469820567339174886e+02 1.617114233700718828e-01 2.958685729430407264e+03 1.183923587797391503e-26 5.722696691560733589e-27 4.536660864642539411e-27 2.225210235529697100e-01 1.060702048369243475e-26 1.000000000000000000e+00 0.000000000000000000e+00 0.000000000000000000e+00 0.000000000000000000e+00 1.000000000000000000e+00 1.000000000000000000e+10 0.000000000000000000e+00 0.000000000000000000e+00 0.000000000000000000e+00 1.000000000000000000e+10
6.647082924635627776e-02 2.508359471630705684e+03 1.097209066807742602e+03 8.127595685057538049e+02 1.581869996913079224e-01 2.365837512051341491e+03 9.102303469581632190e-27 4.930967892955446983e-27 3.670122089588938421e-27 2.116675716645399496e-01 8.365348096206197491e-27 1.000000000000000000e+00 0.000000000000000000e+00 0.000000000000000000e+00 0.000000000000000000e+00 1.000000000000000000e+00 1.000000000000000000e+10 0.000000000000000000e+00 0.000000000000000000e+00 0.000000000000000000e+00 1.000000000000000000e+10
7.666008510240249207e-02 2.035483855168970649e+03 7.633584601864104116e+02 5.299586337686946536e+02 1.580041491675855114e-01 1.875049849713605454e+03 6.919728438773816439e-27 3.870028079526771765e-27 2.463849390078563082e-27 2.140995671102693121e-01 6.121395099068891577e-27 1.000000000000000000e+00 0.000000000000000000e+00 0.000000000000000000e+00 0.000000000000000000e+00 1.000000000000000000e+00 1.000000000000000000e+10 0.000000000000000000e+00 0.000000000000000000e+00 0.000000000000000000e+00 1.000000000000000000e+10
8.841124316543315376e-02 1.620481981197839104e+03 5.673789234375230990e+02 5.044507196777597073e+02 1.676160222011789380e-01 1.532568731774953449e+03 5.184782537625283637e-27 2.606118417757525076e-27 1.903465705318953936e-27 2.217914185537439020e-01 4.594312871436233486e-27 1.000000000000000000e+00 0.000000000000000000e+00 0.000000000000000000e+00 0.000000000000000000e+00 1.000000000000000000e+00 1.000000000000000000e+10 0.000000000000000000e+00 0.000000000000000000e+00 0.000000000000000000e+00 1.000000000000000000e+10
1.019637260722580097e-01 1.242734834131256093e+03 4.618698544027868138e+02 3.658655561017757236e+02 1.608452214303658645e-01 1.146057554473874006e+03 3.861427544063295798e-27 2.267634075697201053e-27 1.360589177333967936e-27 2.332583037274244819e-01 3.248792425085350978e-27 1.000000000000000000e+00 0.000000000000000000e+00 0.000000000000000000e+00 0.000000000000000000e+00 1.000000000000000000e+00 1.000000000000000000e+10 0.000000000000000000e+00 0.000000000000000000e+00 0.000000000000000000e+00 1.000000000000000000e+10
1.175936573483598035e-01 9.483914296068868452e+02 3.796435088997460525e+02 2.411449932206396625e+02 1.555513884260998070e-01 8.749300370048271134e+02 2.903248041644201086e-27 1.965197103561405614e-27 1.005584947544191808e-27 2.567527123550296664e-01 2.403346579938556217e-27 1.000000000000000000e+00 0.000000000000000000e+00 0.000000000000000000e+00 0.000000000000000000e+00 1.000000000000000000e+00 1.000000000000000000e+10 0.000000000000000000e+00 0.000000000000000000e+00 0.000000000000000000e+00 1.000000000000000000e+10
1.356194872553388164e-01 7.154354286338465272e+02 2.457072838732499349e+02 1.913817906044612869e+02 1.434055472961667521e-01 6.766569153187056145e+02 2.164551969505294136e-27 1.580782199332492476e-27 7.553481766127095668e-28 2.732479312130385862e-01 1.711678925100052235e-27 1.000000000000000000e+00 0.000000000000000000e+00 0.000000000000000000e+00 0.000000000000000000e+00 1.000000000000000000e+00 1.000000000000000000e+10 0.000000000000000000e+00 0.000000000000000000e+00 0.000000000000000000e+00 1.000000000000000000e+10
1.564084810196403053e-01 5.574653888586540234e+02 2.291655969352111697e+02 1.664272862532381509e+02 1.583313911946626629e-01 5.288816365816619509e+02 1.669645416850422484e-27 1.488489249060598910e-27 5.251963664486955076e-28 3.120836520473237452e-01 1.148435087234743346e-27 1.000000000000000000e+00 0.000000000000000000e+00 0.000000000000000000e+00 0.000000000000000000e+00 1.000000000000000000e+00 1.000000000000000000e+10 0.000000000000000000e+00 0.000000000000000000e+00 0.000000000000000000e+00 1.000000000000000000e+10
1.803842016362447453e-01 4.444755913867801951e+02 2.255560473805311972e+02 1.350758367812315441e+02 1.740658729870430965e-01 4.031468527290167572e+02 1.314096261274893120e-27 1.244273162904060542e-27 4.666731159521420243e-28 3.504348203081867341e-01 8.435821137925710230e-28 1.000000000000000000e+00 0.000000000000000000e+00 0.000000000000000000e+00 0.000000000000000000e+00 1.000000000000000000e+00 1.000000000000000000e+10 0.000000000000000000e+00 0.000000000000000000e+00 0.000000000000000000e+00 1.000000000000000000e+10
2.080351397048574025e-01 3.469216076669714539e+02 1.646265897468975936e+02 1.241467695651745373e+02 1.816312491390917605e-01 3.219112094230255821e+02 1.044622181035270142e-27 9.704377978913035984e-28 3.816296794001961791e-28 3.929970482914699748e-01 6.291617723166166550e-28 1.000000000000000000e+00 0.000000000000000000e+00 0.000000000000000000e+00 0.000000000000000000e+00 1.000000000000000000e+00 1.000000000000000000e+10 0.000000000000000000e+00 0.000000000000000000e+00 0.000000000000000000e+00 1.000000000000000000e+10
2.399246661262133540e-01 2.663242671676158579e+02 1.295034816487147395e+02 8.649205518579938712e+01 1.957608252376205338e-01 2.366216624850713401e+02 8.412193444054804159e-28 8.134387670862324412e-28 3.053872470200322702e-28 4.422024236231221761e-01 4.745960789093534191e-28 1.000000000000000000e+00 0.000000000000000000e+00 0.000000000000000000e+00 0.000000000000000000e+00 1.000000000000000000e+00 1.000000000000000000e+10 0.000000000000000000e+00 0.000000000000000000e+00 0.000000000000000000e+00 1.000000000000000000e+10
2.767025104385807399e-01 2.059537043466402508e+02 1.275660902038675317e+02 7.126985115752599143e+01 1.995916376300547745e-01 1.832493848164093038e+02 6.885743770224248495e-28 7.122920253284994000e-28 2.092515659721622849e-28 4.790873224326593349e-01 3.219277779572689449e-28 1.000000000000000000e+00 0.000000000000000000e+00 0.000000000000000000e+00 0.000000000000000000e+00 1.000000000000000000e+00 1.000000000000000000e+10 0.000000000000000000e+00 0.000000000000000000e+00 0.000000000000000000e+00 1.000000000000000000e+10
3.191179986585286343e-01 1.650572021076345379e+02 1.004850826206671002e+02 5.118662501275221643e+01 2.144875473759663420e-01 1.408878290876758967e+02 5.854371500145734054e-28 6.650665802996574950e-28 1.401435954027903631e-28 5.213021999856861655e-01 2.180468654260897083e-28 1.000000000000000000e+00 0.000000000000000000e+00 0.000000000000000000e+00 0.000000000000000000e+00 1.000000000000000000e+00 1.000000000000000000e+10 0.000000000000000000e+00 0.000000000000000000e+00 0.000000000000000000e+00 1.000000000000000000e+10
3.680353203388414540e-01 1.371389583292950363e+02 1.042379366693261744e+02 3.625658316751267307e+01 2.405807723638281326e-01 1.042812073186761808e+02 5.529058247653501294e-28 5.275455837964265550e-28 1.010674180959766593e-28 5.746961828815518869e-01 1.527009958235031002e-28 1.000000000000000000e+00 0.000000000000000000e+00 0.000000000000000000e+00 0.000000000000000000e+00 1.000000000000000000e+00 1.000000000000000000e+10 0.000000000000000000e+00 0.000000000000000000e+00 0.000000000000000000e+00 1.000000000000000000e+10
4.244511359005219142e-01 1.157087675011217414e+02 8.053182958596096341e+01 2.902196853251128061e+01 2.657655305820291747e-01 8.102023705132739906e+01 5.617152044214222636e-28 5.332806394287863632e-28 8.039887782802356759e-29 6.315325116791097315e-01 1.162675211216788982e-28 1.000000000000000000e+00 0.000000000000000000e+00 0.000000000000000000e+00 0.000000000000000000e+00 1.000000000000000000e+00 1.000000000000000000e+10 0.000000000000000000e+00 0.000000000000000000e+00 0.000000000000000000e+00 1.000000000000000000e+10
4.895148829774688681e-01 9.405746576228941080e+01 8.593164718108899081e+01 2.321306547633736983e+01 2.798666930536633513e-01 6.362635041038571160e+01 4.845625338545715940e-28 5.738891026504479934e-28 5.935185939113118734e-29 6.741666748211687654e-01 8.731449551406554114e-29 1.000000000000000000e+00 0.000000000000000000e+00 0.000000000000000000e+00 0.000000000000000000e+00 1.000000000000000000e+00 1.000000000000000000e+10 0.000000000000000000e+00 0.000000000000000000e+00 0.000000000000000000e+00 1.000000000000000000e+10
5.645521955031491679e-01 7.960152724105520861e+01 9.104832238545864698e+01 1.871279278088343645e+01 3.045839778782933327e-01 5.034486040012010477e+01 4.486627513579359969e-28 5.424297597771856403e-28 4.376907279538118362e-29 7.275559150706187861e-01 6.227633633171081913e-29 1.000000000000000000e+00 0.000000000000000000e+00 0.000000000000000000e+00 0.000000000000000000e+00 1.000000000000000000e+00 1.000000000000000000e+10 0.000000000000000000e+00 0.000000000000000000e+00 0.000000000000000000e+00 1.000000000000000000e+10
6.510919126887823039e-01 6.969041536694044225e+01 7.208384398953000982e+01 1.719055868268256404e+01 3.269166984838720591e-01 4.148884047607084824e+01 4.875209909328447043e-28 5.618830563666671534e-28 3.713639185745330406e-29 7.955733780680941392e-01 4.996777414801305568e-29 1.000000000000000000e+00 0.000000000000000000e+00 0.000000000000000000e+00 0.000000000000000000e+00 1.000000000000000000e+00 1.000000000000000000e+10 0.000000000000000000e+00 0.000000000000000000e+00 0.000000000000000000e+00 1.000000000000000000e+10
7.508972281844089602e-01 6.095074859808723033e+01 5.706413550044176475e+01 1.612315875337705862e+01 3.306773342628714918e-01 3.758464471064276324e+01 4.865248998056640022e-28 4.717101329854342246e-28 3.870507839561832093e-29 8.363974349704194067e-01 4.912809487271737272e-29 1.000000000000000000e+00 0.000000000000000000e+00 0.000000000000000000e+00 0.000000000000000000e+00 1.000000000000000000e+00 1.000000000000000000e+10 0.000000000000000000e+00 0.000000000000000000e+00 0.000000000000000000e+00 1.000000000000000000e+10
8.660016140678794550e-01 5.396887653052107936e+01 5.608914109504991075e+01 1.689353466063367648e+01 3.406213528432550652e-01 3.450510993648421731e+01 4.475557597243476902e-28 5.823224296336012620e-28 3.959068977526811608e-29 8.807609762596714242e-01 4.899018616593033384e-29 1.000000000000000000e+00 0.000000000000000000e+00 0.000000000000000000e+00 0.000000000000000000e+00 1.000000000000000000e+00 1.000000000000000000e+10 0.000000000000000000e+00 0.000000000000000000e+00 0.000000000000000000e+00 1.000000000000000000e+10
9.987502515910116063e-01 4.972409345917009205e+01 5.288827237286999861e+01 1.549441001239132021e+01 3.500987440516805660e-01 3.154224821827434511e+01 4.455724745618373274e-28 4.891874201734337862e-28 4.407658007207246181e-29 9.104087613271673041e-01 5.121113314859528568e-29 1.000000000000000000e+00 0.000000000000000000e+00 0.000000000000000000e+00 0.000000000000000000e+00 1.000000000000000000e+00 1.000000000000000000e+10 0.000000000000000000e+00 0.000000000000000000e+00 0.000000000000000000e+00 1.000000000000000000e+10
1.151847812808953542e+00 4.477728426170943976e+01 4.111094029818964657e+01 1.433780497339389903e+01 3.433279926517411318e-01 2.914561751764994213e+01 4.452824257422476488e-28 4.250017424809573505e-28 4.579408269680782418e-29 9.096445194511056931e-01 5.210597448888901090e-29 1.000000000000000000e+00 0.000000000000000000e+00 0.000000000000000000e+00 0.000000000000000000e+00 1.000000000000000000e+00 1.000000000000000000e+10 0.000000000000000000e+00 0.000000000000000000e+00 0.000000000000000000e+00 1.000000000000000000e+10
1.328413566614123908e+00 4.178529202646706153e+01 4.353438945985958242e+01 1.186709423762383331e+01 3.386575115968236682e-01 2.617918929209949397e+01 4.678962467975671018e-28 3.651288037445682225e-28 5.028877369234129496e-29 8.955791009660543089e-01 5.721966989426073120e-29 1.000000000000000000e+00 0.000000000000000000e+00 0.000000000000000000e+00 0.000000000000000000e+00 1.000000000000000000e+00 1.000000000000000000e+10 0.000000000000000000e+00 0.000000000000000000e+00 0.000000000000000000e+00 1.000000000000000000e+10
1.532044931926391351e+00 3.991405001540223907e+01 4.132761422195105183e+01 1.268793586842993726e+01 3.366042662909963235e-01 2.585336210163586657e+01 5.606374034103800992e-28 5.213006344681277776e-28 3.654664719366176372e-29 8.955399330422724180e-01 4.484957054716987870e-29 1.000000000000000000e+00 0.000000000000000000e+00 0.000000000000000000e+00 0.000000000000000000e+00 1.000000000000000000e+00 1.000000000000000000e+10 0.000000000000000000e+00 0.000000000000000000e+00 0.000000000000000000e+00 1.000000000000000000e+10
1.766890772896739126e+00 3.687781285949103705e+01 3.010356425248719958e+01 1.258063068426481124e+01 3.220770986921983603e-01 2.582819545028603514e+01 8.009451605928774203e-28 3.604877804939179074e-28 4.643191767604303467e-29 8.760641974519590702e-01 5.441966285682739173e-29 1.000000000000000000e+00 0.000000000000000000e+00 0.000000000000000000e+00 0.000000000000000000e+00 1.000000000000000000e+00 1.000000000000000000e+10 0.000000000000000000e+00 0.000000000000000000e+00 0.000000000000000000e+00 1.000000000000000000e+10
2.037735929469222107e+00 3.589879742915287153e+01 2.229244812816121879e+01 1.317976301909339121e+01 3.201285502474615074e-01 2.527603269084980298e+01 1.539783027577203902e-27 2.942081796599314847e-28 7.038071075864388772e-29 8.728813398788491940e-01 7.842379042304367043e-29 1.000000000000000000e+00 0.000000000000000000e+00 0.000000000000000000e+00 0.000000000000000000e+00 1.000000000000000000e+00 1.000000000000000000e+10 0.000000000000000000e+00 0.000000000000000000e+00 0.000000000000000000e+00 1.000000000000000000e+10
2.350098705559579226e+00 3.341632598970953438e+01 2.542504091873964001e+01 1.093684961096784036e+01 3.062532052514088665e-01 2.278625243145804546e+01 1.495531268160768504e-27 3.593439688518690269e-28 5.484735468488640163e-29 8.649962592762917568e-01 6.364264664826718581e-29 1.000000000000000000e+00 0.000000000000000000e+00 0.000000000000000000e+00 0.000000000000000000e+00 1.000000000000000000e+00 1.000000000000000000e+10 0.000000000000000000e+00 0.000000000000000000e+00 0.000000000000000000e+00 1.000000000000000000e+10
