# R (Mpc), mean rho (Msol/kpc^3), errup (Msol/kpc^3), errlow, std, median rho (Msol/kpc^3), mean pth (Msol/kpc/s^2), errup(Msol/kpc/s^2), errlow, std, median pth (Msol/kpc/s^2), mean gas-mass-weighted metal (fraction), errup, errlow, std, median metal, mean gas-mass-weighted temp (K), errup, errlow, std, median temp  
#  nprofs 181, mean mh 543044461244.182068, median mh 494294727173.670044 
#  Mass range 11.50 - 12.0
1.040961082911032697e-02 4.790422728825884988e+05 2.951149769635614939e+05 1.978879929262003279e+05 2.499216141698708815e-01 4.308626420796273742e+05 2.658479548467330414e-25 3.312197601603418689e-25 6.150341145615980768e-26 4.662934373485436712e-01 1.111573233103068415e-25 1.000000000000000000e+00 0.000000000000000000e+00 0.000000000000000000e+00 0.000000000000000000e+00 1.000000000000000000e+00 1.000000000000000000e+10 0.000000000000000000e+00 0.000000000000000000e+00 0.000000000000000000e+00 1.000000000000000000e+10
1.200529105910367808e-02 3.744978925591013976e+05 2.261210521357016405e+05 1.582883520105669450e+05 2.394101427509038038e-01 3.525065153795751976e+05 2.547340634564164883e-25 3.170967240373526443e-25 8.863541870833855871e-26 4.694020143371480103e-01 1.324925964364852519e-25 1.000000000000000000e+00 0.000000000000000000e+00 0.000000000000000000e+00 0.000000000000000000e+00 1.000000000000000000e+00 1.000000000000000000e+10 0.000000000000000000e+00 0.000000000000000000e+00 0.000000000000000000e+00 1.000000000000000000e+10
1.384557172980430476e-02 2.674736324821674498e+05 1.539773898005246592e+05 1.293599900042826921e+05 2.564698432941738271e-01 2.534768329761945934e+05 2.461675287958409385e-25 2.318011767293129138e-25 1.068027722346490923e-25 4.375212185416076371e-01 1.551110920938424537e-25 1.000000000000000000e+00 0.000000000000000000e+00 0.000000000000000000e+00 0.000000000000000000e+00 1.000000000000000000e+00 1.000000000000000000e+10 0.000000000000000000e+00 0.000000000000000000e+00 0.000000000000000000e+00 1.000000000000000000e+10
1.596794743096121086e-02 1.926377529731764516e+05 1.126339885268371727e+05 9.342022485006299394e+04 2.663961052762903181e-01 1.821680698346238642e+05 2.545534984153095001e-25 2.983311250733843260e-25 1.026395598006982304e-25 4.073307619370454824e-01 1.664558058526659389e-25 1.000000000000000000e+00 0.000000000000000000e+00 0.000000000000000000e+00 0.000000000000000000e+00 1.000000000000000000e+00 1.000000000000000000e+10 0.000000000000000000e+00 0.000000000000000000e+00 0.000000000000000000e+00 1.000000000000000000e+10
1.841566026551830909e-02 1.326265324402822298e+05 6.550806716641335515e+04 6.445078127872692858e+04 2.619050134706804034e-01 1.228050055849344935e+05 2.306740404960138416e-25 2.349137738324430378e-25 1.085735206195343820e-25 3.777084704290378236e-01 1.737240817238945203e-25 1.000000000000000000e+00 0.000000000000000000e+00 0.000000000000000000e+00 0.000000000000000000e+00 1.000000000000000000e+00 1.000000000000000000e+10 0.000000000000000000e+00 0.000000000000000000e+00 0.000000000000000000e+00 1.000000000000000000e+10
2.123858088093512342e-02 8.750907121403858764e+04 5.089142789013568836e+04 4.052298026694503642e+04 2.651752851535701394e-01 7.895551483482982439e+04 2.051819813657433327e-25 1.650663274683020886e-25 8.870208906693997997e-26 3.501941036153384257e-01 1.529876370777611395e-25 1.000000000000000000e+00 0.000000000000000000e+00 0.000000000000000000e+00 0.000000000000000000e+00 1.000000000000000000e+00 1.000000000000000000e+10 0.000000000000000000e+00 0.000000000000000000e+00 0.000000000000000000e+00 1.000000000000000000e+10
2.449422455303571639e-02 5.757878172455355525e+04 3.866819601971357770e+04 2.218638642463916767e+04 2.585006266025774990e-01 4.917110399441496702e+04 1.616589409202235177e-25 1.223055298100925877e-25 6.544374590662745413e-26 3.281648145951062689e-01 1.226284711608516923e-25 1.000000000000000000e+00 0.000000000000000000e+00 0.000000000000000000e+00 0.000000000000000000e+00 1.000000000000000000e+00 1.000000000000000000e+10 0.000000000000000000e+00 0.000000000000000000e+00 0.000000000000000000e+00 1.000000000000000000e+10
2.824892302447100725e-02 3.980074679454527359e+04 3.170711815517240757e+04 1.270415813167370288e+04 2.434440563572242144e-01 3.163573285076337197e+04 1.417215466211063889e-25 1.091175028218140146e-25 4.851467793400772029e-26 2.951488913842345019e-01 1.061295233999229741e-25 1.000000000000000000e+00 0.000000000000000000e+00 0.000000000000000000e+00 0.000000000000000000e+00 1.000000000000000000e+00 1.000000000000000000e+10 0.000000000000000000e+00 0.000000000000000000e+00 0.000000000000000000e+00 1.000000000000000000e+10
3.257917597328415654e-02 2.696595780954453949e+04 2.044389475146881523e+04 8.091068180103491613e+03 2.360168414882641563e-01 2.144276944186436231e+04 1.173462750818633191e-25 8.391099376240680354e-26 4.358438648037626729e-26 2.873801537507257309e-01 9.057701566109645209e-26 1.000000000000000000e+00 0.000000000000000000e+00 0.000000000000000000e+00 0.000000000000000000e+00 1.000000000000000000e+00 1.000000000000000000e+10 0.000000000000000000e+00 0.000000000000000000e+00 0.000000000000000000e+00 1.000000000000000000e+10
3.757320964692217186e-02 1.921215883442568520e+04 1.203634449606225644e+04 5.963057599940750151e+03 2.264143099752237431e-01 1.602231951511828265e+04 9.657396004730491419e-26 8.300671320306188080e-26 2.618593634515061788e-26 2.748358504133589508e-01 6.989629437530518816e-26 1.000000000000000000e+00 0.000000000000000000e+00 0.000000000000000000e+00 0.000000000000000000e+00 1.000000000000000000e+00 1.000000000000000000e+10 0.000000000000000000e+00 0.000000000000000000e+00 0.000000000000000000e+00 1.000000000000000000e+10
4.333277441790538143e-02 1.363880732440500833e+04 6.141634697542973299e+03 4.136668105405085953e+03 2.027979886400513576e-01 1.186807251033811553e+04 7.974144395353440119e-26 6.660424839983652229e-26 2.504295387075413789e-26 2.697820285714381261e-01 5.981561152242259579e-26 1.000000000000000000e+00 0.000000000000000000e+00 0.000000000000000000e+00 0.000000000000000000e+00 1.000000000000000000e+00 1.000000000000000000e+10 0.000000000000000000e+00 0.000000000000000000e+00 0.000000000000000000e+00 1.000000000000000000e+10
4.997521788524898756e-02 1.020516306187514965e+04 5.111710943927640983e+03 2.848576179073880667e+03 1.868537702329737815e-01 8.917154215333806860e+03 6.610817428123114009e-26 5.031053198387379357e-26 2.081405367328456274e-26 2.644073144127821462e-01 4.979563014776077073e-26 1.000000000000000000e+00 0.000000000000000000e+00 0.000000000000000000e+00 0.000000000000000000e+00 1.000000000000000000e+00 1.000000000000000000e+10 0.000000000000000000e+00 0.000000000000000000e+00 0.000000000000000000e+00 1.000000000000000000e+10
5.763587575980636674e-02 7.829188655654639660e+03 3.232240563803600708e+03 2.222338007884344734e+03 1.790159134123391060e-01 6.922504352337172350e+03 5.259494555134386110e-26 3.961031290201064156e-26 1.879547239795786556e-26 2.662781979815528888e-01 4.143925904944192162e-26 1.000000000000000000e+00 0.000000000000000000e+00 0.000000000000000000e+00 0.000000000000000000e+00 1.000000000000000000e+00 1.000000000000000000e+10 0.000000000000000000e+00 0.000000000000000000e+00 0.000000000000000000e+00 1.000000000000000000e+10
6.647082924635627776e-02 6.114659612558961271e+03 2.740269309801348754e+03 1.736581013391593387e+03 1.670864462470380285e-01 5.602175986660157832e+03 4.166689494187419940e-26 3.227020807115666256e-26 1.319004372245202394e-26 2.565523506305724677e-01 3.272005142936101733e-26 1.000000000000000000e+00 0.000000000000000000e+00 0.000000000000000000e+00 0.000000000000000000e+00 1.000000000000000000e+00 1.000000000000000000e+10 0.000000000000000000e+00 0.000000000000000000e+00 0.000000000000000000e+00 1.000000000000000000e+10
7.666008510240249207e-02 4.844045759447645651e+03 2.314064280947302905e+03 1.522296073796280780e+03 1.702920450269679864e-01 4.524302421158644393e+03 3.248695953086677240e-26 2.609833366819189376e-26 1.011650485236637052e-26 2.675142926923971265e-01 2.473681539433573332e-26 1.000000000000000000e+00 0.000000000000000000e+00 0.000000000000000000e+00 0.000000000000000000e+00 1.000000000000000000e+00 1.000000000000000000e+10 0.000000000000000000e+00 0.000000000000000000e+00 0.000000000000000000e+00 1.000000000000000000e+10
8.841124316543315376e-02 3.783032749495863754e+03 2.064689298473680992e+03 1.230819189679851661e+03 1.771473349237151218e-01 3.508234649178946256e+03 2.448437753001995188e-26 2.120430197418427966e-26 8.719747344484956268e-27 2.749519841671502207e-01 1.864717856977590528e-26 1.000000000000000000e+00 0.000000000000000000e+00 0.000000000000000000e+00 0.000000000000000000e+00 1.000000000000000000e+00 1.000000000000000000e+10 0.000000000000000000e+00 0.000000000000000000e+00 0.000000000000000000e+00 1.000000000000000000e+10
1.019637260722580097e-01 2.950416434594534167e+03 1.534334889967835352e+03 8.179301723509838666e+02 1.770207294816776855e-01 2.623475798809603020e+03 1.822364399601576259e-26 1.549246325433157180e-26 7.070600053059606640e-27 2.827798816535945226e-01 1.452771268526923149e-26 1.000000000000000000e+00 0.000000000000000000e+00 0.000000000000000000e+00 0.000000000000000000e+00 1.000000000000000000e+00 1.000000000000000000e+10 0.000000000000000000e+00 0.000000000000000000e+00 0.000000000000000000e+00 1.000000000000000000e+10
1.175936573483598035e-01 2.266579763712396925e+03 1.248369531965078977e+03 6.950255128840103680e+02 1.864154814182508446e-01 2.014122676512144380e+03 1.325589404294482572e-26 1.130237260999970336e-26 5.683021042895659451e-27 2.994948129155483030e-01 1.066548533054087042e-26 1.000000000000000000e+00 0.000000000000000000e+00 0.000000000000000000e+00 0.000000000000000000e+00 1.000000000000000000e+00 1.000000000000000000e+10 0.000000000000000000e+00 0.000000000000000000e+00 0.000000000000000000e+00 1.000000000000000000e+10
1.356194872553388164e-01 1.697968975524616781e+03 7.235321026352050922e+02 5.781153750423098927e+02 1.802920487444543696e-01 1.596865933847221868e+03 9.271549282858882400e-27 7.447218829136423432e-27 4.590629432760813959e-27 3.089723036965061898e-01 7.922116160988093894e-27 1.000000000000000000e+00 0.000000000000000000e+00 0.000000000000000000e+00 0.000000000000000000e+00 1.000000000000000000e+00 1.000000000000000000e+10 0.000000000000000000e+00 0.000000000000000000e+00 0.000000000000000000e+00 1.000000000000000000e+10
1.564084810196403053e-01 1.246799156278214014e+03 6.066260932005382074e+02 4.189535363616189443e+02 1.758987066030136548e-01 1.161060937763093079e+03 6.358523402090754669e-27 4.872360201968790412e-27 3.394930877190504686e-27 3.178284119544487751e-01 5.571503693871293171e-27 1.000000000000000000e+00 0.000000000000000000e+00 0.000000000000000000e+00 0.000000000000000000e+00 1.000000000000000000e+00 1.000000000000000000e+10 0.000000000000000000e+00 0.000000000000000000e+00 0.000000000000000000e+00 1.000000000000000000e+10
1.803842016362447453e-01 9.210038736879810131e+02 4.204283408680674938e+02 3.303760222518989167e+02 1.804959500943819350e-01 8.620412630986169233e+02 4.340474193479422218e-27 3.678991100394281729e-27 2.196256159629497582e-27 3.301272989263330238e-01 3.598426724009180687e-27 1.000000000000000000e+00 0.000000000000000000e+00 0.000000000000000000e+00 0.000000000000000000e+00 1.000000000000000000e+00 1.000000000000000000e+10 0.000000000000000000e+00 0.000000000000000000e+00 0.000000000000000000e+00 1.000000000000000000e+10
2.080351397048574025e-01 6.682129378765557703e+02 3.083080655751532504e+02 2.355545271458065599e+02 1.820314689429626265e-01 6.150481763781151585e+02 2.966600706273417555e-27 2.517594372254142203e-27 1.439285983426086834e-27 3.483156431767808758e-01 2.350910157017804992e-27 1.000000000000000000e+00 0.000000000000000000e+00 0.000000000000000000e+00 0.000000000000000000e+00 1.000000000000000000e+00 1.000000000000000000e+10 0.000000000000000000e+00 0.000000000000000000e+00 0.000000000000000000e+00 1.000000000000000000e+10
2.399246661262133540e-01 4.961007113729652360e+02 2.602805383352161925e+02 1.659020563547602478e+02 1.890795706303686763e-01 4.463498023559657213e+02 2.065812734253591913e-27 2.033489338315888124e-27 9.064906103361358671e-28 3.728449224996988609e-01 1.454953792774399460e-27 1.000000000000000000e+00 0.000000000000000000e+00 0.000000000000000000e+00 0.000000000000000000e+00 1.000000000000000000e+00 1.000000000000000000e+10 0.000000000000000000e+00 0.000000000000000000e+00 0.000000000000000000e+00 1.000000000000000000e+10
2.767025104385807399e-01 3.667652988109594503e+02 1.897898025267534194e+02 1.157287942040384223e+02 1.952220850943915675e-01 3.225787181833358090e+02 1.501709336937040514e-27 1.286841414548618895e-27 5.817434503594880930e-28 3.968566552274755410e-01 9.154123013562847959e-28 1.000000000000000000e+00 0.000000000000000000e+00 0.000000000000000000e+00 0.000000000000000000e+00 1.000000000000000000e+00 1.000000000000000000e+10 0.000000000000000000e+00 0.000000000000000000e+00 0.000000000000000000e+00 1.000000000000000000e+10
3.191179986585286343e-01 2.660078004884390452e+02 1.415648779142281057e+02 8.152352160514109869e+01 1.958234457305179643e-01 2.321267023104237808e+02 1.126950622344276243e-27 9.411377401388641495e-28 3.770208077491954686e-28 4.229467575602032237e-01 5.998142567285759217e-28 1.000000000000000000e+00 0.000000000000000000e+00 0.000000000000000000e+00 0.000000000000000000e+00 1.000000000000000000e+00 1.000000000000000000e+10 0.000000000000000000e+00 0.000000000000000000e+00 0.000000000000000000e+00 1.000000000000000000e+10
3.680353203388414540e-01 1.974727363545217429e+02 1.078977919324289303e+02 5.114157604683806824e+01 2.032847788402336042e-01 1.614955598072453711e+02 8.905051622102771560e-28 7.175958545793030604e-28 2.559199477153273716e-28 4.536466158943016080e-01 3.932205670376205277e-28 1.000000000000000000e+00 0.000000000000000000e+00 0.000000000000000000e+00 0.000000000000000000e+00 1.000000000000000000e+00 1.000000000000000000e+10 0.000000000000000000e+00 0.000000000000000000e+00 0.000000000000000000e+00 1.000000000000000000e+10
4.244511359005219142e-01 1.502842221539865477e+02 8.892076687347197606e+01 4.049560372154967069e+01 2.163355418423666132e-01 1.202743696648125962e+02 7.794812405835455084e-28 6.296933984406943902e-28 1.553802108360010358e-28 4.964036483530601673e-01 2.488751953762799574e-28 1.000000000000000000e+00 0.000000000000000000e+00 0.000000000000000000e+00 0.000000000000000000e+00 1.000000000000000000e+00 1.000000000000000000e+10 0.000000000000000000e+00 0.000000000000000000e+00 0.000000000000000000e+00 1.000000000000000000e+10
4.895148829774688681e-01 1.151623055598385577e+02 6.495513733216608898e+01 3.302852860620147624e+01 2.266732529432358145e-01 9.266926289142617179e+01 6.818789475997660000e-28 5.024617435716388374e-28 1.139666120897500278e-28 5.398621755522458043e-01 1.758287004715465124e-28 1.000000000000000000e+00 0.000000000000000000e+00 0.000000000000000000e+00 0.000000000000000000e+00 1.000000000000000000e+00 1.000000000000000000e+10 0.000000000000000000e+00 0.000000000000000000e+00 0.000000000000000000e+00 1.000000000000000000e+10
5.645521955031491679e-01 9.679514558678307878e+01 6.278106269586054111e+01 2.755422349193194265e+01 2.525837564639612509e-01 7.219734656635186809e+01 7.068092586974261814e-28 4.629297513981809121e-28 7.613119884711103384e-29 6.107007515212937721e-01 1.175269524222121234e-28 1.000000000000000000e+00 0.000000000000000000e+00 0.000000000000000000e+00 0.000000000000000000e+00 1.000000000000000000e+00 1.000000000000000000e+10 0.000000000000000000e+00 0.000000000000000000e+00 0.000000000000000000e+00 1.000000000000000000e+10
6.510919126887823039e-01 9.066153978415215420e+01 7.760187163292744117e+01 2.549021982912071849e+01 3.011905074786364045e-01 6.069566977114984496e+01 7.886049340491966986e-28 5.765315133920603722e-28 5.164367489989170948e-29 6.990518108221744908e-01 8.097244080101733689e-29 1.000000000000000000e+00 0.000000000000000000e+00 0.000000000000000000e+00 0.000000000000000000e+00 1.000000000000000000e+00 1.000000000000000000e+10 0.000000000000000000e+00 0.000000000000000000e+00 0.000000000000000000e+00 1.000000000000000000e+10
7.508972281844089602e-01 7.932675536830990382e+01 8.040372312312285885e+01 1.717458487308553217e+01 3.215859444810869605e-01 4.749840460314260326e+01 8.041577043305348703e-28 5.141126716650212775e-28 4.208425116911085890e-29 7.588688935693348458e-01 6.244349903073174131e-29 1.000000000000000000e+00 0.000000000000000000e+00 0.000000000000000000e+00 0.000000000000000000e+00 1.000000000000000000e+00 1.000000000000000000e+10 0.000000000000000000e+00 0.000000000000000000e+00 0.000000000000000000e+00 1.000000000000000000e+10
8.660016140678794550e-01 6.655155538896362089e+01 6.118391564421661144e+01 1.677575974663326264e+01 3.098862310755994276e-01 4.207179873088816180e+01 8.427180916268110387e-28 3.710700395166674398e-28 3.954490699697229720e-29 7.736530758650539408e-01 5.609209142455223519e-29 1.000000000000000000e+00 0.000000000000000000e+00 0.000000000000000000e+00 0.000000000000000000e+00 1.000000000000000000e+00 1.000000000000000000e+10 0.000000000000000000e+00 0.000000000000000000e+00 0.000000000000000000e+00 1.000000000000000000e+10
9.987502515910116063e-01 5.689791067615914955e+01 4.911535885818393865e+01 1.595710943938417969e+01 2.984352879754692545e-01 3.821309541121993902e+01 1.133760216660611011e-27 4.072896503785304891e-28 3.789114275961018640e-29 7.968241539031255538e-01 4.983493543598625690e-29 1.000000000000000000e+00 0.000000000000000000e+00 0.000000000000000000e+00 0.000000000000000000e+00 1.000000000000000000e+00 1.000000000000000000e+10 0.000000000000000000e+00 0.000000000000000000e+00 0.000000000000000000e+00 1.000000000000000000e+10
1.151847812808953542e+00 5.317689062558120128e+01 4.043125011279537517e+01 1.520843011543657397e+01 3.093768368486831122e-01 3.494941954133174278e+01 1.677622408260848052e-27 4.137904174114743961e-28 3.835843696758461908e-29 8.287281953154450598e-01 4.797149929287435139e-29 1.000000000000000000e+00 0.000000000000000000e+00 0.000000000000000000e+00 0.000000000000000000e+00 1.000000000000000000e+00 1.000000000000000000e+10 0.000000000000000000e+00 0.000000000000000000e+00 0.000000000000000000e+00 1.000000000000000000e+10
1.328413566614123908e+00 5.144488602655020770e+01 3.771924090723972256e+01 1.312834382920829057e+01 3.117412869180586910e-01 3.153104509708708392e+01 2.184532037899919722e-27 4.077384790420516300e-28 3.237129073268892940e-29 8.352543126402407481e-01 4.217347426676529187e-29 1.000000000000000000e+00 0.000000000000000000e+00 0.000000000000000000e+00 0.000000000000000000e+00 1.000000000000000000e+00 1.000000000000000000e+10 0.000000000000000000e+00 0.000000000000000000e+00 0.000000000000000000e+00 1.000000000000000000e+10
1.532044931926391351e+00 4.758701732700692588e+01 4.406882507773477187e+01 1.202542831607500418e+01 3.092261378047317377e-01 2.947684403564612410e+01 1.826023356671854197e-27 4.006059620261108194e-28 3.218799183397110381e-29 8.212894872196339069e-01 4.216691224448710172e-29 1.000000000000000000e+00 0.000000000000000000e+00 0.000000000000000000e+00 0.000000000000000000e+00 1.000000000000000000e+00 1.000000000000000000e+10 0.000000000000000000e+00 0.000000000000000000e+00 0.000000000000000000e+00 1.000000000000000000e+10
1.766890772896739126e+00 3.979330122920035251e+01 2.451488902024691185e+01 1.213073913872283782e+01 2.815602134708640181e-01 2.798435400422058450e+01 1.084895416615251414e-27 2.634615639484235856e-28 4.048511485961004527e-29 7.747661731138417718e-01 5.135065645028814850e-29 1.000000000000000000e+00 0.000000000000000000e+00 0.000000000000000000e+00 0.000000000000000000e+00 1.000000000000000000e+00 1.000000000000000000e+10 0.000000000000000000e+00 0.000000000000000000e+00 0.000000000000000000e+00 1.000000000000000000e+10
2.037735929469222107e+00 3.308285570563249678e+01 2.387307914047158874e+01 1.015882157079290415e+01 2.533147778753310209e-01 2.575621168456231658e+01 4.327130492093309304e-28 2.428848531047140246e-28 3.064902967014170562e-29 7.259860274900807875e-01 4.238082608758560252e-29 1.000000000000000000e+00 0.000000000000000000e+00 0.000000000000000000e+00 0.000000000000000000e+00 1.000000000000000000e+00 1.000000000000000000e+10 0.000000000000000000e+00 0.000000000000000000e+00 0.000000000000000000e+00 1.000000000000000000e+10
2.350098705559579226e+00 3.035125028200472030e+01 2.551870865270294075e+01 7.918210061107325615e+00 2.401428593031371961e-01 2.329900271919313326e+01 2.795347660988027394e-28 1.941179626933365860e-28 3.666695667716693959e-29 6.896775828197139191e-01 4.932055573660112973e-29 1.000000000000000000e+00 0.000000000000000000e+00 0.000000000000000000e+00 0.000000000000000000e+00 1.000000000000000000e+00 1.000000000000000000e+10 0.000000000000000000e+00 0.000000000000000000e+00 0.000000000000000000e+00 1.000000000000000000e+10
