# R (Mpc), mean rho (Msol/kpc^3), errup (Msol/kpc^3), errlow, std, median rho (Msol/kpc^3), mean pth (Msol/kpc/s^2), errup(Msol/kpc/s^2), errlow, std, median pth (Msol/kpc/s^2), mean gas-mass-weighted metal (fraction), errup, errlow, std, median metal, mean gas-mass-weighted temp (K), errup, errlow, std, median temp  
#  nprofs 178, mean mh 535226988189.146851, median mh 491515528940.795654 
#  Mass range 11.50 - 12.0
1.040961082911032697e-02 3.429634897611871129e+05 2.196397804089016863e+05 1.223857505917618109e+05 2.433370570429189972e-01 2.925444942552521825e+05 2.144561888221731827e-25 1.898739066297677983e-25 5.049851513114729554e-26 5.004341243713766874e-01 8.318724784323947457e-26 1.000000000000000000e+00 0.000000000000000000e+00 0.000000000000000000e+00 0.000000000000000000e+00 1.000000000000000000e+00 1.000000000000000000e+10 0.000000000000000000e+00 0.000000000000000000e+00 0.000000000000000000e+00 1.000000000000000000e+10
1.200529105910367808e-02 2.756920413140451419e+05 1.947418517561576737e+05 9.033323740661444026e+04 2.352468857599839258e-01 2.352345887328292883e+05 2.138496810397149891e-25 2.658022941595446479e-25 6.753876128259742158e-26 4.794542946931314997e-01 1.041353130936651586e-25 1.000000000000000000e+00 0.000000000000000000e+00 0.000000000000000000e+00 0.000000000000000000e+00 1.000000000000000000e+00 1.000000000000000000e+10 0.000000000000000000e+00 0.000000000000000000e+00 0.000000000000000000e+00 1.000000000000000000e+10
1.384557172980430476e-02 2.081325597761398531e+05 1.496987213685648749e+05 8.213929161091661081e+04 2.508552658671246993e-01 1.764514399935330148e+05 2.030953980206904210e-25 2.455232293526614215e-25 8.656401496975745799e-26 4.646741234380030172e-01 1.246376754065724808e-25 1.000000000000000000e+00 0.000000000000000000e+00 0.000000000000000000e+00 0.000000000000000000e+00 1.000000000000000000e+00 1.000000000000000000e+10 0.000000000000000000e+00 0.000000000000000000e+00 0.000000000000000000e+00 1.000000000000000000e+10
1.596794743096121086e-02 1.525725546910999983e+05 1.082705780212745594e+05 6.592944723090660409e+04 2.630476008617982919e-01 1.323668927712714067e+05 2.172083385583655496e-25 2.544689680254606981e-25 9.618353070212569570e-26 4.506465335692809715e-01 1.448908484293204263e-25 1.000000000000000000e+00 0.000000000000000000e+00 0.000000000000000000e+00 0.000000000000000000e+00 1.000000000000000000e+00 1.000000000000000000e+10 0.000000000000000000e+00 0.000000000000000000e+00 0.000000000000000000e+00 1.000000000000000000e+10
1.841566026551830909e-02 1.122002159578857973e+05 8.296822673903274699e+04 5.159956352776208223e+04 2.758511710335213585e-01 9.810001775679030106e+04 1.825645157955978739e-25 1.734193833403518299e-25 1.035474117616515980e-25 4.028374670554476511e-01 1.467605512270177345e-25 1.000000000000000000e+00 0.000000000000000000e+00 0.000000000000000000e+00 0.000000000000000000e+00 1.000000000000000000e+00 1.000000000000000000e+10 0.000000000000000000e+00 0.000000000000000000e+00 0.000000000000000000e+00 1.000000000000000000e+10
2.123858088093512342e-02 8.002878133091297059e+04 7.320519311626587296e+04 3.562923788105468702e+04 2.939229621822275762e-01 6.573864590067593963e+04 1.640527276954035126e-25 1.339256390317130763e-25 7.550591364623735077e-26 3.635911854953743916e-01 1.277658154961021197e-25 1.000000000000000000e+00 0.000000000000000000e+00 0.000000000000000000e+00 0.000000000000000000e+00 1.000000000000000000e+00 1.000000000000000000e+10 0.000000000000000000e+00 0.000000000000000000e+00 0.000000000000000000e+00 1.000000000000000000e+10
2.449422455303571639e-02 5.453973187878968747e+04 4.295259303913224721e+04 2.414863965178149374e+04 3.108039219135939613e-01 4.457183820497994020e+04 1.371233557198859639e-25 1.302008477699580716e-25 5.533776298458635671e-26 3.246419868476413950e-01 1.055064513712947244e-25 1.000000000000000000e+00 0.000000000000000000e+00 0.000000000000000000e+00 0.000000000000000000e+00 1.000000000000000000e+00 1.000000000000000000e+10 0.000000000000000000e+00 0.000000000000000000e+00 0.000000000000000000e+00 1.000000000000000000e+10
2.824892302447100725e-02 3.618563343011695542e+04 3.324934660509188689e+04 1.207517505854172487e+04 2.818818595541444649e-01 2.698060159168321843e+04 1.217787518391235880e-25 8.966676574327628112e-26 5.127915451522844156e-26 3.235672084082854560e-01 9.635465950184407052e-26 1.000000000000000000e+00 0.000000000000000000e+00 0.000000000000000000e+00 0.000000000000000000e+00 1.000000000000000000e+00 1.000000000000000000e+10 0.000000000000000000e+00 0.000000000000000000e+00 0.000000000000000000e+00 1.000000000000000000e+10
3.257917597328415654e-02 2.426208694032380663e+04 1.900437394237398257e+04 8.280433124445617068e+03 2.662859055323055779e-01 1.929746917707435205e+04 1.035538669679707675e-25 8.609158103376215217e-26 4.007561945507248986e-26 2.927115162865678855e-01 8.136388652696945123e-26 1.000000000000000000e+00 0.000000000000000000e+00 0.000000000000000000e+00 0.000000000000000000e+00 1.000000000000000000e+00 1.000000000000000000e+10 0.000000000000000000e+00 0.000000000000000000e+00 0.000000000000000000e+00 1.000000000000000000e+10
3.757320964692217186e-02 1.676970357227887871e+04 1.216429693034588490e+04 5.428420386755018626e+03 2.494370482871333117e-01 1.367917045397843322e+04 8.755179713732530268e-26 7.964882611093533062e-26 3.084346297582065871e-26 3.015943174843538355e-01 6.456071966633686535e-26 1.000000000000000000e+00 0.000000000000000000e+00 0.000000000000000000e+00 0.000000000000000000e+00 1.000000000000000000e+00 1.000000000000000000e+10 0.000000000000000000e+00 0.000000000000000000e+00 0.000000000000000000e+00 1.000000000000000000e+10
4.333277441790538143e-02 1.209945984397579014e+04 7.122963028291600494e+03 4.180331130823527019e+03 2.278030946259317902e-01 1.032226780556251106e+04 7.393735293464738978e-26 6.755979806509007187e-26 2.714767629655614519e-26 2.897075636945370403e-01 5.692173920202932619e-26 1.000000000000000000e+00 0.000000000000000000e+00 0.000000000000000000e+00 0.000000000000000000e+00 1.000000000000000000e+00 1.000000000000000000e+10 0.000000000000000000e+00 0.000000000000000000e+00 0.000000000000000000e+00 1.000000000000000000e+10
4.997521788524898756e-02 8.842084435841372397e+03 4.503881602419889532e+03 2.859208718652995231e+03 1.973280248363579459e-01 7.833236951728107670e+03 6.094774794505205944e-26 4.743150262221149885e-26 2.236688380525976708e-26 2.760793057557365815e-01 4.785481280007849435e-26 1.000000000000000000e+00 0.000000000000000000e+00 0.000000000000000000e+00 0.000000000000000000e+00 1.000000000000000000e+00 1.000000000000000000e+10 0.000000000000000000e+00 0.000000000000000000e+00 0.000000000000000000e+00 1.000000000000000000e+10
5.763587575980636674e-02 6.988683443265444112e+03 3.175573747626925979e+03 2.347082148293416139e+03 1.850370736322615728e-01 6.358079740321389181e+03 4.994088142689263637e-26 3.982472686077843874e-26 1.627327281258082669e-26 2.715566003622787439e-01 3.826114599168885507e-26 1.000000000000000000e+00 0.000000000000000000e+00 0.000000000000000000e+00 0.000000000000000000e+00 1.000000000000000000e+00 1.000000000000000000e+10 0.000000000000000000e+00 0.000000000000000000e+00 0.000000000000000000e+00 1.000000000000000000e+10
6.647082924635627776e-02 5.459461774318416246e+03 2.550310168218491526e+03 1.952345820505805477e+03 1.868304328768203570e-01 5.072639515354227115e+03 3.930241219269797275e-26 3.026810752481289714e-26 1.227577924522842734e-26 2.688386818488250340e-01 2.993296811533257618e-26 1.000000000000000000e+00 0.000000000000000000e+00 0.000000000000000000e+00 0.000000000000000000e+00 1.000000000000000000e+00 1.000000000000000000e+10 0.000000000000000000e+00 0.000000000000000000e+00 0.000000000000000000e+00 1.000000000000000000e+10
7.666008510240249207e-02 4.329394494471083817e+03 2.081323695153511835e+03 1.302197170396815181e+03 1.811306816279477094e-01 3.881490412439035936e+03 3.033291190485983145e-26 2.383813839693504237e-26 1.111986516488164461e-26 2.689171797540185760e-01 2.397955607382025587e-26 1.000000000000000000e+00 0.000000000000000000e+00 0.000000000000000000e+00 0.000000000000000000e+00 1.000000000000000000e+00 1.000000000000000000e+10 0.000000000000000000e+00 0.000000000000000000e+00 0.000000000000000000e+00 1.000000000000000000e+10
8.841124316543315376e-02 3.444494980949417368e+03 1.767186548015215067e+03 9.256892146505856545e+02 1.738288416199076925e-01 3.020236774143102139e+03 2.296672931317189511e-26 1.958371499224657451e-26 8.515695802166649675e-27 2.709596959907334957e-01 1.831052881387809602e-26 1.000000000000000000e+00 0.000000000000000000e+00 0.000000000000000000e+00 0.000000000000000000e+00 1.000000000000000000e+00 1.000000000000000000e+10 0.000000000000000000e+00 0.000000000000000000e+00 0.000000000000000000e+00 1.000000000000000000e+10
1.019637260722580097e-01 2.695507159915299781e+03 1.400490164771440050e+03 7.554261378612582121e+02 1.799512408672660213e-01 2.377461962483295338e+03 1.712651642448735080e-26 1.400548075534497858e-26 6.485840663074698696e-27 2.791347467961513562e-01 1.359821463159828641e-26 1.000000000000000000e+00 0.000000000000000000e+00 0.000000000000000000e+00 0.000000000000000000e+00 1.000000000000000000e+00 1.000000000000000000e+10 0.000000000000000000e+00 0.000000000000000000e+00 0.000000000000000000e+00 1.000000000000000000e+10
1.175936573483598035e-01 2.071074047941889148e+03 1.119408844797705342e+03 5.980016974459429093e+02 1.809150571518255146e-01 1.840943246496498205e+03 1.240952080419321695e-26 1.076872287443167595e-26 4.872932954361446850e-27 2.848514422761371789e-01 9.920921272615187950e-27 1.000000000000000000e+00 0.000000000000000000e+00 0.000000000000000000e+00 0.000000000000000000e+00 1.000000000000000000e+00 1.000000000000000000e+10 0.000000000000000000e+00 0.000000000000000000e+00 0.000000000000000000e+00 1.000000000000000000e+10
1.356194872553388164e-01 1.577935147149614977e+03 8.037926684499716430e+02 4.899579272038290583e+02 1.810324610169130599e-01 1.433274639046787343e+03 8.846130817329279019e-27 7.268121666619415829e-27 3.754257115034962801e-27 2.959845826964244142e-01 7.159592157837732303e-27 1.000000000000000000e+00 0.000000000000000000e+00 0.000000000000000000e+00 0.000000000000000000e+00 1.000000000000000000e+00 1.000000000000000000e+10 0.000000000000000000e+00 0.000000000000000000e+00 0.000000000000000000e+00 1.000000000000000000e+10
1.564084810196403053e-01 1.189539268607327813e+03 6.308616356494319461e+02 3.357152094355762983e+02 1.793022051313709897e-01 1.069010314494202930e+03 6.172279766054615836e-27 4.930139667885677342e-27 2.592998555849979581e-27 3.091995742153053062e-01 4.851900113791531852e-27 1.000000000000000000e+00 0.000000000000000000e+00 0.000000000000000000e+00 0.000000000000000000e+00 1.000000000000000000e+00 1.000000000000000000e+10 0.000000000000000000e+00 0.000000000000000000e+00 0.000000000000000000e+00 1.000000000000000000e+10
1.803842016362447453e-01 8.887162474300637314e+02 4.033727508982665313e+02 2.993370547327266422e+02 1.776865191326380544e-01 8.265339776391690521e+02 4.305088572680768243e-27 2.950532716690291968e-27 2.190529144606000020e-27 3.219576479873756947e-01 3.669564283570001815e-27 1.000000000000000000e+00 0.000000000000000000e+00 0.000000000000000000e+00 0.000000000000000000e+00 1.000000000000000000e+00 1.000000000000000000e+10 0.000000000000000000e+00 0.000000000000000000e+00 0.000000000000000000e+00 1.000000000000000000e+10
2.080351397048574025e-01 6.620868846028001826e+02 2.744289023546955377e+02 2.280497615925157220e+02 1.759432757681808068e-01 6.202946850197647564e+02 3.029850793989291113e-27 2.086109377165501395e-27 1.468302840143601040e-27 3.381776282890708307e-01 2.483990260078209665e-27 1.000000000000000000e+00 0.000000000000000000e+00 0.000000000000000000e+00 0.000000000000000000e+00 1.000000000000000000e+00 1.000000000000000000e+10 0.000000000000000000e+00 0.000000000000000000e+00 0.000000000000000000e+00 1.000000000000000000e+10
2.399246661262133540e-01 5.070533012723644219e+02 2.285789033090061366e+02 1.763223804689889676e+02 1.812398585740026269e-01 4.637181202566163165e+02 2.231837871113201855e-27 1.724311142734611707e-27 8.733192008494781163e-28 3.632847426424176129e-01 1.545518983535701660e-27 1.000000000000000000e+00 0.000000000000000000e+00 0.000000000000000000e+00 0.000000000000000000e+00 1.000000000000000000e+00 1.000000000000000000e+10 0.000000000000000000e+00 0.000000000000000000e+00 0.000000000000000000e+00 1.000000000000000000e+10
2.767025104385807399e-01 3.839979436313223573e+02 1.833715383822849958e+02 1.330032666199758182e+02 1.913314241608491950e-01 3.482879078803399011e+02 1.659765740864911248e-27 1.222513306264669432e-27 6.277353238280064183e-28 3.941766993746165793e-01 1.055773997915569650e-27 1.000000000000000000e+00 0.000000000000000000e+00 0.000000000000000000e+00 0.000000000000000000e+00 1.000000000000000000e+00 1.000000000000000000e+10 0.000000000000000000e+00 0.000000000000000000e+00 0.000000000000000000e+00 1.000000000000000000e+10
3.191179986585286343e-01 2.848912782709940075e+02 1.559359529666855622e+02 9.134789210375305402e+01 1.949362590068982604e-01 2.495671686898302539e+02 1.286565596905537027e-27 1.062170944669898897e-27 4.035338985544302516e-28 4.289307697503572658e-01 6.539354320594749269e-28 1.000000000000000000e+00 0.000000000000000000e+00 0.000000000000000000e+00 0.000000000000000000e+00 1.000000000000000000e+00 1.000000000000000000e+10 0.000000000000000000e+00 0.000000000000000000e+00 0.000000000000000000e+00 1.000000000000000000e+10
3.680353203388414540e-01 2.181148743118394293e+02 1.257435314797890555e+02 5.976644945195920400e+01 2.056310519006742388e-01 1.773090310822533979e+02 1.077343747641167613e-27 9.034753527892274100e-28 2.936191873329745608e-28 4.705031436416724500e-01 4.607483277335373049e-28 1.000000000000000000e+00 0.000000000000000000e+00 0.000000000000000000e+00 0.000000000000000000e+00 1.000000000000000000e+00 1.000000000000000000e+10 0.000000000000000000e+00 0.000000000000000000e+00 0.000000000000000000e+00 1.000000000000000000e+10
4.244511359005219142e-01 1.700655670739710672e+02 9.774095900630766209e+01 5.155645763941832627e+01 2.151381618656344474e-01 1.410280440923663150e+02 9.670025262988258856e-28 6.912207249712712622e-28 1.971063203616583838e-28 5.092658885364238497e-01 3.130003048480115097e-28 1.000000000000000000e+00 0.000000000000000000e+00 0.000000000000000000e+00 0.000000000000000000e+00 1.000000000000000000e+00 1.000000000000000000e+10 0.000000000000000000e+00 0.000000000000000000e+00 0.000000000000000000e+00 1.000000000000000000e+10
4.895148829774688681e-01 1.323653559009770220e+02 7.586114277699248021e+01 4.110624037719874480e+01 2.254410544497219560e-01 1.086296524241538606e+02 8.674298971558678415e-28 5.945142459930952207e-28 1.338666612010667506e-28 5.471954288704194980e-01 2.132077429119278276e-28 1.000000000000000000e+00 0.000000000000000000e+00 0.000000000000000000e+00 0.000000000000000000e+00 1.000000000000000000e+00 1.000000000000000000e+10 0.000000000000000000e+00 0.000000000000000000e+00 0.000000000000000000e+00 1.000000000000000000e+10
5.645521955031491679e-01 1.075261729281491938e+02 6.816651274860431897e+01 3.494630800023555395e+01 2.441692570277997909e-01 8.646649348804562862e+01 8.260714296091839228e-28 5.950542759279767468e-28 1.069315391901129263e-28 6.014942132479136339e-01 1.560330324535226216e-28 1.000000000000000000e+00 0.000000000000000000e+00 0.000000000000000000e+00 0.000000000000000000e+00 1.000000000000000000e+00 1.000000000000000000e+10 0.000000000000000000e+00 0.000000000000000000e+00 0.000000000000000000e+00 1.000000000000000000e+10
6.510919126887823039e-01 9.701625200692839712e+01 8.146122090837502583e+01 2.612762785231934259e+01 2.895970551197631915e-01 6.448706078844071499e+01 8.825067641451735441e-28 6.186516444473215366e-28 7.613168546186250928e-29 6.870211704843404155e-01 1.084233870945844812e-28 1.000000000000000000e+00 0.000000000000000000e+00 0.000000000000000000e+00 0.000000000000000000e+00 1.000000000000000000e+00 1.000000000000000000e+10 0.000000000000000000e+00 0.000000000000000000e+00 0.000000000000000000e+00 1.000000000000000000e+10
7.508972281844089602e-01 8.316014059609813103e+01 7.786089789740022127e+01 2.027933560014623637e+01 3.138659838306572802e-01 5.171308190198239174e+01 8.300149930479347759e-28 5.947597753390382780e-28 4.960547777655198675e-29 7.488249827144093373e-01 7.234029789786036655e-29 1.000000000000000000e+00 0.000000000000000000e+00 0.000000000000000000e+00 0.000000000000000000e+00 1.000000000000000000e+00 1.000000000000000000e+10 0.000000000000000000e+00 0.000000000000000000e+00 0.000000000000000000e+00 1.000000000000000000e+10
8.660016140678794550e-01 6.859006076747280645e+01 5.739445452360348554e+01 1.839297566592185262e+01 3.061382162454556188e-01 4.545951407820210477e+01 8.819394382524920020e-28 4.109208251140271111e-28 4.270748025669370381e-29 7.754344835062118024e-01 6.055830357273058614e-29 1.000000000000000000e+00 0.000000000000000000e+00 0.000000000000000000e+00 0.000000000000000000e+00 1.000000000000000000e+00 1.000000000000000000e+10 0.000000000000000000e+00 0.000000000000000000e+00 0.000000000000000000e+00 1.000000000000000000e+10
9.987502515910116063e-01 5.869643933841869199e+01 5.045287477841881696e+01 1.623420898813226998e+01 2.984659484662084417e-01 3.899335136592763718e+01 1.173199725775820466e-27 4.107344020063218168e-28 3.929563898356464351e-29 7.973810561925305240e-01 5.265072224436225355e-29 1.000000000000000000e+00 0.000000000000000000e+00 0.000000000000000000e+00 0.000000000000000000e+00 1.000000000000000000e+00 1.000000000000000000e+10 0.000000000000000000e+00 0.000000000000000000e+00 0.000000000000000000e+00 1.000000000000000000e+10
1.151847812808953542e+00 5.459992873270005731e+01 4.234757410542737688e+01 1.500671674361054997e+01 3.096778506618121929e-01 3.542423333256363804e+01 1.708110148441312962e-27 4.133451047034783273e-28 4.089006953494341848e-29 8.318002413647866966e-01 5.098906291685113281e-29 1.000000000000000000e+00 0.000000000000000000e+00 0.000000000000000000e+00 0.000000000000000000e+00 1.000000000000000000e+00 1.000000000000000000e+10 0.000000000000000000e+00 0.000000000000000000e+00 0.000000000000000000e+00 1.000000000000000000e+10
1.328413566614123908e+00 5.182933898881333334e+01 4.186760541051793894e+01 1.362394385431837307e+01 3.093909985395950080e-01 3.234481621056778522e+01 2.222112061623835962e-27 4.930311774711627396e-28 3.275306098306275836e-29 8.350650533748573690e-01 4.327961111834108952e-29 1.000000000000000000e+00 0.000000000000000000e+00 0.000000000000000000e+00 0.000000000000000000e+00 1.000000000000000000e+00 1.000000000000000000e+10 0.000000000000000000e+00 0.000000000000000000e+00 0.000000000000000000e+00 1.000000000000000000e+10
1.532044931926391351e+00 4.750993431232362951e+01 4.130062269047503776e+01 1.275472800886263158e+01 3.061396078128714726e-01 3.005755296766405493e+01 1.888013025322672834e-27 3.951766923075278887e-28 3.327823779653356147e-29 8.175833945990124141e-01 4.368227582965969004e-29 1.000000000000000000e+00 0.000000000000000000e+00 0.000000000000000000e+00 0.000000000000000000e+00 1.000000000000000000e+00 1.000000000000000000e+10 0.000000000000000000e+00 0.000000000000000000e+00 0.000000000000000000e+00 1.000000000000000000e+10
1.766890772896739126e+00 3.950120628485833407e+01 2.485178004944534536e+01 1.219536432191566888e+01 2.749069082164425359e-01 2.832241892662153049e+01 1.110476180441925501e-27 2.798245514263565381e-28 4.361560533209713710e-29 7.607518521933542832e-01 5.433480689402416507e-29 1.000000000000000000e+00 0.000000000000000000e+00 0.000000000000000000e+00 0.000000000000000000e+00 1.000000000000000000e+00 1.000000000000000000e+10 0.000000000000000000e+00 0.000000000000000000e+00 0.000000000000000000e+00 1.000000000000000000e+10
2.037735929469222107e+00 3.267982946598747418e+01 2.343462872132388242e+01 9.190378562772327342e+00 2.465768308411345755e-01 2.520749069391258246e+01 4.387238601490445569e-28 2.095628907446054700e-28 3.014627698811384302e-29 6.988652610054074676e-01 4.303935424202492709e-29 1.000000000000000000e+00 0.000000000000000000e+00 0.000000000000000000e+00 0.000000000000000000e+00 1.000000000000000000e+00 1.000000000000000000e+10 0.000000000000000000e+00 0.000000000000000000e+00 0.000000000000000000e+00 1.000000000000000000e+10
2.350098705559579226e+00 3.026827026112695407e+01 2.603119538468521554e+01 7.155404535433902424e+00 2.378040142683681968e-01 2.276939582455650779e+01 2.872943358735905672e-28 1.793420980704046665e-28 3.487372428210178234e-29 6.806786360222154553e-01 4.743791183702210632e-29 1.000000000000000000e+00 0.000000000000000000e+00 0.000000000000000000e+00 0.000000000000000000e+00 1.000000000000000000e+00 1.000000000000000000e+10 0.000000000000000000e+00 0.000000000000000000e+00 0.000000000000000000e+00 1.000000000000000000e+10
