# R (Mpc), mean rho (Msol/kpc^3), errup (Msol/kpc^3), errlow, std, median rho (Msol/kpc^3), mean pth (Msol/kpc/s^2), errup(Msol/kpc/s^2), errlow, std, median pth (Msol/kpc/s^2), mean gas-mass-weighted metal (fraction), errup, errlow, std, median metal, mean gas-mass-weighted temp (K), errup, errlow, std, median temp  
#  nprofs 199, mean mh 210975462566.015076, median mh 197999215555.908661 
#  Mass range 11.00 - 11.5
1.040961082911032697e-02 2.230111334150984185e+05 1.532394697765686142e+05 7.750915866111039941e+04 2.549761656131321330e-01 1.878907774596481759e+05 9.603118333894188318e-26 1.017390850932722862e-25 1.580131786337001630e-26 4.626434058537707283e-01 3.465456514964914913e-26 1.000000000000000000e+00 0.000000000000000000e+00 0.000000000000000000e+00 0.000000000000000000e+00 1.000000000000000000e+00 1.000000000000000000e+10 0.000000000000000000e+00 0.000000000000000000e+00 0.000000000000000000e+00 1.000000000000000000e+10
1.200529105910367808e-02 1.811020045846874127e+05 1.391173876482076885e+05 7.024109964992369351e+04 2.753356229669415844e-01 1.526837628148200747e+05 1.000635235818332924e-25 1.446808712115565073e-25 2.541907762457945183e-26 4.760544409737751947e-01 4.344564187643495415e-26 1.000000000000000000e+00 0.000000000000000000e+00 0.000000000000000000e+00 0.000000000000000000e+00 1.000000000000000000e+00 1.000000000000000000e+10 0.000000000000000000e+00 0.000000000000000000e+00 0.000000000000000000e+00 1.000000000000000000e+10
1.384557172980430476e-02 1.358584384529158415e+05 9.308467025545676006e+04 5.272445647340379946e+04 2.816748504285248589e-01 1.190116681291623099e+05 8.632823016435346598e-26 1.098390809857123919e-25 3.079173155392150616e-26 4.281047852916852192e-01 4.919172034647486881e-26 1.000000000000000000e+00 0.000000000000000000e+00 0.000000000000000000e+00 0.000000000000000000e+00 1.000000000000000000e+00 1.000000000000000000e+10 0.000000000000000000e+00 0.000000000000000000e+00 0.000000000000000000e+00 1.000000000000000000e+10
1.596794743096121086e-02 1.010902500459959119e+05 7.020759240283613326e+04 4.873560681755581027e+04 2.805954746112095388e-01 9.104468549613637151e+04 7.437522842635199865e-26 7.708775246116911930e-26 2.868969632976389578e-26 3.873991357434503624e-01 4.823805162875240980e-26 1.000000000000000000e+00 0.000000000000000000e+00 0.000000000000000000e+00 0.000000000000000000e+00 1.000000000000000000e+00 1.000000000000000000e+10 0.000000000000000000e+00 0.000000000000000000e+00 0.000000000000000000e+00 1.000000000000000000e+10
1.841566026551830909e-02 7.106448226136644371e+04 5.950742678659480589e+04 2.902170147509608432e+04 2.820125572022377791e-01 5.845559655771720281e+04 6.117966120454469523e-26 6.253875749330423250e-26 2.689081714138596626e-26 3.586555002042934870e-01 4.587747027302028047e-26 1.000000000000000000e+00 0.000000000000000000e+00 0.000000000000000000e+00 0.000000000000000000e+00 1.000000000000000000e+00 1.000000000000000000e+10 0.000000000000000000e+00 0.000000000000000000e+00 0.000000000000000000e+00 1.000000000000000000e+10
2.123858088093512342e-02 4.843964159938623925e+04 3.853345869026044966e+04 2.160935495588016056e+04 2.904622047004414287e-01 4.173065176335429715e+04 5.240801187666249287e-26 4.148820336966483999e-26 1.836526731229982085e-26 3.307854435611290445e-01 3.811142281681446855e-26 1.000000000000000000e+00 0.000000000000000000e+00 0.000000000000000000e+00 0.000000000000000000e+00 1.000000000000000000e+00 1.000000000000000000e+10 0.000000000000000000e+00 0.000000000000000000e+00 0.000000000000000000e+00 1.000000000000000000e+10
2.449422455303571639e-02 3.087303113040852986e+04 2.155361481292956523e+04 1.167880518974645020e+04 2.640768265552265737e-01 2.519278466364909036e+04 4.123453083697415212e-26 2.878591296858349695e-26 1.500747957414270422e-26 2.748004396128456150e-01 3.285643244920881592e-26 1.000000000000000000e+00 0.000000000000000000e+00 0.000000000000000000e+00 0.000000000000000000e+00 1.000000000000000000e+00 1.000000000000000000e+10 0.000000000000000000e+00 0.000000000000000000e+00 0.000000000000000000e+00 1.000000000000000000e+10
2.824892302447100725e-02 2.077866592951794155e+04 1.708540020960271795e+04 7.653512142842340836e+03 2.583178590871575975e-01 1.718373215740467276e+04 3.497631299312720908e-26 2.359891377822483106e-26 1.209094604390174568e-26 2.634204931978996189e-01 2.808369185381159904e-26 1.000000000000000000e+00 0.000000000000000000e+00 0.000000000000000000e+00 0.000000000000000000e+00 1.000000000000000000e+00 1.000000000000000000e+10 0.000000000000000000e+00 0.000000000000000000e+00 0.000000000000000000e+00 1.000000000000000000e+10
3.257917597328415654e-02 1.368730312401942138e+04 8.556902492767067088e+03 4.385056648069281437e+03 2.408340772913253047e-01 1.139676209663020381e+04 2.801413176851040785e-26 1.905659188458359800e-26 9.839701927550206094e-27 2.429854822932172587e-01 2.342494734793466308e-26 1.000000000000000000e+00 0.000000000000000000e+00 0.000000000000000000e+00 0.000000000000000000e+00 1.000000000000000000e+00 1.000000000000000000e+10 0.000000000000000000e+00 0.000000000000000000e+00 0.000000000000000000e+00 1.000000000000000000e+10
3.757320964692217186e-02 9.287176779151468509e+03 4.876338747227551721e+03 3.483707311922678855e+03 2.252543989311266148e-01 8.230786665124536739e+03 2.292758015305252022e-26 1.511186342201571696e-26 8.346758835616420848e-27 2.471105901595034848e-01 1.914224417172089274e-26 1.000000000000000000e+00 0.000000000000000000e+00 0.000000000000000000e+00 0.000000000000000000e+00 1.000000000000000000e+00 1.000000000000000000e+10 0.000000000000000000e+00 0.000000000000000000e+00 0.000000000000000000e+00 1.000000000000000000e+10
4.333277441790538143e-02 6.481827617622830076e+03 3.279285698232067261e+03 2.361177103414984686e+03 2.012119056687595164e-01 5.857777342169453732e+03 1.906408580039947250e-26 1.270818839255489623e-26 6.157050897534239713e-27 2.281733403136296801e-01 1.605978707661692702e-26 1.000000000000000000e+00 0.000000000000000000e+00 0.000000000000000000e+00 0.000000000000000000e+00 1.000000000000000000e+00 1.000000000000000000e+10 0.000000000000000000e+00 0.000000000000000000e+00 0.000000000000000000e+00 1.000000000000000000e+10
4.997521788524898756e-02 4.685792445185705219e+03 2.048021241376174657e+03 1.428236656541135289e+03 1.879312806892093346e-01 4.258532351091601413e+03 1.521017173255949646e-26 9.103133037490091274e-27 4.558171800476625873e-27 2.185377014464830736e-01 1.272876768886875173e-26 1.000000000000000000e+00 0.000000000000000000e+00 0.000000000000000000e+00 0.000000000000000000e+00 1.000000000000000000e+00 1.000000000000000000e+10 0.000000000000000000e+00 0.000000000000000000e+00 0.000000000000000000e+00 1.000000000000000000e+10
5.763587575980636674e-02 3.605152413895359587e+03 1.935826789293143065e+03 1.183787474260873751e+03 1.772143540139992646e-01 3.354543565903358740e+03 1.212193244027512296e-26 8.068592673118548673e-27 3.578656040307398264e-27 2.167706800283344948e-01 1.019878482124949414e-26 1.000000000000000000e+00 0.000000000000000000e+00 0.000000000000000000e+00 0.000000000000000000e+00 1.000000000000000000e+00 1.000000000000000000e+10 0.000000000000000000e+00 0.000000000000000000e+00 0.000000000000000000e+00 1.000000000000000000e+10
6.647082924635627776e-02 2.791431546043922935e+03 1.317724411502743351e+03 8.098697993676764781e+02 1.731436079599645017e-01 2.488273322559444750e+03 9.604870312541251140e-27 6.375006587308730793e-27 2.784781217364748738e-27 2.260685700219470795e-01 7.660429575521213791e-27 1.000000000000000000e+00 0.000000000000000000e+00 0.000000000000000000e+00 0.000000000000000000e+00 1.000000000000000000e+00 1.000000000000000000e+10 0.000000000000000000e+00 0.000000000000000000e+00 0.000000000000000000e+00 1.000000000000000000e+10
7.666008510240249207e-02 2.165375593329821186e+03 9.316991363822610310e+02 4.995954001145523762e+02 1.610537771962802789e-01 1.940553617278836782e+03 7.399274533479887603e-27 4.613361859350267055e-27 2.205215148520353665e-27 2.228047375601904523e-01 6.024010313714065723e-27 1.000000000000000000e+00 0.000000000000000000e+00 0.000000000000000000e+00 0.000000000000000000e+00 1.000000000000000000e+00 1.000000000000000000e+10 0.000000000000000000e+00 0.000000000000000000e+00 0.000000000000000000e+00 1.000000000000000000e+10
8.841124316543315376e-02 1.710497557305750661e+03 6.717866192070903253e+02 3.842856232795957112e+02 1.589089354161827838e-01 1.532932395191660589e+03 5.575074371864044672e-27 3.262266880294194091e-27 1.789579469215731439e-27 2.278799096825438741e-01 4.710846833099391554e-27 1.000000000000000000e+00 0.000000000000000000e+00 0.000000000000000000e+00 0.000000000000000000e+00 1.000000000000000000e+00 1.000000000000000000e+10 0.000000000000000000e+00 0.000000000000000000e+00 0.000000000000000000e+00 1.000000000000000000e+10
1.019637260722580097e-01 1.304011113879167397e+03 5.683025954747790820e+02 3.170914345470956732e+02 1.495189740111751153e-01 1.196323863416918130e+03 4.203134944343783688e-27 2.932325333716882743e-27 1.343782674114066967e-27 2.395184595359739488e-01 3.462601640701467981e-27 1.000000000000000000e+00 0.000000000000000000e+00 0.000000000000000000e+00 0.000000000000000000e+00 1.000000000000000000e+00 1.000000000000000000e+10 0.000000000000000000e+00 0.000000000000000000e+00 0.000000000000000000e+00 1.000000000000000000e+10
1.175936573483598035e-01 1.015901485789512208e+03 4.093461913488602022e+02 2.499113153169392945e+02 1.529440770784477877e-01 9.281062969470390271e+02 3.094141141496093296e-27 1.969758641349876585e-27 9.496368083841660300e-28 2.526741766266798472e-01 2.448536459197631064e-27 1.000000000000000000e+00 0.000000000000000000e+00 0.000000000000000000e+00 0.000000000000000000e+00 1.000000000000000000e+00 1.000000000000000000e+10 0.000000000000000000e+00 0.000000000000000000e+00 0.000000000000000000e+00 1.000000000000000000e+10
1.356194872553388164e-01 7.838826723449813016e+02 3.201812099543470822e+02 1.825304768378119888e+02 1.548448621789377255e-01 7.134723898564064939e+02 2.270542107287305629e-27 1.640236392292087414e-27 7.484211743398435293e-28 2.689048285667903770e-01 1.802618249301262881e-27 1.000000000000000000e+00 0.000000000000000000e+00 0.000000000000000000e+00 0.000000000000000000e+00 1.000000000000000000e+00 1.000000000000000000e+10 0.000000000000000000e+00 0.000000000000000000e+00 0.000000000000000000e+00 1.000000000000000000e+10
1.564084810196403053e-01 5.881001163021250022e+02 2.277228928691594092e+02 1.534814586480788989e+02 1.488362932264713501e-01 5.603937122010038365e+02 1.665639506537444504e-27 1.340131706811574284e-27 5.379839823703367192e-28 2.895386145588790261e-01 1.258088665998528084e-27 1.000000000000000000e+00 0.000000000000000000e+00 0.000000000000000000e+00 0.000000000000000000e+00 1.000000000000000000e+00 1.000000000000000000e+10 0.000000000000000000e+00 0.000000000000000000e+00 0.000000000000000000e+00 1.000000000000000000e+10
1.803842016362447453e-01 4.542913345793112967e+02 2.178947215953357954e+02 1.085228842012613768e+02 1.539292540609310256e-01 4.092620373011969832e+02 1.257872304198942036e-27 1.056708526776111816e-27 4.280892770791198707e-28 3.171723684519653363e-01 8.793465858311584818e-28 1.000000000000000000e+00 0.000000000000000000e+00 0.000000000000000000e+00 0.000000000000000000e+00 1.000000000000000000e+00 1.000000000000000000e+10 0.000000000000000000e+00 0.000000000000000000e+00 0.000000000000000000e+00 1.000000000000000000e+10
2.080351397048574025e-01 3.464352223158955439e+02 1.687634033075092930e+02 8.747519164135496794e+01 1.718597800064467773e-01 3.033592629503808666e+02 9.723389212767325959e-28 7.726571390547421940e-28 2.819513571394878230e-28 3.625977237761071614e-01 5.677180656695196799e-28 1.000000000000000000e+00 0.000000000000000000e+00 0.000000000000000000e+00 0.000000000000000000e+00 1.000000000000000000e+00 1.000000000000000000e+10 0.000000000000000000e+00 0.000000000000000000e+00 0.000000000000000000e+00 1.000000000000000000e+10
2.399246661262133540e-01 2.706645502633393221e+02 1.407456076811772903e+02 7.368881033347580001e+01 1.844664442636482216e-01 2.388203892867939260e+02 7.773878862957489766e-28 6.050245099070906838e-28 2.160826099103158125e-28 4.044651154469343646e-01 4.001524821281067234e-28 1.000000000000000000e+00 0.000000000000000000e+00 0.000000000000000000e+00 0.000000000000000000e+00 1.000000000000000000e+00 1.000000000000000000e+10 0.000000000000000000e+00 0.000000000000000000e+00 0.000000000000000000e+00 1.000000000000000000e+10
2.767025104385807399e-01 2.083151046556778851e+02 9.418188874132744104e+01 5.773163166100417243e+01 1.926059870153461751e-01 1.774746044257951780e+02 6.270578327665376074e-28 4.986798197173484851e-28 1.660737319278766253e-28 4.400365079605005336e-01 2.855663161635836069e-28 1.000000000000000000e+00 0.000000000000000000e+00 0.000000000000000000e+00 0.000000000000000000e+00 1.000000000000000000e+00 1.000000000000000000e+10 0.000000000000000000e+00 0.000000000000000000e+00 0.000000000000000000e+00 1.000000000000000000e+10
3.191179986585286343e-01 1.698006009933477003e+02 9.970985069687566238e+01 4.310625635610330164e+01 2.135075099513937535e-01 1.365050874973910027e+02 5.654432323470570481e-28 4.520957275927929529e-28 1.134862309318697360e-28 4.882347356244436387e-01 2.004816318969652445e-28 1.000000000000000000e+00 0.000000000000000000e+00 0.000000000000000000e+00 0.000000000000000000e+00 1.000000000000000000e+00 1.000000000000000000e+10 0.000000000000000000e+00 0.000000000000000000e+00 0.000000000000000000e+00 1.000000000000000000e+10
3.680353203388414540e-01 1.405727877890140007e+02 7.991866362285254866e+01 3.724826746100001174e+01 2.359544932375764459e-01 1.086101664890153273e+02 5.553772422196182246e-28 4.104666410017692226e-28 9.113160119939292055e-29 5.427203493976253679e-01 1.503949475424964210e-28 1.000000000000000000e+00 0.000000000000000000e+00 0.000000000000000000e+00 0.000000000000000000e+00 1.000000000000000000e+00 1.000000000000000000e+10 0.000000000000000000e+00 0.000000000000000000e+00 0.000000000000000000e+00 1.000000000000000000e+10
4.244511359005219142e-01 1.213731297276823824e+02 6.553536654150720153e+01 2.980720245569233384e+01 2.601837060763176335e-01 8.622827842822287892e+01 5.666334767571718688e-28 3.140660706337398723e-28 6.822559430942830598e-29 5.957481768305440406e-01 1.121847511362030708e-28 1.000000000000000000e+00 0.000000000000000000e+00 0.000000000000000000e+00 0.000000000000000000e+00 1.000000000000000000e+00 1.000000000000000000e+10 0.000000000000000000e+00 0.000000000000000000e+00 0.000000000000000000e+00 1.000000000000000000e+10
4.895148829774688681e-01 1.009814189681301855e+02 6.376037222586725761e+01 2.239277253730423922e+01 2.776841137018196126e-01 6.644880503184745635e+01 5.737718245031493854e-28 2.946617414687277421e-28 5.341856188354937792e-29 6.569973290811905731e-01 8.192871475452901715e-29 1.000000000000000000e+00 0.000000000000000000e+00 0.000000000000000000e+00 0.000000000000000000e+00 1.000000000000000000e+00 1.000000000000000000e+10 0.000000000000000000e+00 0.000000000000000000e+00 0.000000000000000000e+00 1.000000000000000000e+10
5.645521955031491679e-01 8.831883823149918555e+01 6.029876231203533621e+01 2.213787785125792595e+01 3.031928242173749233e-01 5.641398958818275844e+01 5.284375331225973508e-28 3.307682925562577736e-28 4.298670527709850566e-29 7.102352810193750532e-01 6.287894532782279478e-29 1.000000000000000000e+00 0.000000000000000000e+00 0.000000000000000000e+00 0.000000000000000000e+00 1.000000000000000000e+00 1.000000000000000000e+10 0.000000000000000000e+00 0.000000000000000000e+00 0.000000000000000000e+00 1.000000000000000000e+10
6.510919126887823039e-01 7.109782865508159944e+01 5.325619513540112848e+01 1.700964627744183488e+01 3.040811878264881862e-01 4.533301740211504693e+01 4.570145206913771904e-28 3.290628575811406673e-28 3.456858411697676823e-29 7.491843742606616452e-01 4.994582511347931277e-29 1.000000000000000000e+00 0.000000000000000000e+00 0.000000000000000000e+00 0.000000000000000000e+00 1.000000000000000000e+00 1.000000000000000000e+10 0.000000000000000000e+00 0.000000000000000000e+00 0.000000000000000000e+00 1.000000000000000000e+10
7.508972281844089602e-01 6.301241255269620467e+01 5.447750258773294263e+01 1.505904526913641206e+01 3.135896316478094525e-01 3.917904037125087768e+01 4.623092842548967630e-28 4.497240322874656263e-28 3.376808157396687186e-29 7.966050256377874561e-01 4.567859393526621114e-29 1.000000000000000000e+00 0.000000000000000000e+00 0.000000000000000000e+00 0.000000000000000000e+00 1.000000000000000000e+00 1.000000000000000000e+10 0.000000000000000000e+00 0.000000000000000000e+00 0.000000000000000000e+00 1.000000000000000000e+10
8.660016140678794550e-01 5.702595559848333551e+01 6.191424592524924719e+01 1.392713123490802829e+01 3.285241996278641663e-01 3.513342988470010653e+01 4.197582712841757005e-28 5.264294623274040757e-28 3.370962273448392498e-29 8.441291652538482904e-01 4.358445661713933967e-29 1.000000000000000000e+00 0.000000000000000000e+00 0.000000000000000000e+00 0.000000000000000000e+00 1.000000000000000000e+00 1.000000000000000000e+10 0.000000000000000000e+00 0.000000000000000000e+00 0.000000000000000000e+00 1.000000000000000000e+10
9.987502515910116063e-01 5.002485367169781227e+01 4.908828053908192146e+01 1.351172358296658516e+01 3.242834079337464370e-01 3.112619701404821626e+01 3.890836304457510004e-28 4.612023554374597342e-28 3.137880736284077374e-29 8.740202215921637485e-01 3.860301678177917478e-29 1.000000000000000000e+00 0.000000000000000000e+00 0.000000000000000000e+00 0.000000000000000000e+00 1.000000000000000000e+00 1.000000000000000000e+10 0.000000000000000000e+00 0.000000000000000000e+00 0.000000000000000000e+00 1.000000000000000000e+10
1.151847812808953542e+00 4.506625632421673799e+01 4.890851535813736461e+01 1.403602479588275997e+01 3.171601802416529892e-01 3.076850213843154336e+01 3.707517157333404263e-28 3.901556321955324909e-28 2.677370027566460674e-29 8.621908598926125711e-01 3.366511842279429729e-29 1.000000000000000000e+00 0.000000000000000000e+00 0.000000000000000000e+00 0.000000000000000000e+00 1.000000000000000000e+00 1.000000000000000000e+10 0.000000000000000000e+00 0.000000000000000000e+00 0.000000000000000000e+00 1.000000000000000000e+10
1.328413566614123908e+00 4.068684647204164406e+01 2.834959067043012837e+01 1.590634110020662817e+01 2.995509181566359813e-01 3.176572343772431495e+01 4.100901363933063975e-28 3.198819417491185058e-28 3.648265585199603645e-29 8.353976603491438668e-01 4.357058996316572603e-29 1.000000000000000000e+00 0.000000000000000000e+00 0.000000000000000000e+00 0.000000000000000000e+00 1.000000000000000000e+00 1.000000000000000000e+10 0.000000000000000000e+00 0.000000000000000000e+00 0.000000000000000000e+00 1.000000000000000000e+10
1.532044931926391351e+00 4.013896568779399843e+01 3.290727037169752833e+01 1.422897425819066086e+01 3.089649261713183215e-01 2.893905640216457442e+01 6.538442498930415836e-28 3.542046710642968625e-28 3.199005375982956254e-29 8.665823067624486287e-01 3.848665479738248388e-29 1.000000000000000000e+00 0.000000000000000000e+00 0.000000000000000000e+00 0.000000000000000000e+00 1.000000000000000000e+00 1.000000000000000000e+10 0.000000000000000000e+00 0.000000000000000000e+00 0.000000000000000000e+00 1.000000000000000000e+10
1.766890772896739126e+00 3.876277459420141014e+01 3.037343734670554340e+01 1.264751155471679311e+01 3.035633765541583817e-01 2.683509475540732581e+01 1.083985508057238877e-27 3.650250112770635711e-28 4.268536469184090369e-29 8.651966693307968637e-01 4.951062576359347479e-29 1.000000000000000000e+00 0.000000000000000000e+00 0.000000000000000000e+00 0.000000000000000000e+00 1.000000000000000000e+00 1.000000000000000000e+10 0.000000000000000000e+00 0.000000000000000000e+00 0.000000000000000000e+00 1.000000000000000000e+10
2.037735929469222107e+00 3.861638467948333897e+01 2.706406716199039764e+01 1.318863763694653990e+01 3.067085606814745624e-01 2.675923009481851622e+01 1.513971875722830250e-27 2.721029265644142126e-28 5.142805916088993295e-29 8.709672332631651637e-01 5.781496608602658817e-29 1.000000000000000000e+00 0.000000000000000000e+00 0.000000000000000000e+00 0.000000000000000000e+00 1.000000000000000000e+00 1.000000000000000000e+10 0.000000000000000000e+00 0.000000000000000000e+00 0.000000000000000000e+00 1.000000000000000000e+10
2.350098705559579226e+00 3.341321216306971564e+01 2.208655992387218348e+01 1.248029699431882200e+01 2.895976772492704354e-01 2.560475664743260538e+01 9.353294767741804201e-28 2.539534494560874729e-28 5.016829317911897644e-29 8.798028954859334894e-01 5.672568779929259552e-29 1.000000000000000000e+00 0.000000000000000000e+00 0.000000000000000000e+00 0.000000000000000000e+00 1.000000000000000000e+00 1.000000000000000000e+10 0.000000000000000000e+00 0.000000000000000000e+00 0.000000000000000000e+00 1.000000000000000000e+10
