# R (Mpc), mean rho (Msol/kpc^3), errup (Msol/kpc^3), errlow, std, median rho (Msol/kpc^3), mean pth (Msol/kpc/s^2), errup(Msol/kpc/s^2), errlow, std, median pth (Msol/kpc/s^2), mean gas-mass-weighted metal (fraction), errup, errlow, std, median metal, mean gas-mass-weighted temp (K), errup, errlow, std, median temp  
#  nprofs 195, mean mh 211632919811.445557, median mh 201975970665.436157 
#  Mass range 11.00 - 11.5
1.040961082911032697e-02 2.759369640184444725e+05 1.613180830014751991e+05 1.002381302673368773e+05 2.428355609662782022e-01 2.366769517462856020e+05 1.007679197948396509e-25 1.137450520933714252e-25 1.874895776114855950e-26 4.535164999243573303e-01 3.951842288366116842e-26 1.000000000000000000e+00 0.000000000000000000e+00 0.000000000000000000e+00 0.000000000000000000e+00 1.000000000000000000e+00 1.000000000000000000e+10 0.000000000000000000e+00 0.000000000000000000e+00 0.000000000000000000e+00 1.000000000000000000e+10
1.200529105910367808e-02 2.194512379829411802e+05 1.354939077056598617e+05 9.467184330670349300e+04 2.684297358016904389e-01 1.994336298585349577e+05 9.396729689840313872e-26 1.123724872552089015e-25 1.998723340541193441e-26 4.493126799158302931e-01 3.991870064187488761e-26 1.000000000000000000e+00 0.000000000000000000e+00 0.000000000000000000e+00 0.000000000000000000e+00 1.000000000000000000e+00 1.000000000000000000e+10 0.000000000000000000e+00 0.000000000000000000e+00 0.000000000000000000e+00 1.000000000000000000e+10
1.384557172980430476e-02 1.684277337374815252e+05 9.467112066774853156e+04 8.390784270726738032e+04 2.487665908906307177e-01 1.633042431119786925e+05 7.305822451910930476e-26 7.901784546736767171e-26 1.848397743863094479e-26 3.811990118608761247e-01 3.981461200753713780e-26 1.000000000000000000e+00 0.000000000000000000e+00 0.000000000000000000e+00 0.000000000000000000e+00 1.000000000000000000e+00 1.000000000000000000e+10 0.000000000000000000e+00 0.000000000000000000e+00 0.000000000000000000e+00 1.000000000000000000e+10
1.596794743096121086e-02 1.298808886886828259e+05 7.473962740876986936e+04 6.794589155855146237e+04 2.652614317801557653e-01 1.263447401820703963e+05 7.161193312090305670e-26 6.602066839575771353e-26 3.088688272957954242e-26 3.601422283224354759e-01 5.208613273892782301e-26 1.000000000000000000e+00 0.000000000000000000e+00 0.000000000000000000e+00 0.000000000000000000e+00 1.000000000000000000e+00 1.000000000000000000e+10 0.000000000000000000e+00 0.000000000000000000e+00 0.000000000000000000e+00 1.000000000000000000e+10
1.841566026551830909e-02 9.234392113669752143e+04 5.897099094442999922e+04 4.431060491432064737e+04 2.616632370516023265e-01 8.611255017717130249e+04 5.994017673524740100e-26 5.242963919542534617e-26 1.741252858655589530e-26 3.569702761326340457e-01 3.691605195759488254e-26 1.000000000000000000e+00 0.000000000000000000e+00 0.000000000000000000e+00 0.000000000000000000e+00 1.000000000000000000e+00 1.000000000000000000e+10 0.000000000000000000e+00 0.000000000000000000e+00 0.000000000000000000e+00 1.000000000000000000e+10
2.123858088093512342e-02 6.311528551187268749e+04 4.096853228380628570e+04 3.151366784156832364e+04 2.678993499936392908e-01 5.761187563778970798e+04 5.255317299300396689e-26 4.983183889290457715e-26 1.621373996063743943e-26 3.281465151337413233e-01 3.577014156852320622e-26 1.000000000000000000e+00 0.000000000000000000e+00 0.000000000000000000e+00 0.000000000000000000e+00 1.000000000000000000e+00 1.000000000000000000e+10 0.000000000000000000e+00 0.000000000000000000e+00 0.000000000000000000e+00 1.000000000000000000e+10
2.449422455303571639e-02 4.071724113027742715e+04 2.854287702692928724e+04 1.820919033382300768e+04 2.711399442955528261e-01 3.567129222295722138e+04 4.188836653253050093e-26 3.921699992358864744e-26 1.522588366822546473e-26 3.133525596898198984e-01 2.997223843801980077e-26 1.000000000000000000e+00 0.000000000000000000e+00 0.000000000000000000e+00 0.000000000000000000e+00 1.000000000000000000e+00 1.000000000000000000e+10 0.000000000000000000e+00 0.000000000000000000e+00 0.000000000000000000e+00 1.000000000000000000e+10
2.824892302447100725e-02 2.591718871171882347e+04 2.052321654796880466e+04 1.004641954281395192e+04 2.639417765701281282e-01 2.173564707322104368e+04 3.481935101659721598e-26 2.898494983838168738e-26 1.252225856980900876e-26 2.940884313791382043e-01 2.623806234338666538e-26 1.000000000000000000e+00 0.000000000000000000e+00 0.000000000000000000e+00 0.000000000000000000e+00 1.000000000000000000e+00 1.000000000000000000e+10 0.000000000000000000e+00 0.000000000000000000e+00 0.000000000000000000e+00 1.000000000000000000e+10
3.257917597328415654e-02 1.568576928680106903e+04 1.056296416672779014e+04 4.778414261206158699e+03 2.428935786312784728e-01 1.274023484456507140e+04 2.900849637943983743e-26 2.216898848448668086e-26 8.859003430506403644e-27 2.743840386917553165e-01 2.196406523269819706e-26 1.000000000000000000e+00 0.000000000000000000e+00 0.000000000000000000e+00 0.000000000000000000e+00 1.000000000000000000e+00 1.000000000000000000e+10 0.000000000000000000e+00 0.000000000000000000e+00 0.000000000000000000e+00 1.000000000000000000e+10
3.757320964692217186e-02 9.629495578296076928e+03 5.746811764591195242e+03 3.410545196474493423e+03 2.105482850474269252e-01 8.447868450320465854e+03 2.218319370608233340e-26 1.652308466701153925e-26 8.024102362538302187e-27 2.607733503512909001e-01 1.809252305882067038e-26 1.000000000000000000e+00 0.000000000000000000e+00 0.000000000000000000e+00 0.000000000000000000e+00 1.000000000000000000e+00 1.000000000000000000e+10 0.000000000000000000e+00 0.000000000000000000e+00 0.000000000000000000e+00 1.000000000000000000e+10
4.333277441790538143e-02 6.444963494284173976e+03 3.360901502939756938e+03 2.079780777567631958e+03 1.956308207978821601e-01 5.782675927829494867e+03 1.804831694188056833e-26 1.147168927527693679e-26 6.910958170898452039e-27 2.389577241766367433e-01 1.593461250480867334e-26 1.000000000000000000e+00 0.000000000000000000e+00 0.000000000000000000e+00 0.000000000000000000e+00 1.000000000000000000e+00 1.000000000000000000e+10 0.000000000000000000e+00 0.000000000000000000e+00 0.000000000000000000e+00 1.000000000000000000e+10
4.997521788524898756e-02 4.561636804774489065e+03 2.298737908510023772e+03 1.370538906816893814e+03 1.786848885407704979e-01 4.138508649443246213e+03 1.461926485071557275e-26 8.468605524190834887e-27 5.593402226425092189e-27 2.293785921172218356e-01 1.260248775172339388e-26 1.000000000000000000e+00 0.000000000000000000e+00 0.000000000000000000e+00 0.000000000000000000e+00 1.000000000000000000e+00 1.000000000000000000e+10 0.000000000000000000e+00 0.000000000000000000e+00 0.000000000000000000e+00 1.000000000000000000e+10
5.763587575980636674e-02 3.550894498552441291e+03 2.182046484760768180e+03 7.354461916392542662e+02 1.733898892183571849e-01 3.058240359782087580e+03 1.165071441605383170e-26 6.256536426201748713e-27 3.999684221119714844e-27 2.232755547665953022e-01 1.013174172146412196e-26 1.000000000000000000e+00 0.000000000000000000e+00 0.000000000000000000e+00 0.000000000000000000e+00 1.000000000000000000e+00 1.000000000000000000e+10 0.000000000000000000e+00 0.000000000000000000e+00 0.000000000000000000e+00 1.000000000000000000e+10
6.647082924635627776e-02 2.745634770611720342e+03 1.248941321537366548e+03 7.357012686128771293e+02 1.700517751110519893e-01 2.478898980200603091e+03 9.240859346044000757e-27 5.307246647786241395e-27 3.741670170658882716e-27 2.308236357680283068e-01 8.077618423952619197e-27 1.000000000000000000e+00 0.000000000000000000e+00 0.000000000000000000e+00 0.000000000000000000e+00 1.000000000000000000e+00 1.000000000000000000e+10 0.000000000000000000e+00 0.000000000000000000e+00 0.000000000000000000e+00 1.000000000000000000e+10
7.666008510240249207e-02 2.082755612057773305e+03 7.995285745062478782e+02 6.126265434022213867e+02 1.516688121459768834e-01 1.983292688661580996e+03 6.983830361584040641e-27 3.779925108737835294e-27 2.483233098905126330e-27 2.243050729004501254e-01 6.081611998624774383e-27 1.000000000000000000e+00 0.000000000000000000e+00 0.000000000000000000e+00 0.000000000000000000e+00 1.000000000000000000e+00 1.000000000000000000e+10 0.000000000000000000e+00 0.000000000000000000e+00 0.000000000000000000e+00 1.000000000000000000e+10
8.841124316543315376e-02 1.646091607562918625e+03 6.939035607060723123e+02 4.516453682317219318e+02 1.597919878781179914e-01 1.517279211531249075e+03 5.428147037640930925e-27 3.453603940526088147e-27 2.163276875032305063e-27 2.414754533134285397e-01 4.651404472952865902e-27 1.000000000000000000e+00 0.000000000000000000e+00 0.000000000000000000e+00 0.000000000000000000e+00 1.000000000000000000e+00 1.000000000000000000e+10 0.000000000000000000e+00 0.000000000000000000e+00 0.000000000000000000e+00 1.000000000000000000e+10
1.019637260722580097e-01 1.252251317123222407e+03 5.147772578232118121e+02 3.378533603479086196e+02 1.495348872653060879e-01 1.174452688327916348e+03 4.030318039107652064e-27 2.345985259477193814e-27 1.524822622598469000e-27 2.465427992960015358e-01 3.385229604775224912e-27 1.000000000000000000e+00 0.000000000000000000e+00 0.000000000000000000e+00 0.000000000000000000e+00 1.000000000000000000e+00 1.000000000000000000e+10 0.000000000000000000e+00 0.000000000000000000e+00 0.000000000000000000e+00 1.000000000000000000e+10
1.175936573483598035e-01 9.809492492601548292e+02 3.467093358020869118e+02 2.989037631841166558e+02 1.539665009987479793e-01 9.334783634303377085e+02 3.010581415893591514e-27 2.176386471560778692e-27 1.010667412204037707e-27 2.636927570468792226e-01 2.312663730072881267e-27 1.000000000000000000e+00 0.000000000000000000e+00 0.000000000000000000e+00 0.000000000000000000e+00 1.000000000000000000e+00 1.000000000000000000e+10 0.000000000000000000e+00 0.000000000000000000e+00 0.000000000000000000e+00 1.000000000000000000e+10
1.356194872553388164e-01 7.524568443426020394e+02 2.755169622166755516e+02 1.733553828006705544e+02 1.479798622000538522e-01 7.021869273421397111e+02 2.240756583939530230e-27 1.352054136148062579e-27 8.430287356949619296e-28 2.803342858730049070e-01 1.789720804535637057e-27 1.000000000000000000e+00 0.000000000000000000e+00 0.000000000000000000e+00 0.000000000000000000e+00 1.000000000000000000e+00 1.000000000000000000e+10 0.000000000000000000e+00 0.000000000000000000e+00 0.000000000000000000e+00 1.000000000000000000e+10
1.564084810196403053e-01 5.629869533654978113e+02 2.096429583771385978e+02 1.285600962923450652e+02 1.502930168053080440e-01 5.117582468751439819e+02 1.642428495974608885e-27 1.014087127373371010e-27 5.626763511814905454e-28 3.028868674767398739e-01 1.210064676267142904e-27 1.000000000000000000e+00 0.000000000000000000e+00 0.000000000000000000e+00 0.000000000000000000e+00 1.000000000000000000e+00 1.000000000000000000e+10 0.000000000000000000e+00 0.000000000000000000e+00 0.000000000000000000e+00 1.000000000000000000e+10
1.803842016362447453e-01 4.257280196785347925e+02 1.693819317351452582e+02 1.266963480100606034e+02 1.588068917984291339e-01 3.985605480924901940e+02 1.268197787032571471e-27 9.026141718860272156e-28 3.706678347447299985e-28 3.431987249924548511e-01 7.974513579340967750e-28 1.000000000000000000e+00 0.000000000000000000e+00 0.000000000000000000e+00 0.000000000000000000e+00 1.000000000000000000e+00 1.000000000000000000e+10 0.000000000000000000e+00 0.000000000000000000e+00 0.000000000000000000e+00 1.000000000000000000e+10
2.080351397048574025e-01 3.373725452876099098e+02 1.514991287665354776e+02 8.983529569324332442e+01 1.748059243458632839e-01 2.997588227697548859e+02 1.037055356890503065e-27 7.340046851851980937e-28 2.982115635994441195e-28 3.893762168025705628e-01 5.720019838236108127e-28 1.000000000000000000e+00 0.000000000000000000e+00 0.000000000000000000e+00 0.000000000000000000e+00 1.000000000000000000e+00 1.000000000000000000e+10 0.000000000000000000e+00 0.000000000000000000e+00 0.000000000000000000e+00 1.000000000000000000e+10
2.399246661262133540e-01 2.586230267310453996e+02 1.185962868324027113e+02 7.702386695090700641e+01 1.889024485834199796e-01 2.286106107841332005e+02 8.426949090380666023e-28 7.159831035218723096e-28 2.066793555674217049e-28 4.365259324635854532e-01 3.784669012004217467e-28 1.000000000000000000e+00 0.000000000000000000e+00 0.000000000000000000e+00 0.000000000000000000e+00 1.000000000000000000e+00 1.000000000000000000e+10 0.000000000000000000e+00 0.000000000000000000e+00 0.000000000000000000e+00 1.000000000000000000e+10
2.767025104385807399e-01 2.022804004292593731e+02 9.691414758517097994e+01 5.123426317462383395e+01 1.984418572455140528e-01 1.676861060528384257e+02 7.233283538028431419e-28 6.643580462632164570e-28 1.545037227839979847e-28 4.795578991178930939e-01 2.720803370722940035e-28 1.000000000000000000e+00 0.000000000000000000e+00 0.000000000000000000e+00 0.000000000000000000e+00 1.000000000000000000e+00 1.000000000000000000e+10 0.000000000000000000e+00 0.000000000000000000e+00 0.000000000000000000e+00 1.000000000000000000e+10
3.191179986585286343e-01 1.642697172881643155e+02 1.080505178829247086e+02 4.155247760617953645e+01 2.165213907852895081e-01 1.305245823500069093e+02 6.432093085762340746e-28 6.282149676982046562e-28 1.080919715380782137e-28 5.285591755429457361e-01 1.893625383564397629e-28 1.000000000000000000e+00 0.000000000000000000e+00 0.000000000000000000e+00 0.000000000000000000e+00 1.000000000000000000e+00 1.000000000000000000e+10 0.000000000000000000e+00 0.000000000000000000e+00 0.000000000000000000e+00 1.000000000000000000e+10
3.680353203388414540e-01 1.370238026775224114e+02 9.104541465536425449e+01 3.136632891594965145e+01 2.385969330094110108e-01 1.016766337221696119e+02 5.982239650284474104e-28 5.730447370293799274e-28 9.279406911088042734e-29 5.766687344368770507e-01 1.517603474171189195e-28 1.000000000000000000e+00 0.000000000000000000e+00 0.000000000000000000e+00 0.000000000000000000e+00 1.000000000000000000e+00 1.000000000000000000e+10 0.000000000000000000e+00 0.000000000000000000e+00 0.000000000000000000e+00 1.000000000000000000e+10
4.244511359005219142e-01 1.196928508240945206e+02 8.744050279770351608e+01 2.684370754199581199e+01 2.688830626300759419e-01 8.218504879516109440e+01 6.128993538201928843e-28 5.832076610925287753e-28 6.723511387942208633e-29 6.360354381426343018e-01 1.088005062105077298e-28 1.000000000000000000e+00 0.000000000000000000e+00 0.000000000000000000e+00 0.000000000000000000e+00 1.000000000000000000e+00 1.000000000000000000e+10 0.000000000000000000e+00 0.000000000000000000e+00 0.000000000000000000e+00 1.000000000000000000e+10
4.895148829774688681e-01 9.723037518606410856e+01 7.996326892730903069e+01 2.398229756611847563e+01 2.793337611776067764e-01 6.571218147348554339e+01 5.471924914673688117e-28 5.382149373506489179e-28 6.014312951457133023e-29 6.850847515813078825e-01 8.858446211223603903e-29 1.000000000000000000e+00 0.000000000000000000e+00 0.000000000000000000e+00 0.000000000000000000e+00 1.000000000000000000e+00 1.000000000000000000e+10 0.000000000000000000e+00 0.000000000000000000e+00 0.000000000000000000e+00 1.000000000000000000e+10
5.645521955031491679e-01 8.449201857028276663e+01 5.627767394741239571e+01 2.349974850989576680e+01 2.988427180062865895e-01 5.719121177867721428e+01 5.203872040807034069e-28 6.098656310419475330e-28 5.480725010717069020e-29 7.375232408120399041e-01 7.400560435568287074e-29 1.000000000000000000e+00 0.000000000000000000e+00 0.000000000000000000e+00 0.000000000000000000e+00 1.000000000000000000e+00 1.000000000000000000e+10 0.000000000000000000e+00 0.000000000000000000e+00 0.000000000000000000e+00 1.000000000000000000e+10
6.510919126887823039e-01 6.816337810796757424e+01 5.384511652883108468e+01 1.860229308003191306e+01 2.980817100851779755e-01 4.576342996730478774e+01 4.623869156686226178e-28 4.961331906670757634e-28 4.720543481211079433e-29 7.808219341090043564e-01 6.274407417151751461e-29 1.000000000000000000e+00 0.000000000000000000e+00 0.000000000000000000e+00 0.000000000000000000e+00 1.000000000000000000e+00 1.000000000000000000e+10 0.000000000000000000e+00 0.000000000000000000e+00 0.000000000000000000e+00 1.000000000000000000e+10
7.508972281844089602e-01 6.032670588969946834e+01 5.371261568191604141e+01 1.638429127074411085e+01 3.061330087662763044e-01 4.014339828095611296e+01 4.239126264482251204e-28 6.191208319825045050e-28 4.486261632806212078e-29 8.188065181108533652e-01 5.674654964024634104e-29 1.000000000000000000e+00 0.000000000000000000e+00 0.000000000000000000e+00 0.000000000000000000e+00 1.000000000000000000e+00 1.000000000000000000e+10 0.000000000000000000e+00 0.000000000000000000e+00 0.000000000000000000e+00 1.000000000000000000e+10
8.660016140678794550e-01 5.708115953786069952e+01 7.051311446917873127e+01 1.480344382523288260e+01 3.324198898957089754e-01 3.512046559096353349e+01 4.243245699341425911e-28 6.666456989634391125e-28 4.321225681172651307e-29 8.748144062523788289e-01 5.272371127363978183e-29 1.000000000000000000e+00 0.000000000000000000e+00 0.000000000000000000e+00 0.000000000000000000e+00 1.000000000000000000e+00 1.000000000000000000e+10 0.000000000000000000e+00 0.000000000000000000e+00 0.000000000000000000e+00 1.000000000000000000e+10
9.987502515910116063e-01 5.039520779691197561e+01 5.950383374281169324e+01 1.457270549468613297e+01 3.288163496016945908e-01 3.161238784491230902e+01 4.231839721959392073e-28 5.526016283059344602e-28 4.278769159005565401e-29 9.010775320047310633e-01 5.023434191604412414e-29 1.000000000000000000e+00 0.000000000000000000e+00 0.000000000000000000e+00 0.000000000000000000e+00 1.000000000000000000e+00 1.000000000000000000e+10 0.000000000000000000e+00 0.000000000000000000e+00 0.000000000000000000e+00 1.000000000000000000e+10
1.151847812808953542e+00 4.511938300559380366e+01 5.205722284030620983e+01 1.365867316226244554e+01 3.217959472917902852e-01 3.004544248235471926e+01 4.387081238939891374e-28 6.119165919840101164e-28 3.509336380807439909e-29 9.052204900280701461e-01 4.183191280875777504e-29 1.000000000000000000e+00 0.000000000000000000e+00 0.000000000000000000e+00 0.000000000000000000e+00 1.000000000000000000e+00 1.000000000000000000e+10 0.000000000000000000e+00 0.000000000000000000e+00 0.000000000000000000e+00 1.000000000000000000e+10
1.328413566614123908e+00 4.124169304140843195e+01 3.401491352386051403e+01 1.496291376169758003e+01 3.084992869843555252e-01 3.066400543761181652e+01 4.786550003751694621e-28 4.701519182542157537e-28 3.880678298097874388e-29 8.812835133867669146e-01 4.573551616964895007e-29 1.000000000000000000e+00 0.000000000000000000e+00 0.000000000000000000e+00 0.000000000000000000e+00 1.000000000000000000e+00 1.000000000000000000e+10 0.000000000000000000e+00 0.000000000000000000e+00 0.000000000000000000e+00 1.000000000000000000e+10
1.532044931926391351e+00 3.915722927061824521e+01 3.456467795590424430e+01 1.401491431509182384e+01 3.075056792193041066e-01 2.855600777460250228e+01 6.986482248205159321e-28 4.407076021572174885e-28 3.925077278634707585e-29 8.843323284555488772e-01 4.610622132518481556e-29 1.000000000000000000e+00 0.000000000000000000e+00 0.000000000000000000e+00 0.000000000000000000e+00 1.000000000000000000e+00 1.000000000000000000e+10 0.000000000000000000e+00 0.000000000000000000e+00 0.000000000000000000e+00 1.000000000000000000e+10
1.766890772896739126e+00 3.782671266224902240e+01 2.697755718365070621e+01 1.227888375330298665e+01 3.027942985628913619e-01 2.658911471321037467e+01 1.158850500390510901e-27 3.613910973127443614e-28 4.646408661449125604e-29 8.836868283786168954e-01 5.340441617590457082e-29 1.000000000000000000e+00 0.000000000000000000e+00 0.000000000000000000e+00 0.000000000000000000e+00 1.000000000000000000e+00 1.000000000000000000e+10 0.000000000000000000e+00 0.000000000000000000e+00 0.000000000000000000e+00 1.000000000000000000e+10
2.037735929469222107e+00 3.768679411227043374e+01 2.567559047892332558e+01 1.253972015434466769e+01 3.090929912616901531e-01 2.568326340310787259e+01 1.600436939870919874e-27 2.676435319373085439e-28 6.974727425183147157e-29 8.883839863494280564e-01 7.705242791568153760e-29 1.000000000000000000e+00 0.000000000000000000e+00 0.000000000000000000e+00 0.000000000000000000e+00 1.000000000000000000e+00 1.000000000000000000e+10 0.000000000000000000e+00 0.000000000000000000e+00 0.000000000000000000e+00 1.000000000000000000e+10
2.350098705559579226e+00 3.308940532626463238e+01 1.889047159340267967e+01 1.135684592815215588e+01 2.888686479392521544e-01 2.447188402086585057e+01 1.197833268494797765e-27 2.147695795785725784e-28 6.369630721448524195e-29 8.591043724750508925e-01 7.219489814984840787e-29 1.000000000000000000e+00 0.000000000000000000e+00 0.000000000000000000e+00 0.000000000000000000e+00 1.000000000000000000e+00 1.000000000000000000e+10 0.000000000000000000e+00 0.000000000000000000e+00 0.000000000000000000e+00 1.000000000000000000e+10
