# R (Mpc), mean rho (Msol/kpc^3), errup (Msol/kpc^3), errlow, std, median rho (Msol/kpc^3), mean pth (Msol/kpc/s^2), errup(Msol/kpc/s^2), errlow, std, median pth (Msol/kpc/s^2), mean gas-mass-weighted metal (fraction), errup, errlow, std, median metal, mean gas-mass-weighted temp (K), errup, errlow, std, median temp  
#  nprofs 173, mean mh 541068569404.683716, median mh 498753847370.309692 
#  Mass range 11.50 - 12.0
1.040961082911032697e-02 2.313330655609706009e+05 1.518478918110753002e+05 6.719961305337192607e+04 2.461158061913022999e-01 1.857728526607586828e+05 2.056606191144832765e-25 1.866048316488885814e-25 4.064480788871244483e-26 5.504562217784609857e-01 6.126646998695704990e-26 1.000000000000000000e+00 0.000000000000000000e+00 0.000000000000000000e+00 0.000000000000000000e+00 1.000000000000000000e+00 1.000000000000000000e+10 0.000000000000000000e+00 0.000000000000000000e+00 0.000000000000000000e+00 1.000000000000000000e+10
1.200529105910367808e-02 1.678803750508014928e+05 8.869580820612420212e+04 6.218571389296742564e+04 2.432979928829917815e-01 1.480909637149070040e+05 1.680067226318208124e-25 1.686448037556693417e-25 4.413937887091085323e-26 5.156080854430832305e-01 6.617205004095360755e-26 1.000000000000000000e+00 0.000000000000000000e+00 0.000000000000000000e+00 0.000000000000000000e+00 1.000000000000000000e+00 1.000000000000000000e+10 0.000000000000000000e+00 0.000000000000000000e+00 0.000000000000000000e+00 1.000000000000000000e+10
1.384557172980430476e-02 1.288089071407277806e+05 8.592627800457910053e+04 5.106797674386307335e+04 2.640966293156688516e-01 1.108696227382791985e+05 1.788945487035766675e-25 2.306627609348626888e-25 5.306962317005122556e-26 5.432302402156640175e-01 7.702582902153037947e-26 1.000000000000000000e+00 0.000000000000000000e+00 0.000000000000000000e+00 0.000000000000000000e+00 1.000000000000000000e+00 1.000000000000000000e+10 0.000000000000000000e+00 0.000000000000000000e+00 0.000000000000000000e+00 1.000000000000000000e+10
1.596794743096121086e-02 9.611915434065336012e+04 7.547757612540607806e+04 3.899750326629031042e+04 2.771518740347959087e-01 8.105422078907082323e+04 1.450174353743766066e-25 1.829889916151177074e-25 5.343692313477706755e-26 4.641989031800914378e-01 7.939216097748513319e-26 1.000000000000000000e+00 0.000000000000000000e+00 0.000000000000000000e+00 0.000000000000000000e+00 1.000000000000000000e+00 1.000000000000000000e+10 0.000000000000000000e+00 0.000000000000000000e+00 0.000000000000000000e+00 1.000000000000000000e+10
1.841566026551830909e-02 7.037890309730324952e+04 6.069231587194003805e+04 2.463325552205965505e+04 2.713828786885202349e-01 5.658946672772444435e+04 1.503531745103268848e-25 1.764986015248929300e-25 5.870140086374701631e-26 4.530464831148521831e-01 8.725090384313109586e-26 1.000000000000000000e+00 0.000000000000000000e+00 0.000000000000000000e+00 0.000000000000000000e+00 1.000000000000000000e+00 1.000000000000000000e+10 0.000000000000000000e+00 0.000000000000000000e+00 0.000000000000000000e+00 1.000000000000000000e+10
2.123858088093512342e-02 5.211753817557924776e+04 5.021042287430528086e+04 1.825827716059191880e+04 2.914731602967206570e-01 3.923013668418856105e+04 1.325470538632692094e-25 1.343726982340407619e-25 6.255716480522241715e-26 4.011586782896847114e-01 9.804419599094839220e-26 1.000000000000000000e+00 0.000000000000000000e+00 0.000000000000000000e+00 0.000000000000000000e+00 1.000000000000000000e+00 1.000000000000000000e+10 0.000000000000000000e+00 0.000000000000000000e+00 0.000000000000000000e+00 1.000000000000000000e+10
2.449422455303571639e-02 3.697827210349094094e+04 3.390614656204933999e+04 1.339939859034401161e+04 3.223821405484990077e-01 2.789806484266424741e+04 1.098886125017242897e-25 1.233066523156132023e-25 4.152889280685021172e-26 3.799853320671849888e-01 7.316235149935371712e-26 1.000000000000000000e+00 0.000000000000000000e+00 0.000000000000000000e+00 0.000000000000000000e+00 1.000000000000000000e+00 1.000000000000000000e+10 0.000000000000000000e+00 0.000000000000000000e+00 0.000000000000000000e+00 1.000000000000000000e+10
2.824892302447100725e-02 2.575153304912116437e+04 2.542744019440876582e+04 9.015066394468833096e+03 3.169630850221931140e-01 1.876685182014436577e+04 9.179164687238303381e-26 9.167939480577624021e-26 3.426721465312203236e-26 3.427908100421107607e-01 6.620406410644693684e-26 1.000000000000000000e+00 0.000000000000000000e+00 0.000000000000000000e+00 0.000000000000000000e+00 1.000000000000000000e+00 1.000000000000000000e+10 0.000000000000000000e+00 0.000000000000000000e+00 0.000000000000000000e+00 1.000000000000000000e+10
3.257917597328415654e-02 1.842040395787256057e+04 1.637419123680421217e+04 8.083519359484250344e+03 3.083483829580558333e-01 1.471540717009391847e+04 7.850091466832451228e-26 7.444100800903745111e-26 3.118100611499296628e-26 3.213141260035705660e-01 5.749621055533576776e-26 1.000000000000000000e+00 0.000000000000000000e+00 0.000000000000000000e+00 0.000000000000000000e+00 1.000000000000000000e+00 1.000000000000000000e+10 0.000000000000000000e+00 0.000000000000000000e+00 0.000000000000000000e+00 1.000000000000000000e+10
3.757320964692217186e-02 1.310148373595592238e+04 9.924860910373097795e+03 5.474623675968387033e+03 2.841033944633060138e-01 1.084587440216683353e+04 6.576340375829818600e-26 4.890746781185069051e-26 3.061419043786900856e-26 3.036810927094437118e-01 5.540208166000394465e-26 1.000000000000000000e+00 0.000000000000000000e+00 0.000000000000000000e+00 0.000000000000000000e+00 1.000000000000000000e+00 1.000000000000000000e+10 0.000000000000000000e+00 0.000000000000000000e+00 0.000000000000000000e+00 1.000000000000000000e+10
4.333277441790538143e-02 9.656477612699263773e+03 6.862089183901665820e+03 3.367750026602028811e+03 2.527336384751444620e-01 7.848983300111256540e+03 5.753521047183409435e-26 4.927310284247677055e-26 2.112567660850096921e-26 2.819594460910143097e-01 4.608441593898364896e-26 1.000000000000000000e+00 0.000000000000000000e+00 0.000000000000000000e+00 0.000000000000000000e+00 1.000000000000000000e+00 1.000000000000000000e+10 0.000000000000000000e+00 0.000000000000000000e+00 0.000000000000000000e+00 1.000000000000000000e+10
4.997521788524898756e-02 7.283312085474984997e+03 5.000180633232308537e+03 2.513966806051442290e+03 2.317215237852892629e-01 6.055109059996813812e+03 4.878909525540629053e-26 4.560228072556303240e-26 1.547590139522137491e-26 2.888100261478598885e-01 3.513974291482627823e-26 1.000000000000000000e+00 0.000000000000000000e+00 0.000000000000000000e+00 0.000000000000000000e+00 1.000000000000000000e+00 1.000000000000000000e+10 0.000000000000000000e+00 0.000000000000000000e+00 0.000000000000000000e+00 1.000000000000000000e+10
5.763587575980636674e-02 5.514996537561376499e+03 3.163565541888521693e+03 1.888890618800814991e+03 2.157410101904320143e-01 4.842797438273892112e+03 4.063409122296092497e-26 3.880328600070991899e-26 1.570302911392138858e-26 2.916041310189405045e-01 3.131090911830187438e-26 1.000000000000000000e+00 0.000000000000000000e+00 0.000000000000000000e+00 0.000000000000000000e+00 1.000000000000000000e+00 1.000000000000000000e+10 0.000000000000000000e+00 0.000000000000000000e+00 0.000000000000000000e+00 1.000000000000000000e+10
6.647082924635627776e-02 4.389227748295301353e+03 2.137205306448749070e+03 1.620404744999184004e+03 2.009258167023761366e-01 3.978564339090255089e+03 3.360326129266656213e-26 3.165483731503553116e-26 1.312653227286304167e-26 2.926543231903185327e-01 2.580166864252650027e-26 1.000000000000000000e+00 0.000000000000000000e+00 0.000000000000000000e+00 0.000000000000000000e+00 1.000000000000000000e+00 1.000000000000000000e+10 0.000000000000000000e+00 0.000000000000000000e+00 0.000000000000000000e+00 1.000000000000000000e+10
7.666008510240249207e-02 3.460442812374119967e+03 1.712904952441160731e+03 1.340706787642222935e+03 2.000355895588614985e-01 3.191339014410581967e+03 2.641200796786098472e-26 2.117573931383635114e-26 1.197666909917214571e-26 3.004570076743159346e-01 2.156197560807327622e-26 1.000000000000000000e+00 0.000000000000000000e+00 0.000000000000000000e+00 0.000000000000000000e+00 1.000000000000000000e+00 1.000000000000000000e+10 0.000000000000000000e+00 0.000000000000000000e+00 0.000000000000000000e+00 1.000000000000000000e+10
8.841124316543315376e-02 2.864173631942825978e+03 1.382509221517310380e+03 1.104626162207092193e+03 2.047075468873493787e-01 2.671961088152430420e+03 2.092670075948306130e-26 2.001610343371319588e-26 9.651983653975431880e-27 3.141388449959021112e-01 1.696619637461683138e-26 1.000000000000000000e+00 0.000000000000000000e+00 0.000000000000000000e+00 0.000000000000000000e+00 1.000000000000000000e+00 1.000000000000000000e+10 0.000000000000000000e+00 0.000000000000000000e+00 0.000000000000000000e+00 1.000000000000000000e+10
1.019637260722580097e-01 2.328842432024506707e+03 1.323345591101182436e+03 8.555281800361628939e+02 2.135608113118590279e-01 2.065629538326040347e+03 1.602743957274547385e-26 1.457568873515141313e-26 7.734285664176226199e-27 3.229718923361938332e-01 1.305873948294716329e-26 1.000000000000000000e+00 0.000000000000000000e+00 0.000000000000000000e+00 0.000000000000000000e+00 1.000000000000000000e+00 1.000000000000000000e+10 0.000000000000000000e+00 0.000000000000000000e+00 0.000000000000000000e+00 1.000000000000000000e+10
1.175936573483598035e-01 1.812801538113777269e+03 1.206744551778413324e+03 6.464653829895406716e+02 2.167460191850570650e-01 1.580577978117630892e+03 1.191515507797559828e-26 1.104485496204651378e-26 5.115469772622368194e-27 3.289030954662011674e-01 8.996193473778387572e-27 1.000000000000000000e+00 0.000000000000000000e+00 0.000000000000000000e+00 0.000000000000000000e+00 1.000000000000000000e+00 1.000000000000000000e+10 0.000000000000000000e+00 0.000000000000000000e+00 0.000000000000000000e+00 1.000000000000000000e+10
1.356194872553388164e-01 1.375233959939908118e+03 8.330488587195634409e+02 4.977250258171280848e+02 2.113584741650073873e-01 1.204114172159723239e+03 8.767888300466019053e-27 7.141421728165107587e-27 3.935492833151140532e-27 3.430300194460670915e-01 6.731382405778326436e-27 1.000000000000000000e+00 0.000000000000000000e+00 0.000000000000000000e+00 0.000000000000000000e+00 1.000000000000000000e+00 1.000000000000000000e+10 0.000000000000000000e+00 0.000000000000000000e+00 0.000000000000000000e+00 1.000000000000000000e+10
1.564084810196403053e-01 1.078054784109355069e+03 5.702954273373338765e+02 4.001459824857080321e+02 2.134806384640139110e-01 9.608640647982820155e+02 6.358788309863688698e-27 5.061973043659421123e-27 2.935479667794863012e-27 3.509904520579824605e-01 4.714130360355840399e-27 1.000000000000000000e+00 0.000000000000000000e+00 0.000000000000000000e+00 0.000000000000000000e+00 1.000000000000000000e+00 1.000000000000000000e+10 0.000000000000000000e+00 0.000000000000000000e+00 0.000000000000000000e+00 1.000000000000000000e+10
1.803842016362447453e-01 8.186460640473379726e+02 4.338556840738996243e+02 3.007517756184880113e+02 2.087553359238335238e-01 7.391379517482095025e+02 4.508864945149282178e-27 3.638429594839340178e-27 2.041127713509353841e-27 3.588255851243831729e-01 3.325551709331084090e-27 1.000000000000000000e+00 0.000000000000000000e+00 0.000000000000000000e+00 0.000000000000000000e+00 1.000000000000000000e+00 1.000000000000000000e+10 0.000000000000000000e+00 0.000000000000000000e+00 0.000000000000000000e+00 1.000000000000000000e+10
2.080351397048574025e-01 6.118912220163963411e+02 3.426012379014157432e+02 2.466514604762010663e+02 2.018508273364274241e-01 5.622461632254535289e+02 3.194878743957490752e-27 2.630237483895535925e-27 1.540392109247148589e-27 3.726215263599317318e-01 2.349995765800533221e-27 1.000000000000000000e+00 0.000000000000000000e+00 0.000000000000000000e+00 0.000000000000000000e+00 1.000000000000000000e+00 1.000000000000000000e+10 0.000000000000000000e+00 0.000000000000000000e+00 0.000000000000000000e+00 1.000000000000000000e+10
2.399246661262133540e-01 4.735998523083388818e+02 2.692676048064621455e+02 1.681164973013887334e+02 2.010848921331507555e-01 4.242562729890322544e+02 2.296652179588749508e-27 1.934887353758633981e-27 9.453044613144120628e-28 3.847857697095870555e-01 1.543851380312684057e-27 1.000000000000000000e+00 0.000000000000000000e+00 0.000000000000000000e+00 0.000000000000000000e+00 1.000000000000000000e+00 1.000000000000000000e+10 0.000000000000000000e+00 0.000000000000000000e+00 0.000000000000000000e+00 1.000000000000000000e+10
2.767025104385807399e-01 3.713518312214044386e+02 1.858387603515865862e+02 1.349464432172850934e+02 2.085237665912279825e-01 3.312583926060066801e+02 1.702402382705607464e-27 1.457656094959321186e-27 6.322768561879889548e-28 4.053673962155928123e-01 1.025480767422060753e-27 1.000000000000000000e+00 0.000000000000000000e+00 0.000000000000000000e+00 0.000000000000000000e+00 1.000000000000000000e+00 1.000000000000000000e+10 0.000000000000000000e+00 0.000000000000000000e+00 0.000000000000000000e+00 1.000000000000000000e+10
3.191179986585286343e-01 2.807131666601520124e+02 1.354804267276241205e+02 9.973314460521740443e+01 2.048602908911505982e-01 2.479137733713847922e+02 1.313249476392488911e-27 1.019080293382127742e-27 4.558177085401126413e-28 4.286096857130655691e-01 7.160824858276196543e-28 1.000000000000000000e+00 0.000000000000000000e+00 0.000000000000000000e+00 0.000000000000000000e+00 1.000000000000000000e+00 1.000000000000000000e+10 0.000000000000000000e+00 0.000000000000000000e+00 0.000000000000000000e+00 1.000000000000000000e+10
3.680353203388414540e-01 2.189042837899835092e+02 1.161630794853458895e+02 7.127346033691357263e+01 2.088849478703031504e-01 1.861974147229862240e+02 1.073695476062016586e-27 9.109851013215987252e-28 3.166625069588383782e-28 4.569860815259673692e-01 4.995430306663437852e-28 1.000000000000000000e+00 0.000000000000000000e+00 0.000000000000000000e+00 0.000000000000000000e+00 1.000000000000000000e+00 1.000000000000000000e+10 0.000000000000000000e+00 0.000000000000000000e+00 0.000000000000000000e+00 1.000000000000000000e+10
4.244511359005219142e-01 1.747606754236631161e+02 8.699658853230005207e+01 5.561058495242112087e+01 2.089101191287109360e-01 1.488874169070284381e+02 9.043994982308906742e-28 7.618172414647553852e-28 2.271236716191512859e-28 4.778222703114738401e-01 3.533505556875704821e-28 1.000000000000000000e+00 0.000000000000000000e+00 0.000000000000000000e+00 0.000000000000000000e+00 1.000000000000000000e+00 1.000000000000000000e+10 0.000000000000000000e+00 0.000000000000000000e+00 0.000000000000000000e+00 1.000000000000000000e+10
4.895148829774688681e-01 1.384588412243247433e+02 6.664142935865750417e+01 4.425668015158235846e+01 2.069965606008400683e-01 1.202565044473817153e+02 7.778486356789632655e-28 5.949332700511488369e-28 1.568802131101110987e-28 5.001072731134476035e-01 2.546771367050216641e-28 1.000000000000000000e+00 0.000000000000000000e+00 0.000000000000000000e+00 0.000000000000000000e+00 1.000000000000000000e+00 1.000000000000000000e+10 0.000000000000000000e+00 0.000000000000000000e+00 0.000000000000000000e+00 1.000000000000000000e+10
5.645521955031491679e-01 1.137815939693202694e+02 6.770452649067354400e+01 3.340271289231763063e+01 2.177719435174768070e-01 9.280287480339342210e+01 7.270202693950130760e-28 5.623469769480325543e-28 1.178796566697249713e-28 5.368942437767478815e-01 1.921376110075455936e-28 1.000000000000000000e+00 0.000000000000000000e+00 0.000000000000000000e+00 0.000000000000000000e+00 1.000000000000000000e+00 1.000000000000000000e+10 0.000000000000000000e+00 0.000000000000000000e+00 0.000000000000000000e+00 1.000000000000000000e+10
6.510919126887823039e-01 1.010841434887142896e+02 7.677714105934941813e+01 2.709675204839955853e+01 2.510879154928819523e-01 7.412404573441773437e+01 7.845017326001946649e-28 6.199550222612436988e-28 8.777193043436819965e-29 5.999768466517740872e-01 1.428811028369019339e-28 1.000000000000000000e+00 0.000000000000000000e+00 0.000000000000000000e+00 0.000000000000000000e+00 1.000000000000000000e+00 1.000000000000000000e+10 0.000000000000000000e+00 0.000000000000000000e+00 0.000000000000000000e+00 1.000000000000000000e+10
7.508972281844089602e-01 8.738876699728749031e+01 7.198551624788319714e+01 2.110247725464821400e+01 2.780262612165311786e-01 5.821438047376039293e+01 9.218740436725375610e-28 5.861234660933643714e-28 6.326909145907137170e-29 6.654283468925011880e-01 1.019692629225695909e-28 1.000000000000000000e+00 0.000000000000000000e+00 0.000000000000000000e+00 0.000000000000000000e+00 1.000000000000000000e+00 1.000000000000000000e+10 0.000000000000000000e+00 0.000000000000000000e+00 0.000000000000000000e+00 1.000000000000000000e+10
8.660016140678794550e-01 7.320467231278968256e+01 6.246435265283727034e+01 1.931232922680562680e+01 2.874236987759231643e-01 4.964134693961157296e+01 9.683120730692889739e-28 5.007208237640037962e-28 6.039093565320817366e-29 7.079220284010758757e-01 8.566646185396008949e-29 1.000000000000000000e+00 0.000000000000000000e+00 0.000000000000000000e+00 0.000000000000000000e+00 1.000000000000000000e+00 1.000000000000000000e+10 0.000000000000000000e+00 0.000000000000000000e+00 0.000000000000000000e+00 1.000000000000000000e+10
9.987502515910116063e-01 6.232569359959928335e+01 4.397528753240186461e+01 1.789407968162137408e+01 2.917652075555479674e-01 4.345584293584909119e+01 1.328818691989951952e-27 4.714097409264209953e-28 4.547536393746420960e-29 7.589403263028718927e-01 6.347804522570474105e-29 1.000000000000000000e+00 0.000000000000000000e+00 0.000000000000000000e+00 0.000000000000000000e+00 1.000000000000000000e+00 1.000000000000000000e+10 0.000000000000000000e+00 0.000000000000000000e+00 0.000000000000000000e+00 1.000000000000000000e+10
1.151847812808953542e+00 5.729891798955419802e+01 4.486115712434830272e+01 1.608486226742587277e+01 3.065074525438464814e-01 3.713480289728840233e+01 1.965855209352605766e-27 4.220701274314883468e-28 4.197600443388943655e-29 8.053034338081828114e-01 5.573776971619039390e-29 1.000000000000000000e+00 0.000000000000000000e+00 0.000000000000000000e+00 0.000000000000000000e+00 1.000000000000000000e+00 1.000000000000000000e+10 0.000000000000000000e+00 0.000000000000000000e+00 0.000000000000000000e+00 1.000000000000000000e+10
1.328413566614123908e+00 5.353297420277817764e+01 4.457586019401267663e+01 1.362293964370524080e+01 3.092415953392268491e-01 3.303658896021795499e+01 2.396715857667052974e-27 4.715263490207131691e-28 3.459769346591812771e-29 8.167253859762056978e-01 4.751234305254918846e-29 1.000000000000000000e+00 0.000000000000000000e+00 0.000000000000000000e+00 0.000000000000000000e+00 1.000000000000000000e+00 1.000000000000000000e+10 0.000000000000000000e+00 0.000000000000000000e+00 0.000000000000000000e+00 1.000000000000000000e+10
1.532044931926391351e+00 4.821025724587244810e+01 4.548016315493569550e+01 1.201199356011587227e+01 3.035889211370054741e-01 2.998759304545501081e+01 1.953662118302709719e-27 3.622890472257271090e-28 3.220218941456412752e-29 7.989937218108635886e-01 4.382727472034183002e-29 1.000000000000000000e+00 0.000000000000000000e+00 0.000000000000000000e+00 0.000000000000000000e+00 1.000000000000000000e+00 1.000000000000000000e+10 0.000000000000000000e+00 0.000000000000000000e+00 0.000000000000000000e+00 1.000000000000000000e+10
1.766890772896739126e+00 3.993831618759113411e+01 2.492159451165023398e+01 1.215609094078451591e+01 2.730215925545543265e-01 2.891971954895537067e+01 1.117658347693125040e-27 2.900238545548137261e-28 3.989108090675356248e-29 7.396216928317210781e-01 5.319400038498815650e-29 1.000000000000000000e+00 0.000000000000000000e+00 0.000000000000000000e+00 0.000000000000000000e+00 1.000000000000000000e+00 1.000000000000000000e+10 0.000000000000000000e+00 0.000000000000000000e+00 0.000000000000000000e+00 1.000000000000000000e+10
2.037735929469222107e+00 3.368739640179637007e+01 2.396071647536536275e+01 9.968888053585754250e+00 2.472506571330910508e-01 2.613284950203805934e+01 4.658224231326760636e-28 2.074544991669394008e-28 3.222681716970293618e-29 6.901430643615522609e-01 4.567170091836438118e-29 1.000000000000000000e+00 0.000000000000000000e+00 0.000000000000000000e+00 0.000000000000000000e+00 1.000000000000000000e+00 1.000000000000000000e+10 0.000000000000000000e+00 0.000000000000000000e+00 0.000000000000000000e+00 1.000000000000000000e+10
2.350098705559579226e+00 3.143166486856652497e+01 2.531500401536397504e+01 7.840738832132359448e+00 2.394957672121331704e-01 2.398807442465182049e+01 3.030213379303498585e-28 2.081130513973462421e-28 4.260082057651439647e-29 6.746807276796144004e-01 5.682109247380476991e-29 1.000000000000000000e+00 0.000000000000000000e+00 0.000000000000000000e+00 0.000000000000000000e+00 1.000000000000000000e+00 1.000000000000000000e+10 0.000000000000000000e+00 0.000000000000000000e+00 0.000000000000000000e+00 1.000000000000000000e+10
