# R (Mpc), mean rho (Msol/kpc^3), errup (Msol/kpc^3), errlow, std, median rho (Msol/kpc^3), mean pth (Msol/kpc/s^2), errup(Msol/kpc/s^2), errlow, std, median pth (Msol/kpc/s^2), mean gas-mass-weighted metal (fraction), errup, errlow, std, median metal, mean gas-mass-weighted temp (K), errup, errlow, std, median temp  
#  nprofs 197, mean mh 210895935664.620911, median mh 199929727489.805084 
#  Mass range 11.00 - 11.5
1.040961082911032697e-02 2.284660330836596549e+05 1.115972095305620460e+05 9.710432752376380085e+04 2.460773555922762812e-01 2.088376314356127987e+05 9.460862205930360999e-26 1.542146746650297911e-25 1.613362956318104948e-26 4.637675136281114163e-01 3.452283414324724743e-26 1.000000000000000000e+00 0.000000000000000000e+00 0.000000000000000000e+00 0.000000000000000000e+00 1.000000000000000000e+00 1.000000000000000000e+10 0.000000000000000000e+00 0.000000000000000000e+00 0.000000000000000000e+00 1.000000000000000000e+10
1.200529105910367808e-02 1.712705340276774659e+05 1.010275899719374138e+05 7.403613182719706674e+04 2.456161524199976520e-01 1.539904789296268136e+05 8.873256796558682380e-26 1.187293502994992644e-25 1.938890082986084547e-26 4.551139222778595173e-01 3.779529254924072870e-26 1.000000000000000000e+00 0.000000000000000000e+00 0.000000000000000000e+00 0.000000000000000000e+00 1.000000000000000000e+00 1.000000000000000000e+10 0.000000000000000000e+00 0.000000000000000000e+00 0.000000000000000000e+00 1.000000000000000000e+10
1.384557172980430476e-02 1.316505117608105647e+05 8.430208628744975431e+04 6.548374322822894464e+04 2.706690181973647191e-01 1.220142216620959225e+05 8.996650183017130207e-26 1.109339498790492007e-25 2.858397275394700640e-26 4.547978918975003060e-01 4.557740625386235945e-26 1.000000000000000000e+00 0.000000000000000000e+00 0.000000000000000000e+00 0.000000000000000000e+00 1.000000000000000000e+00 1.000000000000000000e+10 0.000000000000000000e+00 0.000000000000000000e+00 0.000000000000000000e+00 1.000000000000000000e+10
1.596794743096121086e-02 9.773301050590279920e+04 6.425650311673073156e+04 4.483529098266819346e+04 2.651005700618438432e-01 9.020672099975870515e+04 7.419562515223123820e-26 8.552924158919643494e-26 2.410227572758879386e-26 4.119090065020772351e-01 4.142683457592919756e-26 1.000000000000000000e+00 0.000000000000000000e+00 0.000000000000000000e+00 0.000000000000000000e+00 1.000000000000000000e+00 1.000000000000000000e+10 0.000000000000000000e+00 0.000000000000000000e+00 0.000000000000000000e+00 1.000000000000000000e+10
1.841566026551830909e-02 7.031613261582245468e+04 4.582664256711774215e+04 3.381416857215900382e+04 2.629823755032846821e-01 6.389629325374843029e+04 6.450084972049400788e-26 6.601195039733604527e-26 2.795000200252427359e-26 3.607443759330187794e-01 4.770957164256191603e-26 1.000000000000000000e+00 0.000000000000000000e+00 0.000000000000000000e+00 0.000000000000000000e+00 1.000000000000000000e+00 1.000000000000000000e+10 0.000000000000000000e+00 0.000000000000000000e+00 0.000000000000000000e+00 1.000000000000000000e+10
2.123858088093512342e-02 5.008524560524152912e+04 3.862372436614859907e+04 1.885659579462637703e+04 2.848552551258193288e-01 4.002400151649132022e+04 5.205418523091499127e-26 4.024250134639189547e-26 1.616361328511828382e-26 3.385853642715132006e-01 3.419415592048356148e-26 1.000000000000000000e+00 0.000000000000000000e+00 0.000000000000000000e+00 0.000000000000000000e+00 1.000000000000000000e+00 1.000000000000000000e+10 0.000000000000000000e+00 0.000000000000000000e+00 0.000000000000000000e+00 1.000000000000000000e+10
2.449422455303571639e-02 3.429879809779330390e+04 3.022628949555903455e+04 9.479451944861062657e+03 2.716665537293254662e-01 2.608448246634431052e+04 4.312816668631405170e-26 3.112761272246153791e-26 1.626434410834382570e-26 3.124204585926218525e-01 3.222899372047232330e-26 1.000000000000000000e+00 0.000000000000000000e+00 0.000000000000000000e+00 0.000000000000000000e+00 1.000000000000000000e+00 1.000000000000000000e+10 0.000000000000000000e+00 0.000000000000000000e+00 0.000000000000000000e+00 1.000000000000000000e+10
2.824892302447100725e-02 2.269900315423185020e+04 1.522317273343355919e+04 8.765100017104543440e+03 2.522962883679171764e-01 1.963002058042513090e+04 3.498917616940826523e-26 2.554062559870201307e-26 1.145510054165470971e-26 2.705566463232562113e-01 2.657858272693496908e-26 1.000000000000000000e+00 0.000000000000000000e+00 0.000000000000000000e+00 0.000000000000000000e+00 1.000000000000000000e+00 1.000000000000000000e+10 0.000000000000000000e+00 0.000000000000000000e+00 0.000000000000000000e+00 1.000000000000000000e+10
3.257917597328415654e-02 1.422629435558965815e+04 1.047257686767246014e+04 5.149923872786688662e+03 2.492885094506393506e-01 1.158959296172125869e+04 2.885420314313142013e-26 1.931484336661594608e-26 1.061047533339435002e-26 2.721792306010659135e-01 2.337704625185240656e-26 1.000000000000000000e+00 0.000000000000000000e+00 0.000000000000000000e+00 0.000000000000000000e+00 1.000000000000000000e+00 1.000000000000000000e+10 0.000000000000000000e+00 0.000000000000000000e+00 0.000000000000000000e+00 1.000000000000000000e+10
3.757320964692217186e-02 9.208046728256233109e+03 5.286195054573012385e+03 3.119281207075957354e+03 2.300273489652219228e-01 8.020060731966012099e+03 2.278382001097485271e-26 1.370835460095065106e-26 8.100011416539466732e-27 2.503933812336102127e-01 1.912418437861006053e-26 1.000000000000000000e+00 0.000000000000000000e+00 0.000000000000000000e+00 0.000000000000000000e+00 1.000000000000000000e+00 1.000000000000000000e+10 0.000000000000000000e+00 0.000000000000000000e+00 0.000000000000000000e+00 1.000000000000000000e+10
4.333277441790538143e-02 6.420907849821419404e+03 3.653562859606717211e+03 2.230998699327970826e+03 2.211813491041555446e-01 5.667875029434416319e+03 1.906976441915861065e-26 1.179142750645238038e-26 6.740558598225381850e-27 2.369411280658698660e-01 1.632808700773781933e-26 1.000000000000000000e+00 0.000000000000000000e+00 0.000000000000000000e+00 0.000000000000000000e+00 1.000000000000000000e+00 1.000000000000000000e+10 0.000000000000000000e+00 0.000000000000000000e+00 0.000000000000000000e+00 1.000000000000000000e+10
4.997521788524898756e-02 4.677250033304222598e+03 2.755695171630592085e+03 1.298772141128717521e+03 1.926028493299481448e-01 4.061671414310516411e+03 1.555101488354436216e-26 8.967641634585753533e-27 4.932665938168981778e-27 2.330008623681951441e-01 1.293489569497707926e-26 1.000000000000000000e+00 0.000000000000000000e+00 0.000000000000000000e+00 0.000000000000000000e+00 1.000000000000000000e+00 1.000000000000000000e+10 0.000000000000000000e+00 0.000000000000000000e+00 0.000000000000000000e+00 1.000000000000000000e+10
5.763587575980636674e-02 3.534133679856497565e+03 1.736694204303386414e+03 1.087354034154705914e+03 1.836119254180399452e-01 3.196729594639919469e+03 1.194472129172858390e-26 7.118031723727069672e-27 3.481002032847189691e-27 2.218228870319349788e-01 9.911021242328928150e-27 1.000000000000000000e+00 0.000000000000000000e+00 0.000000000000000000e+00 0.000000000000000000e+00 1.000000000000000000e+00 1.000000000000000000e+10 0.000000000000000000e+00 0.000000000000000000e+00 0.000000000000000000e+00 1.000000000000000000e+10
6.647082924635627776e-02 2.699503210484567717e+03 1.251675588454750141e+03 8.649475606143196273e+02 1.681307221807609165e-01 2.543049088646925156e+03 9.143228429150121865e-27 6.090037371170959434e-27 2.962697572867383788e-27 2.178932092467935344e-01 7.863100942627718941e-27 1.000000000000000000e+00 0.000000000000000000e+00 0.000000000000000000e+00 0.000000000000000000e+00 1.000000000000000000e+00 1.000000000000000000e+10 0.000000000000000000e+00 0.000000000000000000e+00 0.000000000000000000e+00 1.000000000000000000e+10
7.666008510240249207e-02 2.154073242245057827e+03 1.074508855927655304e+03 5.397666775217248869e+02 1.716277474677616044e-01 1.901715100226885397e+03 7.035074469409484290e-27 4.327210934190882895e-27 2.386690411870218743e-27 2.256474386477330396e-01 5.878861627138553165e-27 1.000000000000000000e+00 0.000000000000000000e+00 0.000000000000000000e+00 0.000000000000000000e+00 1.000000000000000000e+00 1.000000000000000000e+10 0.000000000000000000e+00 0.000000000000000000e+00 0.000000000000000000e+00 1.000000000000000000e+10
8.841124316543315376e-02 1.686444910019842155e+03 7.812989252746667717e+02 4.471584306394438499e+02 1.680370956332885857e-01 1.544346871787675127e+03 5.356893697552847679e-27 3.315444407474382932e-27 1.734934860510403443e-27 2.361886625224612624e-01 4.383315449543311148e-27 1.000000000000000000e+00 0.000000000000000000e+00 0.000000000000000000e+00 0.000000000000000000e+00 1.000000000000000000e+00 1.000000000000000000e+10 0.000000000000000000e+00 0.000000000000000000e+00 0.000000000000000000e+00 1.000000000000000000e+10
1.019637260722580097e-01 1.306872395959704363e+03 6.527722266214095725e+02 3.350767390013459135e+02 1.660926793754897157e-01 1.180598070051833929e+03 4.037947577066845763e-27 3.157931894160448775e-27 1.405407849527264487e-27 2.494089111653865765e-01 3.258514064260919907e-27 1.000000000000000000e+00 0.000000000000000000e+00 0.000000000000000000e+00 0.000000000000000000e+00 1.000000000000000000e+00 1.000000000000000000e+10 0.000000000000000000e+00 0.000000000000000000e+00 0.000000000000000000e+00 1.000000000000000000e+10
1.175936573483598035e-01 9.971447682751024786e+02 4.726394298234966982e+02 2.377711830357587814e+02 1.596125320981756912e-01 8.737383951883540476e+02 3.009899203456661001e-27 2.362335354745932746e-27 9.409383208580050946e-28 2.613026971731003401e-01 2.280631657595871701e-27 1.000000000000000000e+00 0.000000000000000000e+00 0.000000000000000000e+00 0.000000000000000000e+00 1.000000000000000000e+00 1.000000000000000000e+10 0.000000000000000000e+00 0.000000000000000000e+00 0.000000000000000000e+00 1.000000000000000000e+10
1.356194872553388164e-01 7.766032658761243965e+02 3.482320612484478488e+02 1.996061280973348744e+02 1.604959849345835576e-01 7.044563230851637172e+02 2.241697903866302146e-27 1.879386208201326949e-27 6.731552178179015605e-28 2.736675428001225652e-01 1.690862725700892298e-27 1.000000000000000000e+00 0.000000000000000000e+00 0.000000000000000000e+00 0.000000000000000000e+00 1.000000000000000000e+00 1.000000000000000000e+10 0.000000000000000000e+00 0.000000000000000000e+00 0.000000000000000000e+00 1.000000000000000000e+10
1.564084810196403053e-01 5.937750663270293217e+02 2.597514002562423912e+02 1.413387259893054306e+02 1.505200761879282034e-01 5.441219932661072107e+02 1.675488516976624981e-27 1.209142098219216523e-27 4.696320409187609772e-28 2.919049729030416263e-01 1.160515439757020789e-27 1.000000000000000000e+00 0.000000000000000000e+00 0.000000000000000000e+00 0.000000000000000000e+00 1.000000000000000000e+00 1.000000000000000000e+10 0.000000000000000000e+00 0.000000000000000000e+00 0.000000000000000000e+00 1.000000000000000000e+10
1.803842016362447453e-01 4.467442609509912472e+02 1.968416342976038322e+02 1.224650089735895335e+02 1.593054475800133873e-01 4.054920402571913201e+02 1.251087725482323494e-27 9.888461132119186580e-28 3.482787087140810288e-28 3.258271767317171830e-01 8.004606219410518315e-28 1.000000000000000000e+00 0.000000000000000000e+00 0.000000000000000000e+00 0.000000000000000000e+00 1.000000000000000000e+00 1.000000000000000000e+10 0.000000000000000000e+00 0.000000000000000000e+00 0.000000000000000000e+00 1.000000000000000000e+10
2.080351397048574025e-01 3.499047056958633561e+02 1.633096300981608806e+02 9.045296848956613189e+01 1.711720694529090814e-01 3.093378552687624392e+02 9.563385237886476411e-28 7.380175939464452503e-28 3.250517275303651506e-28 3.603526604273907807e-01 6.111615160210231265e-28 1.000000000000000000e+00 0.000000000000000000e+00 0.000000000000000000e+00 0.000000000000000000e+00 1.000000000000000000e+00 1.000000000000000000e+10 0.000000000000000000e+00 0.000000000000000000e+00 0.000000000000000000e+00 1.000000000000000000e+10
2.399246661262133540e-01 2.716335523615122725e+02 1.497380926266096139e+02 7.407715710745509341e+01 1.859664482796116458e-01 2.360481930562208959e+02 7.737431240306860347e-28 6.646185962249140080e-28 2.319649438746782292e-28 4.032087069004191560e-01 4.187714987895114442e-28 1.000000000000000000e+00 0.000000000000000000e+00 0.000000000000000000e+00 0.000000000000000000e+00 1.000000000000000000e+00 1.000000000000000000e+10 0.000000000000000000e+00 0.000000000000000000e+00 0.000000000000000000e+00 1.000000000000000000e+10
2.767025104385807399e-01 2.136816238786132658e+02 1.115540037801777942e+02 5.433502560420322425e+01 1.987694490230128841e-01 1.811466029426782995e+02 6.432328437114877872e-28 5.520348532545832252e-28 1.653588196758976432e-28 4.456271224763561634e-01 2.922695670614484730e-28 1.000000000000000000e+00 0.000000000000000000e+00 0.000000000000000000e+00 0.000000000000000000e+00 1.000000000000000000e+00 1.000000000000000000e+10 0.000000000000000000e+00 0.000000000000000000e+00 0.000000000000000000e+00 1.000000000000000000e+10
3.191179986585286343e-01 1.719851108377919218e+02 9.150840214493362623e+01 4.917973373890205835e+01 2.161429791002857925e-01 1.395857795177113019e+02 5.649364935032065480e-28 4.648433928318090520e-28 1.262309514915529746e-28 4.905856472525170764e-01 2.111155433033246034e-28 1.000000000000000000e+00 0.000000000000000000e+00 0.000000000000000000e+00 0.000000000000000000e+00 1.000000000000000000e+00 1.000000000000000000e+10 0.000000000000000000e+00 0.000000000000000000e+00 0.000000000000000000e+00 1.000000000000000000e+10
3.680353203388414540e-01 1.428192077214960420e+02 8.247862324144510637e+01 3.275630933940311706e+01 2.351882533869864011e-01 1.056512130304386261e+02 5.197937236143919024e-28 4.113963858979359277e-28 9.239641347656400970e-29 5.330631356791150077e-01 1.507651305403895783e-28 1.000000000000000000e+00 0.000000000000000000e+00 0.000000000000000000e+00 0.000000000000000000e+00 1.000000000000000000e+00 1.000000000000000000e+10 0.000000000000000000e+00 0.000000000000000000e+00 0.000000000000000000e+00 1.000000000000000000e+10
4.244511359005219142e-01 1.203601853096362646e+02 7.564968337915334473e+01 2.826193922451382434e+01 2.521159792375635145e-01 8.555553449418900414e+01 5.172420862311194673e-28 3.239928431209349715e-28 6.210443901668435392e-29 5.834442471439031941e-01 1.042449897783485359e-28 1.000000000000000000e+00 0.000000000000000000e+00 0.000000000000000000e+00 0.000000000000000000e+00 1.000000000000000000e+00 1.000000000000000000e+10 0.000000000000000000e+00 0.000000000000000000e+00 0.000000000000000000e+00 1.000000000000000000e+10
4.895148829774688681e-01 9.889663726347089323e+01 6.085101339945624943e+01 2.408513707092223655e+01 2.702889672374018670e-01 6.709201314418970696e+01 5.111920383789427697e-28 3.027389858251568051e-28 4.594617680878386068e-29 6.389088514967623533e-01 7.461944601891531576e-29 1.000000000000000000e+00 0.000000000000000000e+00 0.000000000000000000e+00 0.000000000000000000e+00 1.000000000000000000e+00 1.000000000000000000e+10 0.000000000000000000e+00 0.000000000000000000e+00 0.000000000000000000e+00 1.000000000000000000e+10
5.645521955031491679e-01 8.572519220899982884e+01 5.586903665446810408e+01 2.129810134472602101e+01 2.931756308348821283e-01 5.653985305117190308e+01 4.644492728325422513e-28 3.020834271997320698e-28 3.885707167487190885e-29 6.910644475662540698e-01 6.112797001926050097e-29 1.000000000000000000e+00 0.000000000000000000e+00 0.000000000000000000e+00 0.000000000000000000e+00 1.000000000000000000e+00 1.000000000000000000e+10 0.000000000000000000e+00 0.000000000000000000e+00 0.000000000000000000e+00 1.000000000000000000e+10
6.510919126887823039e-01 6.937682897434343943e+01 5.814167225661710603e+01 1.779172446827634246e+01 2.973865991843278600e-01 4.536221144508744629e+01 4.091371934911299163e-28 3.472945803283789198e-28 4.121372176323061792e-29 7.377220106788212606e-01 5.630141943434493403e-29 1.000000000000000000e+00 0.000000000000000000e+00 0.000000000000000000e+00 0.000000000000000000e+00 1.000000000000000000e+00 1.000000000000000000e+10 0.000000000000000000e+00 0.000000000000000000e+00 0.000000000000000000e+00 1.000000000000000000e+10
7.508972281844089602e-01 6.204404026364807834e+01 5.365164853140889534e+01 1.583062564070777611e+01 3.106410306681373634e-01 3.947420039137207937e+01 4.127075046532992474e-28 3.957830823386024563e-28 3.637384238796452897e-29 7.957103199230906032e-01 4.799948449769750101e-29 1.000000000000000000e+00 0.000000000000000000e+00 0.000000000000000000e+00 0.000000000000000000e+00 1.000000000000000000e+00 1.000000000000000000e+10 0.000000000000000000e+00 0.000000000000000000e+00 0.000000000000000000e+00 1.000000000000000000e+10
8.660016140678794550e-01 5.779287258983242737e+01 5.862643899890397847e+01 1.441074906754776563e+01 3.315446062604379129e-01 3.513415685444233816e+01 4.131341868030502323e-28 5.536897392301387709e-28 3.530806237047837979e-29 8.496729007090182417e-01 4.500079382004860649e-29 1.000000000000000000e+00 0.000000000000000000e+00 0.000000000000000000e+00 0.000000000000000000e+00 1.000000000000000000e+00 1.000000000000000000e+10 0.000000000000000000e+00 0.000000000000000000e+00 0.000000000000000000e+00 1.000000000000000000e+10
9.987502515910116063e-01 5.128442893295931526e+01 5.024489814766655371e+01 1.740226219935731322e+01 3.289337422743326411e-01 3.493007117095392999e+01 3.966282211838830090e-28 4.483570296019637695e-28 3.752598749996197740e-29 8.754014049402935038e-01 4.472199233958840804e-29 1.000000000000000000e+00 0.000000000000000000e+00 0.000000000000000000e+00 0.000000000000000000e+00 1.000000000000000000e+00 1.000000000000000000e+10 0.000000000000000000e+00 0.000000000000000000e+00 0.000000000000000000e+00 1.000000000000000000e+10
1.151847812808953542e+00 4.600914888223415034e+01 5.200110344635176318e+01 1.477258697558418277e+01 3.209012763414673119e-01 3.156712562986957948e+01 3.944975571775222821e-28 4.972154932976162133e-28 2.760575300003422104e-29 8.732676197907383031e-01 3.457865920653831252e-29 1.000000000000000000e+00 0.000000000000000000e+00 0.000000000000000000e+00 0.000000000000000000e+00 1.000000000000000000e+00 1.000000000000000000e+10 0.000000000000000000e+00 0.000000000000000000e+00 0.000000000000000000e+00 1.000000000000000000e+10
1.328413566614123908e+00 4.188033484737216128e+01 3.294967741175832998e+01 1.488089503777900546e+01 3.072589246011146469e-01 3.062600682770202809e+01 4.451970443578735761e-28 4.212308538462713286e-28 3.872977251947433270e-29 8.532722735960515115e-01 4.584173221873847541e-29 1.000000000000000000e+00 0.000000000000000000e+00 0.000000000000000000e+00 0.000000000000000000e+00 1.000000000000000000e+00 1.000000000000000000e+10 0.000000000000000000e+00 0.000000000000000000e+00 0.000000000000000000e+00 1.000000000000000000e+10
1.532044931926391351e+00 4.064360344202584940e+01 3.180066362299295690e+01 1.492227310457789535e+01 3.100932858500823341e-01 2.986573104520549293e+01 6.645941934779760332e-28 4.199678154296079303e-28 3.344816226570274345e-29 8.720111593857367005e-01 4.031452929818598557e-29 1.000000000000000000e+00 0.000000000000000000e+00 0.000000000000000000e+00 0.000000000000000000e+00 1.000000000000000000e+00 1.000000000000000000e+10 0.000000000000000000e+00 0.000000000000000000e+00 0.000000000000000000e+00 1.000000000000000000e+10
1.766890772896739126e+00 3.921011711996767701e+01 2.930256691069003594e+01 1.270838909013749252e+01 3.058767880441373710e-01 2.689419456047457757e+01 1.130751751021573954e-27 3.243585488557041110e-28 3.908198917981229818e-29 8.718098238734585115e-01 4.606779294738591062e-29 1.000000000000000000e+00 0.000000000000000000e+00 0.000000000000000000e+00 0.000000000000000000e+00 1.000000000000000000e+00 1.000000000000000000e+10 0.000000000000000000e+00 0.000000000000000000e+00 0.000000000000000000e+00 1.000000000000000000e+10
2.037735929469222107e+00 3.835025131022795364e+01 2.700181865620720956e+01 1.322996520056073777e+01 3.044438900265900028e-01 2.697376723342334159e+01 1.504474128052820740e-27 3.027825777787378026e-28 5.868187700771913183e-29 8.702929191205521775e-01 6.478172297561881540e-29 1.000000000000000000e+00 0.000000000000000000e+00 0.000000000000000000e+00 0.000000000000000000e+00 1.000000000000000000e+00 1.000000000000000000e+10 0.000000000000000000e+00 0.000000000000000000e+00 0.000000000000000000e+00 1.000000000000000000e+10
2.350098705559579226e+00 3.338531460902901671e+01 2.277113284806267401e+01 1.250102671645767316e+01 2.859359369646951032e-01 2.565667237762222541e+01 9.433073995565677358e-28 2.473730451726030316e-28 5.084578850533034542e-29 8.749941272025276717e-01 5.823175076815525595e-29 1.000000000000000000e+00 0.000000000000000000e+00 0.000000000000000000e+00 0.000000000000000000e+00 1.000000000000000000e+00 1.000000000000000000e+10 0.000000000000000000e+00 0.000000000000000000e+00 0.000000000000000000e+00 1.000000000000000000e+10
