# R (Mpc), mean rho (Msol/kpc^3), errup (Msol/kpc^3), errlow, std, median rho (Msol/kpc^3), mean pth (Msol/kpc/s^2), errup(Msol/kpc/s^2), errlow, std, median pth (Msol/kpc/s^2), mean gas-mass-weighted metal (fraction), errup, errlow, std, median metal, mean gas-mass-weighted temp (K), errup, errlow, std, median temp  
#  nprofs 176, mean mh 539867385045.674744, median mh 488169071411.805786 
#  Mass range 11.50 - 12.0
1.040961082911032697e-02 4.659291825795644545e+05 2.650725134490701603e+05 1.666342464711438224e+05 2.114557901274235485e-01 4.243029613553674426e+05 2.625825749572132472e-25 3.127599850320100225e-25 6.701258776718191577e-26 4.614968302712328385e-01 1.124239568964140958e-25 1.000000000000000000e+00 0.000000000000000000e+00 0.000000000000000000e+00 0.000000000000000000e+00 1.000000000000000000e+00 1.000000000000000000e+10 0.000000000000000000e+00 0.000000000000000000e+00 0.000000000000000000e+00 1.000000000000000000e+10
1.200529105910367808e-02 3.512044758787390310e+05 1.892702507168555167e+05 1.410967744152125961e+05 2.246981951892149110e-01 3.277112413442174438e+05 2.777810379978448220e-25 3.547723465567764509e-25 8.847620631891123253e-26 4.637690279330753396e-01 1.379315285199864171e-25 1.000000000000000000e+00 0.000000000000000000e+00 0.000000000000000000e+00 0.000000000000000000e+00 1.000000000000000000e+00 1.000000000000000000e+10 0.000000000000000000e+00 0.000000000000000000e+00 0.000000000000000000e+00 1.000000000000000000e+10
1.384557172980430476e-02 2.620107071581018099e+05 1.252371397216304322e+05 1.142678318149795814e+05 2.254411833715188884e-01 2.543650081009622081e+05 2.475646502537273178e-25 3.199477384657488010e-25 9.355249215160225493e-26 4.390435922601496066e-01 1.485181143770840716e-25 1.000000000000000000e+00 0.000000000000000000e+00 0.000000000000000000e+00 0.000000000000000000e+00 1.000000000000000000e+00 1.000000000000000000e+10 0.000000000000000000e+00 0.000000000000000000e+00 0.000000000000000000e+00 1.000000000000000000e+10
1.596794743096121086e-02 1.859190804157863604e+05 1.041063075979013229e+05 7.663612334581169125e+04 2.432415695986812343e-01 1.695506462256230880e+05 2.300590989113076446e-25 1.880891157354708022e-25 1.370705639874573086e-25 4.105057610318965100e-01 1.871706600034956455e-25 1.000000000000000000e+00 0.000000000000000000e+00 0.000000000000000000e+00 0.000000000000000000e+00 1.000000000000000000e+00 1.000000000000000000e+10 0.000000000000000000e+00 0.000000000000000000e+00 0.000000000000000000e+00 1.000000000000000000e+10
1.841566026551830909e-02 1.281824862358743703e+05 7.895499041315811337e+04 5.745341061905688548e+04 2.503258861100884913e-01 1.166088009412737447e+05 2.066035795614718148e-25 1.569799740975483379e-25 1.015416395700083389e-25 3.420146649480880763e-01 1.690285241814499140e-25 1.000000000000000000e+00 0.000000000000000000e+00 0.000000000000000000e+00 0.000000000000000000e+00 1.000000000000000000e+00 1.000000000000000000e+10 0.000000000000000000e+00 0.000000000000000000e+00 0.000000000000000000e+00 1.000000000000000000e+10
2.123858088093512342e-02 8.481257220081047853e+04 4.838663649562267528e+04 3.709588057075379766e+04 2.424214577185850594e-01 7.672762127609500021e+04 1.922093303068890569e-25 1.635856501503765430e-25 9.060072097751970202e-26 3.129854142420901431e-01 1.581114068327825469e-25 1.000000000000000000e+00 0.000000000000000000e+00 0.000000000000000000e+00 0.000000000000000000e+00 1.000000000000000000e+00 1.000000000000000000e+10 0.000000000000000000e+00 0.000000000000000000e+00 0.000000000000000000e+00 1.000000000000000000e+10
2.449422455303571639e-02 5.604158240571003989e+04 3.705851155976293376e+04 2.120898429636372748e+04 2.397991090144245552e-01 4.801095476931288431e+04 1.630999085652207260e-25 1.245003247871425559e-25 7.165799191663420122e-26 2.863325855827185684e-01 1.336557754142850200e-25 1.000000000000000000e+00 0.000000000000000000e+00 0.000000000000000000e+00 0.000000000000000000e+00 1.000000000000000000e+00 1.000000000000000000e+10 0.000000000000000000e+00 0.000000000000000000e+00 0.000000000000000000e+00 1.000000000000000000e+10
2.824892302447100725e-02 3.773877908475907316e+04 2.665544065741913073e+04 1.211400107181568455e+04 2.405630789606152675e-01 3.025817319356824737e+04 1.438111358010640937e-25 1.072897370987973522e-25 6.604720175522898983e-26 2.842834968781614569e-01 1.210835015840884291e-25 1.000000000000000000e+00 0.000000000000000000e+00 0.000000000000000000e+00 0.000000000000000000e+00 1.000000000000000000e+00 1.000000000000000000e+10 0.000000000000000000e+00 0.000000000000000000e+00 0.000000000000000000e+00 1.000000000000000000e+10
3.257917597328415654e-02 2.581658584339480512e+04 1.861061055666142056e+04 9.828244151886381587e+03 2.414147566378312404e-01 2.162737960773557279e+04 1.189359468207180980e-25 9.622626348523841386e-26 4.259437798915162034e-26 2.676657053021212485e-01 9.368770802342355116e-26 1.000000000000000000e+00 0.000000000000000000e+00 0.000000000000000000e+00 0.000000000000000000e+00 1.000000000000000000e+00 1.000000000000000000e+10 0.000000000000000000e+00 0.000000000000000000e+00 0.000000000000000000e+00 1.000000000000000000e+10
3.757320964692217186e-02 1.840064035834008973e+04 1.083281963970341894e+04 5.659990547604769745e+03 2.243464000205063757e-01 1.539802742265630150e+04 1.001535942854571234e-25 7.015725664108995933e-26 4.006925250700084266e-26 2.742152371399882438e-01 8.313881338668644420e-26 1.000000000000000000e+00 0.000000000000000000e+00 0.000000000000000000e+00 0.000000000000000000e+00 1.000000000000000000e+00 1.000000000000000000e+10 0.000000000000000000e+00 0.000000000000000000e+00 0.000000000000000000e+00 1.000000000000000000e+10
4.333277441790538143e-02 1.320299123820553541e+04 7.289098478469724796e+03 3.687240691104731923e+03 2.035494153341468604e-01 1.121911771350836352e+04 8.241820030715608428e-26 5.286621305942091039e-26 3.421346007467186175e-26 2.675886146449273917e-01 6.968704983407388818e-26 1.000000000000000000e+00 0.000000000000000000e+00 0.000000000000000000e+00 0.000000000000000000e+00 1.000000000000000000e+00 1.000000000000000000e+10 0.000000000000000000e+00 0.000000000000000000e+00 0.000000000000000000e+00 1.000000000000000000e+10
4.997521788524898756e-02 9.967389567958161933e+03 4.018670145233416406e+03 3.007129616751713911e+03 1.843339313025958437e-01 8.949784427853504894e+03 6.683099824212881793e-26 4.510837563530167751e-26 2.319204237619227156e-26 2.514153154850156668e-01 5.484578112646291450e-26 1.000000000000000000e+00 0.000000000000000000e+00 0.000000000000000000e+00 0.000000000000000000e+00 1.000000000000000000e+00 1.000000000000000000e+10 0.000000000000000000e+00 0.000000000000000000e+00 0.000000000000000000e+00 1.000000000000000000e+10
5.763587575980636674e-02 7.608577491716936493e+03 3.068070981372445203e+03 2.288944771821978065e+03 1.821389846220002884e-01 6.942250364400165381e+03 5.378427361651421438e-26 3.862143809025115481e-26 1.776730805932378723e-26 2.597072394146292540e-01 4.295175999817792072e-26 1.000000000000000000e+00 0.000000000000000000e+00 0.000000000000000000e+00 0.000000000000000000e+00 1.000000000000000000e+00 1.000000000000000000e+10 0.000000000000000000e+00 0.000000000000000000e+00 0.000000000000000000e+00 1.000000000000000000e+10
6.647082924635627776e-02 6.047077669133236668e+03 2.516741314717412934e+03 1.490661100428863847e+03 1.719172401085087010e-01 5.410475876643941774e+03 4.270677737834080551e-26 2.807678519140163417e-26 1.501747330564263546e-26 2.584660988886002819e-01 3.473332545967125191e-26 1.000000000000000000e+00 0.000000000000000000e+00 0.000000000000000000e+00 0.000000000000000000e+00 1.000000000000000000e+00 1.000000000000000000e+10 0.000000000000000000e+00 0.000000000000000000e+00 0.000000000000000000e+00 1.000000000000000000e+10
7.666008510240249207e-02 4.784166842292900583e+03 2.111637628770266929e+03 1.257161870080573863e+03 1.667769473157555693e-01 4.373937307132682690e+03 3.333488552941797287e-26 2.173921770162515141e-26 1.389477252755566649e-26 2.659556697183285134e-01 2.800952827498715050e-26 1.000000000000000000e+00 0.000000000000000000e+00 0.000000000000000000e+00 0.000000000000000000e+00 1.000000000000000000e+00 1.000000000000000000e+10 0.000000000000000000e+00 0.000000000000000000e+00 0.000000000000000000e+00 1.000000000000000000e+10
8.841124316543315376e-02 3.831411049252930752e+03 1.775809028975439105e+03 1.007411714586587550e+03 1.763097674110686019e-01 3.337418170500189262e+03 2.506598158287316844e-26 1.979319176715078714e-26 9.793517566361468498e-27 2.706044701535926800e-01 1.979543233396990259e-26 1.000000000000000000e+00 0.000000000000000000e+00 0.000000000000000000e+00 0.000000000000000000e+00 1.000000000000000000e+00 1.000000000000000000e+10 0.000000000000000000e+00 0.000000000000000000e+00 0.000000000000000000e+00 1.000000000000000000e+10
1.019637260722580097e-01 2.919825672520714761e+03 1.462685287818687357e+03 8.353200345041811943e+02 1.768754879911523803e-01 2.568171074833964667e+03 1.788320093701827801e-26 1.418554371101879939e-26 7.226777627700213525e-27 2.761991306161849513e-01 1.460498694608882388e-26 1.000000000000000000e+00 0.000000000000000000e+00 0.000000000000000000e+00 0.000000000000000000e+00 1.000000000000000000e+00 1.000000000000000000e+10 0.000000000000000000e+00 0.000000000000000000e+00 0.000000000000000000e+00 1.000000000000000000e+10
1.175936573483598035e-01 2.178374663679786863e+03 1.107724827031901896e+03 6.620967596394859811e+02 1.751785694559741535e-01 1.943206075862559373e+03 1.262809328454399470e-26 1.163531780484592572e-26 5.279666557280142363e-27 2.829823358783432052e-01 1.018988167260266264e-26 1.000000000000000000e+00 0.000000000000000000e+00 0.000000000000000000e+00 0.000000000000000000e+00 1.000000000000000000e+00 1.000000000000000000e+10 0.000000000000000000e+00 0.000000000000000000e+00 0.000000000000000000e+00 1.000000000000000000e+10
1.356194872553388164e-01 1.657319151957277882e+03 9.255960237840247373e+02 5.200465263112780576e+02 1.785686604819555212e-01 1.501087180791464334e+03 8.817138967571415683e-27 6.950994284655553759e-27 3.676079587281623678e-27 2.960025483965730841e-01 7.113582310825842951e-27 1.000000000000000000e+00 0.000000000000000000e+00 0.000000000000000000e+00 0.000000000000000000e+00 1.000000000000000000e+00 1.000000000000000000e+10 0.000000000000000000e+00 0.000000000000000000e+00 0.000000000000000000e+00 1.000000000000000000e+10
1.564084810196403053e-01 1.244392392210986145e+03 5.922484612699599893e+02 4.305770300552999288e+02 1.785512963184959223e-01 1.174345510798128771e+03 6.113738849450865991e-27 5.009887817641131975e-27 2.756292858046432320e-27 3.084485827073242259e-01 4.826752061611484345e-27 1.000000000000000000e+00 0.000000000000000000e+00 0.000000000000000000e+00 0.000000000000000000e+00 1.000000000000000000e+00 1.000000000000000000e+10 0.000000000000000000e+00 0.000000000000000000e+00 0.000000000000000000e+00 1.000000000000000000e+10
1.803842016362447453e-01 9.217551648131970978e+02 4.144761161610007321e+02 3.390912579504276891e+02 1.818101965715782087e-01 8.665761190734921229e+02 4.188956440601521946e-27 3.426278803266400568e-27 1.904224062165854743e-27 3.240414365141936481e-01 3.294051382409896279e-27 1.000000000000000000e+00 0.000000000000000000e+00 0.000000000000000000e+00 0.000000000000000000e+00 1.000000000000000000e+00 1.000000000000000000e+10 0.000000000000000000e+00 0.000000000000000000e+00 0.000000000000000000e+00 1.000000000000000000e+10
2.080351397048574025e-01 6.686717687510641781e+02 2.775463486635364916e+02 2.304480550444992559e+02 1.783281957415734920e-01 6.296173079695573733e+02 2.866351038635306496e-27 2.088547070849085291e-27 1.363427317434075546e-27 3.381424927152060222e-01 2.261985376196963542e-27 1.000000000000000000e+00 0.000000000000000000e+00 0.000000000000000000e+00 0.000000000000000000e+00 1.000000000000000000e+00 1.000000000000000000e+10 0.000000000000000000e+00 0.000000000000000000e+00 0.000000000000000000e+00 1.000000000000000000e+10
2.399246661262133540e-01 4.940682542624803659e+02 2.300083891013982793e+02 1.633574531329844035e+02 1.792791189502902227e-01 4.485623459819801155e+02 1.997967816297398334e-27 1.632908253978075567e-27 8.859604664689250746e-28 3.557318038044866571e-01 1.468605839145349790e-27 1.000000000000000000e+00 0.000000000000000000e+00 0.000000000000000000e+00 0.000000000000000000e+00 1.000000000000000000e+00 1.000000000000000000e+10 0.000000000000000000e+00 0.000000000000000000e+00 0.000000000000000000e+00 1.000000000000000000e+10
2.767025104385807399e-01 3.680341873464425930e+02 1.865530134638692630e+02 1.120408983033273671e+02 1.919552815633743803e-01 3.231587126891129174e+02 1.406762705497940964e-27 1.257486974662862937e-27 6.072796252378595235e-28 3.790819682643858379e-01 9.527486580166102624e-28 1.000000000000000000e+00 0.000000000000000000e+00 0.000000000000000000e+00 0.000000000000000000e+00 1.000000000000000000e+00 1.000000000000000000e+10 0.000000000000000000e+00 0.000000000000000000e+00 0.000000000000000000e+00 1.000000000000000000e+10
3.191179986585286343e-01 2.643865558324004610e+02 1.339040151127037177e+02 8.462468659791764480e+01 1.920560125203456814e-01 2.301153629170700867e+02 1.006662948630176862e-27 9.337591183614185251e-28 3.938254756489524413e-28 4.049262596764617306e-01 6.178010142046900080e-28 1.000000000000000000e+00 0.000000000000000000e+00 0.000000000000000000e+00 0.000000000000000000e+00 1.000000000000000000e+00 1.000000000000000000e+10 0.000000000000000000e+00 0.000000000000000000e+00 0.000000000000000000e+00 1.000000000000000000e+10
3.680353203388414540e-01 1.966729859605046613e+02 1.115889304922199585e+02 5.120110239248913331e+01 2.002333529514848109e-01 1.608617802320954411e+02 7.579487324858241207e-28 7.700758546282618233e-28 2.289283964316223876e-28 4.367528279541504910e-01 3.841509987238095338e-28 1.000000000000000000e+00 0.000000000000000000e+00 0.000000000000000000e+00 0.000000000000000000e+00 1.000000000000000000e+00 1.000000000000000000e+10 0.000000000000000000e+00 0.000000000000000000e+00 0.000000000000000000e+00 1.000000000000000000e+10
4.244511359005219142e-01 1.507109876850296928e+02 8.118995375239128975e+01 4.020063058966265146e+01 2.132056327263524564e-01 1.215018507862106105e+02 5.946451772959343019e-28 5.529839943231608191e-28 1.730257527294595087e-28 4.681257801723189838e-01 2.672099014519555179e-28 1.000000000000000000e+00 0.000000000000000000e+00 0.000000000000000000e+00 0.000000000000000000e+00 1.000000000000000000e+00 1.000000000000000000e+10 0.000000000000000000e+00 0.000000000000000000e+00 0.000000000000000000e+00 1.000000000000000000e+10
4.895148829774688681e-01 1.138330501877986620e+02 5.928073765472174728e+01 3.210707327988740190e+01 2.167838775807383878e-01 9.323257312498247984e+01 4.770933780524782629e-28 5.003802563432256591e-28 1.195106662055120565e-28 5.004234793973175721e-01 1.815377074225178944e-28 1.000000000000000000e+00 0.000000000000000000e+00 0.000000000000000000e+00 0.000000000000000000e+00 1.000000000000000000e+00 1.000000000000000000e+10 0.000000000000000000e+00 0.000000000000000000e+00 0.000000000000000000e+00 1.000000000000000000e+10
5.645521955031491679e-01 9.321781649593710029e+01 6.852788870479278671e+01 2.724690322538667431e+01 2.394926014657674240e-01 7.299626030571451452e+01 4.636247223582734553e-28 4.688145632892330105e-28 7.019503705174726462e-29 5.689573554232161268e-01 1.149996154651278547e-28 1.000000000000000000e+00 0.000000000000000000e+00 0.000000000000000000e+00 0.000000000000000000e+00 1.000000000000000000e+00 1.000000000000000000e+10 0.000000000000000000e+00 0.000000000000000000e+00 0.000000000000000000e+00 1.000000000000000000e+10
6.510919126887823039e-01 8.492462859048836776e+01 8.122754939360008564e+01 2.337695885130232654e+01 2.845802535874826233e-01 5.937101858108486852e+01 5.007350138075001387e-28 5.414147196432238623e-28 4.527310250881214943e-29 6.637087115535604820e-01 7.429174939742798718e-29 1.000000000000000000e+00 0.000000000000000000e+00 0.000000000000000000e+00 0.000000000000000000e+00 1.000000000000000000e+00 1.000000000000000000e+10 0.000000000000000000e+00 0.000000000000000000e+00 0.000000000000000000e+00 1.000000000000000000e+10
7.508972281844089602e-01 7.617495781781870789e+01 7.532590209741117349e+01 1.713176148650021702e+01 3.111635625412629835e-01 4.729781808358097805e+01 5.345619365481690244e-28 4.802826581088215933e-28 4.139305200553606355e-29 7.249830077651565619e-01 6.127557964096793585e-29 1.000000000000000000e+00 0.000000000000000000e+00 0.000000000000000000e+00 0.000000000000000000e+00 1.000000000000000000e+00 1.000000000000000000e+10 0.000000000000000000e+00 0.000000000000000000e+00 0.000000000000000000e+00 1.000000000000000000e+10
8.660016140678794550e-01 6.378491915124329381e+01 5.584180514894143244e+01 1.635237256875413436e+01 3.000775715775835795e-01 4.203715862267054604e+01 4.826228149868809225e-28 3.201214554109429517e-28 3.513636920029032563e-29 7.430184623032674018e-01 5.179715659716059817e-29 1.000000000000000000e+00 0.000000000000000000e+00 0.000000000000000000e+00 0.000000000000000000e+00 1.000000000000000000e+00 1.000000000000000000e+10 0.000000000000000000e+00 0.000000000000000000e+00 0.000000000000000000e+00 1.000000000000000000e+10
9.987502515910116063e-01 5.316164956323552104e+01 4.670698050125727718e+01 1.550242930970359012e+01 2.852807817973838644e-01 3.790538939377229610e+01 4.950131180437900712e-28 3.048215000665155198e-28 3.745750459292900963e-29 7.513610970180210069e-01 4.913346018251217203e-29 1.000000000000000000e+00 0.000000000000000000e+00 0.000000000000000000e+00 0.000000000000000000e+00 1.000000000000000000e+00 1.000000000000000000e+10 0.000000000000000000e+00 0.000000000000000000e+00 0.000000000000000000e+00 1.000000000000000000e+10
1.151847812808953542e+00 4.839151017819455802e+01 3.723230727796301665e+01 1.515943900435236458e+01 2.933620616684148308e-01 3.508719030650547666e+01 6.276032457414743112e-28 3.609558205106256328e-28 3.907955837921810114e-29 7.826120154146806174e-01 4.821699261621501479e-29 1.000000000000000000e+00 0.000000000000000000e+00 0.000000000000000000e+00 0.000000000000000000e+00 1.000000000000000000e+00 1.000000000000000000e+10 0.000000000000000000e+00 0.000000000000000000e+00 0.000000000000000000e+00 1.000000000000000000e+10
1.328413566614123908e+00 4.514762224555381920e+01 3.616741258890748156e+01 1.274762058393224606e+01 2.905869902754266709e-01 3.104379684418547924e+01 7.983676117282484754e-28 3.596284812223256902e-28 3.013830583839674914e-29 7.880833795614181625e-01 3.978186262589754392e-29 1.000000000000000000e+00 0.000000000000000000e+00 0.000000000000000000e+00 0.000000000000000000e+00 1.000000000000000000e+00 1.000000000000000000e+10 0.000000000000000000e+00 0.000000000000000000e+00 0.000000000000000000e+00 1.000000000000000000e+10
1.532044931926391351e+00 4.306003356604009724e+01 4.236710303625300611e+01 1.238667885864775542e+01 2.914456771643578192e-01 2.909192660065313163e+01 1.089616735521335566e-27 3.735554297844028864e-28 2.911975093011424404e-29 7.870724829753047436e-01 3.900287569548283741e-29 1.000000000000000000e+00 0.000000000000000000e+00 0.000000000000000000e+00 0.000000000000000000e+00 1.000000000000000000e+00 1.000000000000000000e+10 0.000000000000000000e+00 0.000000000000000000e+00 0.000000000000000000e+00 1.000000000000000000e+10
1.766890772896739126e+00 3.836361800058230642e+01 2.578772089999716144e+01 1.233175037491294113e+01 2.728444127209499470e-01 2.824302478374200831e+01 8.328832594420284837e-28 3.146321048743686437e-28 4.068495525374499735e-29 7.527823118444224582e-01 5.066782057896696981e-29 1.000000000000000000e+00 0.000000000000000000e+00 0.000000000000000000e+00 0.000000000000000000e+00 1.000000000000000000e+00 1.000000000000000000e+10 0.000000000000000000e+00 0.000000000000000000e+00 0.000000000000000000e+00 1.000000000000000000e+10
2.037735929469222107e+00 3.247484559029273044e+01 2.421329415257373086e+01 1.007175829907070153e+01 2.463463367298189821e-01 2.563985154973850200e+01 3.794249816537752867e-28 2.216103564502532915e-28 2.924423387187260005e-29 7.024056328704287866e-01 4.075297208889602371e-29 1.000000000000000000e+00 0.000000000000000000e+00 0.000000000000000000e+00 0.000000000000000000e+00 1.000000000000000000e+00 1.000000000000000000e+10 0.000000000000000000e+00 0.000000000000000000e+00 0.000000000000000000e+00 1.000000000000000000e+10
2.350098705559579226e+00 3.037217026047501633e+01 2.587876199302279900e+01 7.761103380705495880e+00 2.391607979485094460e-01 2.315665399692106519e+01 2.662496904895950802e-28 1.883114404101506874e-28 3.781740333713129763e-29 6.829066124833418350e-01 5.168771186369894167e-29 1.000000000000000000e+00 0.000000000000000000e+00 0.000000000000000000e+00 0.000000000000000000e+00 1.000000000000000000e+00 1.000000000000000000e+10 0.000000000000000000e+00 0.000000000000000000e+00 0.000000000000000000e+00 1.000000000000000000e+10
