# R (Mpc), mean rho (Msol/kpc^3), errup (Msol/kpc^3), errlow, std, median rho (Msol/kpc^3), mean pth (Msol/kpc/s^2), errup(Msol/kpc/s^2), errlow, std, median pth (Msol/kpc/s^2), mean gas-mass-weighted metal (fraction), errup, errlow, std, median metal, mean gas-mass-weighted temp (K), errup, errlow, std, median temp  
#  nprofs 183, mean mh 546524132233.102173, median mh 492375271097.591614 
#  Mass range 11.50 - 12.0
1.040961082911032697e-02 4.573090034365070751e+05 2.720282144999045995e+05 1.504696732312409149e+05 2.345212759542171510e-01 4.011611175865445402e+05 3.215301185989702530e-25 3.588240109383840760e-25 7.805496388197565477e-26 5.152929886443186058e-01 1.260078314850557284e-25 1.000000000000000000e+00 0.000000000000000000e+00 0.000000000000000000e+00 0.000000000000000000e+00 1.000000000000000000e+00 1.000000000000000000e+10 0.000000000000000000e+00 0.000000000000000000e+00 0.000000000000000000e+00 1.000000000000000000e+10
1.200529105910367808e-02 3.666331853994880803e+05 2.104389522931980318e+05 1.623095898293969803e+05 2.503806176838548336e-01 3.359611259217816987e+05 3.273641353020694216e-25 4.538936563610305802e-25 9.769540326250943779e-26 5.049727957236593845e-01 1.490499972769379402e-25 1.000000000000000000e+00 0.000000000000000000e+00 0.000000000000000000e+00 0.000000000000000000e+00 1.000000000000000000e+00 1.000000000000000000e+10 0.000000000000000000e+00 0.000000000000000000e+00 0.000000000000000000e+00 1.000000000000000000e+10
1.384557172980430476e-02 2.690876620848573511e+05 1.508821729146689468e+05 1.246087251310321299e+05 2.509067499723209305e-01 2.471470854641597543e+05 2.847302154280295626e-25 3.168294145412843500e-25 1.189415249639372376e-25 4.485780114879855951e-01 1.761249150622600670e-25 1.000000000000000000e+00 0.000000000000000000e+00 0.000000000000000000e+00 0.000000000000000000e+00 1.000000000000000000e+00 1.000000000000000000e+10 0.000000000000000000e+00 0.000000000000000000e+00 0.000000000000000000e+00 1.000000000000000000e+10
1.596794743096121086e-02 1.897805302154878736e+05 1.142191873576739163e+05 8.889931398287395132e+04 2.575603101849767151e-01 1.764790434656744765e+05 2.614643235920272940e-25 2.602013215479092582e-25 1.226805359833744406e-25 4.458656935883109629e-01 1.750071693674494557e-25 1.000000000000000000e+00 0.000000000000000000e+00 0.000000000000000000e+00 0.000000000000000000e+00 1.000000000000000000e+00 1.000000000000000000e+10 0.000000000000000000e+00 0.000000000000000000e+00 0.000000000000000000e+00 1.000000000000000000e+10
1.841566026551830909e-02 1.354073500539362431e+05 8.720938014146620117e+04 5.576383056999673136e+04 2.638673796554525941e-01 1.181488748345185450e+05 2.557582361754153823e-25 2.508494846432131853e-25 1.041207367772695736e-25 3.975607590144782932e-01 1.794652827203428071e-25 1.000000000000000000e+00 0.000000000000000000e+00 0.000000000000000000e+00 0.000000000000000000e+00 1.000000000000000000e+00 1.000000000000000000e+10 0.000000000000000000e+00 0.000000000000000000e+00 0.000000000000000000e+00 1.000000000000000000e+10
2.123858088093512342e-02 9.052693826624294161e+04 5.950321445151694934e+04 3.705424681629198312e+04 2.677912308621099302e-01 7.710027161350354436e+04 2.142191707419250526e-25 1.730615759589790728e-25 9.164028763561793827e-26 3.517729316228787040e-01 1.604709659183627569e-25 1.000000000000000000e+00 0.000000000000000000e+00 0.000000000000000000e+00 0.000000000000000000e+00 1.000000000000000000e+00 1.000000000000000000e+10 0.000000000000000000e+00 0.000000000000000000e+00 0.000000000000000000e+00 1.000000000000000000e+10
2.449422455303571639e-02 6.360292806643135555e+04 5.495934436320588429e+04 2.458889061391250289e+04 2.724283760670241916e-01 5.177068027544694633e+04 1.919834367920899972e-25 1.582635407372806746e-25 8.005559983563472766e-26 3.084160531226916580e-01 1.509568732070569219e-25 1.000000000000000000e+00 0.000000000000000000e+00 0.000000000000000000e+00 0.000000000000000000e+00 1.000000000000000000e+00 1.000000000000000000e+10 0.000000000000000000e+00 0.000000000000000000e+00 0.000000000000000000e+00 1.000000000000000000e+10
2.824892302447100725e-02 4.103345767450755375e+04 3.545255672174681968e+04 1.440523590118243374e+04 2.566328655135201586e-01 3.285936249107039475e+04 1.505125329712337262e-25 1.042258343518461819e-25 6.682046447143772595e-26 3.119726904808876600e-01 1.198566065776524941e-25 1.000000000000000000e+00 0.000000000000000000e+00 0.000000000000000000e+00 0.000000000000000000e+00 1.000000000000000000e+00 1.000000000000000000e+10 0.000000000000000000e+00 0.000000000000000000e+00 0.000000000000000000e+00 1.000000000000000000e+10
3.257917597328415654e-02 2.694709503825935099e+04 1.895168025596118969e+04 8.610335330976482510e+03 2.456686626346690494e-01 2.178132571215699136e+04 1.269414271177749793e-25 1.102780362956155461e-25 5.205345258471669272e-26 3.044547565596093519e-01 9.956686887446332856e-26 1.000000000000000000e+00 0.000000000000000000e+00 0.000000000000000000e+00 0.000000000000000000e+00 1.000000000000000000e+00 1.000000000000000000e+10 0.000000000000000000e+00 0.000000000000000000e+00 0.000000000000000000e+00 1.000000000000000000e+10
3.757320964692217186e-02 1.911912058478156905e+04 1.170859244557848979e+04 5.135115292662805587e+03 2.139130020846787272e-01 1.556333520671892438e+04 1.079389503083384971e-25 8.798935060428072778e-26 3.356479674454507429e-26 2.839704578270116353e-01 7.935912748917014170e-26 1.000000000000000000e+00 0.000000000000000000e+00 0.000000000000000000e+00 0.000000000000000000e+00 1.000000000000000000e+00 1.000000000000000000e+10 0.000000000000000000e+00 0.000000000000000000e+00 0.000000000000000000e+00 1.000000000000000000e+10
4.333277441790538143e-02 1.335782571946833559e+04 7.881178807999389392e+03 4.348728871332372364e+03 2.113120175175190740e-01 1.134091195889670780e+04 8.448961744650106709e-26 7.507936709263028056e-26 2.944297005379332502e-26 2.859624363367754274e-01 6.318464027816900900e-26 1.000000000000000000e+00 0.000000000000000000e+00 0.000000000000000000e+00 0.000000000000000000e+00 1.000000000000000000e+00 1.000000000000000000e+10 0.000000000000000000e+00 0.000000000000000000e+00 0.000000000000000000e+00 1.000000000000000000e+10
4.997521788524898756e-02 1.005138758389858049e+04 4.717822313863380259e+03 3.170395738184357469e+03 1.821068693107853742e-01 9.140589014357718042e+03 7.153009384819333018e-26 6.176925813312391940e-26 2.146394933418360309e-26 2.770414358504712515e-01 5.200789534020158707e-26 1.000000000000000000e+00 0.000000000000000000e+00 0.000000000000000000e+00 0.000000000000000000e+00 1.000000000000000000e+00 1.000000000000000000e+10 0.000000000000000000e+00 0.000000000000000000e+00 0.000000000000000000e+00 1.000000000000000000e+10
5.763587575980636674e-02 7.652228298833938425e+03 3.035035674571950949e+03 2.155426486971146915e+03 1.736349679555151682e-01 6.948443630314550319e+03 5.578461508048896081e-26 4.894729340822546810e-26 1.687932298984914812e-26 2.662377354027546383e-01 4.131890020973329823e-26 1.000000000000000000e+00 0.000000000000000000e+00 0.000000000000000000e+00 0.000000000000000000e+00 1.000000000000000000e+00 1.000000000000000000e+10 0.000000000000000000e+00 0.000000000000000000e+00 0.000000000000000000e+00 1.000000000000000000e+10
6.647082924635627776e-02 6.177717657519405293e+03 3.006409937118617563e+03 1.872032657848363669e+03 1.771753761783917969e-01 5.585621011926411484e+03 4.463485978188076504e-26 3.555494500495831527e-26 1.590495746205537385e-26 2.685171216849931430e-01 3.486808918859073801e-26 1.000000000000000000e+00 0.000000000000000000e+00 0.000000000000000000e+00 0.000000000000000000e+00 1.000000000000000000e+00 1.000000000000000000e+10 0.000000000000000000e+00 0.000000000000000000e+00 0.000000000000000000e+00 1.000000000000000000e+10
7.666008510240249207e-02 4.901776390777315100e+03 2.774117033715093385e+03 1.366220888832599030e+03 1.770148249598317569e-01 4.409999694975786952e+03 3.389252904087620112e-26 2.888618760585006709e-26 1.156837344431838180e-26 2.687565482110246262e-01 2.585316497082497182e-26 1.000000000000000000e+00 0.000000000000000000e+00 0.000000000000000000e+00 0.000000000000000000e+00 1.000000000000000000e+00 1.000000000000000000e+10 0.000000000000000000e+00 0.000000000000000000e+00 0.000000000000000000e+00 1.000000000000000000e+10
8.841124316543315376e-02 3.834168175986832011e+03 1.915680497938984900e+03 1.103129178403227797e+03 1.818839194769945877e-01 3.420203905552747074e+03 2.579777357095344686e-26 1.811739274989992127e-26 1.049934606800428858e-26 2.794014590159847322e-01 2.104925597465482120e-26 1.000000000000000000e+00 0.000000000000000000e+00 0.000000000000000000e+00 0.000000000000000000e+00 1.000000000000000000e+00 1.000000000000000000e+10 0.000000000000000000e+00 0.000000000000000000e+00 0.000000000000000000e+00 1.000000000000000000e+10
1.019637260722580097e-01 2.952367990318723969e+03 1.346506043707585377e+03 9.397914124645899392e+02 1.803368672326349231e-01 2.720764531068813085e+03 1.912852233503825047e-26 1.514176110730397482e-26 7.541474271290578567e-27 2.882385436606216822e-01 1.493317208467784303e-26 1.000000000000000000e+00 0.000000000000000000e+00 0.000000000000000000e+00 0.000000000000000000e+00 1.000000000000000000e+00 1.000000000000000000e+10 0.000000000000000000e+00 0.000000000000000000e+00 0.000000000000000000e+00 1.000000000000000000e+10
1.175936573483598035e-01 2.250811779496660165e+03 1.009783386905718089e+03 7.689986687439061370e+02 1.785010632027621835e-01 2.130048253953676976e+03 1.373275724976084565e-26 1.091342435532095480e-26 6.080192256890261667e-27 2.979695224292164268e-01 1.124489192131103529e-26 1.000000000000000000e+00 0.000000000000000000e+00 0.000000000000000000e+00 0.000000000000000000e+00 1.000000000000000000e+00 1.000000000000000000e+10 0.000000000000000000e+00 0.000000000000000000e+00 0.000000000000000000e+00 1.000000000000000000e+10
1.356194872553388164e-01 1.720087385604946121e+03 7.295460526177203064e+02 6.200386028304137653e+02 1.779531928974057431e-01 1.645414835028481320e+03 9.672474598228145234e-27 7.170276591375915747e-27 4.814837683143125597e-27 3.003979788498699066e-01 8.235009578705405257e-27 1.000000000000000000e+00 0.000000000000000000e+00 0.000000000000000000e+00 0.000000000000000000e+00 1.000000000000000000e+00 1.000000000000000000e+10 0.000000000000000000e+00 0.000000000000000000e+00 0.000000000000000000e+00 1.000000000000000000e+10
1.564084810196403053e-01 1.285988257713062239e+03 5.790829421944029036e+02 4.904781896644052495e+02 1.771526300989153258e-01 1.261808474365735492e+03 6.658527461652389901e-27 4.645312640933638527e-27 3.289024861273154631e-27 3.106701445543356699e-01 5.649206697217494489e-27 1.000000000000000000e+00 0.000000000000000000e+00 0.000000000000000000e+00 0.000000000000000000e+00 1.000000000000000000e+00 1.000000000000000000e+10 0.000000000000000000e+00 0.000000000000000000e+00 0.000000000000000000e+00 1.000000000000000000e+10
1.803842016362447453e-01 9.378009920402968191e+02 3.868577103979433787e+02 3.495306237693552021e+02 1.739694532875449562e-01 9.000137271016866407e+02 4.599789143193356235e-27 3.702411607515429482e-27 2.154980099831221689e-27 3.264529808157755064e-01 3.701427884517418569e-27 1.000000000000000000e+00 0.000000000000000000e+00 0.000000000000000000e+00 0.000000000000000000e+00 1.000000000000000000e+00 1.000000000000000000e+10 0.000000000000000000e+00 0.000000000000000000e+00 0.000000000000000000e+00 1.000000000000000000e+10
2.080351397048574025e-01 6.844650132334265891e+02 3.003497074870545021e+02 2.444456522634893645e+02 1.790917525415143263e-01 6.519191485057962154e+02 3.239608795908296652e-27 2.667602046398382809e-27 1.515731269444454280e-27 3.508301471226232260e-01 2.515853927717261822e-27 1.000000000000000000e+00 0.000000000000000000e+00 0.000000000000000000e+00 0.000000000000000000e+00 1.000000000000000000e+00 1.000000000000000000e+10 0.000000000000000000e+00 0.000000000000000000e+00 0.000000000000000000e+00 1.000000000000000000e+10
2.399246661262133540e-01 5.074308044699426432e+02 2.635713583242758773e+02 1.569801711082141082e+02 1.864219493259918203e-01 4.399977666604476667e+02 2.324826693507046686e-27 1.948421871473339196e-27 8.401819276051374230e-28 3.756016909519777069e-01 1.436034276707818335e-27 1.000000000000000000e+00 0.000000000000000000e+00 0.000000000000000000e+00 0.000000000000000000e+00 1.000000000000000000e+00 1.000000000000000000e+10 0.000000000000000000e+00 0.000000000000000000e+00 0.000000000000000000e+00 1.000000000000000000e+10
2.767025104385807399e-01 3.731054682541645775e+02 2.327443330552645193e+02 1.139057319988380925e+02 1.985026818023859496e-01 3.201463813142472645e+02 1.728868219016988139e-27 1.263979303202279803e-27 5.920923367861813325e-28 4.122238585820592327e-01 9.605697830364439575e-28 1.000000000000000000e+00 0.000000000000000000e+00 0.000000000000000000e+00 0.000000000000000000e+00 1.000000000000000000e+00 1.000000000000000000e+10 0.000000000000000000e+00 0.000000000000000000e+00 0.000000000000000000e+00 1.000000000000000000e+10
3.191179986585286343e-01 2.713114034879699830e+02 1.562893157448596071e+02 8.185838243387237867e+01 2.020736220892309920e-01 2.300473214592319664e+02 1.361108963590531406e-27 1.073338210144131431e-27 4.035043319951836824e-28 4.490673571353854254e-01 6.357903752876414939e-28 1.000000000000000000e+00 0.000000000000000000e+00 0.000000000000000000e+00 0.000000000000000000e+00 1.000000000000000000e+00 1.000000000000000000e+10 0.000000000000000000e+00 0.000000000000000000e+00 0.000000000000000000e+00 1.000000000000000000e+10
3.680353203388414540e-01 2.020807510214912384e+02 1.046267695152250496e+02 5.481508558970433853e+01 2.101805596426373490e-01 1.648474092465314413e+02 1.171182180325421233e-27 8.278218699152183622e-28 2.623402481940923970e-28 4.884026451439098526e-01 4.120304800098889096e-28 1.000000000000000000e+00 0.000000000000000000e+00 0.000000000000000000e+00 0.000000000000000000e+00 1.000000000000000000e+00 1.000000000000000000e+10 0.000000000000000000e+00 0.000000000000000000e+00 0.000000000000000000e+00 1.000000000000000000e+10
4.244511359005219142e-01 1.565622788255891464e+02 9.516818965328269542e+01 4.444357898787514216e+01 2.235536429615228304e-01 1.254413517943383454e+02 1.048253458667585484e-27 7.572493545111828226e-28 1.719027483862426006e-28 5.328198371280927770e-01 2.720430353995573090e-28 1.000000000000000000e+00 0.000000000000000000e+00 0.000000000000000000e+00 0.000000000000000000e+00 1.000000000000000000e+00 1.000000000000000000e+10 0.000000000000000000e+00 0.000000000000000000e+00 0.000000000000000000e+00 1.000000000000000000e+10
4.895148829774688681e-01 1.235410667156198770e+02 6.154454040425849826e+01 3.463829443097481686e+01 2.394902425929752166e-01 9.549601093374627681e+01 9.294892748423446419e-28 6.568356920989134106e-28 1.229676384882170575e-28 5.783630047845738087e-01 1.917919339170493787e-28 1.000000000000000000e+00 0.000000000000000000e+00 0.000000000000000000e+00 0.000000000000000000e+00 1.000000000000000000e+00 1.000000000000000000e+10 0.000000000000000000e+00 0.000000000000000000e+00 0.000000000000000000e+00 1.000000000000000000e+10
5.645521955031491679e-01 1.024469531310352579e+02 7.040172889763640285e+01 2.779475477978471076e+01 2.628503223755733753e-01 7.397351706177961717e+01 9.115429630239206596e-28 6.601344543443736710e-28 9.226331111895543626e-29 6.479449231081826355e-01 1.378878478139032866e-28 1.000000000000000000e+00 0.000000000000000000e+00 0.000000000000000000e+00 0.000000000000000000e+00 1.000000000000000000e+00 1.000000000000000000e+10 0.000000000000000000e+00 0.000000000000000000e+00 0.000000000000000000e+00 1.000000000000000000e+10
6.510919126887823039e-01 9.454353665741696489e+01 8.500719608075226574e+01 2.641718771310954139e+01 3.075248902373897697e-01 6.155096399885682246e+01 1.003677252851871341e-27 6.926143410309975419e-28 6.793091796335044081e-29 7.398239034950112591e-01 1.006709022630583212e-28 1.000000000000000000e+00 0.000000000000000000e+00 0.000000000000000000e+00 0.000000000000000000e+00 1.000000000000000000e+00 1.000000000000000000e+10 0.000000000000000000e+00 0.000000000000000000e+00 0.000000000000000000e+00 1.000000000000000000e+10
7.508972281844089602e-01 8.345336330777992373e+01 8.512491181799299511e+01 1.878845838150466818e+01 3.280587532336204926e-01 4.890004763049858383e+01 9.434996936266521092e-28 6.542268029676876325e-28 5.079688745014426787e-29 7.890081448977370737e-01 7.298614880711032957e-29 1.000000000000000000e+00 0.000000000000000000e+00 0.000000000000000000e+00 0.000000000000000000e+00 1.000000000000000000e+00 1.000000000000000000e+10 0.000000000000000000e+00 0.000000000000000000e+00 0.000000000000000000e+00 1.000000000000000000e+10
8.660016140678794550e-01 6.880526743869603479e+01 5.405358898365127374e+01 1.750368860428404005e+01 3.116482642597516173e-01 4.332099930362436879e+01 9.398754874574617933e-28 5.319279440105898619e-28 4.623446995508792954e-29 8.040295221034651219e-01 6.412095522342029619e-29 1.000000000000000000e+00 0.000000000000000000e+00 0.000000000000000000e+00 0.000000000000000000e+00 1.000000000000000000e+00 1.000000000000000000e+10 0.000000000000000000e+00 0.000000000000000000e+00 0.000000000000000000e+00 1.000000000000000000e+10
9.987502515910116063e-01 5.990285763159895538e+01 5.287037665786088070e+01 1.557476000981333186e+01 3.083859158240082610e-01 3.823786544152812183e+01 1.230027744378917988e-27 5.497817118852661715e-28 4.658961391493318575e-29 8.320093585944782211e-01 5.863098244028526943e-29 1.000000000000000000e+00 0.000000000000000000e+00 0.000000000000000000e+00 0.000000000000000000e+00 1.000000000000000000e+00 1.000000000000000000e+10 0.000000000000000000e+00 0.000000000000000000e+00 0.000000000000000000e+00 1.000000000000000000e+10
1.151847812808953542e+00 5.470930327301731921e+01 3.943598537221507172e+01 1.657693190363648128e+01 3.125654638674022490e-01 3.679203401195108825e+01 1.633067926086008293e-27 5.572655856652074190e-28 4.593578671389353872e-29 8.563578573279828632e-01 5.629557218213368991e-29 1.000000000000000000e+00 0.000000000000000000e+00 0.000000000000000000e+00 0.000000000000000000e+00 1.000000000000000000e+00 1.000000000000000000e+10 0.000000000000000000e+00 0.000000000000000000e+00 0.000000000000000000e+00 1.000000000000000000e+10
1.328413566614123908e+00 5.173653539416379488e+01 3.719829016995019089e+01 1.547950123811215306e+01 3.098433804051419216e-01 3.384677840260557247e+01 2.047621844739946365e-27 5.275606882318919758e-28 4.645045080879163704e-29 8.527988303092831623e-01 5.672846578413800023e-29 1.000000000000000000e+00 0.000000000000000000e+00 0.000000000000000000e+00 0.000000000000000000e+00 1.000000000000000000e+00 1.000000000000000000e+10 0.000000000000000000e+00 0.000000000000000000e+00 0.000000000000000000e+00 1.000000000000000000e+10
1.532044931926391351e+00 4.766304768301360184e+01 4.437622928228316965e+01 1.291518337722163423e+01 3.065916636029759057e-01 3.059784839191356554e+01 1.705587425230569905e-27 4.393050406689348058e-28 5.203841338075063700e-29 8.287128351729589060e-01 6.214056120110197719e-29 1.000000000000000000e+00 0.000000000000000000e+00 0.000000000000000000e+00 0.000000000000000000e+00 1.000000000000000000e+00 1.000000000000000000e+10 0.000000000000000000e+00 0.000000000000000000e+00 0.000000000000000000e+00 1.000000000000000000e+10
1.766890772896739126e+00 4.016464490437583379e+01 2.565694353662047789e+01 1.320713164322918054e+01 2.795119926339842409e-01 2.901846649562802938e+01 1.030131766833079631e-27 3.343203551766041250e-28 5.195190641187445292e-29 7.822751328855142017e-01 6.341366477228011293e-29 1.000000000000000000e+00 0.000000000000000000e+00 0.000000000000000000e+00 0.000000000000000000e+00 1.000000000000000000e+00 1.000000000000000000e+10 0.000000000000000000e+00 0.000000000000000000e+00 0.000000000000000000e+00 1.000000000000000000e+10
2.037735929469222107e+00 3.365124373239698485e+01 2.418278369195341071e+01 1.104903076471306456e+01 2.520806921070417039e-01 2.678617743550469754e+01 4.496517851015181290e-28 2.948237877181725860e-28 3.660335726536792484e-29 7.297988515686030242e-01 4.940338512603566229e-29 1.000000000000000000e+00 0.000000000000000000e+00 0.000000000000000000e+00 0.000000000000000000e+00 1.000000000000000000e+00 1.000000000000000000e+10 0.000000000000000000e+00 0.000000000000000000e+00 0.000000000000000000e+00 1.000000000000000000e+10
2.350098705559579226e+00 3.139331142625060522e+01 2.678222733069487660e+01 7.426783247724259240e+00 2.423882379979475643e-01 2.351439673803851704e+01 3.242649730913099015e-28 2.408849803481787154e-28 4.839113585111461052e-29 6.974296822910053262e-01 6.263673071692593988e-29 1.000000000000000000e+00 0.000000000000000000e+00 0.000000000000000000e+00 0.000000000000000000e+00 1.000000000000000000e+00 1.000000000000000000e+10 0.000000000000000000e+00 0.000000000000000000e+00 0.000000000000000000e+00 1.000000000000000000e+10
