# R (Mpc), mean rho (Msol/kpc^3), errup (Msol/kpc^3), errlow, std, median rho (Msol/kpc^3), mean pth (Msol/kpc/s^2), errup(Msol/kpc/s^2), errlow, std, median pth (Msol/kpc/s^2), mean gas-mass-weighted metal (fraction), errup, errlow, std, median metal, mean gas-mass-weighted temp (K), errup, errlow, std, median temp  
#  nprofs 182, mean mh 547852663800.735046, median mh 505930918052.785889 
#  Mass range 11.50 - 12.0
1.040961082911032697e-02 4.612943168738574605e+05 2.325735231347486842e+05 1.833101214203955897e+05 2.485789066516242429e-01 4.221889606580096297e+05 2.496357279691642176e-25 3.171923669122952517e-25 5.495566827158108614e-26 4.755727474520250464e-01 1.010503620177018518e-25 1.000000000000000000e+00 0.000000000000000000e+00 0.000000000000000000e+00 0.000000000000000000e+00 1.000000000000000000e+00 1.000000000000000000e+10 0.000000000000000000e+00 0.000000000000000000e+00 0.000000000000000000e+00 1.000000000000000000e+10
1.200529105910367808e-02 3.466754386228256626e+05 1.609693477663078811e+05 1.493641908324552351e+05 2.383515424281244244e-01 3.273204132061220007e+05 2.793928741248679528e-25 3.665866324796742148e-25 8.057127355356115709e-26 4.878108097604422766e-01 1.252996347343212663e-25 1.000000000000000000e+00 0.000000000000000000e+00 0.000000000000000000e+00 0.000000000000000000e+00 1.000000000000000000e+00 1.000000000000000000e+10 0.000000000000000000e+00 0.000000000000000000e+00 0.000000000000000000e+00 1.000000000000000000e+10
1.384557172980430476e-02 2.576575678200098337e+05 1.444708372548875050e+05 1.040891271610994299e+05 2.514025290698777559e-01 2.406905484399729758e+05 2.490221141120328727e-25 2.514629417883002763e-25 1.192069510617197090e-25 4.478171622001468899e-01 1.689295350600622489e-25 1.000000000000000000e+00 0.000000000000000000e+00 0.000000000000000000e+00 0.000000000000000000e+00 1.000000000000000000e+00 1.000000000000000000e+10 0.000000000000000000e+00 0.000000000000000000e+00 0.000000000000000000e+00 1.000000000000000000e+10
1.596794743096121086e-02 1.909543983820638387e+05 1.128781059336023754e+05 8.276121498717906070e+04 2.604579000344081630e-01 1.768816578042108449e+05 2.408571278623496461e-25 3.295124279853946068e-25 8.614234594066400049e-26 4.090941233410477218e-01 1.470459641338749430e-25 1.000000000000000000e+00 0.000000000000000000e+00 0.000000000000000000e+00 0.000000000000000000e+00 1.000000000000000000e+00 1.000000000000000000e+10 0.000000000000000000e+00 0.000000000000000000e+00 0.000000000000000000e+00 1.000000000000000000e+10
1.841566026551830909e-02 1.326681670593720919e+05 8.671886381091509247e+04 6.395859864129945345e+04 2.696220103813364855e-01 1.226366818161146075e+05 2.339802298324158451e-25 1.900853174415081608e-25 1.022377584973580010e-25 3.798359160051690830e-01 1.699413361054084938e-25 1.000000000000000000e+00 0.000000000000000000e+00 0.000000000000000000e+00 0.000000000000000000e+00 1.000000000000000000e+00 1.000000000000000000e+10 0.000000000000000000e+00 0.000000000000000000e+00 0.000000000000000000e+00 1.000000000000000000e+10
2.123858088093512342e-02 8.928953179551716312e+04 6.360107346105344186e+04 3.875477366706100293e+04 2.591287882780305973e-01 7.729984155243118585e+04 2.035213720186994086e-25 1.553287336847062018e-25 9.017579251710239632e-26 3.335818631210542562e-01 1.586586655669221470e-25 1.000000000000000000e+00 0.000000000000000000e+00 0.000000000000000000e+00 0.000000000000000000e+00 1.000000000000000000e+00 1.000000000000000000e+10 0.000000000000000000e+00 0.000000000000000000e+00 0.000000000000000000e+00 1.000000000000000000e+10
2.449422455303571639e-02 5.920055267385751358e+04 4.389366394953504641e+04 1.932969248155839159e+04 2.693854882479912449e-01 4.758024108653829171e+04 1.832938794904605893e-25 1.451586009468952649e-25 7.107172691466921342e-26 3.174550510999090136e-01 1.403598293605241876e-25 1.000000000000000000e+00 0.000000000000000000e+00 0.000000000000000000e+00 0.000000000000000000e+00 1.000000000000000000e+00 1.000000000000000000e+10 0.000000000000000000e+00 0.000000000000000000e+00 0.000000000000000000e+00 1.000000000000000000e+10
2.824892302447100725e-02 3.936185429183152883e+04 2.818734878203368135e+04 1.177569799828817486e+04 2.513235646572332116e-01 3.160023655178003537e+04 1.487003408906388542e-25 1.160901507471673428e-25 5.335580654728723430e-26 3.032655196535347653e-01 1.109057817159993619e-25 1.000000000000000000e+00 0.000000000000000000e+00 0.000000000000000000e+00 0.000000000000000000e+00 1.000000000000000000e+00 1.000000000000000000e+10 0.000000000000000000e+00 0.000000000000000000e+00 0.000000000000000000e+00 1.000000000000000000e+10
3.257917597328415654e-02 2.629981378304599275e+04 1.341733458475361113e+04 9.388832418109741411e+03 2.296643503165562428e-01 2.218096120874653570e+04 1.268223315791392804e-25 8.588457428118975280e-26 4.530160709237605123e-26 2.875091826137589623e-01 9.665232287923688140e-26 1.000000000000000000e+00 0.000000000000000000e+00 0.000000000000000000e+00 0.000000000000000000e+00 1.000000000000000000e+00 1.000000000000000000e+10 0.000000000000000000e+00 0.000000000000000000e+00 0.000000000000000000e+00 1.000000000000000000e+10
3.757320964692217186e-02 1.874109838221791870e+04 7.918324077991193917e+03 6.550637623461585463e+03 2.142888271346717333e-01 1.686438878140172892e+04 1.030607698839640888e-25 7.042486140146700056e-26 4.024913103724198874e-26 2.864674971840880935e-01 8.260639094612120205e-26 1.000000000000000000e+00 0.000000000000000000e+00 0.000000000000000000e+00 0.000000000000000000e+00 1.000000000000000000e+00 1.000000000000000000e+10 0.000000000000000000e+00 0.000000000000000000e+00 0.000000000000000000e+00 1.000000000000000000e+10
4.333277441790538143e-02 1.376243055575944345e+04 7.437086888303958403e+03 4.195534558388058031e+03 2.006123656834254698e-01 1.211804386578626873e+04 8.477684653673232841e-26 5.379421911951742656e-26 2.995728858228529882e-26 2.779381732886089251e-01 6.573315816467096846e-26 1.000000000000000000e+00 0.000000000000000000e+00 0.000000000000000000e+00 0.000000000000000000e+00 1.000000000000000000e+00 1.000000000000000000e+10 0.000000000000000000e+00 0.000000000000000000e+00 0.000000000000000000e+00 1.000000000000000000e+10
4.997521788524898756e-02 1.034850928887115333e+04 4.396378823764240224e+03 3.078118947235188898e+03 1.911049599344853411e-01 9.364307520095966538e+03 7.032876815749007887e-26 4.856853776844547551e-26 2.614819210933283487e-26 2.802646939795584435e-01 5.336681236487034806e-26 1.000000000000000000e+00 0.000000000000000000e+00 0.000000000000000000e+00 0.000000000000000000e+00 1.000000000000000000e+00 1.000000000000000000e+10 0.000000000000000000e+00 0.000000000000000000e+00 0.000000000000000000e+00 1.000000000000000000e+10
5.763587575980636674e-02 7.908871933220447318e+03 3.395855603619413159e+03 2.458789759359417985e+03 1.836244303604467332e-01 7.172659892696550742e+03 5.577203979560022383e-26 3.798599070278700569e-26 1.836676623133227554e-26 2.772160040160162597e-01 4.219057375075687196e-26 1.000000000000000000e+00 0.000000000000000000e+00 0.000000000000000000e+00 0.000000000000000000e+00 1.000000000000000000e+00 1.000000000000000000e+10 0.000000000000000000e+00 0.000000000000000000e+00 0.000000000000000000e+00 1.000000000000000000e+10
6.647082924635627776e-02 6.269865829707527155e+03 2.520912578895418847e+03 1.818801330573086489e+03 1.678460222319975714e-01 5.742578449395487041e+03 4.518188538529471279e-26 3.087940562323776032e-26 1.598496855549196082e-26 2.754698143269354027e-01 3.421197759479490543e-26 1.000000000000000000e+00 0.000000000000000000e+00 0.000000000000000000e+00 0.000000000000000000e+00 1.000000000000000000e+00 1.000000000000000000e+10 0.000000000000000000e+00 0.000000000000000000e+00 0.000000000000000000e+00 1.000000000000000000e+10
7.666008510240249207e-02 4.811336544206037615e+03 2.047127503676875676e+03 1.405808600518230833e+03 1.666105736035851936e-01 4.449354574243934621e+03 3.387928910957751508e-26 2.770418826032298101e-26 1.172418346655109749e-26 2.777691043075056765e-01 2.592090845875224076e-26 1.000000000000000000e+00 0.000000000000000000e+00 0.000000000000000000e+00 0.000000000000000000e+00 1.000000000000000000e+00 1.000000000000000000e+10 0.000000000000000000e+00 0.000000000000000000e+00 0.000000000000000000e+00 1.000000000000000000e+10
8.841124316543315376e-02 3.807491731010468357e+03 1.761805382719685440e+03 1.105509088589290513e+03 1.762890460487313571e-01 3.395354520971224701e+03 2.531166559571520792e-26 2.054989680731175956e-26 9.660047490688038633e-27 2.775518800271789543e-01 2.016294038821052267e-26 1.000000000000000000e+00 0.000000000000000000e+00 0.000000000000000000e+00 0.000000000000000000e+00 1.000000000000000000e+00 1.000000000000000000e+10 0.000000000000000000e+00 0.000000000000000000e+00 0.000000000000000000e+00 1.000000000000000000e+10
1.019637260722580097e-01 2.911112107341512910e+03 1.475949773685529635e+03 7.941565733995462324e+02 1.790154878017390927e-01 2.569973955203823152e+03 1.873059781344475193e-26 1.491258296189317639e-26 7.742168093733381548e-27 2.890007092208531359e-01 1.523068776634393886e-26 1.000000000000000000e+00 0.000000000000000000e+00 0.000000000000000000e+00 0.000000000000000000e+00 1.000000000000000000e+00 1.000000000000000000e+10 0.000000000000000000e+00 0.000000000000000000e+00 0.000000000000000000e+00 1.000000000000000000e+10
1.175936573483598035e-01 2.254004458282386167e+03 1.154540405404941339e+03 8.062617559668221929e+02 1.819465574328894275e-01 2.109306427615167195e+03 1.349928339153224057e-26 1.133943977122721470e-26 5.902344914366974294e-27 2.988959042199088589e-01 1.077142941512401375e-26 1.000000000000000000e+00 0.000000000000000000e+00 0.000000000000000000e+00 0.000000000000000000e+00 1.000000000000000000e+00 1.000000000000000000e+10 0.000000000000000000e+00 0.000000000000000000e+00 0.000000000000000000e+00 1.000000000000000000e+10
1.356194872553388164e-01 1.725736836617171548e+03 9.151468345868986489e+02 6.449337676610401786e+02 1.860193576596365916e-01 1.621905393602311278e+03 9.494723629402744047e-27 7.967132881856649736e-27 3.998712479588391135e-27 3.080873588269971153e-01 7.450795073732755884e-27 1.000000000000000000e+00 0.000000000000000000e+00 0.000000000000000000e+00 0.000000000000000000e+00 1.000000000000000000e+00 1.000000000000000000e+10 0.000000000000000000e+00 0.000000000000000000e+00 0.000000000000000000e+00 1.000000000000000000e+10
1.564084810196403053e-01 1.273456346144053896e+03 6.051988749924041713e+02 4.418172744724448648e+02 1.813244900845084051e-01 1.171419033265941380e+03 6.538180843503452236e-27 5.745969281608160892e-27 2.817511343594039627e-27 3.164935103175934294e-01 5.062255913638306656e-27 1.000000000000000000e+00 0.000000000000000000e+00 0.000000000000000000e+00 0.000000000000000000e+00 1.000000000000000000e+00 1.000000000000000000e+10 0.000000000000000000e+00 0.000000000000000000e+00 0.000000000000000000e+00 1.000000000000000000e+10
1.803842016362447453e-01 9.362687372847516372e+02 4.494719315378424653e+02 3.348367921539960435e+02 1.803173368024521550e-01 8.742897314464246392e+02 4.519286226616555154e-27 3.819280090855695790e-27 1.983580264101025061e-27 3.290439045087589776e-01 3.519851417074044154e-27 1.000000000000000000e+00 0.000000000000000000e+00 0.000000000000000000e+00 0.000000000000000000e+00 1.000000000000000000e+00 1.000000000000000000e+10 0.000000000000000000e+00 0.000000000000000000e+00 0.000000000000000000e+00 1.000000000000000000e+10
2.080351397048574025e-01 6.778581936196962943e+02 3.385994659750581377e+02 2.080827534179545069e+02 1.718898714259265714e-01 6.204079771810497732e+02 3.105819604786820642e-27 2.676483200313798055e-27 1.314001831401286083e-27 3.384030300156893878e-01 2.316638811785074853e-27 1.000000000000000000e+00 0.000000000000000000e+00 0.000000000000000000e+00 0.000000000000000000e+00 1.000000000000000000e+00 1.000000000000000000e+10 0.000000000000000000e+00 0.000000000000000000e+00 0.000000000000000000e+00 1.000000000000000000e+10
2.399246661262133540e-01 5.080577510418443694e+02 2.666969803737421216e+02 1.540377402070479320e+02 1.794048720703458888e-01 4.545547169214506766e+02 2.220782225755186244e-27 1.714233513814273393e-27 8.751535031309024734e-28 3.606535405469700750e-01 1.510249665480036869e-27 1.000000000000000000e+00 0.000000000000000000e+00 0.000000000000000000e+00 0.000000000000000000e+00 1.000000000000000000e+00 1.000000000000000000e+10 0.000000000000000000e+00 0.000000000000000000e+00 0.000000000000000000e+00 1.000000000000000000e+10
2.767025104385807399e-01 3.823892354987119120e+02 2.241163362730602557e+02 1.071924673827857362e+02 2.008914102476977714e-01 3.209731009884282003e+02 1.696637976900391319e-27 1.371331211342819268e-27 5.792558189961352994e-28 4.045550576592484848e-01 9.548278479697968991e-28 1.000000000000000000e+00 0.000000000000000000e+00 0.000000000000000000e+00 0.000000000000000000e+00 1.000000000000000000e+00 1.000000000000000000e+10 0.000000000000000000e+00 0.000000000000000000e+00 0.000000000000000000e+00 1.000000000000000000e+10
3.191179986585286343e-01 2.777819075187163662e+02 1.669829824559689655e+02 8.207271544746666336e+01 2.038934549452491307e-01 2.349354101047060794e+02 1.342110987048352932e-27 1.075852700726786702e-27 4.016778913842574282e-28 4.440562153727717898e-01 6.453667015966126054e-28 1.000000000000000000e+00 0.000000000000000000e+00 0.000000000000000000e+00 0.000000000000000000e+00 1.000000000000000000e+00 1.000000000000000000e+10 0.000000000000000000e+00 0.000000000000000000e+00 0.000000000000000000e+00 1.000000000000000000e+10
3.680353203388414540e-01 2.045086098465560269e+02 1.169890623851529483e+02 5.083487882393740165e+01 2.097637097604789780e-01 1.646187987185835198e+02 1.153540199711650769e-27 8.336620167482067673e-28 2.591545493818884446e-28 4.878287439210975962e-01 4.286248961130606301e-28 1.000000000000000000e+00 0.000000000000000000e+00 0.000000000000000000e+00 0.000000000000000000e+00 1.000000000000000000e+00 1.000000000000000000e+10 0.000000000000000000e+00 0.000000000000000000e+00 0.000000000000000000e+00 1.000000000000000000e+10
4.244511359005219142e-01 1.582470950616029768e+02 1.004087162011296925e+02 4.250040842942371455e+01 2.241530414922435488e-01 1.248827299288082884e+02 1.015057554730706940e-27 6.419219708871960606e-28 1.751418952837591700e-28 5.316438649362219548e-01 2.796262314152381470e-28 1.000000000000000000e+00 0.000000000000000000e+00 0.000000000000000000e+00 0.000000000000000000e+00 1.000000000000000000e+00 1.000000000000000000e+10 0.000000000000000000e+00 0.000000000000000000e+00 0.000000000000000000e+00 1.000000000000000000e+10
4.895148829774688681e-01 1.242777615683453547e+02 7.140009871816357645e+01 3.416899401388825908e+01 2.423823669043130014e-01 9.572812399890108281e+01 9.118524474701158814e-28 6.092892852438321916e-28 1.202647837107507865e-28 5.777295392507398875e-01 1.851113008115081626e-28 1.000000000000000000e+00 0.000000000000000000e+00 0.000000000000000000e+00 0.000000000000000000e+00 1.000000000000000000e+00 1.000000000000000000e+10 0.000000000000000000e+00 0.000000000000000000e+00 0.000000000000000000e+00 1.000000000000000000e+10
5.645521955031491679e-01 1.023144205017258770e+02 7.451117621218730847e+01 2.945476528170490838e+01 2.645776084002813278e-01 7.506651310026333590e+01 9.143301492533377567e-28 5.847677859773552434e-28 8.186905596438786253e-29 6.504716330504154431e-01 1.276457990423724174e-28 1.000000000000000000e+00 0.000000000000000000e+00 0.000000000000000000e+00 0.000000000000000000e+00 1.000000000000000000e+00 1.000000000000000000e+10 0.000000000000000000e+00 0.000000000000000000e+00 0.000000000000000000e+00 1.000000000000000000e+10
6.510919126887823039e-01 9.483007281711408609e+01 8.962014738101703415e+01 2.611022204458936358e+01 3.082915964578246126e-01 6.213728244685376012e+01 9.667892559913374446e-28 6.553868263465438920e-28 5.751660136793931276e-29 7.372557128070557075e-01 8.831984945610676916e-29 1.000000000000000000e+00 0.000000000000000000e+00 0.000000000000000000e+00 0.000000000000000000e+00 1.000000000000000000e+00 1.000000000000000000e+10 0.000000000000000000e+00 0.000000000000000000e+00 0.000000000000000000e+00 1.000000000000000000e+10
7.508972281844089602e-01 8.293078568074352575e+01 8.551454534743209024e+01 2.012601482898652350e+01 3.259439831336212734e-01 5.044104648122015533e+01 9.323562836920858926e-28 6.296625448973608995e-28 5.184395330247893713e-29 7.872064875080715396e-01 7.258066842624882798e-29 1.000000000000000000e+00 0.000000000000000000e+00 0.000000000000000000e+00 0.000000000000000000e+00 1.000000000000000000e+00 1.000000000000000000e+10 0.000000000000000000e+00 0.000000000000000000e+00 0.000000000000000000e+00 1.000000000000000000e+10
8.660016140678794550e-01 6.880623915339026553e+01 5.934551215347808295e+01 1.842554027552538187e+01 3.125913673804241455e-01 4.388420093717932957e+01 9.207742728788760121e-28 4.644681443660435501e-28 4.500565790314657387e-29 8.025342381764895006e-01 6.330564547294687939e-29 1.000000000000000000e+00 0.000000000000000000e+00 0.000000000000000000e+00 0.000000000000000000e+00 1.000000000000000000e+00 1.000000000000000000e+10 0.000000000000000000e+00 0.000000000000000000e+00 0.000000000000000000e+00 1.000000000000000000e+10
9.987502515910116063e-01 5.979213374313381024e+01 5.128407042683296169e+01 1.714601370826506255e+01 3.062200664288428076e-01 3.971413081291193947e+01 1.194664503616288857e-27 5.339612854168804348e-28 4.709231165999198215e-29 8.177059662332710754e-01 5.944895549691820027e-29 1.000000000000000000e+00 0.000000000000000000e+00 0.000000000000000000e+00 0.000000000000000000e+00 1.000000000000000000e+00 1.000000000000000000e+10 0.000000000000000000e+00 0.000000000000000000e+00 0.000000000000000000e+00 1.000000000000000000e+10
1.151847812808953542e+00 5.530128040574582116e+01 3.841004835688681140e+01 1.688989027664397113e+01 3.128689074191283725e-01 3.690395087475013014e+01 1.681481045857448088e-27 5.120566762235461186e-28 4.915464378978805700e-29 8.361766932974910027e-01 5.982979018050961854e-29 1.000000000000000000e+00 0.000000000000000000e+00 0.000000000000000000e+00 0.000000000000000000e+00 1.000000000000000000e+00 1.000000000000000000e+10 0.000000000000000000e+00 0.000000000000000000e+00 0.000000000000000000e+00 1.000000000000000000e+10
1.328413566614123908e+00 5.279699686447374063e+01 4.066227567429650236e+01 1.599005700585404455e+01 3.120014165735018330e-01 3.430645416594895636e+01 2.136767644418681979e-27 4.814856240268430955e-28 4.062940533862575399e-29 8.395302564303128712e-01 5.191734942005357972e-29 1.000000000000000000e+00 0.000000000000000000e+00 0.000000000000000000e+00 0.000000000000000000e+00 1.000000000000000000e+00 1.000000000000000000e+10 0.000000000000000000e+00 0.000000000000000000e+00 0.000000000000000000e+00 1.000000000000000000e+10
1.532044931926391351e+00 4.818791106800637891e+01 4.367276149751280911e+01 1.292323071586186600e+01 3.069454975725444124e-01 3.045101352234125613e+01 1.814185369677988429e-27 4.336000407737105514e-28 4.760756803719662062e-29 8.182763121413364482e-01 5.845940021683615711e-29 1.000000000000000000e+00 0.000000000000000000e+00 0.000000000000000000e+00 0.000000000000000000e+00 1.000000000000000000e+00 1.000000000000000000e+10 0.000000000000000000e+00 0.000000000000000000e+00 0.000000000000000000e+00 1.000000000000000000e+10
1.766890772896739126e+00 4.046563778993971994e+01 2.651502785494000491e+01 1.251407461451809766e+01 2.778101726794951487e-01 2.894659891863474499e+01 1.059736823896478435e-27 3.287035884299427109e-28 4.677317952090871396e-29 7.694035744958145351e-01 5.881992004062028516e-29 1.000000000000000000e+00 0.000000000000000000e+00 0.000000000000000000e+00 0.000000000000000000e+00 1.000000000000000000e+00 1.000000000000000000e+10 0.000000000000000000e+00 0.000000000000000000e+00 0.000000000000000000e+00 1.000000000000000000e+10
2.037735929469222107e+00 3.414674842554990164e+01 2.625867662005611081e+01 1.046014506780674580e+01 2.541574822180525106e-01 2.630953611724671148e+01 4.625425810400145447e-28 3.331984609431215378e-28 3.943226054127373852e-29 7.245800378469098302e-01 5.276007377355207984e-29 1.000000000000000000e+00 0.000000000000000000e+00 0.000000000000000000e+00 0.000000000000000000e+00 1.000000000000000000e+00 1.000000000000000000e+10 0.000000000000000000e+00 0.000000000000000000e+00 0.000000000000000000e+00 1.000000000000000000e+10
2.350098705559579226e+00 3.139291052800586357e+01 2.716515036498411817e+01 7.841676555158789697e+00 2.431511558436500742e-01 2.369364035563499371e+01 3.084297161245613213e-28 2.297077558498744365e-28 4.556920273564960654e-29 6.942365076107609445e-01 6.002254667781907759e-29 1.000000000000000000e+00 0.000000000000000000e+00 0.000000000000000000e+00 0.000000000000000000e+00 1.000000000000000000e+00 1.000000000000000000e+10 0.000000000000000000e+00 0.000000000000000000e+00 0.000000000000000000e+00 1.000000000000000000e+10
