# R (Mpc), mean rho (Msol/kpc^3), errup (Msol/kpc^3), errlow, std, median rho (Msol/kpc^3), mean pth (Msol/kpc/s^2), errup(Msol/kpc/s^2), errlow, std, median pth (Msol/kpc/s^2), mean gas-mass-weighted metal (fraction), errup, errlow, std, median metal, mean gas-mass-weighted temp (K), errup, errlow, std, median temp  
#  nprofs 361, mean mh 215842550464.149292, median mh 206502179171.534180 
#  Mass range 11.00 - 11.5
1.040961082911032697e-02 1.304535257205939997e+05 6.120470210188596684e+04 4.827315251278395590e+04 2.302504819492693922e-01 1.188894306284689374e+05 8.214940984022310545e-26 9.453524223698394981e-26 1.212208015770540117e-26 4.656221159031899703e-01 2.800441650905214995e-26 1.000000000000000000e+00 0.000000000000000000e+00 0.000000000000000000e+00 0.000000000000000000e+00 1.000000000000000000e+00 1.000000000000000000e+10 0.000000000000000000e+00 0.000000000000000000e+00 0.000000000000000000e+00 1.000000000000000000e+10
1.200529105910367808e-02 9.918826184887238196e+04 5.995491235890203097e+04 3.750037199629316456e+04 2.515734925574989456e-01 8.753448868584846787e+04 7.396161762168265845e-26 8.974905923050846887e-26 1.422160418438911719e-26 4.606797100503104980e-01 2.898871757810562379e-26 1.000000000000000000e+00 0.000000000000000000e+00 0.000000000000000000e+00 0.000000000000000000e+00 1.000000000000000000e+00 1.000000000000000000e+10 0.000000000000000000e+00 0.000000000000000000e+00 0.000000000000000000e+00 1.000000000000000000e+10
1.384557172980430476e-02 7.431939834485543543e+04 4.948596975502961868e+04 2.933600328350864584e+04 2.587624026965210655e-01 6.465987174160836003e+04 6.535219515249640766e-26 8.384828644469259349e-26 2.491516725532849773e-26 4.390761684434547618e-01 3.849255466834966237e-26 1.000000000000000000e+00 0.000000000000000000e+00 0.000000000000000000e+00 0.000000000000000000e+00 1.000000000000000000e+00 1.000000000000000000e+10 0.000000000000000000e+00 0.000000000000000000e+00 0.000000000000000000e+00 1.000000000000000000e+10
1.596794743096121086e-02 5.621464078760435950e+04 3.722888902218668227e+04 2.431087569821023135e+04 2.846321210684394920e-01 5.000191044980995503e+04 5.525156273499711640e-26 5.607282971445380356e-26 2.076685884510388495e-26 3.801822966296315442e-01 3.735314976019146400e-26 1.000000000000000000e+00 0.000000000000000000e+00 0.000000000000000000e+00 0.000000000000000000e+00 1.000000000000000000e+00 1.000000000000000000e+10 0.000000000000000000e+00 0.000000000000000000e+00 0.000000000000000000e+00 1.000000000000000000e+10
1.841566026551830909e-02 4.064957834633091261e+04 2.991972905935046583e+04 1.708231897604636106e+04 2.739001641403753240e-01 3.480754418882841856e+04 5.012051354274281107e-26 5.081779769306035638e-26 1.829894355147601562e-26 3.472780513444135853e-01 3.455664645842401646e-26 1.000000000000000000e+00 0.000000000000000000e+00 0.000000000000000000e+00 0.000000000000000000e+00 1.000000000000000000e+00 1.000000000000000000e+10 0.000000000000000000e+00 0.000000000000000000e+00 0.000000000000000000e+00 1.000000000000000000e+10
2.123858088093512342e-02 2.867071447140787495e+04 2.496853772916397793e+04 1.127893317067337557e+04 2.895835800658796422e-01 2.341685642754625951e+04 4.007349241559143263e-26 3.072467326805916476e-26 1.797355304248822120e-26 3.188813100865904859e-01 3.226679972276387001e-26 1.000000000000000000e+00 0.000000000000000000e+00 0.000000000000000000e+00 0.000000000000000000e+00 1.000000000000000000e+00 1.000000000000000000e+10 0.000000000000000000e+00 0.000000000000000000e+00 0.000000000000000000e+00 1.000000000000000000e+10
2.449422455303571639e-02 1.960280021537429275e+04 1.482431993231416709e+04 8.674916602568013332e+03 3.146752646970165657e-01 1.660388697163550387e+04 3.390917612758417125e-26 2.145995546460239337e-26 1.324080139369457623e-26 2.738245606110079056e-01 2.808419168373797255e-26 1.000000000000000000e+00 0.000000000000000000e+00 0.000000000000000000e+00 0.000000000000000000e+00 1.000000000000000000e+00 1.000000000000000000e+10 0.000000000000000000e+00 0.000000000000000000e+00 0.000000000000000000e+00 1.000000000000000000e+10
2.824892302447100725e-02 1.303276501964317504e+04 1.119949685271021372e+04 5.158621279665670954e+03 2.898524425365777146e-01 1.045898340458945677e+04 2.969905327142393634e-26 2.045206957190089333e-26 1.131553873485667765e-26 2.745466419158577032e-01 2.471017483492965890e-26 1.000000000000000000e+00 0.000000000000000000e+00 0.000000000000000000e+00 0.000000000000000000e+00 1.000000000000000000e+00 1.000000000000000000e+10 0.000000000000000000e+00 0.000000000000000000e+00 0.000000000000000000e+00 1.000000000000000000e+10
3.257917597328415654e-02 8.660187253478774437e+03 5.986107654409052884e+03 3.642523555529909572e+03 2.765306488316049971e-01 7.436255352851790121e+03 2.432675360671182669e-26 1.440476760616617602e-26 9.466963270288699444e-27 2.559980470535808128e-01 2.081126183271466294e-26 1.000000000000000000e+00 0.000000000000000000e+00 0.000000000000000000e+00 0.000000000000000000e+00 1.000000000000000000e+00 1.000000000000000000e+10 0.000000000000000000e+00 0.000000000000000000e+00 0.000000000000000000e+00 1.000000000000000000e+10
3.757320964692217186e-02 5.587629684999971687e+03 3.865524900857107241e+03 1.957698391151680880e+03 2.432358243765087580e-01 4.762464038434752183e+03 2.010871112386691055e-26 1.300076901570626066e-26 7.600908820711308944e-27 2.461169415404413363e-01 1.718182197630079176e-26 1.000000000000000000e+00 0.000000000000000000e+00 0.000000000000000000e+00 0.000000000000000000e+00 1.000000000000000000e+00 1.000000000000000000e+10 0.000000000000000000e+00 0.000000000000000000e+00 0.000000000000000000e+00 1.000000000000000000e+10
4.333277441790538143e-02 3.797524412114845290e+03 2.159674296802318622e+03 1.311198766260536104e+03 2.102098332092099675e-01 3.400434887448310747e+03 1.637352342970492934e-26 1.005709182922377867e-26 5.754810924979039445e-27 2.334975717059862566e-01 1.397735274373166322e-26 1.000000000000000000e+00 0.000000000000000000e+00 0.000000000000000000e+00 0.000000000000000000e+00 1.000000000000000000e+00 1.000000000000000000e+10 0.000000000000000000e+00 0.000000000000000000e+00 0.000000000000000000e+00 1.000000000000000000e+10
4.997521788524898756e-02 2.917922479076554737e+03 1.514117516037854784e+03 1.043564317899505795e+03 2.094352765902488256e-01 2.671524275547115849e+03 1.330786608758815891e-26 8.530785333080359779e-27 5.028119250027230573e-27 2.473958265928881406e-01 1.149408842957201105e-26 1.000000000000000000e+00 0.000000000000000000e+00 0.000000000000000000e+00 0.000000000000000000e+00 1.000000000000000000e+00 1.000000000000000000e+10 0.000000000000000000e+00 0.000000000000000000e+00 0.000000000000000000e+00 1.000000000000000000e+10
5.763587575980636674e-02 2.291913080929341959e+03 1.236704782961568981e+03 7.888219715553791502e+02 1.993497095680231701e-01 2.067561845111305047e+03 1.067076823516928734e-26 6.710648593858590508e-27 4.128286105651779568e-27 2.508913818141005336e-01 9.191231132922685217e-27 1.000000000000000000e+00 0.000000000000000000e+00 0.000000000000000000e+00 0.000000000000000000e+00 1.000000000000000000e+00 1.000000000000000000e+10 0.000000000000000000e+00 0.000000000000000000e+00 0.000000000000000000e+00 1.000000000000000000e+10
6.647082924635627776e-02 1.783124105890144392e+03 8.237525004234310018e+02 5.675797563556213845e+02 1.884049723911275231e-01 1.654129335163245059e+03 8.425951174544546505e-27 5.569082108018911241e-27 3.039661771542489650e-27 2.666040856093144229e-01 6.843224152757932197e-27 1.000000000000000000e+00 0.000000000000000000e+00 0.000000000000000000e+00 0.000000000000000000e+00 1.000000000000000000e+00 1.000000000000000000e+10 0.000000000000000000e+00 0.000000000000000000e+00 0.000000000000000000e+00 1.000000000000000000e+10
7.666008510240249207e-02 1.425787030580003147e+03 6.148190632225300760e+02 4.329479939495624876e+02 1.808497214801546293e-01 1.321978974149003534e+03 6.706558605630684575e-27 4.084556464916222474e-27 2.587916273161325223e-27 2.778420537686815961e-01 5.494567112556980103e-27 1.000000000000000000e+00 0.000000000000000000e+00 0.000000000000000000e+00 0.000000000000000000e+00 1.000000000000000000e+00 1.000000000000000000e+10 0.000000000000000000e+00 0.000000000000000000e+00 0.000000000000000000e+00 1.000000000000000000e+10
8.841124316543315376e-02 1.134492803013114326e+03 4.817690537278476768e+02 3.749019684564090085e+02 1.705071298724640527e-01 1.079093972873074108e+03 5.126021314864004145e-27 3.158563163336442390e-27 1.896825914107612516e-27 2.836487772402641605e-01 4.050831556269566371e-27 1.000000000000000000e+00 0.000000000000000000e+00 0.000000000000000000e+00 0.000000000000000000e+00 1.000000000000000000e+00 1.000000000000000000e+10 0.000000000000000000e+00 0.000000000000000000e+00 0.000000000000000000e+00 1.000000000000000000e+10
1.019637260722580097e-01 9.057198349325165054e+02 4.030320045177722932e+02 2.919348602605786027e+02 1.752404816302770008e-01 8.594506093361603689e+02 4.068169273626047339e-27 2.674696907038474111e-27 1.435493309706034068e-27 3.126795118182799649e-01 2.987281927590837410e-27 1.000000000000000000e+00 0.000000000000000000e+00 0.000000000000000000e+00 0.000000000000000000e+00 1.000000000000000000e+00 1.000000000000000000e+10 0.000000000000000000e+00 0.000000000000000000e+00 0.000000000000000000e+00 1.000000000000000000e+10
1.175936573483598035e-01 7.238571055004039181e+02 2.452527095898304879e+02 2.319749767510008382e+02 1.749706274842541265e-01 6.911873374251854329e+02 3.118579020722529032e-27 2.144861433184359855e-27 1.028082989000008007e-27 3.306986612280856108e-01 2.127018328481621121e-27 1.000000000000000000e+00 0.000000000000000000e+00 0.000000000000000000e+00 0.000000000000000000e+00 1.000000000000000000e+00 1.000000000000000000e+10 0.000000000000000000e+00 0.000000000000000000e+00 0.000000000000000000e+00 1.000000000000000000e+10
1.356194872553388164e-01 5.696716991190376120e+02 2.228721704221277378e+02 1.755929478530991901e+02 1.770812188159732459e-01 5.289892468430416557e+02 2.545564205156592217e-27 1.934137841344076044e-27 7.744511503092525625e-28 3.677386245566901524e-01 1.544416221812887466e-27 1.000000000000000000e+00 0.000000000000000000e+00 0.000000000000000000e+00 0.000000000000000000e+00 1.000000000000000000e+00 1.000000000000000000e+10 0.000000000000000000e+00 0.000000000000000000e+00 0.000000000000000000e+00 1.000000000000000000e+10
1.564084810196403053e-01 4.478024127403386956e+02 1.829009897213907720e+02 1.435794298871362571e+02 1.816760456143141911e-01 4.213567235156862694e+02 2.078198035546209465e-27 1.849813322732158067e-27 6.398990151217087940e-28 4.052976885145631036e-01 1.145913095279470310e-27 1.000000000000000000e+00 0.000000000000000000e+00 0.000000000000000000e+00 0.000000000000000000e+00 1.000000000000000000e+00 1.000000000000000000e+10 0.000000000000000000e+00 0.000000000000000000e+00 0.000000000000000000e+00 1.000000000000000000e+10
1.803842016362447453e-01 3.525344777526413509e+02 1.464167574409174222e+02 1.258599503017130417e+02 1.922564678339186706e-01 3.247913789600312953e+02 1.739379359417103415e-27 1.605165531460967012e-27 4.797365436369644623e-28 4.477305315768153604e-01 8.098853845372059962e-28 1.000000000000000000e+00 0.000000000000000000e+00 0.000000000000000000e+00 0.000000000000000000e+00 1.000000000000000000e+00 1.000000000000000000e+10 0.000000000000000000e+00 0.000000000000000000e+00 0.000000000000000000e+00 1.000000000000000000e+10
2.080351397048574025e-01 2.800863034048532541e+02 1.522349050903757757e+02 9.328179400441561597e+01 2.090799194145997464e-01 2.458064080179309485e+02 1.529473335028948034e-27 1.495212048599424829e-27 3.495970890259908836e-28 4.982089783431505325e-01 5.760946598269161051e-28 1.000000000000000000e+00 0.000000000000000000e+00 0.000000000000000000e+00 0.000000000000000000e+00 1.000000000000000000e+00 1.000000000000000000e+10 0.000000000000000000e+00 0.000000000000000000e+00 0.000000000000000000e+00 1.000000000000000000e+10
2.399246661262133540e-01 2.242676442062714841e+02 1.346221620848690748e+02 7.273817293858847677e+01 2.254437910513971133e-01 1.862335560324823120e+02 1.377569784863098170e-27 1.528560402221595146e-27 2.673329703180329992e-28 5.506419432404779934e-01 4.141347408933285335e-28 1.000000000000000000e+00 0.000000000000000000e+00 0.000000000000000000e+00 0.000000000000000000e+00 1.000000000000000000e+00 1.000000000000000000e+10 0.000000000000000000e+00 0.000000000000000000e+00 0.000000000000000000e+00 1.000000000000000000e+10
2.767025104385807399e-01 1.820100158916904718e+02 1.179611694707029130e+02 5.716338004751015944e+01 2.406169764983556447e-01 1.454511261603726950e+02 1.307576310923824840e-27 1.556306269645224072e-27 2.093008219262396121e-28 6.058601031578610963e-01 3.038656639286737456e-28 1.000000000000000000e+00 0.000000000000000000e+00 0.000000000000000000e+00 0.000000000000000000e+00 1.000000000000000000e+00 1.000000000000000000e+10 0.000000000000000000e+00 0.000000000000000000e+00 0.000000000000000000e+00 1.000000000000000000e+10
3.191179986585286343e-01 1.564257112044559506e+02 1.325647727743264568e+02 4.433766630153012045e+01 2.791340229302961551e-01 1.116115995454114511e+02 1.296914656973219190e-27 1.463539163056903165e-27 1.656954137347692312e-28 6.663813074764427524e-01 2.311456114255005260e-28 1.000000000000000000e+00 0.000000000000000000e+00 0.000000000000000000e+00 0.000000000000000000e+00 1.000000000000000000e+00 1.000000000000000000e+10 0.000000000000000000e+00 0.000000000000000000e+00 0.000000000000000000e+00 1.000000000000000000e+10
3.680353203388414540e-01 1.346379131760694747e+02 1.200775436564780279e+02 3.231090357645871336e+01 3.086836463568004563e-01 8.307212505908692890e+01 1.289641781066606769e-27 1.235329891622996578e-27 1.269372860418197465e-28 7.211463704210858694e-01 1.724855882388716468e-28 1.000000000000000000e+00 0.000000000000000000e+00 0.000000000000000000e+00 0.000000000000000000e+00 1.000000000000000000e+00 1.000000000000000000e+10 0.000000000000000000e+00 0.000000000000000000e+00 0.000000000000000000e+00 1.000000000000000000e+10
4.244511359005219142e-01 1.151255535777056878e+02 1.108083505586811697e+02 2.851524596727804806e+01 3.282863648762395781e-01 6.791580264863885930e+01 1.294877811759529340e-27 1.097821435987306712e-27 1.135022089005245448e-28 7.701936560501579931e-01 1.452886758388237546e-28 1.000000000000000000e+00 0.000000000000000000e+00 0.000000000000000000e+00 0.000000000000000000e+00 1.000000000000000000e+00 1.000000000000000000e+10 0.000000000000000000e+00 0.000000000000000000e+00 0.000000000000000000e+00 1.000000000000000000e+10
4.895148829774688681e-01 9.584372917316011353e+01 8.431056282557774750e+01 2.385747977160199440e+01 3.389960978898025612e-01 5.534937292718809942e+01 1.197518883329953769e-27 1.046011789971276544e-27 1.052301998152971283e-28 8.197994414573200883e-01 1.287915353630156629e-28 1.000000000000000000e+00 0.000000000000000000e+00 0.000000000000000000e+00 0.000000000000000000e+00 1.000000000000000000e+00 1.000000000000000000e+10 0.000000000000000000e+00 0.000000000000000000e+00 0.000000000000000000e+00 1.000000000000000000e+10
5.645521955031491679e-01 8.379539135584967369e+01 7.673043420359439892e+01 2.520707326545506888e+01 3.567420519779808119e-01 5.070294588829074911e+01 1.165900119651399750e-27 9.829518687881753265e-28 1.043059485173106568e-28 8.789936369287013607e-01 1.203013520141440172e-28 1.000000000000000000e+00 0.000000000000000000e+00 0.000000000000000000e+00 0.000000000000000000e+00 1.000000000000000000e+00 1.000000000000000000e+10 0.000000000000000000e+00 0.000000000000000000e+00 0.000000000000000000e+00 1.000000000000000000e+10
6.510919126887823039e-01 7.535157941005734017e+01 7.812218987635296230e+01 2.188003287240222505e+01 3.724024328379068605e-01 4.271891037945523095e+01 1.257902148296122782e-27 1.026368981316961678e-27 9.234275342000947147e-29 9.354499069740492834e-01 1.050647556398577085e-28 1.000000000000000000e+00 0.000000000000000000e+00 0.000000000000000000e+00 0.000000000000000000e+00 1.000000000000000000e+00 1.000000000000000000e+10 0.000000000000000000e+00 0.000000000000000000e+00 0.000000000000000000e+00 1.000000000000000000e+10
7.508972281844089602e-01 6.916501384546702980e+01 7.850993918821703232e+01 2.333065160242580660e+01 3.841949479648409382e-01 4.068469845134965368e+01 1.355304641659621907e-27 1.028950687578818323e-27 8.351916617621561050e-29 9.827256892404315769e-01 9.325882890560573577e-29 1.000000000000000000e+00 0.000000000000000000e+00 0.000000000000000000e+00 0.000000000000000000e+00 1.000000000000000000e+00 1.000000000000000000e+10 0.000000000000000000e+00 0.000000000000000000e+00 0.000000000000000000e+00 1.000000000000000000e+10
8.660016140678794550e-01 6.245715367453471600e+01 6.628969312275530967e+01 1.973171564786996868e+01 3.856787251164620067e-01 3.608252523167828940e+01 1.376063958391856633e-27 1.087812204952193350e-27 8.185853070972451318e-29 1.006431245774462857e+00 9.069461786422211455e-29 1.000000000000000000e+00 0.000000000000000000e+00 0.000000000000000000e+00 0.000000000000000000e+00 1.000000000000000000e+00 1.000000000000000000e+10 0.000000000000000000e+00 0.000000000000000000e+00 0.000000000000000000e+00 1.000000000000000000e+10
9.987502515910116063e-01 5.657941440131504152e+01 6.785259141483993517e+01 1.840804548868982948e+01 3.851076097141808985e-01 3.353727827415456630e+01 1.410139324651907780e-27 1.133850107344647528e-27 7.859592021391842441e-29 1.010694010506400398e+00 8.818052239261799058e-29 1.000000000000000000e+00 0.000000000000000000e+00 0.000000000000000000e+00 0.000000000000000000e+00 1.000000000000000000e+00 1.000000000000000000e+10 0.000000000000000000e+00 0.000000000000000000e+00 0.000000000000000000e+00 1.000000000000000000e+10
1.151847812808953542e+00 5.122738674229344724e+01 4.688651589528674890e+01 1.779530227943529752e+01 3.701443784886914723e-01 3.218116224771111433e+01 1.541842516162043577e-27 9.419371835922828579e-28 7.999287049561205572e-29 9.937713754109619435e-01 8.956987232103146928e-29 1.000000000000000000e+00 0.000000000000000000e+00 0.000000000000000000e+00 0.000000000000000000e+00 1.000000000000000000e+00 1.000000000000000000e+10 0.000000000000000000e+00 0.000000000000000000e+00 0.000000000000000000e+00 1.000000000000000000e+10
1.328413566614123908e+00 4.784393191115676558e+01 4.668428114010568208e+01 1.693441752577253823e+01 3.568134568382849703e-01 3.122194050389508391e+01 1.850566201338423577e-27 1.027067418596808733e-27 8.544407571738391045e-29 9.725573708582427868e-01 9.623907468102831466e-29 1.000000000000000000e+00 0.000000000000000000e+00 0.000000000000000000e+00 0.000000000000000000e+00 1.000000000000000000e+00 1.000000000000000000e+10 0.000000000000000000e+00 0.000000000000000000e+00 0.000000000000000000e+00 1.000000000000000000e+10
1.532044931926391351e+00 4.603150652712898250e+01 4.116985571340222094e+01 1.400197096357846860e+01 3.530495580907656028e-01 2.805184992168111791e+01 2.700880889843995163e-27 9.525857719991911073e-28 9.697284771460190525e-29 9.895822691980532548e-01 1.079307609923107844e-28 1.000000000000000000e+00 0.000000000000000000e+00 0.000000000000000000e+00 0.000000000000000000e+00 1.000000000000000000e+00 1.000000000000000000e+10 0.000000000000000000e+00 0.000000000000000000e+00 0.000000000000000000e+00 1.000000000000000000e+10
1.766890772896739126e+00 4.279002266626575590e+01 3.425430293839124829e+01 1.333455828675112187e+01 3.462568900327319676e-01 2.670339411806523700e+01 2.884887271735174598e-27 7.268963071948256066e-28 9.755487729280918286e-29 9.879619864890126779e-01 1.079134692367869642e-28 1.000000000000000000e+00 0.000000000000000000e+00 0.000000000000000000e+00 0.000000000000000000e+00 1.000000000000000000e+00 1.000000000000000000e+10 0.000000000000000000e+00 0.000000000000000000e+00 0.000000000000000000e+00 1.000000000000000000e+10
2.037735929469222107e+00 3.937233399121974031e+01 2.596935756068554824e+01 1.377729887187922131e+01 3.316208914481949543e-01 2.629288932685870961e+01 2.933119288393384164e-27 5.948973212848813840e-28 1.126884409510625137e-28 9.548275586227293887e-01 1.237196718085870881e-28 1.000000000000000000e+00 0.000000000000000000e+00 0.000000000000000000e+00 0.000000000000000000e+00 1.000000000000000000e+00 1.000000000000000000e+10 0.000000000000000000e+00 0.000000000000000000e+00 0.000000000000000000e+00 1.000000000000000000e+10
2.350098705559579226e+00 3.598215851927314191e+01 2.167583685028776941e+01 1.163366715889121572e+01 3.158391974189908580e-01 2.406062743361169609e+01 2.456377554730393509e-27 5.106062185073574564e-28 1.007331194551306032e-28 8.999251321454865282e-01 1.153797661803999652e-28 1.000000000000000000e+00 0.000000000000000000e+00 0.000000000000000000e+00 0.000000000000000000e+00 1.000000000000000000e+00 1.000000000000000000e+10 0.000000000000000000e+00 0.000000000000000000e+00 0.000000000000000000e+00 1.000000000000000000e+10
