# R (Mpc), mean rho (Msol/kpc^3), errup (Msol/kpc^3), errlow, std, median rho (Msol/kpc^3), mean pth (Msol/kpc/s^2), errup(Msol/kpc/s^2), errlow, std, median pth (Msol/kpc/s^2), mean gas-mass-weighted metal (fraction), errup, errlow, std, median metal, mean gas-mass-weighted temp (K), errup, errlow, std, median temp  
#  nprofs 197, mean mh 210226429773.313843, median mh 203432146509.221954 
#  Mass range 11.00 - 11.5
1.040961082911032697e-02 2.205928845589280827e+05 1.357814254695764394e+05 8.686750423763250001e+04 2.498475933709017049e-01 1.906441887010248029e+05 1.124307017198585209e-25 1.683726227680921179e-25 1.707274747486297830e-26 4.854394651174557818e-01 3.652506779229576316e-26 1.000000000000000000e+00 0.000000000000000000e+00 0.000000000000000000e+00 0.000000000000000000e+00 1.000000000000000000e+00 1.000000000000000000e+10 0.000000000000000000e+00 0.000000000000000000e+00 0.000000000000000000e+00 1.000000000000000000e+10
1.200529105910367808e-02 1.676476475451226579e+05 1.140341343863825314e+05 7.263850198150315555e+04 2.583703647431899175e-01 1.474195209736590332e+05 9.932775580726930478e-26 1.522348769486089764e-25 1.832689516823133945e-26 4.817738666296297878e-01 3.755106819350908931e-26 1.000000000000000000e+00 0.000000000000000000e+00 0.000000000000000000e+00 0.000000000000000000e+00 1.000000000000000000e+00 1.000000000000000000e+10 0.000000000000000000e+00 0.000000000000000000e+00 0.000000000000000000e+00 1.000000000000000000e+10
1.384557172980430476e-02 1.314273624287053535e+05 8.880164178371473099e+04 5.559881038357171929e+04 2.655759162108062288e-01 1.180199582730612892e+05 9.902088492235068615e-26 1.363821373107160500e-25 2.730443398817489809e-26 4.650839626171978103e-01 4.517331630505195286e-26 1.000000000000000000e+00 0.000000000000000000e+00 0.000000000000000000e+00 0.000000000000000000e+00 1.000000000000000000e+00 1.000000000000000000e+10 0.000000000000000000e+00 0.000000000000000000e+00 0.000000000000000000e+00 1.000000000000000000e+10
1.596794743096121086e-02 9.772238578967878129e+04 6.693800520866877923e+04 4.595468205610808945e+04 2.726909120598060010e-01 8.741556961667868018e+04 8.095851630250348595e-26 8.842949002199397670e-26 3.226910194347444352e-26 4.036710723937699252e-01 5.193949154799270326e-26 1.000000000000000000e+00 0.000000000000000000e+00 0.000000000000000000e+00 0.000000000000000000e+00 1.000000000000000000e+00 1.000000000000000000e+10 0.000000000000000000e+00 0.000000000000000000e+00 0.000000000000000000e+00 1.000000000000000000e+10
1.841566026551830909e-02 6.997812447729062114e+04 4.712142443346331129e+04 3.115902668661527059e+04 2.763265306674547728e-01 6.249174460314179305e+04 6.360161774998481509e-26 6.210598622958953439e-26 2.454392257303377933e-26 3.494093453485739853e-01 4.546760826748509818e-26 1.000000000000000000e+00 0.000000000000000000e+00 0.000000000000000000e+00 0.000000000000000000e+00 1.000000000000000000e+00 1.000000000000000000e+10 0.000000000000000000e+00 0.000000000000000000e+00 0.000000000000000000e+00 1.000000000000000000e+10
2.123858088093512342e-02 4.801238131192640139e+04 3.484784572074208700e+04 1.909466078549080339e+04 2.923209393876336493e-01 4.052750813025396201e+04 5.792874818549685963e-26 4.935083604245577804e-26 2.050864063716167234e-26 3.623785700773857754e-01 3.993503210570946033e-26 1.000000000000000000e+00 0.000000000000000000e+00 0.000000000000000000e+00 0.000000000000000000e+00 1.000000000000000000e+00 1.000000000000000000e+10 0.000000000000000000e+00 0.000000000000000000e+00 0.000000000000000000e+00 1.000000000000000000e+10
2.449422455303571639e-02 3.258419625325917150e+04 2.606417433293472641e+04 1.301775581290290938e+04 2.839694001819553226e-01 2.695543104733632572e+04 4.415913028721623330e-26 3.102379318120251137e-26 1.331081058332681318e-26 2.896144714011327226e-01 3.239342593903774258e-26 1.000000000000000000e+00 0.000000000000000000e+00 0.000000000000000000e+00 0.000000000000000000e+00 1.000000000000000000e+00 1.000000000000000000e+10 0.000000000000000000e+00 0.000000000000000000e+00 0.000000000000000000e+00 1.000000000000000000e+10
2.824892302447100725e-02 2.098199335301978135e+04 1.515850707259359478e+04 6.642667433938107933e+03 2.620775686133309246e-01 1.673395237876883766e+04 3.509831193344569272e-26 2.554652756885835530e-26 1.176384637312597588e-26 2.674064862424651579e-01 2.753408422512845222e-26 1.000000000000000000e+00 0.000000000000000000e+00 0.000000000000000000e+00 0.000000000000000000e+00 1.000000000000000000e+00 1.000000000000000000e+10 0.000000000000000000e+00 0.000000000000000000e+00 0.000000000000000000e+00 1.000000000000000000e+10
3.257917597328415654e-02 1.353157774996176886e+04 7.226039842310217864e+03 4.956802580916968509e+03 2.429607208454447609e-01 1.148492127329836330e+04 2.888223756705751893e-26 1.614870532308689406e-26 1.021946291837704304e-26 2.675544791103929843e-01 2.345002001040632009e-26 1.000000000000000000e+00 0.000000000000000000e+00 0.000000000000000000e+00 0.000000000000000000e+00 1.000000000000000000e+00 1.000000000000000000e+10 0.000000000000000000e+00 0.000000000000000000e+00 0.000000000000000000e+00 1.000000000000000000e+10
3.757320964692217186e-02 9.217589860524818505e+03 5.144404201204240962e+03 3.132354884109985505e+03 2.199161526324338312e-01 8.237545842564753912e+03 2.390421897773463042e-26 1.554100218991154883e-26 8.031978685447099212e-27 2.409218873970572217e-01 1.997460473297943990e-26 1.000000000000000000e+00 0.000000000000000000e+00 0.000000000000000000e+00 0.000000000000000000e+00 1.000000000000000000e+00 1.000000000000000000e+10 0.000000000000000000e+00 0.000000000000000000e+00 0.000000000000000000e+00 1.000000000000000000e+10
4.333277441790538143e-02 6.206084583733904765e+03 2.957954520194837642e+03 2.333101565429657057e+03 2.014774475611203486e-01 5.647472226689585113e+03 1.857252573470559681e-26 1.019168491016874548e-26 6.336933971333539120e-27 2.273943146898312617e-01 1.573774526936506815e-26 1.000000000000000000e+00 0.000000000000000000e+00 0.000000000000000000e+00 0.000000000000000000e+00 1.000000000000000000e+00 1.000000000000000000e+10 0.000000000000000000e+00 0.000000000000000000e+00 0.000000000000000000e+00 1.000000000000000000e+10
4.997521788524898756e-02 4.569761667005665913e+03 2.171090376988087883e+03 1.536063727732755069e+03 1.864436649038878624e-01 4.131640582733689371e+03 1.497166656551788038e-26 9.878014186737418149e-27 4.071844777505233973e-27 2.200495995351870737e-01 1.220734869793879120e-26 1.000000000000000000e+00 0.000000000000000000e+00 0.000000000000000000e+00 0.000000000000000000e+00 1.000000000000000000e+00 1.000000000000000000e+10 0.000000000000000000e+00 0.000000000000000000e+00 0.000000000000000000e+00 1.000000000000000000e+10
5.763587575980636674e-02 3.541812683098844900e+03 1.659636618807593095e+03 1.062740079120450901e+03 1.781903254608053488e-01 3.272957369840820775e+03 1.179496134636030706e-26 6.878807426388354074e-27 4.056048594990937251e-27 2.092305861077286833e-01 1.019575762076480934e-26 1.000000000000000000e+00 0.000000000000000000e+00 0.000000000000000000e+00 0.000000000000000000e+00 1.000000000000000000e+00 1.000000000000000000e+10 0.000000000000000000e+00 0.000000000000000000e+00 0.000000000000000000e+00 1.000000000000000000e+10
6.647082924635627776e-02 2.708437370021100833e+03 1.226533997451051619e+03 7.811663936604386436e+02 1.574869227388884241e-01 2.517605402008796773e+03 9.109146361081327850e-27 5.808277247388355263e-27 2.995464727860805412e-27 2.078778930061165597e-01 7.805982469419661635e-27 1.000000000000000000e+00 0.000000000000000000e+00 0.000000000000000000e+00 0.000000000000000000e+00 1.000000000000000000e+00 1.000000000000000000e+10 0.000000000000000000e+00 0.000000000000000000e+00 0.000000000000000000e+00 1.000000000000000000e+10
7.666008510240249207e-02 2.143970470104031847e+03 9.611388130915815964e+02 7.161003351553101766e+02 1.637033151593839109e-01 2.015756916114455635e+03 7.136854053946914392e-27 4.423333299834106332e-27 2.757709024586364846e-27 2.168052587045254942e-01 6.482983243563392740e-27 1.000000000000000000e+00 0.000000000000000000e+00 0.000000000000000000e+00 0.000000000000000000e+00 1.000000000000000000e+00 1.000000000000000000e+10 0.000000000000000000e+00 0.000000000000000000e+00 0.000000000000000000e+00 1.000000000000000000e+10
8.841124316543315376e-02 1.715657410267831210e+03 7.821369310406957993e+02 5.172712428733593697e+02 1.621046363801756651e-01 1.597584064645176113e+03 5.473737146403103637e-27 3.360286046604689361e-27 2.153434052752388120e-27 2.244114256893906534e-01 4.865820901863483765e-27 1.000000000000000000e+00 0.000000000000000000e+00 0.000000000000000000e+00 0.000000000000000000e+00 1.000000000000000000e+00 1.000000000000000000e+10 0.000000000000000000e+00 0.000000000000000000e+00 0.000000000000000000e+00 1.000000000000000000e+10
1.019637260722580097e-01 1.312359648232018799e+03 5.873744717101467359e+02 3.023935149640565214e+02 1.577273660342085049e-01 1.186273478071513864e+03 4.160843281790326847e-27 2.675120333112581723e-27 1.473782021516396196e-27 2.406591480819559870e-01 3.527184094054681306e-27 1.000000000000000000e+00 0.000000000000000000e+00 0.000000000000000000e+00 0.000000000000000000e+00 1.000000000000000000e+00 1.000000000000000000e+10 0.000000000000000000e+00 0.000000000000000000e+00 0.000000000000000000e+00 1.000000000000000000e+10
1.175936573483598035e-01 1.017479732559159743e+03 4.080579600068766695e+02 2.897315569970284059e+02 1.576310964989976748e-01 9.469904928193622027e+02 3.113173263314415554e-27 1.852992842805987344e-27 1.166652138427898618e-27 2.564918257043472538e-01 2.533013741366436480e-27 1.000000000000000000e+00 0.000000000000000000e+00 0.000000000000000000e+00 0.000000000000000000e+00 1.000000000000000000e+00 1.000000000000000000e+10 0.000000000000000000e+00 0.000000000000000000e+00 0.000000000000000000e+00 1.000000000000000000e+10
1.356194872553388164e-01 7.904299487958941199e+02 2.747042385630920762e+02 2.031635153523823192e+02 1.562646964156667040e-01 7.331757135220780128e+02 2.322279898362832124e-27 1.385298353688846117e-27 7.329175112201443398e-28 2.696580269371328664e-01 1.770559928443893426e-27 1.000000000000000000e+00 0.000000000000000000e+00 0.000000000000000000e+00 0.000000000000000000e+00 1.000000000000000000e+00 1.000000000000000000e+10 0.000000000000000000e+00 0.000000000000000000e+00 0.000000000000000000e+00 1.000000000000000000e+10
1.564084810196403053e-01 5.993311095492011873e+02 2.444060461646247404e+02 1.534635254899055212e+02 1.602201713890494539e-01 5.430163379721914225e+02 1.729124940209193376e-27 1.232307008947855940e-27 5.505176300534306749e-28 3.026494962544318268e-01 1.229233915865805053e-27 1.000000000000000000e+00 0.000000000000000000e+00 0.000000000000000000e+00 0.000000000000000000e+00 1.000000000000000000e+00 1.000000000000000000e+10 0.000000000000000000e+00 0.000000000000000000e+00 0.000000000000000000e+00 1.000000000000000000e+10
1.803842016362447453e-01 4.555443282864188177e+02 2.062284241815263499e+02 1.105095667295951216e+02 1.614838873701550936e-01 4.106464587797055970e+02 1.306380716546260059e-27 9.407368401490054665e-28 3.516379699465445081e-28 3.306950722692033051e-01 8.207023371763378123e-28 1.000000000000000000e+00 0.000000000000000000e+00 0.000000000000000000e+00 0.000000000000000000e+00 1.000000000000000000e+00 1.000000000000000000e+10 0.000000000000000000e+00 0.000000000000000000e+00 0.000000000000000000e+00 1.000000000000000000e+10
2.080351397048574025e-01 3.523053835577310338e+02 1.611276208868131334e+02 8.889610476868952560e+01 1.760658962378211789e-01 3.075677881548376718e+02 1.004178951493887178e-27 7.277473641809155837e-28 2.833376418879416090e-28 3.685050302996989990e-01 5.721723162060677130e-28 1.000000000000000000e+00 0.000000000000000000e+00 0.000000000000000000e+00 0.000000000000000000e+00 1.000000000000000000e+00 1.000000000000000000e+10 0.000000000000000000e+00 0.000000000000000000e+00 0.000000000000000000e+00 1.000000000000000000e+10
2.399246661262133540e-01 2.734726057305485369e+02 1.464705532742740104e+02 7.446704224949988316e+01 1.839927070572716372e-01 2.352291545028453754e+02 8.022793818081064286e-28 6.185342586290289495e-28 1.957326002736945290e-28 4.032630950564133898e-01 3.914984974743438543e-28 1.000000000000000000e+00 0.000000000000000000e+00 0.000000000000000000e+00 0.000000000000000000e+00 1.000000000000000000e+00 1.000000000000000000e+10 0.000000000000000000e+00 0.000000000000000000e+00 0.000000000000000000e+00 1.000000000000000000e+10
2.767025104385807399e-01 2.115221407828299505e+02 1.154874956893197862e+02 5.266198938736569346e+01 1.980618665722023997e-01 1.750944540620295413e+02 6.427666484924036726e-28 5.488239465509645483e-28 1.683427847531042367e-28 4.414258945206748219e-01 2.917250078026759382e-28 1.000000000000000000e+00 0.000000000000000000e+00 0.000000000000000000e+00 0.000000000000000000e+00 1.000000000000000000e+00 1.000000000000000000e+10 0.000000000000000000e+00 0.000000000000000000e+00 0.000000000000000000e+00 1.000000000000000000e+10
3.191179986585286343e-01 1.712799441617973173e+02 1.090278256722826598e+02 4.101468857760545461e+01 2.121356361591509587e-01 1.352241041439100684e+02 5.667375266383895103e-28 4.593166749401596361e-28 1.134854055885022994e-28 4.853149544008694138e-01 1.985911529722640051e-28 1.000000000000000000e+00 0.000000000000000000e+00 0.000000000000000000e+00 0.000000000000000000e+00 1.000000000000000000e+00 1.000000000000000000e+10 0.000000000000000000e+00 0.000000000000000000e+00 0.000000000000000000e+00 1.000000000000000000e+10
3.680353203388414540e-01 1.426728158415865266e+02 9.380120663782498980e+01 3.593279204917169523e+01 2.341943780984676038e-01 1.076974212963850306e+02 5.396936959642869435e-28 4.229908296967260510e-28 8.202134500467644759e-29 5.333023077824632363e-01 1.439168299447941345e-28 1.000000000000000000e+00 0.000000000000000000e+00 0.000000000000000000e+00 0.000000000000000000e+00 1.000000000000000000e+00 1.000000000000000000e+10 0.000000000000000000e+00 0.000000000000000000e+00 0.000000000000000000e+00 1.000000000000000000e+10
4.244511359005219142e-01 1.217902130830916576e+02 7.384945251234702823e+01 2.978798487562644937e+01 2.551027306503051428e-01 8.661309310375935411e+01 5.303734583766655693e-28 3.276390222194509086e-28 6.845101442083149923e-29 5.853823214823340448e-01 1.109375746414596318e-28 1.000000000000000000e+00 0.000000000000000000e+00 0.000000000000000000e+00 0.000000000000000000e+00 1.000000000000000000e+00 1.000000000000000000e+10 0.000000000000000000e+00 0.000000000000000000e+00 0.000000000000000000e+00 1.000000000000000000e+10
4.895148829774688681e-01 1.004615994674183383e+02 6.511885754474127452e+01 2.572332668347189610e+01 2.764180940666363107e-01 6.893761389332442491e+01 5.195004839870800366e-28 3.587810263278195985e-28 5.571041374835044045e-29 6.452370662147385305e-01 8.571322387298937784e-29 1.000000000000000000e+00 0.000000000000000000e+00 0.000000000000000000e+00 0.000000000000000000e+00 1.000000000000000000e+00 1.000000000000000000e+10 0.000000000000000000e+00 0.000000000000000000e+00 0.000000000000000000e+00 1.000000000000000000e+10
5.645521955031491679e-01 8.803219494420105207e+01 6.098520449585720371e+01 2.232832527702438341e+01 3.020803177256358718e-01 5.648149141414653229e+01 5.145734312087818613e-28 3.587608445838318391e-28 3.995586275827493850e-29 7.019360013788397135e-01 6.198286128335069861e-29 1.000000000000000000e+00 0.000000000000000000e+00 0.000000000000000000e+00 0.000000000000000000e+00 1.000000000000000000e+00 1.000000000000000000e+10 0.000000000000000000e+00 0.000000000000000000e+00 0.000000000000000000e+00 1.000000000000000000e+10
6.510919126887823039e-01 7.145243120983207064e+01 5.546789933843626130e+01 1.818144042352332335e+01 3.046880922544646930e-01 4.570293215559831168e+01 4.629442608458255280e-28 3.194840941347129752e-28 3.627262990738350587e-29 7.468512793156628637e-01 5.092715541165488423e-29 1.000000000000000000e+00 0.000000000000000000e+00 0.000000000000000000e+00 0.000000000000000000e+00 1.000000000000000000e+00 1.000000000000000000e+10 0.000000000000000000e+00 0.000000000000000000e+00 0.000000000000000000e+00 1.000000000000000000e+10
7.508972281844089602e-01 6.304977864667869625e+01 6.001720248767399823e+01 1.509893842911304773e+01 3.135669665321798583e-01 3.854563860273941600e+01 4.204742270922657373e-28 3.721435689400481625e-28 3.601150919641316978e-29 7.870780631656111304e-01 4.705618804932763631e-29 1.000000000000000000e+00 0.000000000000000000e+00 0.000000000000000000e+00 0.000000000000000000e+00 1.000000000000000000e+00 1.000000000000000000e+10 0.000000000000000000e+00 0.000000000000000000e+00 0.000000000000000000e+00 1.000000000000000000e+10
8.660016140678794550e-01 5.863040240595693575e+01 6.152525944021928694e+01 1.504297841671415625e+01 3.346860395409327893e-01 3.591776965576252678e+01 4.023252813154999618e-28 4.687853000384510142e-28 3.475005917653128169e-29 8.370359382215551980e-01 4.351619061265751709e-29 1.000000000000000000e+00 0.000000000000000000e+00 0.000000000000000000e+00 0.000000000000000000e+00 1.000000000000000000e+00 1.000000000000000000e+10 0.000000000000000000e+00 0.000000000000000000e+00 0.000000000000000000e+00 1.000000000000000000e+10
9.987502515910116063e-01 5.125067072937543600e+01 4.724023912887084009e+01 1.652626059918056001e+01 3.296536646129232251e-01 3.400865131903071870e+01 3.773673339074089698e-28 4.048232390974767022e-28 3.529063118601765881e-29 8.681040949452261124e-01 4.248306372076950284e-29 1.000000000000000000e+00 0.000000000000000000e+00 0.000000000000000000e+00 0.000000000000000000e+00 1.000000000000000000e+00 1.000000000000000000e+10 0.000000000000000000e+00 0.000000000000000000e+00 0.000000000000000000e+00 1.000000000000000000e+10
1.151847812808953542e+00 4.581889596580007407e+01 5.341769174225623118e+01 1.478933779153583217e+01 3.213636045939202712e-01 3.147932225538377082e+01 3.693455635271477306e-28 4.161905975503238714e-28 2.843742170507802871e-29 8.636199032892460936e-01 3.503226265702668519e-29 1.000000000000000000e+00 0.000000000000000000e+00 0.000000000000000000e+00 0.000000000000000000e+00 1.000000000000000000e+00 1.000000000000000000e+10 0.000000000000000000e+00 0.000000000000000000e+00 0.000000000000000000e+00 1.000000000000000000e+10
1.328413566614123908e+00 4.165416339091711251e+01 3.204720666682094077e+01 1.563919637130448947e+01 3.069539251162208271e-01 3.144224516541272862e+01 4.026010466244946676e-28 3.856910570866053621e-28 3.486926727237655132e-29 8.484314201041822656e-01 4.181432195669657474e-29 1.000000000000000000e+00 0.000000000000000000e+00 0.000000000000000000e+00 0.000000000000000000e+00 1.000000000000000000e+00 1.000000000000000000e+10 0.000000000000000000e+00 0.000000000000000000e+00 0.000000000000000000e+00 1.000000000000000000e+10
1.532044931926391351e+00 4.041294218752768330e+01 3.595844521678418459e+01 1.340060711402075988e+01 3.109166850593964027e-01 2.819942005975083887e+01 6.076671102135748356e-28 3.764659082057540523e-28 3.151992379821740874e-29 8.676757547299763784e-01 3.815780491808649047e-29 1.000000000000000000e+00 0.000000000000000000e+00 0.000000000000000000e+00 0.000000000000000000e+00 1.000000000000000000e+00 1.000000000000000000e+10 0.000000000000000000e+00 0.000000000000000000e+00 0.000000000000000000e+00 1.000000000000000000e+10
1.766890772896739126e+00 3.767620731260593203e+01 2.894180850767076763e+01 1.232517002218459901e+01 2.988350556153132054e-01 2.648469003108904118e+01 9.396568255029609501e-28 3.492295809736112704e-28 3.826333762795965391e-29 8.499226830816087874e-01 4.464864292767971304e-29 1.000000000000000000e+00 0.000000000000000000e+00 0.000000000000000000e+00 0.000000000000000000e+00 1.000000000000000000e+00 1.000000000000000000e+10 0.000000000000000000e+00 0.000000000000000000e+00 0.000000000000000000e+00 1.000000000000000000e+10
2.037735929469222107e+00 3.666865438709336189e+01 2.650102159891192954e+01 1.352890301721443933e+01 2.965943257060175697e-01 2.716406515724197490e+01 1.222372278328657893e-27 2.874242712646489756e-28 4.740942887217083637e-29 8.405834367685940389e-01 5.369329081565093524e-29 1.000000000000000000e+00 0.000000000000000000e+00 0.000000000000000000e+00 0.000000000000000000e+00 1.000000000000000000e+00 1.000000000000000000e+10 0.000000000000000000e+00 0.000000000000000000e+00 0.000000000000000000e+00 1.000000000000000000e+10
2.350098705559579226e+00 3.162408515434625755e+01 2.200364375138637385e+01 1.161185149392824201e+01 2.759356973092946252e-01 2.457289270891975619e+01 6.190139008863583940e-28 2.428020099823968059e-28 4.793485681539020361e-29 8.432399980332944134e-01 5.511793076937232851e-29 1.000000000000000000e+00 0.000000000000000000e+00 0.000000000000000000e+00 0.000000000000000000e+00 1.000000000000000000e+00 1.000000000000000000e+10 0.000000000000000000e+00 0.000000000000000000e+00 0.000000000000000000e+00 1.000000000000000000e+10
