# R (Mpc), mean rho (Msol/kpc^3), errup (Msol/kpc^3), errlow, std, median rho (Msol/kpc^3), mean pth (Msol/kpc/s^2), errup(Msol/kpc/s^2), errlow, std, median pth (Msol/kpc/s^2), mean gas-mass-weighted metal (fraction), errup, errlow, std, median metal, mean gas-mass-weighted temp (K), errup, errlow, std, median temp  
#  nprofs 183, mean mh 538379795519.483459, median mh 489345170261.074402 
#  Mass range 11.50 - 12.0
1.040961082911032697e-02 4.872081485537273693e+05 2.956653801646167994e+05 1.540015411942976061e+05 2.142840907350995194e-01 4.248206157490846817e+05 2.734317162455120151e-25 4.079716842635101909e-25 4.816273239132955344e-26 4.859525258452346841e-01 9.738082243326262043e-26 1.000000000000000000e+00 0.000000000000000000e+00 0.000000000000000000e+00 0.000000000000000000e+00 1.000000000000000000e+00 1.000000000000000000e+10 0.000000000000000000e+00 0.000000000000000000e+00 0.000000000000000000e+00 1.000000000000000000e+10
1.200529105910367808e-02 3.773467775584236369e+05 2.238856629898917745e+05 1.522330626483548840e+05 2.368580384569889952e-01 3.414169446102709626e+05 2.476197972326300551e-25 3.188251849294418009e-25 7.571220846470414554e-26 4.707676319340106663e-01 1.174980557373841888e-25 1.000000000000000000e+00 0.000000000000000000e+00 0.000000000000000000e+00 0.000000000000000000e+00 1.000000000000000000e+00 1.000000000000000000e+10 0.000000000000000000e+00 0.000000000000000000e+00 0.000000000000000000e+00 1.000000000000000000e+10
1.384557172980430476e-02 2.800262706735476968e+05 1.505597893866716186e+05 1.155661860669446469e+05 2.280060303819967105e-01 2.588138514983077184e+05 2.456112202440926081e-25 3.393789090702627761e-25 9.586030008888185111e-26 4.498824234904638120e-01 1.441347835088060033e-25 1.000000000000000000e+00 0.000000000000000000e+00 0.000000000000000000e+00 0.000000000000000000e+00 1.000000000000000000e+00 1.000000000000000000e+10 0.000000000000000000e+00 0.000000000000000000e+00 0.000000000000000000e+00 1.000000000000000000e+10
1.596794743096121086e-02 1.964273080201234843e+05 1.022955263570306124e+05 7.439164685752216610e+04 2.306519532479451573e-01 1.752540473639351549e+05 2.538737601236967972e-25 2.616624808711120169e-25 1.170146210515203203e-25 4.186597248485534606e-01 1.742131768074970070e-25 1.000000000000000000e+00 0.000000000000000000e+00 0.000000000000000000e+00 0.000000000000000000e+00 1.000000000000000000e+00 1.000000000000000000e+10 0.000000000000000000e+00 0.000000000000000000e+00 0.000000000000000000e+00 1.000000000000000000e+10
1.841566026551830909e-02 1.379768167688237445e+05 8.676726388333235809e+04 5.235706301135111426e+04 2.478405333249900921e-01 1.236921013771011349e+05 2.250508034430574273e-25 2.090136542503553656e-25 7.741041387079716344e-26 3.689941489935402164e-01 1.480271818934366661e-25 1.000000000000000000e+00 0.000000000000000000e+00 0.000000000000000000e+00 0.000000000000000000e+00 1.000000000000000000e+00 1.000000000000000000e+10 0.000000000000000000e+00 0.000000000000000000e+00 0.000000000000000000e+00 1.000000000000000000e+10
2.123858088093512342e-02 9.206539810937549919e+04 5.553776310188551724e+04 3.824737884052039590e+04 2.495626453658221500e-01 7.949829373239430424e+04 1.899538909330092045e-25 1.392935308659184101e-25 6.677875155150258065e-26 3.146791503562546555e-01 1.406981409171741680e-25 1.000000000000000000e+00 0.000000000000000000e+00 0.000000000000000000e+00 0.000000000000000000e+00 1.000000000000000000e+00 1.000000000000000000e+10 0.000000000000000000e+00 0.000000000000000000e+00 0.000000000000000000e+00 1.000000000000000000e+10
2.449422455303571639e-02 6.217312436273543426e+04 4.603302115453051374e+04 2.275331138526823997e+04 2.632784845341102353e-01 5.088231238817022677e+04 1.696511572374925981e-25 1.291195836747740100e-25 7.312849274826660281e-26 3.042822631880438000e-01 1.369270751462788364e-25 1.000000000000000000e+00 0.000000000000000000e+00 0.000000000000000000e+00 0.000000000000000000e+00 1.000000000000000000e+00 1.000000000000000000e+10 0.000000000000000000e+00 0.000000000000000000e+00 0.000000000000000000e+00 1.000000000000000000e+10
2.824892302447100725e-02 4.113647987009636563e+04 2.970010155907151056e+04 1.470507556038442635e+04 2.545450458910830105e-01 3.431705607952908031e+04 1.485844746467364420e-25 1.590157767177337693e-25 4.962839112688824593e-26 3.136996703236228368e-01 1.048667190138741054e-25 1.000000000000000000e+00 0.000000000000000000e+00 0.000000000000000000e+00 0.000000000000000000e+00 1.000000000000000000e+00 1.000000000000000000e+10 0.000000000000000000e+00 0.000000000000000000e+00 0.000000000000000000e+00 1.000000000000000000e+10
3.257917597328415654e-02 2.775043518972924721e+04 1.869819599110374838e+04 8.916766587874915786e+03 2.401899212507491166e-01 2.239915819331611419e+04 1.180972106336016544e-25 1.126780933979254924e-25 4.329086244951135568e-26 3.024355259041613397e-01 8.956857314282494365e-26 1.000000000000000000e+00 0.000000000000000000e+00 0.000000000000000000e+00 0.000000000000000000e+00 1.000000000000000000e+00 1.000000000000000000e+10 0.000000000000000000e+00 0.000000000000000000e+00 0.000000000000000000e+00 1.000000000000000000e+10
3.757320964692217186e-02 1.921778505892798785e+04 1.322307766420253938e+04 5.775143195254337115e+03 2.264054329234302387e-01 1.587633426299724124e+04 1.009496563507455498e-25 8.971906305513871756e-26 3.501540279433258645e-26 2.887680033435277571e-01 7.595357789629819176e-26 1.000000000000000000e+00 0.000000000000000000e+00 0.000000000000000000e+00 0.000000000000000000e+00 1.000000000000000000e+00 1.000000000000000000e+10 0.000000000000000000e+00 0.000000000000000000e+00 0.000000000000000000e+00 1.000000000000000000e+10
4.333277441790538143e-02 1.341925137855343019e+04 7.737750761552775657e+03 3.411542764402905050e+03 2.015528400849499469e-01 1.123764373644212537e+04 8.169197434339832593e-26 6.356554637019754258e-26 2.823879119293384915e-26 2.770046269899785196e-01 6.342357682842647752e-26 1.000000000000000000e+00 0.000000000000000000e+00 0.000000000000000000e+00 0.000000000000000000e+00 1.000000000000000000e+00 1.000000000000000000e+10 0.000000000000000000e+00 0.000000000000000000e+00 0.000000000000000000e+00 1.000000000000000000e+10
4.997521788524898756e-02 9.647420767184128636e+03 5.651486925408198658e+03 2.206901887464544416e+03 1.758731906379674692e-01 8.291675479127196013e+03 6.763238872466110607e-26 5.158243825511258956e-26 2.514220846425064662e-26 2.810656139115172980e-01 5.346041331677154493e-26 1.000000000000000000e+00 0.000000000000000000e+00 0.000000000000000000e+00 0.000000000000000000e+00 1.000000000000000000e+00 1.000000000000000000e+10 0.000000000000000000e+00 0.000000000000000000e+00 0.000000000000000000e+00 1.000000000000000000e+10
5.763587575980636674e-02 7.474549675568275234e+03 2.834144520588003616e+03 2.401484556436558705e+03 1.629808023887487356e-01 7.040322823688967219e+03 5.492950606211273052e-26 4.253877803891665432e-26 1.885839397533150954e-26 2.704644089142906882e-01 4.290044674032710959e-26 1.000000000000000000e+00 0.000000000000000000e+00 0.000000000000000000e+00 0.000000000000000000e+00 1.000000000000000000e+00 1.000000000000000000e+10 0.000000000000000000e+00 0.000000000000000000e+00 0.000000000000000000e+00 1.000000000000000000e+10
6.647082924635627776e-02 6.032521426484549920e+03 2.667728578838141402e+03 1.834862837781590315e+03 1.665313718132563625e-01 5.666821773087584006e+03 4.337780926390482974e-26 3.740967247197408897e-26 1.747427334276445923e-26 2.739194000828983899e-01 3.502242178349676674e-26 1.000000000000000000e+00 0.000000000000000000e+00 0.000000000000000000e+00 0.000000000000000000e+00 1.000000000000000000e+00 1.000000000000000000e+10 0.000000000000000000e+00 0.000000000000000000e+00 0.000000000000000000e+00 1.000000000000000000e+10
7.666008510240249207e-02 4.804006609317100811e+03 2.360063093508818383e+03 1.528313473045001047e+03 1.677259578601235368e-01 4.547074759065260878e+03 3.334668394028569044e-26 2.810353001779127868e-26 1.226607746816429948e-26 2.769565485938708105e-01 2.619679367247765417e-26 1.000000000000000000e+00 0.000000000000000000e+00 0.000000000000000000e+00 0.000000000000000000e+00 1.000000000000000000e+00 1.000000000000000000e+10 0.000000000000000000e+00 0.000000000000000000e+00 0.000000000000000000e+00 1.000000000000000000e+10
8.841124316543315376e-02 3.765523912875501082e+03 1.696858341711435514e+03 1.108050519419298780e+03 1.706235575601921794e-01 3.491675509492178662e+03 2.469748296679802314e-26 2.092420932830314697e-26 9.365151064770510371e-27 2.790661480549666007e-01 1.955483463690721355e-26 1.000000000000000000e+00 0.000000000000000000e+00 0.000000000000000000e+00 0.000000000000000000e+00 1.000000000000000000e+00 1.000000000000000000e+10 0.000000000000000000e+00 0.000000000000000000e+00 0.000000000000000000e+00 1.000000000000000000e+10
1.019637260722580097e-01 2.934744961336832148e+03 1.288628443352762133e+03 8.608334918827492857e+02 1.738834131064213029e-01 2.679015277666133898e+03 1.815096451802422958e-26 1.623212387468733319e-26 7.016042660978230392e-27 2.831020492494984442e-01 1.415890498298229923e-26 1.000000000000000000e+00 0.000000000000000000e+00 0.000000000000000000e+00 0.000000000000000000e+00 1.000000000000000000e+00 1.000000000000000000e+10 0.000000000000000000e+00 0.000000000000000000e+00 0.000000000000000000e+00 1.000000000000000000e+10
1.175936573483598035e-01 2.194429259015063508e+03 1.100106013662263422e+03 6.890882573409965062e+02 1.712384577529942609e-01 2.027400106903812912e+03 1.289915905824632398e-26 1.004941993234497729e-26 5.830444258069303257e-27 2.845843465152759211e-01 1.090866085202769447e-26 1.000000000000000000e+00 0.000000000000000000e+00 0.000000000000000000e+00 0.000000000000000000e+00 1.000000000000000000e+00 1.000000000000000000e+10 0.000000000000000000e+00 0.000000000000000000e+00 0.000000000000000000e+00 1.000000000000000000e+10
1.356194872553388164e-01 1.673633885941052085e+03 8.154796109284234262e+02 5.488453988343720766e+02 1.721908872857335626e-01 1.528927599358491534e+03 9.161821116106097115e-27 7.106085324430105472e-27 4.233426266477673158e-27 2.958514174901931693e-01 7.635389062929414932e-27 1.000000000000000000e+00 0.000000000000000000e+00 0.000000000000000000e+00 0.000000000000000000e+00 1.000000000000000000e+00 1.000000000000000000e+10 0.000000000000000000e+00 0.000000000000000000e+00 0.000000000000000000e+00 1.000000000000000000e+10
1.564084810196403053e-01 1.263077559745867575e+03 6.677962808197621598e+02 3.972982812865288906e+02 1.776774567413874628e-01 1.133698989803592667e+03 6.381133111966259555e-27 5.859987996136637208e-27 2.426284605043870124e-27 3.087371675485345301e-01 4.819715692999753331e-27 1.000000000000000000e+00 0.000000000000000000e+00 0.000000000000000000e+00 0.000000000000000000e+00 1.000000000000000000e+00 1.000000000000000000e+10 0.000000000000000000e+00 0.000000000000000000e+00 0.000000000000000000e+00 1.000000000000000000e+10
1.803842016362447453e-01 9.276137110551752585e+02 4.828825650494918591e+02 2.904911159716727980e+02 1.778632205141109923e-01 8.478149540185297610e+02 4.388473911972396779e-27 4.194627154539700318e-27 1.680799493657981971e-27 3.272146381054242825e-01 3.200150092102332548e-27 1.000000000000000000e+00 0.000000000000000000e+00 0.000000000000000000e+00 0.000000000000000000e+00 1.000000000000000000e+00 1.000000000000000000e+10 0.000000000000000000e+00 0.000000000000000000e+00 0.000000000000000000e+00 1.000000000000000000e+10
2.080351397048574025e-01 6.723435800067012451e+02 3.178882954532232361e+02 2.300601304482689216e+02 1.759773389169490276e-01 6.260074722962885971e+02 2.976270921939677227e-27 2.859585408531552418e-27 1.200891318304783730e-27 3.405490470891891497e-01 2.164428855056866605e-27 1.000000000000000000e+00 0.000000000000000000e+00 0.000000000000000000e+00 0.000000000000000000e+00 1.000000000000000000e+00 1.000000000000000000e+10 0.000000000000000000e+00 0.000000000000000000e+00 0.000000000000000000e+00 1.000000000000000000e+10
2.399246661262133540e-01 4.947827538370565321e+02 2.771001203469133429e+02 1.450179691702617788e+02 1.828206527225547107e-01 4.322432520785754946e+02 2.069788508138375723e-27 1.832187745834339844e-27 8.536951009788087183e-28 3.641918155537692270e-01 1.428561306790709349e-27 1.000000000000000000e+00 0.000000000000000000e+00 0.000000000000000000e+00 0.000000000000000000e+00 1.000000000000000000e+00 1.000000000000000000e+10 0.000000000000000000e+00 0.000000000000000000e+00 0.000000000000000000e+00 1.000000000000000000e+10
2.767025104385807399e-01 3.669197426024821880e+02 1.931232461975747015e+02 1.223876919960046052e+02 1.967861591530007948e-01 3.226990628646497612e+02 1.501989528226319570e-27 1.502553562074148151e-27 5.388591311596887416e-28 4.004634927235870556e-01 8.840654974673654127e-28 1.000000000000000000e+00 0.000000000000000000e+00 0.000000000000000000e+00 0.000000000000000000e+00 1.000000000000000000e+00 1.000000000000000000e+10 0.000000000000000000e+00 0.000000000000000000e+00 0.000000000000000000e+00 1.000000000000000000e+10
3.191179986585286343e-01 2.693109802610625252e+02 1.568056511322790527e+02 8.345771506088897240e+01 2.051043213722135161e-01 2.313104469567856256e+02 1.140061976944329766e-27 1.104122924128934879e-27 3.612606131827933259e-28 4.331484135239799249e-01 5.889879387769262189e-28 1.000000000000000000e+00 0.000000000000000000e+00 0.000000000000000000e+00 0.000000000000000000e+00 1.000000000000000000e+00 1.000000000000000000e+10 0.000000000000000000e+00 0.000000000000000000e+00 0.000000000000000000e+00 1.000000000000000000e+10
3.680353203388414540e-01 2.010813889850192311e+02 1.254029290227797446e+02 4.634661288272974389e+01 2.147355720120372735e-01 1.583647834177718323e+02 8.916775136046330104e-28 9.005736748029538545e-28 2.207389097653839229e-28 4.688630712708006243e-01 3.703289664297102418e-28 1.000000000000000000e+00 0.000000000000000000e+00 0.000000000000000000e+00 0.000000000000000000e+00 1.000000000000000000e+00 1.000000000000000000e+10 0.000000000000000000e+00 0.000000000000000000e+00 0.000000000000000000e+00 1.000000000000000000e+10
4.244511359005219142e-01 1.562019500076949612e+02 8.105848286555652749e+01 4.253882506658675311e+01 2.284629929854353481e-01 1.238123595991939965e+02 7.737842897189709485e-28 6.602036187121720004e-28 1.702739778199538885e-28 5.134250182966263454e-01 2.653487908063817245e-28 1.000000000000000000e+00 0.000000000000000000e+00 0.000000000000000000e+00 0.000000000000000000e+00 1.000000000000000000e+00 1.000000000000000000e+10 0.000000000000000000e+00 0.000000000000000000e+00 0.000000000000000000e+00 1.000000000000000000e+10
4.895148829774688681e-01 1.224026659184190464e+02 7.060775863230641392e+01 3.464048005053052748e+01 2.412136574581149606e-01 9.442580870010048955e+01 6.995002316042096859e-28 5.473554133814136120e-28 1.051020028689758516e-28 5.592625587638088147e-01 1.726658301207240678e-28 1.000000000000000000e+00 0.000000000000000000e+00 0.000000000000000000e+00 0.000000000000000000e+00 1.000000000000000000e+00 1.000000000000000000e+10 0.000000000000000000e+00 0.000000000000000000e+00 0.000000000000000000e+00 1.000000000000000000e+10
5.645521955031491679e-01 1.020794920606638669e+02 7.552397124736782530e+01 2.600116457116106261e+01 2.657687987504952498e-01 7.203662793310479628e+01 7.010965870089293294e-28 5.140878628767910773e-28 8.371218648217536917e-29 6.267379870289099264e-01 1.294121040842732085e-28 1.000000000000000000e+00 0.000000000000000000e+00 0.000000000000000000e+00 0.000000000000000000e+00 1.000000000000000000e+00 1.000000000000000000e+10 0.000000000000000000e+00 0.000000000000000000e+00 0.000000000000000000e+00 1.000000000000000000e+10
6.510919126887823039e-01 9.510776966359192386e+01 8.305065237486505225e+01 2.320719891259473400e+01 3.103323607401986539e-01 6.011797553994895793e+01 7.625985217437434611e-28 5.611782888084289843e-28 5.991449537845468379e-29 7.132071671374660138e-01 9.064007086083976120e-29 1.000000000000000000e+00 0.000000000000000000e+00 0.000000000000000000e+00 0.000000000000000000e+00 1.000000000000000000e+00 1.000000000000000000e+10 0.000000000000000000e+00 0.000000000000000000e+00 0.000000000000000000e+00 1.000000000000000000e+10
7.508972281844089602e-01 8.155253319663226819e+01 7.524018730045906977e+01 1.828200608810418970e+01 3.228459518453524191e-01 4.921464832696553771e+01 6.778866160721415223e-28 5.415592049873663667e-28 4.937553742659521181e-29 7.566098652650388168e-01 7.008311711631553507e-29 1.000000000000000000e+00 0.000000000000000000e+00 0.000000000000000000e+00 0.000000000000000000e+00 1.000000000000000000e+00 1.000000000000000000e+10 0.000000000000000000e+00 0.000000000000000000e+00 0.000000000000000000e+00 1.000000000000000000e+10
8.660016140678794550e-01 6.565145195760548802e+01 5.508875900204983367e+01 1.787051075116616516e+01 3.035830998982505524e-01 4.366599491096555852e+01 5.434507455591443621e-28 3.962975173936697147e-28 4.363961033761525528e-29 7.585714268711443165e-01 6.132851085993758382e-29 1.000000000000000000e+00 0.000000000000000000e+00 0.000000000000000000e+00 0.000000000000000000e+00 1.000000000000000000e+00 1.000000000000000000e+10 0.000000000000000000e+00 0.000000000000000000e+00 0.000000000000000000e+00 1.000000000000000000e+10
9.987502515910116063e-01 5.487554710546035608e+01 4.952166507752707503e+01 1.578605974233562392e+01 2.906393668654541074e-01 3.811008178389873535e+01 5.665053155141003001e-28 3.947129684601333009e-28 4.126699685452094310e-29 7.759962272991614007e-01 5.283552884906708424e-29 1.000000000000000000e+00 0.000000000000000000e+00 0.000000000000000000e+00 0.000000000000000000e+00 1.000000000000000000e+00 1.000000000000000000e+10 0.000000000000000000e+00 0.000000000000000000e+00 0.000000000000000000e+00 1.000000000000000000e+10
1.151847812808953542e+00 4.985551960475636690e+01 3.968363620082052989e+01 1.668515064401259451e+01 2.970707667191518353e-01 3.660420317131692514e+01 6.782073485157296081e-28 4.728811196568055750e-28 4.093861719610367580e-29 8.030944901890729737e-01 5.082196800258813206e-29 1.000000000000000000e+00 0.000000000000000000e+00 0.000000000000000000e+00 0.000000000000000000e+00 1.000000000000000000e+00 1.000000000000000000e+10 0.000000000000000000e+00 0.000000000000000000e+00 0.000000000000000000e+00 1.000000000000000000e+10
1.328413566614123908e+00 4.621203602079179973e+01 3.891322141200315343e+01 1.393194648782298728e+01 2.920008434172332579e-01 3.227570372121860487e+01 7.910856391894129588e-28 4.399503703378091999e-28 3.190957532782464223e-29 7.982118595344813716e-01 4.171011992675180917e-29 1.000000000000000000e+00 0.000000000000000000e+00 0.000000000000000000e+00 0.000000000000000000e+00 1.000000000000000000e+00 1.000000000000000000e+10 0.000000000000000000e+00 0.000000000000000000e+00 0.000000000000000000e+00 1.000000000000000000e+10
1.532044931926391351e+00 4.396186855124293658e+01 4.252546849144007979e+01 1.246476419800890056e+01 2.930672482269604529e-01 2.937532446382498108e+01 1.048037956387893205e-27 3.800408749615685608e-28 3.598144404015734646e-29 7.895239078157337831e-01 4.565238213858914808e-29 1.000000000000000000e+00 0.000000000000000000e+00 0.000000000000000000e+00 0.000000000000000000e+00 1.000000000000000000e+00 1.000000000000000000e+10 0.000000000000000000e+00 0.000000000000000000e+00 0.000000000000000000e+00 1.000000000000000000e+10
1.766890772896739126e+00 3.809645397207093254e+01 2.699302892715435220e+01 1.250470572333843933e+01 2.692032607041056069e-01 2.851781006065745672e+01 7.604832752907195463e-28 2.937919030330843843e-28 3.595777179021528921e-29 7.464739192719095362e-01 4.684363291734565333e-29 1.000000000000000000e+00 0.000000000000000000e+00 0.000000000000000000e+00 0.000000000000000000e+00 1.000000000000000000e+00 1.000000000000000000e+10 0.000000000000000000e+00 0.000000000000000000e+00 0.000000000000000000e+00 1.000000000000000000e+10
2.037735929469222107e+00 3.294515659768655524e+01 2.507947780581718433e+01 1.004219791448727683e+01 2.466168943278093939e-01 2.593877210580954085e+01 3.758680341081848597e-28 2.534030830601782592e-28 3.369192904708785879e-29 7.034607108736244951e-01 4.536015925323358895e-29 1.000000000000000000e+00 0.000000000000000000e+00 0.000000000000000000e+00 0.000000000000000000e+00 1.000000000000000000e+00 1.000000000000000000e+10 0.000000000000000000e+00 0.000000000000000000e+00 0.000000000000000000e+00 1.000000000000000000e+10
2.350098705559579226e+00 3.047115081864857089e+01 2.649197629985623337e+01 7.859175318513713648e+00 2.373917939573887415e-01 2.334246468277956410e+01 2.634564659375506803e-28 2.112116796593280459e-28 3.928402757598859481e-29 6.837979151815275491e-01 5.231197780651113666e-29 1.000000000000000000e+00 0.000000000000000000e+00 0.000000000000000000e+00 0.000000000000000000e+00 1.000000000000000000e+00 1.000000000000000000e+10 0.000000000000000000e+00 0.000000000000000000e+00 0.000000000000000000e+00 1.000000000000000000e+10
