# R (Mpc), mean rho (Msol/kpc^3), errup (Msol/kpc^3), errlow, std, median rho (Msol/kpc^3), mean pth (Msol/kpc/s^2), errup(Msol/kpc/s^2), errlow, std, median pth (Msol/kpc/s^2), mean gas-mass-weighted metal (fraction), errup, errlow, std, median metal, mean gas-mass-weighted temp (K), errup, errlow, std, median temp  
#  nprofs 191, mean mh 210985813198.410980, median mh 202369419939.737152 
#  Mass range 11.00 - 11.5
1.040961082911032697e-02 2.109589170596796903e+05 1.326511565974382684e+05 8.537013685495866230e+04 2.533614816472113396e-01 1.879133410434551770e+05 9.112551164951036228e-26 9.984867167856989458e-26 1.557073388211897045e-26 4.683770317484396983e-01 3.293147699695592729e-26 1.000000000000000000e+00 0.000000000000000000e+00 0.000000000000000000e+00 0.000000000000000000e+00 1.000000000000000000e+00 1.000000000000000000e+10 0.000000000000000000e+00 0.000000000000000000e+00 0.000000000000000000e+00 1.000000000000000000e+10
1.200529105910367808e-02 1.626176519894752128e+05 1.044914841267517477e+05 6.638943576484372898e+04 2.532032656796658898e-01 1.440385733404876664e+05 9.455637351771058570e-26 1.496163922483048568e-25 2.060007083134235224e-26 4.801189765922134201e-01 3.754373315361225959e-26 1.000000000000000000e+00 0.000000000000000000e+00 0.000000000000000000e+00 0.000000000000000000e+00 1.000000000000000000e+00 1.000000000000000000e+10 0.000000000000000000e+00 0.000000000000000000e+00 0.000000000000000000e+00 1.000000000000000000e+10
1.384557172980430476e-02 1.284564654678414518e+05 9.538765512739912083e+04 6.133234422780217574e+04 2.964628660565683527e-01 1.110897556435572187e+05 8.540097535985129003e-26 1.093578838930358345e-25 2.912830665189184062e-26 4.547330126652773807e-01 4.645437377809072200e-26 1.000000000000000000e+00 0.000000000000000000e+00 0.000000000000000000e+00 0.000000000000000000e+00 1.000000000000000000e+00 1.000000000000000000e+10 0.000000000000000000e+00 0.000000000000000000e+00 0.000000000000000000e+00 1.000000000000000000e+10
1.596794743096121086e-02 9.508679961771053786e+04 6.840371709107865172e+04 4.781455675824373611e+04 2.932749720412670125e-01 8.610396250961963960e+04 7.281650495132323055e-26 6.612256031927922552e-26 3.582771607034801621e-26 3.825090191546902663e-01 5.436683188146759457e-26 1.000000000000000000e+00 0.000000000000000000e+00 0.000000000000000000e+00 0.000000000000000000e+00 1.000000000000000000e+00 1.000000000000000000e+10 0.000000000000000000e+00 0.000000000000000000e+00 0.000000000000000000e+00 1.000000000000000000e+10
1.841566026551830909e-02 6.683700164251640672e+04 5.254393586262504687e+04 2.956043360783343087e+04 3.014181719077417831e-01 5.729829682086601679e+04 5.929791019559319986e-26 6.032392371459731496e-26 2.410098773919634262e-26 3.714410458805424420e-01 4.251893352373284678e-26 1.000000000000000000e+00 0.000000000000000000e+00 0.000000000000000000e+00 0.000000000000000000e+00 1.000000000000000000e+00 1.000000000000000000e+10 0.000000000000000000e+00 0.000000000000000000e+00 0.000000000000000000e+00 1.000000000000000000e+10
2.123858088093512342e-02 4.748839535224839346e+04 3.369632280954254384e+04 2.003668839390618814e+04 2.815353319992290881e-01 4.053361715217868914e+04 5.361401996291420361e-26 3.675539220731657643e-26 2.534590387819911510e-26 3.382978841013271065e-01 4.337514326029631547e-26 1.000000000000000000e+00 0.000000000000000000e+00 0.000000000000000000e+00 0.000000000000000000e+00 1.000000000000000000e+00 1.000000000000000000e+10 0.000000000000000000e+00 0.000000000000000000e+00 0.000000000000000000e+00 1.000000000000000000e+10
2.449422455303571639e-02 3.207616972576701664e+04 2.341175848551120362e+04 1.308633165596713116e+04 2.699219592564975900e-01 2.664974815856685382e+04 4.342429754374850585e-26 3.563864753802042364e-26 1.401669062328770434e-26 2.975743418309631516e-01 3.282418113596026541e-26 1.000000000000000000e+00 0.000000000000000000e+00 0.000000000000000000e+00 0.000000000000000000e+00 1.000000000000000000e+00 1.000000000000000000e+10 0.000000000000000000e+00 0.000000000000000000e+00 0.000000000000000000e+00 1.000000000000000000e+10
2.824892302447100725e-02 2.100539525118655365e+04 1.532967777498176656e+04 8.654087141938678542e+03 2.820339169458311313e-01 1.785805275296522814e+04 3.390760511415347440e-26 2.547281428636117486e-26 1.289684635714976949e-26 2.786813047715692715e-01 2.661823376655004447e-26 1.000000000000000000e+00 0.000000000000000000e+00 0.000000000000000000e+00 0.000000000000000000e+00 1.000000000000000000e+00 1.000000000000000000e+10 0.000000000000000000e+00 0.000000000000000000e+00 0.000000000000000000e+00 1.000000000000000000e+10
3.257917597328415654e-02 1.405280172716292327e+04 9.847235673803781538e+03 5.162924809044227914e+03 2.465189763620093122e-01 1.168663419143922874e+04 2.787876855815412524e-26 1.979361529986029957e-26 9.167282635301886188e-27 2.402525400919961196e-01 2.297469463156345989e-26 1.000000000000000000e+00 0.000000000000000000e+00 0.000000000000000000e+00 0.000000000000000000e+00 1.000000000000000000e+00 1.000000000000000000e+10 0.000000000000000000e+00 0.000000000000000000e+00 0.000000000000000000e+00 1.000000000000000000e+10
3.757320964692217186e-02 8.981492096599024080e+03 5.876115478051957325e+03 3.206678020407365693e+03 2.363726202026624201e-01 7.639919585930027097e+03 2.275322106325908430e-26 1.434101303063355428e-26 7.178172580959931719e-27 2.447571383370890363e-01 1.844036474335473405e-26 1.000000000000000000e+00 0.000000000000000000e+00 0.000000000000000000e+00 0.000000000000000000e+00 1.000000000000000000e+00 1.000000000000000000e+10 0.000000000000000000e+00 0.000000000000000000e+00 0.000000000000000000e+00 1.000000000000000000e+10
4.333277441790538143e-02 6.090977451386156645e+03 2.617649068045781860e+03 2.461925303200221151e+03 2.142749251584559200e-01 5.735451191391820430e+03 1.820788518990900542e-26 1.162940923575533327e-26 6.717564237358571921e-27 2.316344659817182461e-01 1.621557937468627717e-26 1.000000000000000000e+00 0.000000000000000000e+00 0.000000000000000000e+00 0.000000000000000000e+00 1.000000000000000000e+00 1.000000000000000000e+10 0.000000000000000000e+00 0.000000000000000000e+00 0.000000000000000000e+00 1.000000000000000000e+10
4.997521788524898756e-02 4.557538262546167061e+03 2.486541193206241132e+03 1.249396297410164152e+03 1.888194915419755537e-01 3.974569512638261131e+03 1.528495703340741107e-26 8.594722257069148971e-27 5.966178143493060496e-27 2.222091633443679659e-01 1.367358142560889257e-26 1.000000000000000000e+00 0.000000000000000000e+00 0.000000000000000000e+00 0.000000000000000000e+00 1.000000000000000000e+00 1.000000000000000000e+10 0.000000000000000000e+00 0.000000000000000000e+00 0.000000000000000000e+00 1.000000000000000000e+10
5.763587575980636674e-02 3.514707459559231211e+03 1.419158499549508178e+03 1.017771676948758795e+03 1.671737254093726699e-01 3.254899029161382259e+03 1.262236689286034037e-26 7.612526193440769765e-27 4.488618806264389793e-27 2.246192105730800970e-01 1.109404483904220908e-26 1.000000000000000000e+00 0.000000000000000000e+00 0.000000000000000000e+00 0.000000000000000000e+00 1.000000000000000000e+00 1.000000000000000000e+10 0.000000000000000000e+00 0.000000000000000000e+00 0.000000000000000000e+00 1.000000000000000000e+10
6.647082924635627776e-02 2.747617375527974218e+03 1.268844199132400718e+03 7.395565715696864117e+02 1.598618317602220340e-01 2.540183868965614238e+03 9.807199070138487361e-27 5.572848592548787417e-27 3.518269994294892734e-27 2.274160881008999713e-01 8.527653725579324275e-27 1.000000000000000000e+00 0.000000000000000000e+00 0.000000000000000000e+00 0.000000000000000000e+00 1.000000000000000000e+00 1.000000000000000000e+10 0.000000000000000000e+00 0.000000000000000000e+00 0.000000000000000000e+00 1.000000000000000000e+10
7.666008510240249207e-02 2.192912957580419970e+03 8.125633035228133849e+02 6.023484244477247103e+02 1.573126488146106561e-01 2.045375147166441366e+03 7.540309279851172147e-27 4.357977830894907663e-27 2.480908278374746922e-27 2.333843932740641836e-01 6.463911019557255031e-27 1.000000000000000000e+00 0.000000000000000000e+00 0.000000000000000000e+00 0.000000000000000000e+00 1.000000000000000000e+00 1.000000000000000000e+10 0.000000000000000000e+00 0.000000000000000000e+00 0.000000000000000000e+00 1.000000000000000000e+10
8.841124316543315376e-02 1.734724392845188731e+03 8.366553008635441984e+02 4.797420749735128993e+02 1.642061698032973027e-01 1.588259763107612343e+03 5.783071112428183739e-27 3.352515442544094204e-27 2.043791486935177212e-27 2.490632001865300260e-01 4.793805962195750281e-27 1.000000000000000000e+00 0.000000000000000000e+00 0.000000000000000000e+00 0.000000000000000000e+00 1.000000000000000000e+00 1.000000000000000000e+10 0.000000000000000000e+00 0.000000000000000000e+00 0.000000000000000000e+00 1.000000000000000000e+10
1.019637260722580097e-01 1.306307098363326759e+03 4.810521860572118840e+02 4.044474929399132179e+02 1.613787333337186602e-01 1.245769458161743160e+03 4.272717401775839853e-27 2.145841132674799822e-27 1.508881608659358868e-27 2.638611130398827997e-01 3.426574507016147661e-27 1.000000000000000000e+00 0.000000000000000000e+00 0.000000000000000000e+00 0.000000000000000000e+00 1.000000000000000000e+00 1.000000000000000000e+10 0.000000000000000000e+00 0.000000000000000000e+00 0.000000000000000000e+00 1.000000000000000000e+10
1.175936573483598035e-01 1.011463440857377691e+03 4.291208642520795138e+02 2.702332724079116133e+02 1.643657352752934397e-01 9.177232858913222344e+02 3.150884320313134491e-27 1.521060935668219542e-27 1.083922301455595230e-27 2.773157076052455428e-01 2.447509460833375997e-27 1.000000000000000000e+00 0.000000000000000000e+00 0.000000000000000000e+00 0.000000000000000000e+00 1.000000000000000000e+00 1.000000000000000000e+10 0.000000000000000000e+00 0.000000000000000000e+00 0.000000000000000000e+00 1.000000000000000000e+10
1.356194872553388164e-01 7.689023837185652610e+02 3.391696522725620753e+02 2.157779328590871160e+02 1.580826184246929000e-01 7.091264279999567179e+02 2.282143833055771488e-27 1.378758300199367846e-27 7.193232872799425999e-28 2.849314134647368268e-01 1.676111522354316639e-27 1.000000000000000000e+00 0.000000000000000000e+00 0.000000000000000000e+00 0.000000000000000000e+00 1.000000000000000000e+00 1.000000000000000000e+10 0.000000000000000000e+00 0.000000000000000000e+00 0.000000000000000000e+00 1.000000000000000000e+10
1.564084810196403053e-01 5.906448013972476474e+02 2.745004562730476891e+02 1.256052691517379571e+02 1.496287338658224553e-01 5.318613274702407807e+02 1.669570895896312417e-27 1.135501834846486839e-27 4.820800890327287057e-28 2.957291352977266530e-01 1.171684735124039462e-27 1.000000000000000000e+00 0.000000000000000000e+00 0.000000000000000000e+00 0.000000000000000000e+00 1.000000000000000000e+00 1.000000000000000000e+10 0.000000000000000000e+00 0.000000000000000000e+00 0.000000000000000000e+00 1.000000000000000000e+10
1.803842016362447453e-01 4.478874725352521295e+02 1.976254035443715793e+02 9.823811909681779753e+01 1.546415949114069155e-01 3.979488620500550269e+02 1.266663745593213199e-27 8.995542080873948614e-28 3.746878222358512762e-28 3.289647782689269495e-01 8.229695563221767325e-28 1.000000000000000000e+00 0.000000000000000000e+00 0.000000000000000000e+00 0.000000000000000000e+00 1.000000000000000000e+00 1.000000000000000000e+10 0.000000000000000000e+00 0.000000000000000000e+00 0.000000000000000000e+00 1.000000000000000000e+10
2.080351397048574025e-01 3.470059559554871953e+02 1.398291840048454446e+02 8.981516311900833216e+01 1.696772063800772445e-01 3.102055180893271995e+02 9.822922119291275273e-28 7.041491822988310056e-28 2.694440265016025930e-28 3.659401117501116518e-01 5.575653159102294740e-28 1.000000000000000000e+00 0.000000000000000000e+00 0.000000000000000000e+00 0.000000000000000000e+00 1.000000000000000000e+00 1.000000000000000000e+10 0.000000000000000000e+00 0.000000000000000000e+00 0.000000000000000000e+00 1.000000000000000000e+10
2.399246661262133540e-01 2.677309665176028375e+02 1.195877764459174273e+02 7.223327484184153491e+01 1.801567917653852657e-01 2.339097190037292080e+02 7.888479920182160094e-28 5.352629879251886635e-28 2.120239565069089303e-28 4.041921453231633876e-01 3.962210248235841018e-28 1.000000000000000000e+00 0.000000000000000000e+00 0.000000000000000000e+00 0.000000000000000000e+00 1.000000000000000000e+00 1.000000000000000000e+10 0.000000000000000000e+00 0.000000000000000000e+00 0.000000000000000000e+00 1.000000000000000000e+10
2.767025104385807399e-01 2.095098295409280809e+02 9.818658830125551162e+01 5.659897649234459038e+01 1.917761491421909326e-01 1.788833614938619974e+02 6.427953971365153610e-28 4.695745072055842293e-28 1.426349469039915980e-28 4.429209752726331883e-01 2.690735791847476689e-28 1.000000000000000000e+00 0.000000000000000000e+00 0.000000000000000000e+00 0.000000000000000000e+00 1.000000000000000000e+00 1.000000000000000000e+10 0.000000000000000000e+00 0.000000000000000000e+00 0.000000000000000000e+00 1.000000000000000000e+10
3.191179986585286343e-01 1.687971708916904845e+02 9.708549893227174721e+01 4.594392898734858477e+01 2.132643648618832710e-01 1.361721444207809668e+02 5.573757748817881236e-28 4.306141799019983651e-28 1.182356706418612755e-28 4.873398342762221835e-01 1.997729301158005572e-28 1.000000000000000000e+00 0.000000000000000000e+00 0.000000000000000000e+00 0.000000000000000000e+00 1.000000000000000000e+00 1.000000000000000000e+10 0.000000000000000000e+00 0.000000000000000000e+00 0.000000000000000000e+00 1.000000000000000000e+10
3.680353203388414540e-01 1.377033383769596355e+02 7.678724950748024014e+01 3.164331190043775166e+01 2.287761509393155257e-01 1.042693683477829580e+02 5.090328403618530683e-28 3.980070281084534483e-28 8.183325436149661224e-29 5.305193239717599374e-01 1.399540387740876581e-28 1.000000000000000000e+00 0.000000000000000000e+00 0.000000000000000000e+00 0.000000000000000000e+00 1.000000000000000000e+00 1.000000000000000000e+10 0.000000000000000000e+00 0.000000000000000000e+00 0.000000000000000000e+00 1.000000000000000000e+10
4.244511359005219142e-01 1.165083381715575399e+02 6.687641198423924038e+01 2.911323428664592683e+01 2.466437825430383146e-01 8.483285572359835669e+01 4.777291185442218366e-28 3.289008729409374773e-28 6.614116145125281697e-29 5.774896066320827082e-01 1.071539433379284574e-28 1.000000000000000000e+00 0.000000000000000000e+00 0.000000000000000000e+00 0.000000000000000000e+00 1.000000000000000000e+00 1.000000000000000000e+10 0.000000000000000000e+00 0.000000000000000000e+00 0.000000000000000000e+00 1.000000000000000000e+10
4.895148829774688681e-01 9.419210096838384061e+01 5.985116557504480284e+01 2.476728919383779015e+01 2.634564537962050812e-01 6.744736080491945529e+01 4.631548238674404916e-28 2.794602109929339656e-28 5.934580025252807900e-29 6.388859896728574794e-01 8.622882771507292025e-29 1.000000000000000000e+00 0.000000000000000000e+00 0.000000000000000000e+00 0.000000000000000000e+00 1.000000000000000000e+00 1.000000000000000000e+10 0.000000000000000000e+00 0.000000000000000000e+00 0.000000000000000000e+00 1.000000000000000000e+10
5.645521955031491679e-01 8.472422880271183487e+01 5.535235008304273663e+01 2.104143434342484653e+01 2.944181986537843243e-01 5.506611785049794605e+01 4.965653745707584547e-28 3.133940336229094685e-28 4.219537785884557175e-29 7.048481880736187088e-01 6.251145494119657873e-29 1.000000000000000000e+00 0.000000000000000000e+00 0.000000000000000000e+00 0.000000000000000000e+00 1.000000000000000000e+00 1.000000000000000000e+10 0.000000000000000000e+00 0.000000000000000000e+00 0.000000000000000000e+00 1.000000000000000000e+10
6.510919126887823039e-01 7.007795555941612520e+01 5.184445788707104441e+01 1.715932903944823451e+01 3.027685277329393299e-01 4.555433903843803023e+01 4.823757740209062520e-28 3.281851279521676537e-28 4.225249538242765600e-29 7.598548096610194813e-01 5.721776097105192045e-29 1.000000000000000000e+00 0.000000000000000000e+00 0.000000000000000000e+00 0.000000000000000000e+00 1.000000000000000000e+00 1.000000000000000000e+10 0.000000000000000000e+00 0.000000000000000000e+00 0.000000000000000000e+00 1.000000000000000000e+10
7.508972281844089602e-01 6.207496964367330605e+01 5.416183209649501151e+01 1.587549234273997811e+01 3.127083356328554387e-01 3.940500570873803809e+01 4.725934474129477913e-28 3.880916395037784600e-28 3.690863084198345816e-29 8.127043973894225726e-01 4.866312138718239848e-29 1.000000000000000000e+00 0.000000000000000000e+00 0.000000000000000000e+00 0.000000000000000000e+00 1.000000000000000000e+00 1.000000000000000000e+10 0.000000000000000000e+00 0.000000000000000000e+00 0.000000000000000000e+00 1.000000000000000000e+10
8.660016140678794550e-01 5.710169658564919359e+01 6.371700778578859570e+01 1.455603760538265234e+01 3.317996947317690681e-01 3.538007860207892463e+01 4.462477194950792080e-28 6.222032230905182046e-28 3.827013316389131799e-29 8.673158902665318859e-01 4.706148914923085454e-29 1.000000000000000000e+00 0.000000000000000000e+00 0.000000000000000000e+00 0.000000000000000000e+00 1.000000000000000000e+00 1.000000000000000000e+10 0.000000000000000000e+00 0.000000000000000000e+00 0.000000000000000000e+00 1.000000000000000000e+10
9.987502515910116063e-01 5.082650200085599579e+01 5.635537174436205277e+01 1.476490007755618450e+01 3.305552986619834099e-01 3.226357266911427502e+01 4.203557401079449577e-28 4.997128330296768950e-28 3.794785868360922331e-29 8.929243750847445371e-01 4.519764852998819312e-29 1.000000000000000000e+00 0.000000000000000000e+00 0.000000000000000000e+00 0.000000000000000000e+00 1.000000000000000000e+00 1.000000000000000000e+10 0.000000000000000000e+00 0.000000000000000000e+00 0.000000000000000000e+00 1.000000000000000000e+10
1.151847812808953542e+00 4.579748752767590503e+01 5.113222407349076093e+01 1.515906002661589724e+01 3.230561969981141646e-01 3.166721488586625810e+01 4.041806271420086742e-28 4.684614350349262944e-28 3.264151646006911526e-29 8.802688599368069244e-01 3.925582192098341163e-29 1.000000000000000000e+00 0.000000000000000000e+00 0.000000000000000000e+00 0.000000000000000000e+00 1.000000000000000000e+00 1.000000000000000000e+10 0.000000000000000000e+00 0.000000000000000000e+00 0.000000000000000000e+00 1.000000000000000000e+10
1.328413566614123908e+00 4.082794724373069783e+01 3.053096465088736267e+01 1.446770352444816155e+01 3.027919829318164724e-01 3.036804594657589007e+01 4.617056624921800199e-28 4.196249175706099338e-28 3.673470796578939007e-29 8.513707496900635441e-01 4.351411441198644935e-29 1.000000000000000000e+00 0.000000000000000000e+00 0.000000000000000000e+00 0.000000000000000000e+00 1.000000000000000000e+00 1.000000000000000000e+10 0.000000000000000000e+00 0.000000000000000000e+00 0.000000000000000000e+00 1.000000000000000000e+10
1.532044931926391351e+00 4.028703206605151621e+01 3.320203811179826658e+01 1.473726134398071608e+01 3.081904499398696040e-01 2.957766335175544015e+01 6.858922970238650262e-28 4.182881466234616645e-28 3.675216839166560276e-29 8.685417479065599133e-01 4.344575615402407892e-29 1.000000000000000000e+00 0.000000000000000000e+00 0.000000000000000000e+00 0.000000000000000000e+00 1.000000000000000000e+00 1.000000000000000000e+10 0.000000000000000000e+00 0.000000000000000000e+00 0.000000000000000000e+00 1.000000000000000000e+10
1.766890772896739126e+00 3.900331364473905893e+01 2.946071016005197052e+01 1.291636596618909749e+01 3.058440674684317906e-01 2.710079565560490167e+01 1.159541147968355018e-27 3.566853456552934470e-28 5.283776180014815534e-29 8.748154580870518560e-01 5.941855032745038013e-29 1.000000000000000000e+00 0.000000000000000000e+00 0.000000000000000000e+00 0.000000000000000000e+00 1.000000000000000000e+00 1.000000000000000000e+10 0.000000000000000000e+00 0.000000000000000000e+00 0.000000000000000000e+00 1.000000000000000000e+10
2.037735929469222107e+00 3.805820642370062501e+01 2.673080667671871069e+01 1.321241245278031862e+01 3.053536009449955291e-01 2.678265835981597220e+01 1.512821818931550744e-27 2.936166165640393246e-28 5.977936822029947996e-29 8.704513965095178607e-01 6.607456808766308362e-29 1.000000000000000000e+00 0.000000000000000000e+00 0.000000000000000000e+00 0.000000000000000000e+00 1.000000000000000000e+00 1.000000000000000000e+10 0.000000000000000000e+00 0.000000000000000000e+00 0.000000000000000000e+00 1.000000000000000000e+10
2.350098705559579226e+00 3.310398458941478594e+01 2.375141358090588284e+01 1.116943848438136833e+01 2.888324273079331816e-01 2.434501447020253551e+01 9.655200938456333236e-28 2.556280421175699962e-28 5.470619289797837177e-29 8.751200906829976756e-01 6.137031110671548837e-29 1.000000000000000000e+00 0.000000000000000000e+00 0.000000000000000000e+00 0.000000000000000000e+00 1.000000000000000000e+00 1.000000000000000000e+10 0.000000000000000000e+00 0.000000000000000000e+00 0.000000000000000000e+00 1.000000000000000000e+10
