# R (Mpc), mean rho (Msol/kpc^3), errup (Msol/kpc^3), errlow, std, median rho (Msol/kpc^3), mean pth (Msol/kpc/s^2), errup(Msol/kpc/s^2), errlow, std, median pth (Msol/kpc/s^2), mean gas-mass-weighted metal (fraction), errup, errlow, std, median metal, mean gas-mass-weighted temp (K), errup, errlow, std, median temp  
#  nprofs 33, mean mh 210754888474.973267, median mh 203851388048.226837 
#  Mass range 11.00 - 11.5
1.040961082911032697e-02 4.450292662915438414e+05 2.089578310256400728e+05 1.987850163756593247e+05 2.227502765013361641e-01 4.337446766489860020e+05 3.016191577954227597e-25 3.212249252999407876e-25 1.200305609866984765e-25 4.046587539506222297e-01 2.080252570073054475e-25 1.000000000000000000e+00 0.000000000000000000e+00 0.000000000000000000e+00 0.000000000000000000e+00 1.000000000000000000e+00 1.000000000000000000e+10 0.000000000000000000e+00 0.000000000000000000e+00 0.000000000000000000e+00 1.000000000000000000e+10
1.200529105910367808e-02 3.385381799113676534e+05 1.932853944591177278e+05 1.387654888350530236e+05 2.237725619965390544e-01 3.250834550629867008e+05 1.823265703917296602e-25 1.829138883791740080e-25 7.700040192458564841e-26 3.647122052298484851e-01 1.418718584678988292e-25 1.000000000000000000e+00 0.000000000000000000e+00 0.000000000000000000e+00 0.000000000000000000e+00 1.000000000000000000e+00 1.000000000000000000e+10 0.000000000000000000e+00 0.000000000000000000e+00 0.000000000000000000e+00 1.000000000000000000e+10
1.384557172980430476e-02 2.675437995347247925e+05 1.263453254556176835e+05 1.097083883094671182e+05 2.043146999537343578e-01 2.573674226611020858e+05 2.745437987862290414e-25 2.340045873642880101e-25 8.372970623956350430e-26 3.402779870649932925e-01 2.039691102647508272e-25 1.000000000000000000e+00 0.000000000000000000e+00 0.000000000000000000e+00 0.000000000000000000e+00 1.000000000000000000e+00 1.000000000000000000e+10 0.000000000000000000e+00 0.000000000000000000e+00 0.000000000000000000e+00 1.000000000000000000e+10
1.596794743096121086e-02 1.947277170835716533e+05 1.214960483344977547e+05 6.218804507530537376e+04 2.195832901554383709e-01 1.798662947908764181e+05 2.367219152404008903e-25 2.029185419238582403e-25 1.103413798512324719e-25 3.368430230765921962e-01 1.919863099548776442e-25 1.000000000000000000e+00 0.000000000000000000e+00 0.000000000000000000e+00 0.000000000000000000e+00 1.000000000000000000e+00 1.000000000000000000e+10 0.000000000000000000e+00 0.000000000000000000e+00 0.000000000000000000e+00 1.000000000000000000e+10
1.841566026551830909e-02 1.447230344309763459e+05 5.988730223050640780e+04 5.510347063495872135e+04 2.232702780428845735e-01 1.367118169298819557e+05 1.622878607781670382e-25 1.018054029804560931e-25 1.064890490803579009e-25 3.248861509152956017e-01 1.582578134165822965e-25 1.000000000000000000e+00 0.000000000000000000e+00 0.000000000000000000e+00 0.000000000000000000e+00 1.000000000000000000e+00 1.000000000000000000e+10 0.000000000000000000e+00 0.000000000000000000e+00 0.000000000000000000e+00 1.000000000000000000e+10
2.123858088093512342e-02 1.219266807378255471e+05 1.872718720245946315e+04 5.715638080272357911e+04 2.150880555281819151e-01 1.332858703089841874e+05 1.795098572503465284e-25 7.286682660636893716e-26 7.165294112979030340e-26 2.277869019301456965e-01 1.732431239415532047e-25 1.000000000000000000e+00 0.000000000000000000e+00 0.000000000000000000e+00 0.000000000000000000e+00 1.000000000000000000e+00 1.000000000000000000e+10 0.000000000000000000e+00 0.000000000000000000e+00 0.000000000000000000e+00 1.000000000000000000e+10
2.449422455303571639e-02 9.446911273100523977e+04 5.382349582336696039e+04 2.708317998938456731e+04 2.140740675514060665e-01 8.604739053454248642e+04 1.426415054307761726e-25 6.501364275299200558e-26 9.278799800453037242e-26 2.854207792650163000e-01 1.544016913016555820e-25 1.000000000000000000e+00 0.000000000000000000e+00 0.000000000000000000e+00 0.000000000000000000e+00 1.000000000000000000e+00 1.000000000000000000e+10 0.000000000000000000e+00 0.000000000000000000e+00 0.000000000000000000e+00 1.000000000000000000e+10
2.824892302447100725e-02 7.486464844876392453e+04 3.867310473016000469e+04 1.948814185157169413e+04 1.952347164081642272e-01 6.686627865775517421e+04 1.029812772742443467e-25 8.373373230213802723e-26 2.789464113934147511e-26 2.617995870949405002e-01 8.500540125546973495e-26 1.000000000000000000e+00 0.000000000000000000e+00 0.000000000000000000e+00 0.000000000000000000e+00 1.000000000000000000e+00 1.000000000000000000e+10 0.000000000000000000e+00 0.000000000000000000e+00 0.000000000000000000e+00 1.000000000000000000e+10
3.257917597328415654e-02 5.004252082714765129e+04 1.075733506176958326e+04 1.580553048401667911e+04 1.587554812406828664e-01 5.151815486967032484e+04 7.844202926486286595e-26 6.218697216626045886e-26 3.232456833871644203e-26 2.710625598816266413e-01 6.732203328462263000e-26 1.000000000000000000e+00 0.000000000000000000e+00 0.000000000000000000e+00 0.000000000000000000e+00 1.000000000000000000e+00 1.000000000000000000e+10 0.000000000000000000e+00 0.000000000000000000e+00 0.000000000000000000e+00 1.000000000000000000e+10
3.757320964692217186e-02 3.806874264823017438e+04 1.397005856264523754e+04 1.176754656606667777e+04 1.608704471320668017e-01 3.661495560162505717e+04 5.926728205777282334e-26 4.724362998917881294e-26 2.584275979977652985e-26 2.790506413663094154e-01 4.990438753305507442e-26 1.000000000000000000e+00 0.000000000000000000e+00 0.000000000000000000e+00 0.000000000000000000e+00 1.000000000000000000e+00 1.000000000000000000e+10 0.000000000000000000e+00 0.000000000000000000e+00 0.000000000000000000e+00 1.000000000000000000e+10
4.333277441790538143e-02 2.813632282909316928e+04 7.166482681030105596e+03 1.145943377726503604e+04 1.805570672761535322e-01 2.845045875222156246e+04 4.262116573574505710e-26 2.329664952870419584e-26 1.960821582070457101e-26 2.757400266233455688e-01 3.667741038441530438e-26 1.000000000000000000e+00 0.000000000000000000e+00 0.000000000000000000e+00 0.000000000000000000e+00 1.000000000000000000e+00 1.000000000000000000e+10 0.000000000000000000e+00 0.000000000000000000e+00 0.000000000000000000e+00 1.000000000000000000e+10
4.997521788524898756e-02 2.129288862530532788e+04 8.815330614639802661e+03 7.758343422818261388e+03 1.717322075064886544e-01 2.053927857553814101e+04 3.206018716799498024e-26 1.688495653326016802e-26 1.687319735229218213e-26 2.942732080048441334e-01 2.670910704130864361e-26 1.000000000000000000e+00 0.000000000000000000e+00 0.000000000000000000e+00 0.000000000000000000e+00 1.000000000000000000e+00 1.000000000000000000e+10 0.000000000000000000e+00 0.000000000000000000e+00 0.000000000000000000e+00 1.000000000000000000e+10
5.763587575980636674e-02 1.480669517183127573e+04 4.441764898225988873e+03 4.206671709370906683e+03 1.487180929974835086e-01 1.452924257239847429e+04 2.339661108617942502e-26 1.359742733515825871e-26 1.167907348430243489e-26 2.695364542280574982e-01 2.133658734612986689e-26 1.000000000000000000e+00 0.000000000000000000e+00 0.000000000000000000e+00 0.000000000000000000e+00 1.000000000000000000e+00 1.000000000000000000e+10 0.000000000000000000e+00 0.000000000000000000e+00 0.000000000000000000e+00 1.000000000000000000e+10
6.647082924635627776e-02 1.094605421796336850e+04 4.373216248343203915e+03 2.419271598414295113e+03 1.474630789981947188e-01 1.035997123086166357e+04 1.776764180401694136e-26 1.012494076857966924e-26 1.045512047526439861e-26 2.546840745471048995e-01 1.815921620705034001e-26 1.000000000000000000e+00 0.000000000000000000e+00 0.000000000000000000e+00 0.000000000000000000e+00 1.000000000000000000e+00 1.000000000000000000e+10 0.000000000000000000e+00 0.000000000000000000e+00 0.000000000000000000e+00 1.000000000000000000e+10
7.666008510240249207e-02 8.424048581733051833e+03 3.199658362969149493e+03 1.904742794994082942e+03 1.518401744115692453e-01 7.715538818130912659e+03 1.375846814628124296e-26 8.948785165486601310e-27 6.392436099364566242e-27 2.432039504530882634e-01 1.323077084200077747e-26 1.000000000000000000e+00 0.000000000000000000e+00 0.000000000000000000e+00 0.000000000000000000e+00 1.000000000000000000e+00 1.000000000000000000e+10 0.000000000000000000e+00 0.000000000000000000e+00 0.000000000000000000e+00 1.000000000000000000e+10
8.841124316543315376e-02 6.331732296866651268e+03 1.873027775083296547e+03 1.265218589085126951e+03 1.318534729433216979e-01 5.969397632917593000e+03 1.078045404423290419e-26 7.096595280845401206e-27 4.873751222832034208e-27 2.262360517451961484e-01 1.019943971019214213e-26 1.000000000000000000e+00 0.000000000000000000e+00 0.000000000000000000e+00 0.000000000000000000e+00 1.000000000000000000e+00 1.000000000000000000e+10 0.000000000000000000e+00 0.000000000000000000e+00 0.000000000000000000e+00 1.000000000000000000e+10
1.019637260722580097e-01 4.612628922700534531e+03 1.505573649845789987e+03 1.290715442080442699e+03 1.194129448870254878e-01 4.512740397526939887e+03 8.678546160204494283e-27 5.055155793435028034e-27 4.062679875681530131e-27 2.281977520042670349e-01 8.096952131968520679e-27 1.000000000000000000e+00 0.000000000000000000e+00 0.000000000000000000e+00 0.000000000000000000e+00 1.000000000000000000e+00 1.000000000000000000e+10 0.000000000000000000e+00 0.000000000000000000e+00 0.000000000000000000e+00 1.000000000000000000e+10
1.175936573483598035e-01 3.574584179040546587e+03 8.599561925819593853e+02 1.143114483948911129e+03 1.292739400436523911e-01 3.470356157999575316e+03 6.902526349052131069e-27 2.779071570510738962e-27 3.527286461278960360e-27 2.130141545727963770e-01 6.917777729063281280e-27 1.000000000000000000e+00 0.000000000000000000e+00 0.000000000000000000e+00 0.000000000000000000e+00 1.000000000000000000e+00 1.000000000000000000e+10 0.000000000000000000e+00 0.000000000000000000e+00 0.000000000000000000e+00 1.000000000000000000e+10
1.356194872553388164e-01 2.810663315259471347e+03 7.544468012265779180e+02 8.145791399350073334e+02 1.295841351566388300e-01 2.740007298261008145e+03 5.422512618316737620e-27 2.824537045536727866e-27 2.034408423160497823e-27 1.981595191041032322e-01 5.076924072630761538e-27 1.000000000000000000e+00 0.000000000000000000e+00 0.000000000000000000e+00 0.000000000000000000e+00 1.000000000000000000e+00 1.000000000000000000e+10 0.000000000000000000e+00 0.000000000000000000e+00 0.000000000000000000e+00 1.000000000000000000e+10
1.564084810196403053e-01 2.051055156941695259e+03 4.852645146709232904e+02 5.560952246752651718e+02 1.109956592633035977e-01 2.036959981911922569e+03 4.058627853075256241e-27 1.893948779001457786e-27 1.561914087219579031e-27 1.890076568621591735e-01 3.910779178061189113e-27 1.000000000000000000e+00 0.000000000000000000e+00 0.000000000000000000e+00 0.000000000000000000e+00 1.000000000000000000e+00 1.000000000000000000e+10 0.000000000000000000e+00 0.000000000000000000e+00 0.000000000000000000e+00 1.000000000000000000e+10
1.803842016362447453e-01 1.541679312471772619e+03 4.665968749738906354e+02 3.443620409442912660e+02 1.046960182497819469e-01 1.499521016639319214e+03 2.938941913710317682e-27 1.002253029462611833e-27 1.261201559538693460e-27 1.802768396300710452e-01 2.836791013621335087e-27 1.000000000000000000e+00 0.000000000000000000e+00 0.000000000000000000e+00 0.000000000000000000e+00 1.000000000000000000e+00 1.000000000000000000e+10 0.000000000000000000e+00 0.000000000000000000e+00 0.000000000000000000e+00 1.000000000000000000e+10
2.080351397048574025e-01 1.152705077328223751e+03 3.790904209080620149e+02 1.673054238691998989e+02 1.074418270313505369e-01 1.056650314575522088e+03 2.113486394307879362e-27 9.137745435643389696e-28 8.249757664170966045e-28 1.724009634423025183e-01 2.018137537471899576e-27 1.000000000000000000e+00 0.000000000000000000e+00 0.000000000000000000e+00 0.000000000000000000e+00 1.000000000000000000e+00 1.000000000000000000e+10 0.000000000000000000e+00 0.000000000000000000e+00 0.000000000000000000e+00 1.000000000000000000e+10
2.399246661262133540e-01 8.603410511272140866e+02 2.543497875832571253e+02 1.396848915047163473e+02 1.106489367923716299e-01 7.868450678928501247e+02 1.488790519621387286e-27 7.873325795368484938e-28 5.406187817782998896e-28 1.689241572169709327e-01 1.376551323095599185e-27 1.000000000000000000e+00 0.000000000000000000e+00 0.000000000000000000e+00 0.000000000000000000e+00 1.000000000000000000e+00 1.000000000000000000e+10 0.000000000000000000e+00 0.000000000000000000e+00 0.000000000000000000e+00 1.000000000000000000e+10
2.767025104385807399e-01 6.555766272000265644e+02 2.000453682651789222e+02 1.387663616906081074e+02 1.148638189910725776e-01 6.146846030343219809e+02 1.067302635296659674e-27 7.167986356044429998e-28 3.651508541525145184e-28 1.879110655793349294e-01 9.394843367094195822e-28 1.000000000000000000e+00 0.000000000000000000e+00 0.000000000000000000e+00 0.000000000000000000e+00 1.000000000000000000e+00 1.000000000000000000e+10 0.000000000000000000e+00 0.000000000000000000e+00 0.000000000000000000e+00 1.000000000000000000e+10
3.191179986585286343e-01 4.992462172597842027e+02 1.784620800453328116e+02 1.053221425941667349e+02 1.156103297303149591e-01 4.696303747729947986e+02 7.965590658568927758e-28 7.049138664778311589e-28 1.631913896515998780e-28 1.997526753562075263e-01 6.193522431584664648e-28 1.000000000000000000e+00 0.000000000000000000e+00 0.000000000000000000e+00 0.000000000000000000e+00 1.000000000000000000e+00 1.000000000000000000e+10 0.000000000000000000e+00 0.000000000000000000e+00 0.000000000000000000e+00 1.000000000000000000e+10
3.680353203388414540e-01 3.986578667321438729e+02 1.245949208378473827e+02 9.816696606528864777e+01 1.247498499421998419e-01 3.798336494905404379e+02 5.804886996305382056e-28 3.244530785878056598e-28 1.521232896966763892e-28 2.096010538714112026e-01 4.718195320373318602e-28 1.000000000000000000e+00 0.000000000000000000e+00 0.000000000000000000e+00 0.000000000000000000e+00 1.000000000000000000e+00 1.000000000000000000e+10 0.000000000000000000e+00 0.000000000000000000e+00 0.000000000000000000e+00 1.000000000000000000e+10
4.244511359005219142e-01 3.069843353735921596e+02 1.214964863286531909e+02 5.681572840257470602e+01 1.316007117085147837e-01 2.785244269313368477e+02 4.111136582891438487e-28 1.990234989017817003e-28 1.335778373756453745e-28 2.162916542513838025e-01 3.546648406012521640e-28 1.000000000000000000e+00 0.000000000000000000e+00 0.000000000000000000e+00 0.000000000000000000e+00 1.000000000000000000e+00 1.000000000000000000e+10 0.000000000000000000e+00 0.000000000000000000e+00 0.000000000000000000e+00 1.000000000000000000e+10
4.895148829774688681e-01 2.379096894981345827e+02 9.393589986289381955e+01 4.951710684817012975e+01 1.359570287860453752e-01 2.143374977847956018e+02 3.029120221458103075e-28 2.255895089735605339e-28 8.140684114664331165e-29 2.353152633456758736e-01 2.318287020935202080e-28 1.000000000000000000e+00 0.000000000000000000e+00 0.000000000000000000e+00 0.000000000000000000e+00 1.000000000000000000e+00 1.000000000000000000e+10 0.000000000000000000e+00 0.000000000000000000e+00 0.000000000000000000e+00 1.000000000000000000e+10
5.645521955031491679e-01 1.876746168616031980e+02 7.211594727990555498e+01 3.309298731289379703e+01 1.342564967407537113e-01 1.716296572596206147e+02 2.369779872979413697e-28 2.208371778604855338e-28 8.067741842304781060e-29 2.633233497888134989e-01 1.900272804162452692e-28 1.000000000000000000e+00 0.000000000000000000e+00 0.000000000000000000e+00 0.000000000000000000e+00 1.000000000000000000e+00 1.000000000000000000e+10 0.000000000000000000e+00 0.000000000000000000e+00 0.000000000000000000e+00 1.000000000000000000e+10
6.510919126887823039e-01 1.436817136001846791e+02 7.639509937410963403e+01 2.318766513282622554e+01 1.469271099542972525e-01 1.262182780457868034e+02 1.724863912733678295e-28 1.760426434819924980e-28 3.875005912610903200e-29 3.069136587943512295e-01 1.073982813476460889e-28 1.000000000000000000e+00 0.000000000000000000e+00 0.000000000000000000e+00 0.000000000000000000e+00 1.000000000000000000e+00 1.000000000000000000e+10 0.000000000000000000e+00 0.000000000000000000e+00 0.000000000000000000e+00 1.000000000000000000e+10
7.508972281844089602e-01 1.195491646574629527e+02 8.149266565931745276e+01 2.313778448106062058e+01 1.881141258788117387e-01 9.955544336630333646e+01 1.368950527352206787e-28 1.999297161817267926e-28 3.374948343391535342e-29 3.670888148123964134e-01 7.507030597418993740e-29 1.000000000000000000e+00 0.000000000000000000e+00 0.000000000000000000e+00 0.000000000000000000e+00 1.000000000000000000e+00 1.000000000000000000e+10 0.000000000000000000e+00 0.000000000000000000e+00 0.000000000000000000e+00 1.000000000000000000e+10
8.660016140678794550e-01 9.578765613572525695e+01 6.021853665965879543e+01 2.088224364819928525e+01 1.905028932881553949e-01 7.891595804534632919e+01 1.051197899415458362e-28 1.343477115193942675e-28 2.463644852809278442e-29 3.881644043630204655e-01 5.345837854935319625e-29 1.000000000000000000e+00 0.000000000000000000e+00 0.000000000000000000e+00 0.000000000000000000e+00 1.000000000000000000e+00 1.000000000000000000e+10 0.000000000000000000e+00 0.000000000000000000e+00 0.000000000000000000e+00 1.000000000000000000e+10
9.987502515910116063e-01 8.120280854086720979e+01 4.395764394091553839e+01 1.283826500408738269e+01 1.908688332618439232e-01 6.258641030413992468e+01 8.197479288876742844e-29 8.650257965786896165e-29 1.732140329040894199e-29 3.805743173856608319e-01 4.262924438621893789e-29 1.000000000000000000e+00 0.000000000000000000e+00 0.000000000000000000e+00 0.000000000000000000e+00 1.000000000000000000e+00 1.000000000000000000e+10 0.000000000000000000e+00 0.000000000000000000e+00 0.000000000000000000e+00 1.000000000000000000e+10
1.151847812808953542e+00 6.435490659292248949e+01 3.457387278918130846e+01 1.931212956873559250e+01 1.488988149733343480e-01 5.901896497408013431e+01 5.590479248673677543e-29 7.664977907072241745e-29 1.430639504380373456e-29 3.401686470095816039e-01 3.476495508709236746e-29 1.000000000000000000e+00 0.000000000000000000e+00 0.000000000000000000e+00 0.000000000000000000e+00 1.000000000000000000e+00 1.000000000000000000e+10 0.000000000000000000e+00 0.000000000000000000e+00 0.000000000000000000e+00 1.000000000000000000e+10
1.328413566614123908e+00 5.488542651712057818e+01 3.184550010938751541e+01 1.025164469902178155e+01 1.597545500454001510e-01 4.617373557693750286e+01 4.724283504742430215e-29 5.737199673120181582e-29 1.280086140305377450e-29 3.674097168812119896e-01 2.621103708383033166e-29 1.000000000000000000e+00 0.000000000000000000e+00 0.000000000000000000e+00 0.000000000000000000e+00 1.000000000000000000e+00 1.000000000000000000e+10 0.000000000000000000e+00 0.000000000000000000e+00 0.000000000000000000e+00 1.000000000000000000e+10
1.532044931926391351e+00 4.699886871367676378e+01 1.693475865232161226e+01 1.063640038585265302e+01 1.459749571039199445e-01 4.291853252632045468e+01 4.341871848897294182e-29 2.735003975169407749e-29 1.243526147800840885e-29 3.863353725942139105e-01 2.354536900223004186e-29 1.000000000000000000e+00 0.000000000000000000e+00 0.000000000000000000e+00 0.000000000000000000e+00 1.000000000000000000e+00 1.000000000000000000e+10 0.000000000000000000e+00 0.000000000000000000e+00 0.000000000000000000e+00 1.000000000000000000e+10
1.766890772896739126e+00 4.160763486512785647e+01 1.017528071531341283e+01 1.272639875285534572e+01 1.475501065366438824e-01 4.096544900765795205e+01 5.103018541886598361e-29 1.972793908652701501e-29 9.592179882573644989e-30 4.258159013022276840e-01 1.908160882715436733e-29 1.000000000000000000e+00 0.000000000000000000e+00 0.000000000000000000e+00 0.000000000000000000e+00 1.000000000000000000e+00 1.000000000000000000e+10 0.000000000000000000e+00 0.000000000000000000e+00 0.000000000000000000e+00 1.000000000000000000e+10
2.037735929469222107e+00 3.809002886038308588e+01 1.146994792863493018e+01 9.609535668056398805e+00 1.751712082352874511e-01 3.399004528629700417e+01 8.548531871420903904e-29 2.912826507894167360e-29 6.108584878001076597e-30 5.251947050700176423e-01 1.382250146183080359e-29 1.000000000000000000e+00 0.000000000000000000e+00 0.000000000000000000e+00 0.000000000000000000e+00 1.000000000000000000e+00 1.000000000000000000e+10 0.000000000000000000e+00 0.000000000000000000e+00 0.000000000000000000e+00 1.000000000000000000e+10
2.350098705559579226e+00 3.774873824407158196e+01 1.295700610560357191e+01 8.871510716664506191e+00 2.080103709516864519e-01 3.051540076840846538e+01 1.710602861952085362e-28 2.073568126386816180e-29 3.703254213309693757e-30 5.985417320732689950e-01 9.864469944827956303e-30 1.000000000000000000e+00 0.000000000000000000e+00 0.000000000000000000e+00 0.000000000000000000e+00 1.000000000000000000e+00 1.000000000000000000e+10 0.000000000000000000e+00 0.000000000000000000e+00 0.000000000000000000e+00 1.000000000000000000e+10
