# R (Mpc), mean rho (Msol/kpc^3), errup (Msol/kpc^3), errlow, std, median rho (Msol/kpc^3), mean pth (Msol/kpc/s^2), errup(Msol/kpc/s^2), errlow, std, median pth (Msol/kpc/s^2), mean gas-mass-weighted metal (fraction), errup, errlow, std, median metal, mean gas-mass-weighted temp (K), errup, errlow, std, median temp  
#  nprofs 168, mean mh 551846699823.913086, median mh 506053754601.601440 
#  Mass range 11.50 - 12.0
1.040961082911032697e-02 4.792011166817274643e+05 2.874525016257483512e+05 1.957801007468934404e+05 2.691928769032035929e-01 4.326366629803956021e+05 3.124853096301996765e-25 4.469009098026990115e-25 5.882072324573673392e-26 5.422158306455980847e-01 1.045447388470344951e-25 1.000000000000000000e+00 0.000000000000000000e+00 0.000000000000000000e+00 0.000000000000000000e+00 1.000000000000000000e+00 1.000000000000000000e+10 0.000000000000000000e+00 0.000000000000000000e+00 0.000000000000000000e+00 1.000000000000000000e+10
1.200529105910367808e-02 3.668761876975556952e+05 1.927270076392715564e+05 1.556736577613657864e+05 2.538105486385799359e-01 3.377774108690033900e+05 2.687991471624471375e-25 3.442525897344707475e-25 8.887963656950362292e-26 4.869391279114637094e-01 1.341248338301944180e-25 1.000000000000000000e+00 0.000000000000000000e+00 0.000000000000000000e+00 0.000000000000000000e+00 1.000000000000000000e+00 1.000000000000000000e+10 0.000000000000000000e+00 0.000000000000000000e+00 0.000000000000000000e+00 1.000000000000000000e+10
1.384557172980430476e-02 2.795652598906423082e+05 1.530640958065319574e+05 1.193053769373853866e+05 2.521230786787754807e-01 2.604281131460819743e+05 2.571591066269185268e-25 3.689777257031760250e-25 7.974466369894517729e-26 4.655819823893281861e-01 1.271559450895643851e-25 1.000000000000000000e+00 0.000000000000000000e+00 0.000000000000000000e+00 0.000000000000000000e+00 1.000000000000000000e+00 1.000000000000000000e+10 0.000000000000000000e+00 0.000000000000000000e+00 0.000000000000000000e+00 1.000000000000000000e+10
1.596794743096121086e-02 2.060296290124427760e+05 9.007047476140438812e+04 1.022892340735339531e+05 2.931517284175441662e-01 2.042566243088202900e+05 2.514247400403916647e-25 2.747221151130202848e-25 1.070919152935521160e-25 4.309070328073879019e-01 1.618878889185429207e-25 1.000000000000000000e+00 0.000000000000000000e+00 0.000000000000000000e+00 0.000000000000000000e+00 1.000000000000000000e+00 1.000000000000000000e+10 0.000000000000000000e+00 0.000000000000000000e+00 0.000000000000000000e+00 1.000000000000000000e+10
1.841566026551830909e-02 1.472684417444580176e+05 7.761460717696542270e+04 7.706779707828399842e+04 2.872855649514194920e-01 1.441904715090357931e+05 2.377490224701476742e-25 2.519408564363140453e-25 9.507631897136059036e-26 4.019001925678219456e-01 1.520843754461115194e-25 1.000000000000000000e+00 0.000000000000000000e+00 0.000000000000000000e+00 0.000000000000000000e+00 1.000000000000000000e+00 1.000000000000000000e+10 0.000000000000000000e+00 0.000000000000000000e+00 0.000000000000000000e+00 1.000000000000000000e+10
2.123858088093512342e-02 1.010517165421791142e+05 6.734134215563387261e+04 5.268437346199899912e+04 2.943238069216501662e-01 9.353590206168789882e+04 2.113256981908710962e-25 2.122755256489519000e-25 8.760039211385304653e-26 3.519420892845304683e-01 1.522489750946991852e-25 1.000000000000000000e+00 0.000000000000000000e+00 0.000000000000000000e+00 0.000000000000000000e+00 1.000000000000000000e+00 1.000000000000000000e+10 0.000000000000000000e+00 0.000000000000000000e+00 0.000000000000000000e+00 1.000000000000000000e+10
2.449422455303571639e-02 6.831129982525671949e+04 5.074297266314669105e+04 3.288948556765198009e+04 3.037119558473028169e-01 5.979473897294235940e+04 1.657181561987834885e-25 1.054687548488737607e-25 7.466546061274509105e-26 3.198425499088518587e-01 1.327095479725009033e-25 1.000000000000000000e+00 0.000000000000000000e+00 0.000000000000000000e+00 0.000000000000000000e+00 1.000000000000000000e+00 1.000000000000000000e+10 0.000000000000000000e+00 0.000000000000000000e+00 0.000000000000000000e+00 1.000000000000000000e+10
2.824892302447100725e-02 4.593485928292170138e+04 3.824766315145891713e+04 1.920571959576882728e+04 2.889378019427093491e-01 3.798601419377525599e+04 1.482242976307929918e-25 1.136358573109497193e-25 6.623407104672988001e-26 3.305016721045632155e-01 1.148736068847811731e-25 1.000000000000000000e+00 0.000000000000000000e+00 0.000000000000000000e+00 0.000000000000000000e+00 1.000000000000000000e+00 1.000000000000000000e+10 0.000000000000000000e+00 0.000000000000000000e+00 0.000000000000000000e+00 1.000000000000000000e+10
3.257917597328415654e-02 3.063112203740375116e+04 2.537836405356753676e+04 9.546973354759353242e+03 2.638943504231606174e-01 2.387699243870747887e+04 1.208238280822724389e-25 1.007900682666169890e-25 5.323428215940314417e-26 3.149252110903326130e-01 9.592071956340099081e-26 1.000000000000000000e+00 0.000000000000000000e+00 0.000000000000000000e+00 0.000000000000000000e+00 1.000000000000000000e+00 1.000000000000000000e+10 0.000000000000000000e+00 0.000000000000000000e+00 0.000000000000000000e+00 1.000000000000000000e+10
3.757320964692217186e-02 2.078038590346748606e+04 1.515698291629830783e+04 7.293430428008885428e+03 2.483214348781743741e-01 1.802260489647508803e+04 1.002099380536211558e-25 9.723243546545515307e-26 2.934982826014176739e-26 2.985618267801988246e-01 6.833389047978034731e-26 1.000000000000000000e+00 0.000000000000000000e+00 0.000000000000000000e+00 0.000000000000000000e+00 1.000000000000000000e+00 1.000000000000000000e+10 0.000000000000000000e+00 0.000000000000000000e+00 0.000000000000000000e+00 1.000000000000000000e+10
4.333277441790538143e-02 1.428514531253439054e+04 8.927696375270985300e+03 4.378429984719918139e+03 2.231419449561248269e-01 1.198419108344756751e+04 8.016587451691994978e-26 6.055175473026829772e-26 3.065683974022561734e-26 2.976998563984063484e-01 6.099216800783382612e-26 1.000000000000000000e+00 0.000000000000000000e+00 0.000000000000000000e+00 0.000000000000000000e+00 1.000000000000000000e+00 1.000000000000000000e+10 0.000000000000000000e+00 0.000000000000000000e+00 0.000000000000000000e+00 1.000000000000000000e+10
4.997521788524898756e-02 1.030630989928169947e+04 6.580140173073950791e+03 3.085332426869447772e+03 2.154927096113597174e-01 8.880449659166555648e+03 6.596494914020434338e-26 4.633897122895106859e-26 2.466328850845976794e-26 2.911998312313653914e-01 5.248846665879407663e-26 1.000000000000000000e+00 0.000000000000000000e+00 0.000000000000000000e+00 0.000000000000000000e+00 1.000000000000000000e+00 1.000000000000000000e+10 0.000000000000000000e+00 0.000000000000000000e+00 0.000000000000000000e+00 1.000000000000000000e+10
5.763587575980636674e-02 7.543047692214536255e+03 4.124477746109969303e+03 2.261931343668425143e+03 1.903287386733133746e-01 6.615445773182500488e+03 5.426893840589705075e-26 4.228647678789295285e-26 1.954990180131896065e-26 2.893560977949856117e-01 4.263141810747188929e-26 1.000000000000000000e+00 0.000000000000000000e+00 0.000000000000000000e+00 0.000000000000000000e+00 1.000000000000000000e+00 1.000000000000000000e+10 0.000000000000000000e+00 0.000000000000000000e+00 0.000000000000000000e+00 1.000000000000000000e+10
6.647082924635627776e-02 5.660041020810157534e+03 2.311886781868354774e+03 1.928177098015288266e+03 1.745699379706319165e-01 5.456528715016665956e+03 4.284981111907606858e-26 3.488453942411274072e-26 1.591293813104508557e-26 2.846578090009559414e-01 3.408622764422733399e-26 1.000000000000000000e+00 0.000000000000000000e+00 0.000000000000000000e+00 0.000000000000000000e+00 1.000000000000000000e+00 1.000000000000000000e+10 0.000000000000000000e+00 0.000000000000000000e+00 0.000000000000000000e+00 1.000000000000000000e+10
7.666008510240249207e-02 4.478204418887964493e+03 1.980268618254970534e+03 1.374657526939809486e+03 1.677481668739091436e-01 4.205622874800843420e+03 3.341660512050268537e-26 2.731421978257599188e-26 1.315035892742765928e-26 2.800050460285804510e-01 2.707661386528073034e-26 1.000000000000000000e+00 0.000000000000000000e+00 0.000000000000000000e+00 0.000000000000000000e+00 1.000000000000000000e+00 1.000000000000000000e+10 0.000000000000000000e+00 0.000000000000000000e+00 0.000000000000000000e+00 1.000000000000000000e+10
8.841124316543315376e-02 3.509615960583110336e+03 1.554109562101543816e+03 1.075688944620550046e+03 1.698534084910699182e-01 3.357635294456767951e+03 2.516330551836113292e-26 2.380175558133676380e-26 9.812785461523113222e-27 2.894959079629470522e-01 1.941129755983660167e-26 1.000000000000000000e+00 0.000000000000000000e+00 0.000000000000000000e+00 0.000000000000000000e+00 1.000000000000000000e+00 1.000000000000000000e+10 0.000000000000000000e+00 0.000000000000000000e+00 0.000000000000000000e+00 1.000000000000000000e+10
1.019637260722580097e-01 2.758823431557962067e+03 1.204108335267314033e+03 8.954626019114114115e+02 1.789888406925555508e-01 2.572533989655927599e+03 1.859052573891271940e-26 1.824448594368462241e-26 6.590634426054783394e-27 2.989103399983807363e-01 1.355511775907900514e-26 1.000000000000000000e+00 0.000000000000000000e+00 0.000000000000000000e+00 0.000000000000000000e+00 1.000000000000000000e+00 1.000000000000000000e+10 0.000000000000000000e+00 0.000000000000000000e+00 0.000000000000000000e+00 1.000000000000000000e+10
1.175936573483598035e-01 2.158937990621587232e+03 8.832676342006984669e+02 7.521951641683508569e+02 1.834960005851741793e-01 2.031755950924332410e+03 1.321991789879565538e-26 1.118126729783556504e-26 5.445013319941636774e-27 2.988433788492366738e-01 1.030271490644115027e-26 1.000000000000000000e+00 0.000000000000000000e+00 0.000000000000000000e+00 0.000000000000000000e+00 1.000000000000000000e+00 1.000000000000000000e+10 0.000000000000000000e+00 0.000000000000000000e+00 0.000000000000000000e+00 1.000000000000000000e+10
1.356194872553388164e-01 1.661043042520639119e+03 7.391464602035316602e+02 5.598091000714055099e+02 1.882483752724020409e-01 1.523341455119450984e+03 9.348626758886940864e-27 7.622356309051629807e-27 4.137780532476103577e-27 3.036575248466270582e-01 7.496625141778880084e-27 1.000000000000000000e+00 0.000000000000000000e+00 0.000000000000000000e+00 0.000000000000000000e+00 1.000000000000000000e+00 1.000000000000000000e+10 0.000000000000000000e+00 0.000000000000000000e+00 0.000000000000000000e+00 1.000000000000000000e+10
1.564084810196403053e-01 1.230925829235570291e+03 5.938347642774631368e+02 3.825598473754535007e+02 1.828960694145431720e-01 1.130598476318375560e+03 6.486433046058933251e-27 5.175621939744581948e-27 2.630673732366984539e-27 3.075632117798843823e-01 5.012238433553849275e-27 1.000000000000000000e+00 0.000000000000000000e+00 0.000000000000000000e+00 0.000000000000000000e+00 1.000000000000000000e+00 1.000000000000000000e+10 0.000000000000000000e+00 0.000000000000000000e+00 0.000000000000000000e+00 1.000000000000000000e+10
1.803842016362447453e-01 9.160730094691759859e+02 4.616326120455216824e+02 2.822489934512590253e+02 1.814394431053795997e-01 8.396136686638201354e+02 4.527564431639660651e-27 3.415242855493560404e-27 1.767144251750908883e-27 3.200117479254776520e-01 3.430103992268775100e-27 1.000000000000000000e+00 0.000000000000000000e+00 0.000000000000000000e+00 0.000000000000000000e+00 1.000000000000000000e+00 1.000000000000000000e+10 0.000000000000000000e+00 0.000000000000000000e+00 0.000000000000000000e+00 1.000000000000000000e+10
2.080351397048574025e-01 6.826022900176330950e+02 2.758659626193856411e+02 2.179725451136179686e+02 1.825026496887172389e-01 6.252473113915430076e+02 3.237982205380007845e-27 2.825856345218673675e-27 1.243060936172025721e-27 3.408747826271469883e-01 2.306192385504307978e-27 1.000000000000000000e+00 0.000000000000000000e+00 0.000000000000000000e+00 0.000000000000000000e+00 1.000000000000000000e+00 1.000000000000000000e+10 0.000000000000000000e+00 0.000000000000000000e+00 0.000000000000000000e+00 1.000000000000000000e+10
2.399246661262133540e-01 5.012547160845045369e+02 2.631924525720910424e+02 1.460774489546108725e+02 1.789375341264012875e-01 4.400726908828955857e+02 2.287806122052933073e-27 2.174584695640364360e-27 8.597619664824934342e-28 3.592994052848286768e-01 1.506615184906726143e-27 1.000000000000000000e+00 0.000000000000000000e+00 0.000000000000000000e+00 0.000000000000000000e+00 1.000000000000000000e+00 1.000000000000000000e+10 0.000000000000000000e+00 0.000000000000000000e+00 0.000000000000000000e+00 1.000000000000000000e+10
2.767025104385807399e-01 3.582188462950397820e+02 1.586136176759377463e+02 1.022202560145653649e+02 1.690233555508472707e-01 3.213779642681573705e+02 1.641942275149156181e-27 1.652270854594323088e-27 6.392737736960303053e-28 3.781907756220327932e-01 1.061018900347422140e-27 1.000000000000000000e+00 0.000000000000000000e+00 0.000000000000000000e+00 0.000000000000000000e+00 1.000000000000000000e+00 1.000000000000000000e+10 0.000000000000000000e+00 0.000000000000000000e+00 0.000000000000000000e+00 1.000000000000000000e+10
3.191179986585286343e-01 2.599350496059714146e+02 1.028393243260788381e+02 6.882577729185442195e+01 1.716644204700245868e-01 2.320779715510290089e+02 1.206647267177145433e-27 1.002925725280837156e-27 4.256663791978791958e-28 4.048294469059784961e-01 7.111012652261344048e-28 1.000000000000000000e+00 0.000000000000000000e+00 0.000000000000000000e+00 0.000000000000000000e+00 1.000000000000000000e+00 1.000000000000000000e+10 0.000000000000000000e+00 0.000000000000000000e+00 0.000000000000000000e+00 1.000000000000000000e+10
3.680353203388414540e-01 1.915376287197958618e+02 9.623646242967578246e+01 5.570280319786643020e+01 1.902830324392401906e-01 1.677056525260432522e+02 9.600663417581682995e-28 1.033972500829727218e-27 2.619551288808325026e-28 4.569201775651768882e-01 4.580614882761100266e-28 1.000000000000000000e+00 0.000000000000000000e+00 0.000000000000000000e+00 0.000000000000000000e+00 1.000000000000000000e+00 1.000000000000000000e+10 0.000000000000000000e+00 0.000000000000000000e+00 0.000000000000000000e+00 1.000000000000000000e+10
4.244511359005219142e-01 1.526899655526440824e+02 1.006723927192259396e+02 4.194334455137527584e+01 2.225732054164781260e-01 1.217098997420244473e+02 8.480090464997071429e-28 9.788125276533526995e-28 1.917565987509647753e-28 5.250953477647377632e-01 3.067037315782718044e-28 1.000000000000000000e+00 0.000000000000000000e+00 0.000000000000000000e+00 0.000000000000000000e+00 1.000000000000000000e+00 1.000000000000000000e+10 0.000000000000000000e+00 0.000000000000000000e+00 0.000000000000000000e+00 1.000000000000000000e+10
4.895148829774688681e-01 1.282808878663047665e+02 9.652487289130219494e+01 3.440573592340597031e+01 2.587000006730398871e-01 9.362233523727998374e+01 8.014553014303602676e-28 1.004061352508570723e-27 1.348515337867445669e-28 5.936178932982796308e-01 2.109227984651342539e-28 1.000000000000000000e+00 0.000000000000000000e+00 0.000000000000000000e+00 0.000000000000000000e+00 1.000000000000000000e+00 1.000000000000000000e+10 0.000000000000000000e+00 0.000000000000000000e+00 0.000000000000000000e+00 1.000000000000000000e+10
5.645521955031491679e-01 1.055137533131257754e+02 8.880090561484745137e+01 3.143566638810144553e+01 2.847290051023119717e-01 7.638882292199362212e+01 7.394221483909843422e-28 1.035124195424459427e-27 9.912137486306174667e-29 6.596449829007526855e-01 1.503928661780126431e-28 1.000000000000000000e+00 0.000000000000000000e+00 0.000000000000000000e+00 0.000000000000000000e+00 1.000000000000000000e+00 1.000000000000000000e+10 0.000000000000000000e+00 0.000000000000000000e+00 0.000000000000000000e+00 1.000000000000000000e+10
6.510919126887823039e-01 9.085127184860809280e+01 9.479246623796758797e+01 2.755176800734350451e+01 3.102716036368179386e-01 6.143112302265127767e+01 7.357641018436470340e-28 1.119184718957779587e-27 8.822650107057693655e-29 7.214917841109536045e-01 1.221588844512737825e-28 1.000000000000000000e+00 0.000000000000000000e+00 0.000000000000000000e+00 0.000000000000000000e+00 1.000000000000000000e+00 1.000000000000000000e+10 0.000000000000000000e+00 0.000000000000000000e+00 0.000000000000000000e+00 1.000000000000000000e+10
7.508972281844089602e-01 7.628648107408947965e+01 8.056962234642146825e+01 2.071799271658078467e+01 3.152841892657922696e-01 4.835420324847355289e+01 7.030726580058936637e-28 7.964643205151880862e-28 6.451058245615573003e-29 7.690646478531013575e-01 8.828742760322074363e-29 1.000000000000000000e+00 0.000000000000000000e+00 0.000000000000000000e+00 0.000000000000000000e+00 1.000000000000000000e+00 1.000000000000000000e+10 0.000000000000000000e+00 0.000000000000000000e+00 0.000000000000000000e+00 1.000000000000000000e+10
8.660016140678794550e-01 6.355868690177184988e+01 6.735806990736311661e+01 1.583256715163879491e+01 3.013047702506772563e-01 4.166255717257674007e+01 5.374015775815749620e-28 6.999884648798684472e-28 5.656574962494663198e-29 7.799391854144900327e-01 7.521333414059032129e-29 1.000000000000000000e+00 0.000000000000000000e+00 0.000000000000000000e+00 0.000000000000000000e+00 1.000000000000000000e+00 1.000000000000000000e+10 0.000000000000000000e+00 0.000000000000000000e+00 0.000000000000000000e+00 1.000000000000000000e+10
9.987502515910116063e-01 5.711449260752047508e+01 6.478627018590148623e+01 1.790105130775377873e+01 3.084250009434235107e-01 4.013280435453038564e+01 4.929394960427947443e-28 6.277955059022395444e-28 5.798717601986571796e-29 8.076847000679963084e-01 7.214737740729252342e-29 1.000000000000000000e+00 0.000000000000000000e+00 0.000000000000000000e+00 0.000000000000000000e+00 1.000000000000000000e+00 1.000000000000000000e+10 0.000000000000000000e+00 0.000000000000000000e+00 0.000000000000000000e+00 1.000000000000000000e+10
1.151847812808953542e+00 5.196718299329376123e+01 5.695198765079477710e+01 1.643010707198603271e+01 3.135542005813269362e-01 3.558658100991311812e+01 5.125368285111790684e-28 7.651222294957735716e-28 6.439349135107812702e-29 8.246106121817992074e-01 7.759302044949868485e-29 1.000000000000000000e+00 0.000000000000000000e+00 0.000000000000000000e+00 0.000000000000000000e+00 1.000000000000000000e+00 1.000000000000000000e+10 0.000000000000000000e+00 0.000000000000000000e+00 0.000000000000000000e+00 1.000000000000000000e+10
1.328413566614123908e+00 4.730564178784567275e+01 4.599455346758463747e+01 1.426691618427068775e+01 3.044631409388746102e-01 3.272836384015285205e+01 5.807541808458408266e-28 6.771149452800636021e-28 6.975278225036740584e-29 8.223743660038990155e-01 8.290177790721381158e-29 1.000000000000000000e+00 0.000000000000000000e+00 0.000000000000000000e+00 0.000000000000000000e+00 1.000000000000000000e+00 1.000000000000000000e+10 0.000000000000000000e+00 0.000000000000000000e+00 0.000000000000000000e+00 1.000000000000000000e+10
1.532044931926391351e+00 4.509716306905790617e+01 4.243038803348503052e+01 1.578187506724157529e+01 3.057615313532351387e-01 3.224750423292239532e+01 7.293100460828524826e-28 6.475081282159223746e-28 9.445801711016360675e-29 8.297778791987370228e-01 1.062886292610524088e-28 1.000000000000000000e+00 0.000000000000000000e+00 0.000000000000000000e+00 0.000000000000000000e+00 1.000000000000000000e+00 1.000000000000000000e+10 0.000000000000000000e+00 0.000000000000000000e+00 0.000000000000000000e+00 1.000000000000000000e+10
1.766890772896739126e+00 4.295228452234247385e+01 3.631216785148636461e+01 1.417346053277963591e+01 3.019447411373785140e-01 3.027954004204606520e+01 1.087983076312184274e-27 6.820647003312218502e-28 9.032183834551320595e-29 8.358757724420845525e-01 1.051786897906078104e-28 1.000000000000000000e+00 0.000000000000000000e+00 0.000000000000000000e+00 0.000000000000000000e+00 1.000000000000000000e+00 1.000000000000000000e+10 0.000000000000000000e+00 0.000000000000000000e+00 0.000000000000000000e+00 1.000000000000000000e+10
2.037735929469222107e+00 4.004555591332977116e+01 2.814715518323114907e+01 1.112473865621922187e+01 2.984324622174233110e-01 2.762573738398682366e+01 1.710341288098609723e-27 4.031078219779974126e-28 8.532050067631487576e-29 8.228935475178018599e-01 1.017813875741594597e-28 1.000000000000000000e+00 0.000000000000000000e+00 0.000000000000000000e+00 0.000000000000000000e+00 1.000000000000000000e+00 1.000000000000000000e+10 0.000000000000000000e+00 0.000000000000000000e+00 0.000000000000000000e+00 1.000000000000000000e+10
2.350098705559579226e+00 3.811863989373599537e+01 2.716496984335878295e+01 1.360610366884110611e+01 2.983706992278261638e-01 2.773921873681680950e+01 1.683076811954353262e-27 4.264495521492442819e-28 9.164356315773673926e-29 8.187940686912175137e-01 1.055577261268932654e-28 1.000000000000000000e+00 0.000000000000000000e+00 0.000000000000000000e+00 0.000000000000000000e+00 1.000000000000000000e+00 1.000000000000000000e+10 0.000000000000000000e+00 0.000000000000000000e+00 0.000000000000000000e+00 1.000000000000000000e+10
