# R (Mpc), mean rho (Msol/kpc^3), errup (Msol/kpc^3), errlow, std, median rho (Msol/kpc^3), mean pth (Msol/kpc/s^2), errup(Msol/kpc/s^2), errlow, std, median pth (Msol/kpc/s^2), mean gas-mass-weighted metal (fraction), errup, errlow, std, median metal, mean gas-mass-weighted temp (K), errup, errlow, std, median temp  
#  nprofs 184, mean mh 542925509529.266724, median mh 489436231876.623962 
#  Mass range 11.50 - 12.0
1.040961082911032697e-02 4.673006993374890299e+05 2.804248739738950972e+05 1.836126456678656687e+05 2.347117342070573764e-01 4.324796444177193334e+05 2.425805327880529702e-25 3.325154945563965034e-25 6.132886285484160609e-26 4.688897898523104457e-01 1.048819081048150147e-25 1.000000000000000000e+00 0.000000000000000000e+00 0.000000000000000000e+00 0.000000000000000000e+00 1.000000000000000000e+00 1.000000000000000000e+10 0.000000000000000000e+00 0.000000000000000000e+00 0.000000000000000000e+00 1.000000000000000000e+10
1.200529105910367808e-02 3.542723966275721905e+05 1.595736223195413477e+05 1.558604537146702060e+05 2.272151292049309212e-01 3.385501136278487975e+05 2.762979734351690594e-25 3.910178072562323382e-25 7.846876096481645418e-26 4.908053344158571640e-01 1.214289542375126040e-25 1.000000000000000000e+00 0.000000000000000000e+00 0.000000000000000000e+00 0.000000000000000000e+00 1.000000000000000000e+00 1.000000000000000000e+10 0.000000000000000000e+00 0.000000000000000000e+00 0.000000000000000000e+00 1.000000000000000000e+10
1.384557172980430476e-02 2.676616118133243872e+05 1.292754093090443057e+05 1.364852066698396520e+05 2.335276044520892824e-01 2.702232399184563546e+05 2.616451126557814584e-25 3.356525951732099684e-25 1.125275484911955606e-25 4.629831272170449319e-01 1.581543842085917958e-25 1.000000000000000000e+00 0.000000000000000000e+00 0.000000000000000000e+00 0.000000000000000000e+00 1.000000000000000000e+00 1.000000000000000000e+10 0.000000000000000000e+00 0.000000000000000000e+00 0.000000000000000000e+00 1.000000000000000000e+10
1.596794743096121086e-02 1.948946140996034665e+05 9.949130601346865296e+04 9.830348137415190286e+04 2.519598409303396291e-01 1.940586616179501289e+05 2.432756691900745167e-25 2.911918499854926092e-25 1.147514259834680151e-25 4.356692939435000689e-01 1.627696112919606556e-25 1.000000000000000000e+00 0.000000000000000000e+00 0.000000000000000000e+00 0.000000000000000000e+00 1.000000000000000000e+00 1.000000000000000000e+10 0.000000000000000000e+00 0.000000000000000000e+00 0.000000000000000000e+00 1.000000000000000000e+10
1.841566026551830909e-02 1.367488596074352681e+05 8.387947216871229466e+04 6.036808373799249239e+04 2.605093090504393971e-01 1.268778501806608692e+05 2.167448002153550615e-25 1.971028717373237956e-25 1.014672496795087904e-25 3.785676924620157702e-01 1.619638554415833095e-25 1.000000000000000000e+00 0.000000000000000000e+00 0.000000000000000000e+00 0.000000000000000000e+00 1.000000000000000000e+00 1.000000000000000000e+10 0.000000000000000000e+00 0.000000000000000000e+00 0.000000000000000000e+00 1.000000000000000000e+10
2.123858088093512342e-02 9.199721587954369897e+04 6.809575554038249538e+04 3.825692380225538363e+04 2.553960077286787644e-01 8.027173954393604072e+04 1.867792749087185894e-25 1.639284300475317527e-25 7.854547589799455960e-26 3.493658725274320087e-01 1.383432047651476185e-25 1.000000000000000000e+00 0.000000000000000000e+00 0.000000000000000000e+00 0.000000000000000000e+00 1.000000000000000000e+00 1.000000000000000000e+10 0.000000000000000000e+00 0.000000000000000000e+00 0.000000000000000000e+00 1.000000000000000000e+10
2.449422455303571639e-02 6.070023351662895584e+04 3.387644237785688892e+04 2.463889824620641593e+04 2.564705860449937314e-01 5.307930356843009940e+04 1.699981104222016298e-25 1.361243602009323549e-25 7.537061412103009348e-26 3.235183339869611707e-01 1.356493833707030999e-25 1.000000000000000000e+00 0.000000000000000000e+00 0.000000000000000000e+00 0.000000000000000000e+00 1.000000000000000000e+00 1.000000000000000000e+10 0.000000000000000000e+00 0.000000000000000000e+00 0.000000000000000000e+00 1.000000000000000000e+10
2.824892302447100725e-02 4.069543697948330373e+04 2.576880943257004401e+04 1.593374013362283949e+04 2.464108262097877422e-01 3.417071838719303196e+04 1.446736141054272384e-25 1.195024175230481438e-25 5.759011719857075491e-26 3.190201122296607017e-01 1.133162904580001690e-25 1.000000000000000000e+00 0.000000000000000000e+00 0.000000000000000000e+00 0.000000000000000000e+00 1.000000000000000000e+00 1.000000000000000000e+10 0.000000000000000000e+00 0.000000000000000000e+00 0.000000000000000000e+00 1.000000000000000000e+10
3.257917597328415654e-02 2.768988890727434409e+04 1.709423545459200250e+04 9.136825034579263956e+03 2.373228136058619098e-01 2.246215747911939252e+04 1.208159630147711141e-25 9.974651392759009341e-26 4.697522008190682692e-26 3.182167615711055109e-01 8.933424812256143821e-26 1.000000000000000000e+00 0.000000000000000000e+00 0.000000000000000000e+00 0.000000000000000000e+00 1.000000000000000000e+00 1.000000000000000000e+10 0.000000000000000000e+00 0.000000000000000000e+00 0.000000000000000000e+00 1.000000000000000000e+10
3.757320964692217186e-02 1.890198584414748257e+04 1.062489399018069344e+04 6.863654110814779415e+03 2.222819351019678646e-01 1.627831524779925348e+04 9.933299721355879961e-26 8.369619512928898126e-26 3.512436171835519022e-26 3.052717369703208949e-01 7.176601882420264374e-26 1.000000000000000000e+00 0.000000000000000000e+00 0.000000000000000000e+00 0.000000000000000000e+00 1.000000000000000000e+00 1.000000000000000000e+10 0.000000000000000000e+00 0.000000000000000000e+00 0.000000000000000000e+00 1.000000000000000000e+10
4.333277441790538143e-02 1.370128142875803496e+04 7.625068780808487645e+03 4.206369712943051127e+03 2.022302599607888884e-01 1.176271293260291714e+04 8.443692910177293724e-26 7.569378836311885385e-26 2.822162758840646664e-26 3.013868807090244184e-01 6.129970360302564732e-26 1.000000000000000000e+00 0.000000000000000000e+00 0.000000000000000000e+00 0.000000000000000000e+00 1.000000000000000000e+00 1.000000000000000000e+10 0.000000000000000000e+00 0.000000000000000000e+00 0.000000000000000000e+00 1.000000000000000000e+10
4.997521788524898756e-02 1.016342870668038086e+04 5.726480539742267865e+03 2.521018651665951438e+03 1.860260128372581423e-01 8.635799902503946214e+03 6.926320943619984130e-26 6.024980657851570949e-26 2.538020011216733074e-26 2.891089595651474276e-01 5.283028469231448704e-26 1.000000000000000000e+00 0.000000000000000000e+00 0.000000000000000000e+00 0.000000000000000000e+00 1.000000000000000000e+00 1.000000000000000000e+10 0.000000000000000000e+00 0.000000000000000000e+00 0.000000000000000000e+00 1.000000000000000000e+10
5.763587575980636674e-02 7.839527363891651476e+03 3.307372508544496668e+03 2.406966482990922486e+03 1.723804384468831385e-01 7.097883463510426736e+03 5.583642816425338770e-26 4.415937611865351501e-26 2.133507595552291638e-26 2.812065722912792110e-01 4.387891195976299060e-26 1.000000000000000000e+00 0.000000000000000000e+00 0.000000000000000000e+00 0.000000000000000000e+00 1.000000000000000000e+00 1.000000000000000000e+10 0.000000000000000000e+00 0.000000000000000000e+00 0.000000000000000000e+00 1.000000000000000000e+10
6.647082924635627776e-02 6.158963261438894733e+03 2.585956247377947875e+03 1.873392088203296225e+03 1.694255836501547263e-01 5.621532546739803365e+03 4.362651831964693074e-26 3.951892483965178211e-26 1.538051761551982723e-26 2.781720925916357778e-01 3.366802145964554277e-26 1.000000000000000000e+00 0.000000000000000000e+00 0.000000000000000000e+00 0.000000000000000000e+00 1.000000000000000000e+00 1.000000000000000000e+10 0.000000000000000000e+00 0.000000000000000000e+00 0.000000000000000000e+00 1.000000000000000000e+10
7.666008510240249207e-02 4.867560226385197893e+03 2.200348308176625324e+03 1.501613507270674745e+03 1.660311581451948959e-01 4.643603926597224927e+03 3.323919662948913520e-26 3.014130465584735310e-26 1.195811936583253155e-26 2.728342127514252757e-01 2.637866531129541951e-26 1.000000000000000000e+00 0.000000000000000000e+00 0.000000000000000000e+00 0.000000000000000000e+00 1.000000000000000000e+00 1.000000000000000000e+10 0.000000000000000000e+00 0.000000000000000000e+00 0.000000000000000000e+00 1.000000000000000000e+10
8.841124316543315376e-02 3.810171043350763739e+03 1.986432375681578378e+03 1.072266978619851670e+03 1.677437148551341461e-01 3.439981929062931158e+03 2.463690317458503151e-26 1.956705368436884629e-26 9.621664622111033462e-27 2.677174574527435569e-01 1.965496226229923557e-26 1.000000000000000000e+00 0.000000000000000000e+00 0.000000000000000000e+00 0.000000000000000000e+00 1.000000000000000000e+00 1.000000000000000000e+10 0.000000000000000000e+00 0.000000000000000000e+00 0.000000000000000000e+00 1.000000000000000000e+10
1.019637260722580097e-01 2.969692470624017460e+03 1.443269407533747653e+03 8.745226892281752953e+02 1.737848844442644314e-01 2.698674375142298231e+03 1.804677678228468653e-26 1.515711219813022239e-26 7.136995496339366095e-27 2.710943900400427098e-01 1.461085345248787336e-26 1.000000000000000000e+00 0.000000000000000000e+00 0.000000000000000000e+00 0.000000000000000000e+00 1.000000000000000000e+00 1.000000000000000000e+10 0.000000000000000000e+00 0.000000000000000000e+00 0.000000000000000000e+00 1.000000000000000000e+10
1.175936573483598035e-01 2.237130864848716556e+03 1.168944826507832204e+03 6.476835796667974137e+02 1.734425177025114839e-01 1.972357143080567312e+03 1.276266884328207015e-26 1.121181880160044244e-26 4.595402327821486873e-27 2.786837859194108979e-01 9.723019533357036513e-27 1.000000000000000000e+00 0.000000000000000000e+00 0.000000000000000000e+00 0.000000000000000000e+00 1.000000000000000000e+00 1.000000000000000000e+10 0.000000000000000000e+00 0.000000000000000000e+00 0.000000000000000000e+00 1.000000000000000000e+10
1.356194872553388164e-01 1.701396858087951614e+03 8.117732598270019935e+02 4.826644875637168752e+02 1.742205893031852637e-01 1.519202913273571312e+03 9.096615688473194366e-27 7.753941690019745819e-27 3.518696399614133211e-27 2.891476116198919422e-01 7.121316198409676517e-27 1.000000000000000000e+00 0.000000000000000000e+00 0.000000000000000000e+00 0.000000000000000000e+00 1.000000000000000000e+00 1.000000000000000000e+10 0.000000000000000000e+00 0.000000000000000000e+00 0.000000000000000000e+00 1.000000000000000000e+10
1.564084810196403053e-01 1.275896368176996248e+03 6.271578729340553764e+02 4.492756276559790649e+02 1.822077384218806773e-01 1.184688696278413317e+03 6.358540579965118851e-27 5.453246971432147250e-27 2.668356294638597323e-27 3.085156306493178624e-01 5.012231799642524296e-27 1.000000000000000000e+00 0.000000000000000000e+00 0.000000000000000000e+00 0.000000000000000000e+00 1.000000000000000000e+00 1.000000000000000000e+10 0.000000000000000000e+00 0.000000000000000000e+00 0.000000000000000000e+00 1.000000000000000000e+10
1.803842016362447453e-01 9.256044105383198257e+02 4.330755480746387320e+02 3.007531163002249741e+02 1.756972241646946042e-01 8.513897142846075212e+02 4.408953992158617505e-27 3.369689042217535183e-27 2.004329265565794413e-27 3.258039448052320042e-01 3.500753582552299925e-27 1.000000000000000000e+00 0.000000000000000000e+00 0.000000000000000000e+00 0.000000000000000000e+00 1.000000000000000000e+00 1.000000000000000000e+10 0.000000000000000000e+00 0.000000000000000000e+00 0.000000000000000000e+00 1.000000000000000000e+10
2.080351397048574025e-01 6.762024927403915626e+02 2.967711697292775170e+02 2.264870901461868584e+02 1.738235413756960557e-01 6.366779114406551798e+02 3.080384696562100803e-27 2.661940151017277452e-27 1.397146137309885689e-27 3.452114531282262644e-01 2.368457446646671366e-27 1.000000000000000000e+00 0.000000000000000000e+00 0.000000000000000000e+00 0.000000000000000000e+00 1.000000000000000000e+00 1.000000000000000000e+10 0.000000000000000000e+00 0.000000000000000000e+00 0.000000000000000000e+00 1.000000000000000000e+10
2.399246661262133540e-01 5.055461304238378943e+02 2.486230928086930589e+02 1.618607064701740228e+02 1.833887790752955493e-01 4.535376847003896046e+02 2.191740711909246023e-27 1.682049690568456380e-27 9.086834411841196419e-28 3.686815217657264387e-01 1.531300858774571984e-27 1.000000000000000000e+00 0.000000000000000000e+00 0.000000000000000000e+00 0.000000000000000000e+00 1.000000000000000000e+00 1.000000000000000000e+10 0.000000000000000000e+00 0.000000000000000000e+00 0.000000000000000000e+00 1.000000000000000000e+10
2.767025104385807399e-01 3.770404507733666719e+02 1.894867419329951872e+02 1.256457605242978559e+02 1.985926894703256840e-01 3.357364033403323447e+02 1.557826283992671684e-27 1.247648004979279038e-27 6.238444189687804044e-28 3.944762441244931139e-01 9.945868643028136532e-28 1.000000000000000000e+00 0.000000000000000000e+00 0.000000000000000000e+00 0.000000000000000000e+00 1.000000000000000000e+00 1.000000000000000000e+10 0.000000000000000000e+00 0.000000000000000000e+00 0.000000000000000000e+00 1.000000000000000000e+10
3.191179986585286343e-01 2.692955876501778221e+02 1.302510920105605123e+02 8.647707775579559097e+01 1.961377597490998603e-01 2.358137139408033818e+02 1.107305390421802627e-27 1.026327172653596589e-27 3.781366511531795020e-28 4.169571990031301079e-01 6.112951214391706922e-28 1.000000000000000000e+00 0.000000000000000000e+00 0.000000000000000000e+00 0.000000000000000000e+00 1.000000000000000000e+00 1.000000000000000000e+10 0.000000000000000000e+00 0.000000000000000000e+00 0.000000000000000000e+00 1.000000000000000000e+10
3.680353203388414540e-01 1.997527580083182954e+02 1.049853324803440842e+02 5.713428316062422141e+01 2.058918196489694652e-01 1.659903434965621045e+02 8.504799976863305728e-28 7.963149211330307795e-28 2.440747231815317432e-28 4.511950065795808928e-01 3.978250257110941246e-28 1.000000000000000000e+00 0.000000000000000000e+00 0.000000000000000000e+00 0.000000000000000000e+00 1.000000000000000000e+00 1.000000000000000000e+10 0.000000000000000000e+00 0.000000000000000000e+00 0.000000000000000000e+00 1.000000000000000000e+10
4.244511359005219142e-01 1.533444005579382292e+02 7.502250594821546770e+01 4.495914935784233535e+01 2.188358924572472164e-01 1.254670781398081090e+02 7.744915819508781262e-28 6.200351415092687256e-28 1.710721043873871260e-28 4.990389591116148327e-01 2.719788591703995363e-28 1.000000000000000000e+00 0.000000000000000000e+00 0.000000000000000000e+00 0.000000000000000000e+00 1.000000000000000000e+00 1.000000000000000000e+10 0.000000000000000000e+00 0.000000000000000000e+00 0.000000000000000000e+00 1.000000000000000000e+10
4.895148829774688681e-01 1.198174055480619984e+02 6.433295289424256680e+01 3.492119933573096091e+01 2.364093093983093141e-01 9.345524401848393836e+01 7.208722959974300352e-28 5.428613012293188226e-28 1.169616962367401207e-28 5.507940948568027517e-01 1.829212828694966570e-28 1.000000000000000000e+00 0.000000000000000000e+00 0.000000000000000000e+00 0.000000000000000000e+00 1.000000000000000000e+00 1.000000000000000000e+10 0.000000000000000000e+00 0.000000000000000000e+00 0.000000000000000000e+00 1.000000000000000000e+10
5.645521955031491679e-01 1.001522340290042763e+02 6.878850741648857081e+01 2.771073851292658219e+01 2.607330812065268288e-01 7.313104529283491217e+01 7.161022012793038863e-28 5.556110206430514248e-28 7.567480164996828457e-29 6.207717253043283367e-01 1.201010309588621584e-28 1.000000000000000000e+00 0.000000000000000000e+00 0.000000000000000000e+00 0.000000000000000000e+00 1.000000000000000000e+00 1.000000000000000000e+10 0.000000000000000000e+00 0.000000000000000000e+00 0.000000000000000000e+00 1.000000000000000000e+10
6.510919126887823039e-01 9.290851640747891338e+01 7.804943056659811873e+01 2.223840371969413354e+01 3.053492438932008390e-01 5.913023900108155573e+01 7.418479993438481277e-28 5.765198669155247310e-28 5.407229020153602633e-29 7.040724651731821160e-01 8.199098636165652249e-29 1.000000000000000000e+00 0.000000000000000000e+00 0.000000000000000000e+00 0.000000000000000000e+00 1.000000000000000000e+00 1.000000000000000000e+10 0.000000000000000000e+00 0.000000000000000000e+00 0.000000000000000000e+00 1.000000000000000000e+10
7.508972281844089602e-01 8.131717483232718280e+01 8.282876795907721146e+01 1.863196502578260905e+01 3.236628293654548183e-01 4.896892635567768082e+01 6.632303246327838987e-28 5.553912347162577790e-28 4.836861912802766921e-29 7.539873873061014864e-01 6.887978564006149727e-29 1.000000000000000000e+00 0.000000000000000000e+00 0.000000000000000000e+00 0.000000000000000000e+00 1.000000000000000000e+00 1.000000000000000000e+10 0.000000000000000000e+00 0.000000000000000000e+00 0.000000000000000000e+00 1.000000000000000000e+10
8.660016140678794550e-01 6.633766179976514366e+01 5.795368035963811337e+01 1.640333799414993976e+01 3.067325433409575641e-01 4.241297774708260704e+01 5.896681767780300352e-28 4.389774035933457165e-28 4.055862693888399334e-29 7.660283380209702564e-01 5.707191703468144213e-29 1.000000000000000000e+00 0.000000000000000000e+00 0.000000000000000000e+00 0.000000000000000000e+00 1.000000000000000000e+00 1.000000000000000000e+10 0.000000000000000000e+00 0.000000000000000000e+00 0.000000000000000000e+00 1.000000000000000000e+10
9.987502515910116063e-01 5.580007685428381592e+01 4.919495280098188061e+01 1.593404677187938745e+01 2.925715328868588316e-01 3.878703976144751664e+01 6.028523569011713251e-28 3.875218173417655833e-28 4.206783861067215631e-29 7.773360903039800984e-01 5.466178499901613207e-29 1.000000000000000000e+00 0.000000000000000000e+00 0.000000000000000000e+00 0.000000000000000000e+00 1.000000000000000000e+00 1.000000000000000000e+10 0.000000000000000000e+00 0.000000000000000000e+00 0.000000000000000000e+00 1.000000000000000000e+10
1.151847812808953542e+00 5.007078662429049842e+01 4.102298265504914809e+01 1.620678352456904392e+01 2.973570054584751543e-01 3.609304665095525877e+01 6.716981665868687537e-28 4.404472783677389865e-28 4.325374923482799392e-29 8.035102494015590180e-01 5.388365841472514563e-29 1.000000000000000000e+00 0.000000000000000000e+00 0.000000000000000000e+00 0.000000000000000000e+00 1.000000000000000000e+00 1.000000000000000000e+10 0.000000000000000000e+00 0.000000000000000000e+00 0.000000000000000000e+00 1.000000000000000000e+10
1.328413566614123908e+00 4.695285981301680067e+01 4.089492411039445585e+01 1.478132928086589359e+01 2.950031451309058639e-01 3.305029128580557085e+01 7.959046804109179239e-28 5.572999802066824966e-28 3.852593862274088929e-29 8.031410807165232368e-01 4.978171672500200139e-29 1.000000000000000000e+00 0.000000000000000000e+00 0.000000000000000000e+00 0.000000000000000000e+00 1.000000000000000000e+00 1.000000000000000000e+10 0.000000000000000000e+00 0.000000000000000000e+00 0.000000000000000000e+00 1.000000000000000000e+10
1.532044931926391351e+00 4.442657934629332317e+01 4.335400159621368488e+01 1.265009387469924818e+01 2.948173058319566442e-01 3.030571046213855624e+01 1.013418190507499868e-27 3.804833517918881667e-28 4.249490451642757903e-29 7.824254914756015866e-01 5.264908214773294181e-29 1.000000000000000000e+00 0.000000000000000000e+00 0.000000000000000000e+00 0.000000000000000000e+00 1.000000000000000000e+00 1.000000000000000000e+10 0.000000000000000000e+00 0.000000000000000000e+00 0.000000000000000000e+00 1.000000000000000000e+10
1.766890772896739126e+00 3.792656760800657878e+01 2.431782458053965712e+01 1.276183638145524135e+01 2.650708390897203448e-01 2.873144412959732108e+01 7.599593739704956011e-28 2.750151822324900131e-28 4.781541641093454318e-29 7.308414468228503491e-01 5.873214351105680327e-29 1.000000000000000000e+00 0.000000000000000000e+00 0.000000000000000000e+00 0.000000000000000000e+00 1.000000000000000000e+00 1.000000000000000000e+10 0.000000000000000000e+00 0.000000000000000000e+00 0.000000000000000000e+00 1.000000000000000000e+10
2.037735929469222107e+00 3.282109166338809558e+01 2.378252528790188336e+01 1.060291783724961512e+01 2.458506756264162152e-01 2.639299512635283662e+01 3.727984815501077274e-28 2.452795842235487783e-28 3.890275106685735000e-29 6.974818459365403900e-01 5.141755830923796978e-29 1.000000000000000000e+00 0.000000000000000000e+00 0.000000000000000000e+00 0.000000000000000000e+00 1.000000000000000000e+00 1.000000000000000000e+10 0.000000000000000000e+00 0.000000000000000000e+00 0.000000000000000000e+00 1.000000000000000000e+10
2.350098705559579226e+00 3.097558957408233127e+01 2.542979035443013203e+01 7.917826901289966912e+00 2.399666160658627534e-01 2.349719819737592275e+01 2.864888671267152593e-28 2.069234375044442242e-28 3.954438366809223161e-29 6.822213865123623044e-01 5.316736305962692192e-29 1.000000000000000000e+00 0.000000000000000000e+00 0.000000000000000000e+00 0.000000000000000000e+00 1.000000000000000000e+00 1.000000000000000000e+10 0.000000000000000000e+00 0.000000000000000000e+00 0.000000000000000000e+00 1.000000000000000000e+10
