# R (Mpc), mean rho (Msol/kpc^3), errup (Msol/kpc^3), errlow, std, median rho (Msol/kpc^3), mean pth (Msol/kpc/s^2), errup(Msol/kpc/s^2), errlow, std, median pth (Msol/kpc/s^2), mean gas-mass-weighted metal (fraction), errup, errlow, std, median metal, mean gas-mass-weighted temp (K), errup, errlow, std, median temp  
#  nprofs 191, mean mh 211544885320.741089, median mh 200237330443.953949 
#  Mass range 11.00 - 11.5
1.040961082911032697e-02 1.150122819182454405e+05 5.687339873434955371e+04 3.989275625958555611e+04 2.237350524185960920e-01 1.027365751917507441e+05 6.532051325116316788e-26 3.725397164506231459e-26 1.001985254389743332e-26 4.500330691392500637e-01 2.294260698801913076e-26 1.000000000000000000e+00 0.000000000000000000e+00 0.000000000000000000e+00 0.000000000000000000e+00 1.000000000000000000e+00 1.000000000000000000e+10 0.000000000000000000e+00 0.000000000000000000e+00 0.000000000000000000e+00 1.000000000000000000e+10
1.200529105910367808e-02 8.418680878651952662e+04 3.995379208020416263e+04 3.790195856713546527e+04 2.346110305830327036e-01 8.064791924345330335e+04 6.900065857911629047e-26 5.067826245837446087e-26 7.386293488111426910e-27 4.896920937680430685e-01 1.890275119496522947e-26 1.000000000000000000e+00 0.000000000000000000e+00 0.000000000000000000e+00 0.000000000000000000e+00 1.000000000000000000e+00 1.000000000000000000e+10 0.000000000000000000e+00 0.000000000000000000e+00 0.000000000000000000e+00 1.000000000000000000e+10
1.384557172980430476e-02 6.401771860136516625e+04 4.352707577550611313e+04 2.749860228568517778e+04 2.582943248973118555e-01 5.583820306509099464e+04 5.517513169308317059e-26 6.297719157523421002e-26 1.040671055089205197e-26 4.685031863790208306e-01 2.057970380860717984e-26 1.000000000000000000e+00 0.000000000000000000e+00 0.000000000000000000e+00 0.000000000000000000e+00 1.000000000000000000e+00 1.000000000000000000e+10 0.000000000000000000e+00 0.000000000000000000e+00 0.000000000000000000e+00 1.000000000000000000e+10
1.596794743096121086e-02 4.766580970716181764e+04 2.507154259025863576e+04 1.678525812960130133e+04 2.439742515812116375e-01 4.107158498324236280e+04 4.735419650831272744e-26 5.229562734466220656e-26 1.054398382967082830e-26 4.421624911206154529e-01 2.063605399358839848e-26 1.000000000000000000e+00 0.000000000000000000e+00 0.000000000000000000e+00 0.000000000000000000e+00 1.000000000000000000e+00 1.000000000000000000e+10 0.000000000000000000e+00 0.000000000000000000e+00 0.000000000000000000e+00 1.000000000000000000e+10
1.841566026551830909e-02 3.677187819034355925e+04 2.712875166419820016e+04 1.658316320658192853e+04 2.934794409973149332e-01 3.054117647643543023e+04 3.852655304931803165e-26 4.109979691375292349e-26 1.185938687172235826e-26 3.931482206782611621e-01 2.213039706316454130e-26 1.000000000000000000e+00 0.000000000000000000e+00 0.000000000000000000e+00 0.000000000000000000e+00 1.000000000000000000e+00 1.000000000000000000e+10 0.000000000000000000e+00 0.000000000000000000e+00 0.000000000000000000e+00 1.000000000000000000e+10
2.123858088093512342e-02 2.746320277275730041e+04 2.173427008007165205e+04 1.136325307413025985e+04 3.013665005834199606e-01 2.315370645791459901e+04 3.310366205170225625e-26 3.188405049409591595e-26 1.448704488477486826e-26 3.848312032573605879e-01 2.337915131673131353e-26 1.000000000000000000e+00 0.000000000000000000e+00 0.000000000000000000e+00 0.000000000000000000e+00 1.000000000000000000e+00 1.000000000000000000e+10 0.000000000000000000e+00 0.000000000000000000e+00 0.000000000000000000e+00 1.000000000000000000e+10
2.449422455303571639e-02 1.998001748364459127e+04 1.516563291606157873e+04 9.095724205303649796e+03 3.164176279685358972e-01 1.655832235010499789e+04 2.984696406899757477e-26 2.772874982548292957e-26 1.055729961311551417e-26 3.476769316228058848e-01 2.098100412106961349e-26 1.000000000000000000e+00 0.000000000000000000e+00 0.000000000000000000e+00 0.000000000000000000e+00 1.000000000000000000e+00 1.000000000000000000e+10 0.000000000000000000e+00 0.000000000000000000e+00 0.000000000000000000e+00 1.000000000000000000e+10
2.824892302447100725e-02 1.460384811248013648e+04 1.337840345849948062e+04 5.422297475272819611e+03 3.016046491284707365e-01 1.117148924741220617e+04 2.543778400555607456e-26 2.360181069103777153e-26 9.707355085460482770e-27 2.985806736288646457e-01 1.953116611291837994e-26 1.000000000000000000e+00 0.000000000000000000e+00 0.000000000000000000e+00 0.000000000000000000e+00 1.000000000000000000e+00 1.000000000000000000e+10 0.000000000000000000e+00 0.000000000000000000e+00 0.000000000000000000e+00 1.000000000000000000e+10
3.257917597328415654e-02 1.007174914593111316e+04 7.044819221487578034e+03 4.440043738892443798e+03 3.016018897484979422e-01 8.413537196265388047e+03 2.022853020512284182e-26 1.430908546304125761e-26 7.778143202480887124e-27 2.652543707743225121e-01 1.664872196019157022e-26 1.000000000000000000e+00 0.000000000000000000e+00 0.000000000000000000e+00 0.000000000000000000e+00 1.000000000000000000e+00 1.000000000000000000e+10 0.000000000000000000e+00 0.000000000000000000e+00 0.000000000000000000e+00 1.000000000000000000e+10
3.757320964692217186e-02 7.019801912600735704e+03 5.478419941552917408e+03 2.791666843540042464e+03 2.904280549929304511e-01 5.750924200204138288e+03 1.727725803933505519e-26 1.238054647083070966e-26 7.336288238016777850e-27 2.649129309989945447e-01 1.486520861981870353e-26 1.000000000000000000e+00 0.000000000000000000e+00 0.000000000000000000e+00 0.000000000000000000e+00 1.000000000000000000e+00 1.000000000000000000e+10 0.000000000000000000e+00 0.000000000000000000e+00 0.000000000000000000e+00 1.000000000000000000e+10
4.333277441790538143e-02 4.965378336431536809e+03 3.363255305174947352e+03 1.906140988559754078e+03 2.582151041203561426e-01 4.328791123140403215e+03 1.447497328596167373e-26 9.872177920491997092e-27 5.129413157381127201e-27 2.420703160692140588e-01 1.233734488027916919e-26 1.000000000000000000e+00 0.000000000000000000e+00 0.000000000000000000e+00 0.000000000000000000e+00 1.000000000000000000e+00 1.000000000000000000e+10 0.000000000000000000e+00 0.000000000000000000e+00 0.000000000000000000e+00 1.000000000000000000e+10
4.997521788524898756e-02 3.665481744135327062e+03 2.465977184862102149e+03 1.441722261170004003e+03 2.410154903628301537e-01 3.179552372389558514e+03 1.187095686490738566e-26 8.075181471008732245e-27 4.157288905551633320e-27 2.380378580411016409e-01 1.019762923726117638e-26 1.000000000000000000e+00 0.000000000000000000e+00 0.000000000000000000e+00 0.000000000000000000e+00 1.000000000000000000e+00 1.000000000000000000e+10 0.000000000000000000e+00 0.000000000000000000e+00 0.000000000000000000e+00 1.000000000000000000e+10
5.763587575980636674e-02 2.754471063410754596e+03 1.619040698334013541e+03 1.048238126990637738e+03 2.339710595760542411e-01 2.426356414373264215e+03 1.002816540960783688e-26 6.441116992747655995e-27 3.566244905006379327e-27 2.528112288757406456e-01 8.451836033516173095e-27 1.000000000000000000e+00 0.000000000000000000e+00 0.000000000000000000e+00 0.000000000000000000e+00 1.000000000000000000e+00 1.000000000000000000e+10 0.000000000000000000e+00 0.000000000000000000e+00 0.000000000000000000e+00 1.000000000000000000e+10
6.647082924635627776e-02 2.095332105806626259e+03 8.779245776183854559e+02 8.262920127826996577e+02 1.827949631642668549e-01 2.011332304059248827e+03 8.084280476813051729e-27 4.721688630454015322e-27 3.086451131782952252e-27 2.374515176708415776e-01 6.984939978804214900e-27 1.000000000000000000e+00 0.000000000000000000e+00 0.000000000000000000e+00 0.000000000000000000e+00 1.000000000000000000e+00 1.000000000000000000e+10 0.000000000000000000e+00 0.000000000000000000e+00 0.000000000000000000e+00 1.000000000000000000e+10
7.666008510240249207e-02 1.644070704651264805e+03 8.544412617636237428e+02 5.297075048802939818e+02 1.983282478611709532e-01 1.460257063951472674e+03 6.343727451925641943e-27 3.866711944704317103e-27 2.714843285553131377e-27 2.639072985035911811e-01 5.541994127496909562e-27 1.000000000000000000e+00 0.000000000000000000e+00 0.000000000000000000e+00 0.000000000000000000e+00 1.000000000000000000e+00 1.000000000000000000e+10 0.000000000000000000e+00 0.000000000000000000e+00 0.000000000000000000e+00 1.000000000000000000e+10
8.841124316543315376e-02 1.352113048721250834e+03 7.570283846786878712e+02 4.346769897755940519e+02 1.912144118716747054e-01 1.200795963533828854e+03 5.040228695089482275e-27 3.293061757128124523e-27 1.834821900448901808e-27 2.708504431076091401e-01 4.050836147595015295e-27 1.000000000000000000e+00 0.000000000000000000e+00 0.000000000000000000e+00 0.000000000000000000e+00 1.000000000000000000e+00 1.000000000000000000e+10 0.000000000000000000e+00 0.000000000000000000e+00 0.000000000000000000e+00 1.000000000000000000e+10
1.019637260722580097e-01 1.059265693874027647e+03 6.284956954939192428e+02 3.246103735743095058e+02 1.924190412493593516e-01 9.459220593762203180e+02 3.892882253600971823e-27 2.876237142639218545e-27 1.533163358002472794e-27 2.879452799376995276e-01 3.090252085061370277e-27 1.000000000000000000e+00 0.000000000000000000e+00 0.000000000000000000e+00 0.000000000000000000e+00 1.000000000000000000e+00 1.000000000000000000e+10 0.000000000000000000e+00 0.000000000000000000e+00 0.000000000000000000e+00 1.000000000000000000e+10
1.175936573483598035e-01 8.345433490982662761e+02 4.470975371714814628e+02 2.483233346420960288e+02 1.910548575334743426e-01 7.301434391732045697e+02 2.997415193362198341e-27 2.619511719240160365e-27 1.001103826524406494e-27 3.032842532287801651e-01 2.191514996495950343e-27 1.000000000000000000e+00 0.000000000000000000e+00 0.000000000000000000e+00 0.000000000000000000e+00 1.000000000000000000e+00 1.000000000000000000e+10 0.000000000000000000e+00 0.000000000000000000e+00 0.000000000000000000e+00 1.000000000000000000e+10
1.356194872553388164e-01 6.717712389186473274e+02 4.153772231940963593e+02 1.845639816106402122e+02 1.977628544576674197e-01 5.768636386553278044e+02 2.336466060817773801e-27 1.739301115175782055e-27 7.854650712028995425e-28 3.253294582436698779e-01 1.617688446564780892e-27 1.000000000000000000e+00 0.000000000000000000e+00 0.000000000000000000e+00 0.000000000000000000e+00 1.000000000000000000e+00 1.000000000000000000e+10 0.000000000000000000e+00 0.000000000000000000e+00 0.000000000000000000e+00 1.000000000000000000e+10
1.564084810196403053e-01 5.345962351697314716e+02 3.170921182457154259e+02 1.434014093591109713e+02 1.969502334011272171e-01 4.611106997112280510e+02 1.803776499430262063e-27 1.327263112945696797e-27 6.197328092161331473e-28 3.436414215060601407e-01 1.215429299225049739e-27 1.000000000000000000e+00 0.000000000000000000e+00 0.000000000000000000e+00 0.000000000000000000e+00 1.000000000000000000e+00 1.000000000000000000e+10 0.000000000000000000e+00 0.000000000000000000e+00 0.000000000000000000e+00 1.000000000000000000e+10
1.803842016362447453e-01 4.257101021326032537e+02 2.386932670585105143e+02 1.149149597725519243e+02 2.002839506679177373e-01 3.644215959307089179e+02 1.397378140262929649e-27 1.009900063039816435e-27 3.699523579006909345e-28 3.629482144728772286e-01 8.285430015757766656e-28 1.000000000000000000e+00 0.000000000000000000e+00 0.000000000000000000e+00 0.000000000000000000e+00 1.000000000000000000e+00 1.000000000000000000e+10 0.000000000000000000e+00 0.000000000000000000e+00 0.000000000000000000e+00 1.000000000000000000e+10
2.080351397048574025e-01 3.434783808918868999e+02 1.814339549256605437e+02 9.266457568773685693e+01 2.000830654715017864e-01 2.938099464281037854e+02 1.120816317521424063e-27 8.001607299947406986e-28 3.203345025906013717e-28 3.873302040275752312e-01 6.376154271932488316e-28 1.000000000000000000e+00 0.000000000000000000e+00 0.000000000000000000e+00 0.000000000000000000e+00 1.000000000000000000e+00 1.000000000000000000e+10 0.000000000000000000e+00 0.000000000000000000e+00 0.000000000000000000e+00 1.000000000000000000e+10
2.399246661262133540e-01 2.759378260432945922e+02 1.554338605053980018e+02 8.836018669025233407e+01 2.145522238850790242e-01 2.377184619391568390e+02 9.201611858278021827e-28 6.726985198029737427e-28 2.500138509816096893e-28 4.233429052142389515e-01 4.585268655595579275e-28 1.000000000000000000e+00 0.000000000000000000e+00 0.000000000000000000e+00 0.000000000000000000e+00 1.000000000000000000e+00 1.000000000000000000e+10 0.000000000000000000e+00 0.000000000000000000e+00 0.000000000000000000e+00 1.000000000000000000e+10
2.767025104385807399e-01 2.255531391222628770e+02 1.383643380253498947e+02 6.647978555025056835e+01 2.259882167300841793e-01 1.845072003108064393e+02 7.900281650779461443e-28 6.086729940255423398e-28 1.754727288822764572e-28 4.616334498349616844e-01 3.232605203456254246e-28 1.000000000000000000e+00 0.000000000000000000e+00 0.000000000000000000e+00 0.000000000000000000e+00 1.000000000000000000e+00 1.000000000000000000e+10 0.000000000000000000e+00 0.000000000000000000e+00 0.000000000000000000e+00 1.000000000000000000e+10
3.191179986585286343e-01 1.862144860798113370e+02 1.188120444465576213e+02 5.355385755166219042e+01 2.334120378666080797e-01 1.483206319352329672e+02 7.054229115138130945e-28 5.558172586573922659e-28 1.396346761850867863e-28 4.943094213139596627e-01 2.472814648008431423e-28 1.000000000000000000e+00 0.000000000000000000e+00 0.000000000000000000e+00 0.000000000000000000e+00 1.000000000000000000e+00 1.000000000000000000e+10 0.000000000000000000e+00 0.000000000000000000e+00 0.000000000000000000e+00 1.000000000000000000e+10
3.680353203388414540e-01 1.551189290287023823e+02 7.285034180459342679e+01 4.362000159572650659e+01 2.416832435972096627e-01 1.191786184892038136e+02 6.768868954118801348e-28 5.273080624359262337e-28 1.160827346897266143e-28 5.333064261025038943e-01 1.908940028702338265e-28 1.000000000000000000e+00 0.000000000000000000e+00 0.000000000000000000e+00 0.000000000000000000e+00 1.000000000000000000e+00 1.000000000000000000e+10 0.000000000000000000e+00 0.000000000000000000e+00 0.000000000000000000e+00 1.000000000000000000e+10
4.244511359005219142e-01 1.344196795461130876e+02 6.741185955777017114e+01 3.476693314611383556e+01 2.594936645729660207e-01 9.809051623990471569e+01 7.072454362877585847e-28 3.907967878982743481e-28 9.722772852003485625e-29 5.803831319110041020e-01 1.529712343610280966e-28 1.000000000000000000e+00 0.000000000000000000e+00 0.000000000000000000e+00 0.000000000000000000e+00 1.000000000000000000e+00 1.000000000000000000e+10 0.000000000000000000e+00 0.000000000000000000e+00 0.000000000000000000e+00 1.000000000000000000e+10
4.895148829774688681e-01 1.154345388602247624e+02 5.918791255407008123e+01 3.049622873312340232e+01 2.730133371414989463e-01 8.221230096739903104e+01 7.312431297040593842e-28 3.859991126139000128e-28 7.721171141831054605e-29 6.233682183799602594e-01 1.221243910541266017e-28 1.000000000000000000e+00 0.000000000000000000e+00 0.000000000000000000e+00 0.000000000000000000e+00 1.000000000000000000e+00 1.000000000000000000e+10 0.000000000000000000e+00 0.000000000000000000e+00 0.000000000000000000e+00 1.000000000000000000e+10
5.645521955031491679e-01 1.005469568373430604e+02 5.903539577571741859e+01 2.312435439025123429e+01 2.908203658404894809e-01 6.513473569353439530e+01 7.149301842317846790e-28 4.478167315844447002e-28 6.140219355587592482e-29 6.620563850579559428e-01 9.585733982640131940e-29 1.000000000000000000e+00 0.000000000000000000e+00 0.000000000000000000e+00 0.000000000000000000e+00 1.000000000000000000e+00 1.000000000000000000e+10 0.000000000000000000e+00 0.000000000000000000e+00 0.000000000000000000e+00 1.000000000000000000e+10
6.510919126887823039e-01 8.345940669301360515e+01 5.509513189360556140e+01 2.097946364475157566e+01 2.981927785229178673e-01 5.347192599845568139e+01 6.507101424207109646e-28 3.922486364534009415e-28 4.934234008758359755e-29 7.008707166635336216e-01 7.427147106454522340e-29 1.000000000000000000e+00 0.000000000000000000e+00 0.000000000000000000e+00 0.000000000000000000e+00 1.000000000000000000e+00 1.000000000000000000e+10 0.000000000000000000e+00 0.000000000000000000e+00 0.000000000000000000e+00 1.000000000000000000e+10
7.508972281844089602e-01 6.910067373592947604e+01 5.477233252524240470e+01 2.094420264230953777e+01 3.031361721086719974e-01 4.685284776548188290e+01 5.017898713454649231e-28 4.555331508608063855e-28 4.061040692403202146e-29 7.415317642495750095e-01 5.844249281626556571e-29 1.000000000000000000e+00 0.000000000000000000e+00 0.000000000000000000e+00 0.000000000000000000e+00 1.000000000000000000e+00 1.000000000000000000e+10 0.000000000000000000e+00 0.000000000000000000e+00 0.000000000000000000e+00 1.000000000000000000e+10
8.660016140678794550e-01 5.891417174265621526e+01 5.652172783269381284e+01 1.601128321216123140e+01 3.152581709312043401e-01 3.828205699995449152e+01 3.943818327161188111e-28 4.844578093473854449e-28 3.656796984801847019e-29 7.966120388700295152e-01 4.848517406712634171e-29 1.000000000000000000e+00 0.000000000000000000e+00 0.000000000000000000e+00 0.000000000000000000e+00 1.000000000000000000e+00 1.000000000000000000e+10 0.000000000000000000e+00 0.000000000000000000e+00 0.000000000000000000e+00 1.000000000000000000e+10
9.987502515910116063e-01 5.299545583837882390e+01 4.972614230960965642e+01 1.771559518414919054e+01 3.256099084119398746e-01 3.577913978639021764e+01 4.213703196902912373e-28 4.906839415935805423e-28 4.350697554175004174e-29 8.533788795401516802e-01 5.213792638105924202e-29 1.000000000000000000e+00 0.000000000000000000e+00 0.000000000000000000e+00 0.000000000000000000e+00 1.000000000000000000e+00 1.000000000000000000e+10 0.000000000000000000e+00 0.000000000000000000e+00 0.000000000000000000e+00 1.000000000000000000e+10
1.151847812808953542e+00 4.727461650116806879e+01 5.132890733972989494e+01 1.631611818960611160e+01 3.207824371057552137e-01 3.311647518197700890e+01 3.912674881111257391e-28 4.713277384515582946e-28 3.974730354067121120e-29 8.593934036064769799e-01 4.756886588150809712e-29 1.000000000000000000e+00 0.000000000000000000e+00 0.000000000000000000e+00 0.000000000000000000e+00 1.000000000000000000e+00 1.000000000000000000e+10 0.000000000000000000e+00 0.000000000000000000e+00 0.000000000000000000e+00 1.000000000000000000e+10
1.328413566614123908e+00 4.303686509159006590e+01 4.041184523146783647e+01 1.432132160033630441e+01 3.100528981102570469e-01 3.060961908798651265e+01 4.227805648916887306e-28 4.069294757045577452e-28 3.921754456772545329e-29 8.452859165600289382e-01 4.696063174360436801e-29 1.000000000000000000e+00 0.000000000000000000e+00 0.000000000000000000e+00 0.000000000000000000e+00 1.000000000000000000e+00 1.000000000000000000e+10 0.000000000000000000e+00 0.000000000000000000e+00 0.000000000000000000e+00 1.000000000000000000e+10
1.532044931926391351e+00 4.118477972078171945e+01 3.657855736264231439e+01 1.406346129295304692e+01 3.097399425996853473e-01 2.918558142551089318e+01 6.348028107901672523e-28 3.687949983670033966e-28 4.021523856423844822e-29 8.505581249504584607e-01 4.757604569624826441e-29 1.000000000000000000e+00 0.000000000000000000e+00 0.000000000000000000e+00 0.000000000000000000e+00 1.000000000000000000e+00 1.000000000000000000e+10 0.000000000000000000e+00 0.000000000000000000e+00 0.000000000000000000e+00 1.000000000000000000e+10
1.766890772896739126e+00 3.879311093177622638e+01 2.807791966065465061e+01 1.325505344229602223e+01 3.001028191846573656e-01 2.770770848433401312e+01 1.023779129546369121e-27 3.514756331462689938e-28 3.812132286041020233e-29 8.338757461740960997e-01 4.577753094736320491e-29 1.000000000000000000e+00 0.000000000000000000e+00 0.000000000000000000e+00 0.000000000000000000e+00 1.000000000000000000e+00 1.000000000000000000e+10 0.000000000000000000e+00 0.000000000000000000e+00 0.000000000000000000e+00 1.000000000000000000e+10
2.037735929469222107e+00 3.725515584838166205e+01 2.766216688527613599e+01 1.307937018801349538e+01 2.964569235251895418e-01 2.688792559431866636e+01 1.249075463889773270e-27 3.151526941409943590e-28 4.646741932174862482e-29 8.369729119738312795e-01 5.402358385873640016e-29 1.000000000000000000e+00 0.000000000000000000e+00 0.000000000000000000e+00 0.000000000000000000e+00 1.000000000000000000e+00 1.000000000000000000e+10 0.000000000000000000e+00 0.000000000000000000e+00 0.000000000000000000e+00 1.000000000000000000e+10
2.350098705559579226e+00 3.215430863487139845e+01 2.136436865982111399e+01 1.257605503484015408e+01 2.745450870482050165e-01 2.606088173431158239e+01 6.239917470703483502e-28 2.548647671728961053e-28 4.346418823976439462e-29 8.232002933077421369e-01 5.105133650500079040e-29 1.000000000000000000e+00 0.000000000000000000e+00 0.000000000000000000e+00 0.000000000000000000e+00 1.000000000000000000e+00 1.000000000000000000e+10 0.000000000000000000e+00 0.000000000000000000e+00 0.000000000000000000e+00 1.000000000000000000e+10
