# R (Mpc), mean rho (Msol/kpc^3), errup (Msol/kpc^3), errlow, std, median rho (Msol/kpc^3), mean pth (Msol/kpc/s^2), errup(Msol/kpc/s^2), errlow, std, median pth (Msol/kpc/s^2), mean gas-mass-weighted metal (fraction), errup, errlow, std, median metal, mean gas-mass-weighted temp (K), errup, errlow, std, median temp  
#  nprofs 182, mean mh 546897112277.814026, median mh 499853805748.898682 
#  Mass range 11.50 - 12.0
1.040961082911032697e-02 4.013672583899828605e+05 2.299550988060045056e+05 1.283010611436781182e+05 2.251142549117454428e-01 3.503356640358811710e+05 2.371965412429538753e-25 4.474883426270788730e-25 5.903227519883046003e-26 4.910829622311653764e-01 9.723931214122722800e-26 1.000000000000000000e+00 0.000000000000000000e+00 0.000000000000000000e+00 0.000000000000000000e+00 1.000000000000000000e+00 1.000000000000000000e+10 0.000000000000000000e+00 0.000000000000000000e+00 0.000000000000000000e+00 1.000000000000000000e+10
1.200529105910367808e-02 3.093098252617733669e+05 2.099521310796135222e+05 1.297251934310046490e+05 2.665159242789361671e-01 2.782343887318570632e+05 2.646249058476167450e-25 3.560404909076067098e-25 1.027995710017190844e-25 4.975008708020415837e-01 1.474477494994736340e-25 1.000000000000000000e+00 0.000000000000000000e+00 0.000000000000000000e+00 0.000000000000000000e+00 1.000000000000000000e+00 1.000000000000000000e+10 0.000000000000000000e+00 0.000000000000000000e+00 0.000000000000000000e+00 1.000000000000000000e+10
1.384557172980430476e-02 2.279677072748522041e+05 1.429633196834966075e+05 1.121077369165861164e+05 2.602320479231037820e-01 2.106438892459888011e+05 2.657747037909845258e-25 3.108809729010378274e-25 1.156264081572606828e-25 4.506596169002489716e-01 1.720475795503592271e-25 1.000000000000000000e+00 0.000000000000000000e+00 0.000000000000000000e+00 0.000000000000000000e+00 1.000000000000000000e+00 1.000000000000000000e+10 0.000000000000000000e+00 0.000000000000000000e+00 0.000000000000000000e+00 1.000000000000000000e+10
1.596794743096121086e-02 1.667238104632190079e+05 1.021308772655648936e+05 8.231010935733796214e+04 2.797494433289252069e-01 1.512103430618418497e+05 2.427239366137433423e-25 2.351212396965038824e-25 1.231285501494334323e-25 4.209676974503572811e-01 1.741161845051667854e-25 1.000000000000000000e+00 0.000000000000000000e+00 0.000000000000000000e+00 0.000000000000000000e+00 1.000000000000000000e+00 1.000000000000000000e+10 0.000000000000000000e+00 0.000000000000000000e+00 0.000000000000000000e+00 1.000000000000000000e+10
1.841566026551830909e-02 1.221229821417930652e+05 8.714540214720182121e+04 5.044237246309847978e+04 2.803086328574716513e-01 1.000810211763812113e+05 2.228319996291916469e-25 2.553797557320692921e-25 1.009834969336698606e-25 3.938807977393827264e-01 1.675832007085169167e-25 1.000000000000000000e+00 0.000000000000000000e+00 0.000000000000000000e+00 0.000000000000000000e+00 1.000000000000000000e+00 1.000000000000000000e+10 0.000000000000000000e+00 0.000000000000000000e+00 0.000000000000000000e+00 1.000000000000000000e+10
2.123858088093512342e-02 8.233090098910713277e+04 6.260039000162328011e+04 3.857022473498358886e+04 2.861001186916545813e-01 7.193250109205002082e+04 1.899108314800910207e-25 1.860380428055975268e-25 7.334975342516411614e-26 3.422600464928105546e-01 1.385376439704335925e-25 1.000000000000000000e+00 0.000000000000000000e+00 0.000000000000000000e+00 0.000000000000000000e+00 1.000000000000000000e+00 1.000000000000000000e+10 0.000000000000000000e+00 0.000000000000000000e+00 0.000000000000000000e+00 1.000000000000000000e+10
2.449422455303571639e-02 5.391192502338635677e+04 3.624720695122161123e+04 2.282248192779966485e+04 2.711570503668628285e-01 4.531407467843886116e+04 1.620102202711287759e-25 1.185060296747890216e-25 7.472473285890110081e-26 3.330749716183772358e-01 1.319482820371017726e-25 1.000000000000000000e+00 0.000000000000000000e+00 0.000000000000000000e+00 0.000000000000000000e+00 1.000000000000000000e+00 1.000000000000000000e+10 0.000000000000000000e+00 0.000000000000000000e+00 0.000000000000000000e+00 1.000000000000000000e+10
2.824892302447100725e-02 3.642237413713690330e+04 2.402519282854520134e+04 1.445032034612594362e+04 2.538080084086661858e-01 3.127023223806032183e+04 1.345569467701373473e-25 1.086979850873329359e-25 6.135352574608244656e-26 3.151053031727690801e-01 1.088082587279073670e-25 1.000000000000000000e+00 0.000000000000000000e+00 0.000000000000000000e+00 0.000000000000000000e+00 1.000000000000000000e+00 1.000000000000000000e+10 0.000000000000000000e+00 0.000000000000000000e+00 0.000000000000000000e+00 1.000000000000000000e+10
3.257917597328415654e-02 2.461988819508724191e+04 1.443048968217109359e+04 8.747081115659993884e+03 2.238721522046726864e-01 2.149374346609259374e+04 1.134640383202391221e-25 8.556615804373433066e-26 4.397529949173022610e-26 2.936487291075359218e-01 9.118861581595942336e-26 1.000000000000000000e+00 0.000000000000000000e+00 0.000000000000000000e+00 0.000000000000000000e+00 1.000000000000000000e+00 1.000000000000000000e+10 0.000000000000000000e+00 0.000000000000000000e+00 0.000000000000000000e+00 1.000000000000000000e+10
3.757320964692217186e-02 1.783457818015762678e+04 1.190184335529575765e+04 5.557743941971230015e+03 2.234440317217918359e-01 1.505059272164139838e+04 9.638627689863382488e-26 6.967143056035070917e-26 3.398469555801033901e-26 2.914316781972597359e-01 7.243000907579943379e-26 1.000000000000000000e+00 0.000000000000000000e+00 0.000000000000000000e+00 0.000000000000000000e+00 1.000000000000000000e+00 1.000000000000000000e+10 0.000000000000000000e+00 0.000000000000000000e+00 0.000000000000000000e+00 1.000000000000000000e+10
4.333277441790538143e-02 1.357651819766159497e+04 7.236797188641638058e+03 4.666573046880048423e+03 2.100857427296398960e-01 1.194045999831681547e+04 8.202352749981164868e-26 6.418355259882777957e-26 2.767893875665090403e-26 2.872786407962736321e-01 6.239160802209200368e-26 1.000000000000000000e+00 0.000000000000000000e+00 0.000000000000000000e+00 0.000000000000000000e+00 1.000000000000000000e+00 1.000000000000000000e+10 0.000000000000000000e+00 0.000000000000000000e+00 0.000000000000000000e+00 1.000000000000000000e+10
4.997521788524898756e-02 1.035298596172142970e+04 5.558176653944638019e+03 3.677381606888717215e+03 1.937763024728363370e-01 9.436828078762648147e+03 6.848747707222030132e-26 6.517270890191015744e-26 1.945274552815521977e-26 2.897308388764934239e-01 4.858792280860719656e-26 1.000000000000000000e+00 0.000000000000000000e+00 0.000000000000000000e+00 0.000000000000000000e+00 1.000000000000000000e+00 1.000000000000000000e+10 0.000000000000000000e+00 0.000000000000000000e+00 0.000000000000000000e+00 1.000000000000000000e+10
5.763587575980636674e-02 7.926552822315005869e+03 3.131076763190865677e+03 2.498768819245407030e+03 1.717336790482798248e-01 7.394335657364188592e+03 5.627622125648037130e-26 4.961801121675285674e-26 1.652020575442383369e-26 2.759610540971411119e-01 4.075971330560328520e-26 1.000000000000000000e+00 0.000000000000000000e+00 0.000000000000000000e+00 0.000000000000000000e+00 1.000000000000000000e+00 1.000000000000000000e+10 0.000000000000000000e+00 0.000000000000000000e+00 0.000000000000000000e+00 1.000000000000000000e+10
6.647082924635627776e-02 6.155652070350151917e+03 3.232839523930312680e+03 1.751153276200925120e+03 1.708331655919562708e-01 5.568677532829097800e+03 4.458129135770984504e-26 4.117499914726581491e-26 1.461195166431474405e-26 2.755972531774837919e-01 3.360271027938569608e-26 1.000000000000000000e+00 0.000000000000000000e+00 0.000000000000000000e+00 0.000000000000000000e+00 1.000000000000000000e+00 1.000000000000000000e+10 0.000000000000000000e+00 0.000000000000000000e+00 0.000000000000000000e+00 1.000000000000000000e+10
7.666008510240249207e-02 4.718103455030849545e+03 2.426716307384146603e+03 1.373068310322794332e+03 1.713497160631710370e-01 4.305052622477480327e+03 3.421135216480402355e-26 3.010905982611763645e-26 1.222355917978996572e-26 2.787234786787785024e-01 2.615877364936349233e-26 1.000000000000000000e+00 0.000000000000000000e+00 0.000000000000000000e+00 0.000000000000000000e+00 1.000000000000000000e+00 1.000000000000000000e+10 0.000000000000000000e+00 0.000000000000000000e+00 0.000000000000000000e+00 1.000000000000000000e+10
8.841124316543315376e-02 3.778002014995933223e+03 2.066130971278041216e+03 9.454422158403558569e+02 1.777131938285632651e-01 3.356441112043394241e+03 2.585784505457701419e-26 2.069281350448769063e-26 9.635816801239717058e-27 2.843480122927316556e-01 2.024873389555073330e-26 1.000000000000000000e+00 0.000000000000000000e+00 0.000000000000000000e+00 0.000000000000000000e+00 1.000000000000000000e+00 1.000000000000000000e+10 0.000000000000000000e+00 0.000000000000000000e+00 0.000000000000000000e+00 1.000000000000000000e+10
1.019637260722580097e-01 3.003067352070161178e+03 1.669256072999887692e+03 8.450266013769924029e+02 1.814482277662637366e-01 2.674142954031482986e+03 1.918914569698891060e-26 1.384183388090396147e-26 7.562726748288616636e-27 2.895448693416172170e-01 1.541005320637937604e-26 1.000000000000000000e+00 0.000000000000000000e+00 0.000000000000000000e+00 0.000000000000000000e+00 1.000000000000000000e+00 1.000000000000000000e+10 0.000000000000000000e+00 0.000000000000000000e+00 0.000000000000000000e+00 1.000000000000000000e+10
1.175936573483598035e-01 2.284345173159757906e+03 1.247996675104330734e+03 6.205983475409816492e+02 1.792005111234092896e-01 2.005258555101688671e+03 1.371936087362990109e-26 1.082940035731935802e-26 5.626215636525995511e-27 2.979868311308390139e-01 1.089060285165709350e-26 1.000000000000000000e+00 0.000000000000000000e+00 0.000000000000000000e+00 0.000000000000000000e+00 1.000000000000000000e+00 1.000000000000000000e+10 0.000000000000000000e+00 0.000000000000000000e+00 0.000000000000000000e+00 1.000000000000000000e+10
1.356194872553388164e-01 1.750659532157686954e+03 9.776875483321268803e+02 5.619221973441070759e+02 1.845251069248267928e-01 1.576774584914628122e+03 9.678192676788796831e-27 7.745877144821143494e-27 4.124337407668543648e-27 3.113647283493866658e-01 7.626525620711627890e-27 1.000000000000000000e+00 0.000000000000000000e+00 0.000000000000000000e+00 0.000000000000000000e+00 1.000000000000000000e+00 1.000000000000000000e+10 0.000000000000000000e+00 0.000000000000000000e+00 0.000000000000000000e+00 1.000000000000000000e+10
1.564084810196403053e-01 1.314024356462748074e+03 6.174621628956865607e+02 4.520211077970155884e+02 1.819481733089700348e-01 1.211932906473530693e+03 6.791479676657951819e-27 5.476718324637913677e-27 2.858667023800586322e-27 3.233757826808910107e-01 5.180351697388714746e-27 1.000000000000000000e+00 0.000000000000000000e+00 0.000000000000000000e+00 0.000000000000000000e+00 1.000000000000000000e+00 1.000000000000000000e+10 0.000000000000000000e+00 0.000000000000000000e+00 0.000000000000000000e+00 1.000000000000000000e+10
1.803842016362447453e-01 9.662235267168028940e+02 4.728399471769486127e+02 3.391021174724960474e+02 1.846284282195075066e-01 8.913804070572790579e+02 4.722052114589155617e-27 3.972072079530477699e-27 2.138251013779392832e-27 3.399120104597752046e-01 3.608277648843446168e-27 1.000000000000000000e+00 0.000000000000000000e+00 0.000000000000000000e+00 0.000000000000000000e+00 1.000000000000000000e+00 1.000000000000000000e+10 0.000000000000000000e+00 0.000000000000000000e+00 0.000000000000000000e+00 1.000000000000000000e+10
2.080351397048574025e-01 7.021575571906485038e+02 3.793959972887762433e+02 2.472132410162910219e+02 1.848890367693169223e-01 6.469196539207187016e+02 3.244252967405748138e-27 2.921108243380597024e-27 1.284784222112514348e-27 3.541748288041918213e-01 2.300940039652993661e-27 1.000000000000000000e+00 0.000000000000000000e+00 0.000000000000000000e+00 0.000000000000000000e+00 1.000000000000000000e+00 1.000000000000000000e+10 0.000000000000000000e+00 0.000000000000000000e+00 0.000000000000000000e+00 1.000000000000000000e+10
2.399246661262133540e-01 5.184006724204358534e+02 3.067031136582086219e+02 1.496335234817742617e+02 1.843275783942829593e-01 4.604730182873986450e+02 2.337626522217501428e-27 2.150475073924810831e-27 8.907854147978947123e-28 3.753432331333713678e-01 1.511845283626381350e-27 1.000000000000000000e+00 0.000000000000000000e+00 0.000000000000000000e+00 0.000000000000000000e+00 1.000000000000000000e+00 1.000000000000000000e+10 0.000000000000000000e+00 0.000000000000000000e+00 0.000000000000000000e+00 1.000000000000000000e+10
2.767025104385807399e-01 3.860305917143876968e+02 2.176058970171262672e+02 1.193445390110912570e+02 1.957594799307522948e-01 3.422663094627715736e+02 1.699733936630277167e-27 1.480100770781443206e-27 6.209507424956299062e-28 4.046141433177244395e-01 9.926634338735882547e-28 1.000000000000000000e+00 0.000000000000000000e+00 0.000000000000000000e+00 0.000000000000000000e+00 1.000000000000000000e+00 1.000000000000000000e+10 0.000000000000000000e+00 0.000000000000000000e+00 0.000000000000000000e+00 1.000000000000000000e+10
3.191179986585286343e-01 2.771952292219037304e+02 1.565136515791774059e+02 8.991527315546085219e+01 1.990066865725635403e-01 2.409311095634045046e+02 1.238095558469218910e-27 1.311086183175694043e-27 3.809394651570193105e-28 4.330550670113960110e-01 6.090260780802984478e-28 1.000000000000000000e+00 0.000000000000000000e+00 0.000000000000000000e+00 0.000000000000000000e+00 1.000000000000000000e+00 1.000000000000000000e+10 0.000000000000000000e+00 0.000000000000000000e+00 0.000000000000000000e+00 1.000000000000000000e+10
3.680353203388414540e-01 2.027223411479069171e+02 1.120758594724105706e+02 5.608861158133436220e+01 2.060335632875100464e-01 1.682770012613495965e+02 9.511852172831496925e-28 8.678327419590493930e-28 2.508545747173426253e-28 4.653519353433093197e-01 3.932266773484522921e-28 1.000000000000000000e+00 0.000000000000000000e+00 0.000000000000000000e+00 0.000000000000000000e+00 1.000000000000000000e+00 1.000000000000000000e+10 0.000000000000000000e+00 0.000000000000000000e+00 0.000000000000000000e+00 1.000000000000000000e+10
4.244511359005219142e-01 1.555652739465554362e+02 7.971357126762731582e+01 4.126565704279593660e+01 2.157927361806156186e-01 1.255703951432145971e+02 8.012859870266786011e-28 6.530092642559842664e-28 1.762863167837274350e-28 5.004083357109467833e-01 2.726815888796765418e-28 1.000000000000000000e+00 0.000000000000000000e+00 0.000000000000000000e+00 0.000000000000000000e+00 1.000000000000000000e+00 1.000000000000000000e+10 0.000000000000000000e+00 0.000000000000000000e+00 0.000000000000000000e+00 1.000000000000000000e+10
4.895148829774688681e-01 1.199660525727485521e+02 6.599945694650605788e+01 3.323993664926686620e+01 2.262402851513322932e-01 9.514747237015907899e+01 6.957657588314734032e-28 5.025948080259711312e-28 1.208330962880731607e-28 5.439367445936875711e-01 1.906226644318543459e-28 1.000000000000000000e+00 0.000000000000000000e+00 0.000000000000000000e+00 0.000000000000000000e+00 1.000000000000000000e+00 1.000000000000000000e+10 0.000000000000000000e+00 0.000000000000000000e+00 0.000000000000000000e+00 1.000000000000000000e+10
5.645521955031491679e-01 9.680523421490667602e+01 6.354117567718523674e+01 2.847019899846679181e+01 2.437289525782082578e-01 7.698372239629568980e+01 6.553586800987400582e-28 5.223764446694748057e-28 8.591447478306893041e-29 6.075377718399630478e-01 1.321655310962390159e-28 1.000000000000000000e+00 0.000000000000000000e+00 0.000000000000000000e+00 0.000000000000000000e+00 1.000000000000000000e+00 1.000000000000000000e+10 0.000000000000000000e+00 0.000000000000000000e+00 0.000000000000000000e+00 1.000000000000000000e+10
6.510919126887823039e-01 8.924250619711052934e+01 8.551658081296692160e+01 2.606374649664806498e+01 2.920166946058482260e-01 6.264223390398815638e+01 7.237257454252641684e-28 6.181980449639256854e-28 7.032942017057694209e-29 6.953518816010952897e-01 9.841481127766129296e-29 1.000000000000000000e+00 0.000000000000000000e+00 0.000000000000000000e+00 0.000000000000000000e+00 1.000000000000000000e+00 1.000000000000000000e+10 0.000000000000000000e+00 0.000000000000000000e+00 0.000000000000000000e+00 1.000000000000000000e+10
7.508972281844089602e-01 7.977124396263418760e+01 7.949972312360870319e+01 1.861823128450256704e+01 3.168557822610070240e-01 4.920818978487170625e+01 8.111674684571354462e-28 5.217049678520016096e-28 5.084697197111592997e-29 7.555752020589625584e-01 7.182540376218285908e-29 1.000000000000000000e+00 0.000000000000000000e+00 0.000000000000000000e+00 0.000000000000000000e+00 1.000000000000000000e+00 1.000000000000000000e+10 0.000000000000000000e+00 0.000000000000000000e+00 0.000000000000000000e+00 1.000000000000000000e+10
8.660016140678794550e-01 6.773985502746356246e+01 5.770052623235924472e+01 1.553640815996488200e+01 3.096573956498751556e-01 4.281504047918942746e+01 9.475462382842129650e-28 3.783598550299007593e-28 3.850931952570130719e-29 7.813132883719027255e-01 5.711695435863061791e-29 1.000000000000000000e+00 0.000000000000000000e+00 0.000000000000000000e+00 0.000000000000000000e+00 1.000000000000000000e+00 1.000000000000000000e+10 0.000000000000000000e+00 0.000000000000000000e+00 0.000000000000000000e+00 1.000000000000000000e+10
9.987502515910116063e-01 5.782851562113538790e+01 5.068584323235249656e+01 1.551646134230662000e+01 3.002711754949027867e-01 3.780783370361402262e+01 1.246706569830784927e-27 4.015630236588437150e-28 4.308587364956669186e-29 8.048617493167272707e-01 5.554111113066689464e-29 1.000000000000000000e+00 0.000000000000000000e+00 0.000000000000000000e+00 0.000000000000000000e+00 1.000000000000000000e+00 1.000000000000000000e+10 0.000000000000000000e+00 0.000000000000000000e+00 0.000000000000000000e+00 1.000000000000000000e+10
1.151847812808953542e+00 5.471629282522953730e+01 4.090070404661643977e+01 1.542071676014372983e+01 3.144927147252710720e-01 3.539240641151643274e+01 1.788921372186419298e-27 4.378866317450884324e-28 4.112217666213071098e-29 8.431191704884456461e-01 5.147759130833256780e-29 1.000000000000000000e+00 0.000000000000000000e+00 0.000000000000000000e+00 0.000000000000000000e+00 1.000000000000000000e+00 1.000000000000000000e+10 0.000000000000000000e+00 0.000000000000000000e+00 0.000000000000000000e+00 1.000000000000000000e+10
1.328413566614123908e+00 5.258094126216880682e+01 4.303315315330719670e+01 1.362271218912860604e+01 3.149692842219520283e-01 3.198516876672103137e+01 2.240907100452890742e-27 5.303552301734514101e-28 3.733235565863405764e-29 8.460390183912462891e-01 4.720663443688269490e-29 1.000000000000000000e+00 0.000000000000000000e+00 0.000000000000000000e+00 0.000000000000000000e+00 1.000000000000000000e+00 1.000000000000000000e+10 0.000000000000000000e+00 0.000000000000000000e+00 0.000000000000000000e+00 1.000000000000000000e+10
1.532044931926391351e+00 4.841327764378542042e+01 4.725882754339301073e+01 1.249334460969505756e+01 3.127593582890727530e-01 2.990693671724791614e+01 1.818571207514126588e-27 4.203869136123561827e-28 3.504696731947548115e-29 8.322691088991113206e-01 4.499906829996717843e-29 1.000000000000000000e+00 0.000000000000000000e+00 0.000000000000000000e+00 0.000000000000000000e+00 1.000000000000000000e+00 1.000000000000000000e+10 0.000000000000000000e+00 0.000000000000000000e+00 0.000000000000000000e+00 1.000000000000000000e+10
1.766890772896739126e+00 4.062821055334705989e+01 2.882128827296111595e+01 1.228378212683449355e+01 2.867868229211376074e-01 2.820990561133588059e+01 1.098717650864314897e-27 3.755071452811193731e-28 4.105815938635274996e-29 7.803022995130312056e-01 5.132066542019543805e-29 1.000000000000000000e+00 0.000000000000000000e+00 0.000000000000000000e+00 0.000000000000000000e+00 1.000000000000000000e+00 1.000000000000000000e+10 0.000000000000000000e+00 0.000000000000000000e+00 0.000000000000000000e+00 1.000000000000000000e+10
2.037735929469222107e+00 3.397364338941878259e+01 2.642363972848406917e+01 1.015708643584126314e+01 2.578668633103159413e-01 2.597436461763800253e+01 4.518518682742888197e-28 2.738135989357439215e-28 3.665434309399906482e-29 7.301377149107722841e-01 4.823883175812919239e-29 1.000000000000000000e+00 0.000000000000000000e+00 0.000000000000000000e+00 0.000000000000000000e+00 1.000000000000000000e+00 1.000000000000000000e+10 0.000000000000000000e+00 0.000000000000000000e+00 0.000000000000000000e+00 1.000000000000000000e+10
2.350098705559579226e+00 3.107810928150746932e+01 2.743616900404864722e+01 7.821110185205363052e+00 2.448637575175303949e-01 2.324562225147387196e+01 2.919162452358812196e-28 2.279077049462414963e-28 4.552764355409421546e-29 7.007147023900890392e-01 5.834929084995765512e-29 1.000000000000000000e+00 0.000000000000000000e+00 0.000000000000000000e+00 0.000000000000000000e+00 1.000000000000000000e+00 1.000000000000000000e+10 0.000000000000000000e+00 0.000000000000000000e+00 0.000000000000000000e+00 1.000000000000000000e+10
