# R (Mpc), mean rho (Msol/kpc^3), errup (Msol/kpc^3), errlow, std, median rho (Msol/kpc^3), mean pth (Msol/kpc/s^2), errup(Msol/kpc/s^2), errlow, std, median pth (Msol/kpc/s^2), mean gas-mass-weighted metal (fraction), errup, errlow, std, median metal, mean gas-mass-weighted temp (K), errup, errlow, std, median temp  
#  nprofs 79, mean mh 507281767882.383789, median mh 450897699957.756470 
#  Mass range 11.50 - 12.0
1.040961082911032697e-02 6.656553950475190068e+05 3.780886998940421036e+05 2.528511913562948466e+05 3.117721799825018403e-01 6.172145177219455363e+05 4.038768798256893254e-25 5.263746931730876083e-25 1.191777351984339299e-25 4.206718367375366641e-01 2.265251748212345852e-25 1.000000000000000000e+00 0.000000000000000000e+00 0.000000000000000000e+00 0.000000000000000000e+00 1.000000000000000000e+00 1.000000000000000000e+10 0.000000000000000000e+00 0.000000000000000000e+00 0.000000000000000000e+00 1.000000000000000000e+10
1.200529105910367808e-02 5.164968978325428325e+05 3.105594514745144406e+05 2.182086270480810781e+05 2.836730469881139638e-01 4.695827081887966488e+05 3.384527652107741636e-25 3.164696484203057506e-25 1.564219904935171837e-25 4.187064611840655148e-01 2.405196257370798872e-25 1.000000000000000000e+00 0.000000000000000000e+00 0.000000000000000000e+00 0.000000000000000000e+00 1.000000000000000000e+00 1.000000000000000000e+10 0.000000000000000000e+00 0.000000000000000000e+00 0.000000000000000000e+00 1.000000000000000000e+10
1.384557172980430476e-02 3.883710368896239670e+05 1.749269640353652067e+05 2.113640592339234427e+05 2.421314800610451234e-01 3.943530907438619179e+05 3.541526734649407672e-25 3.768899963034544219e-25 1.783521677575910697e-25 3.792606079451745216e-01 2.688342482352964861e-25 1.000000000000000000e+00 0.000000000000000000e+00 0.000000000000000000e+00 0.000000000000000000e+00 1.000000000000000000e+00 1.000000000000000000e+10 0.000000000000000000e+00 0.000000000000000000e+00 0.000000000000000000e+00 1.000000000000000000e+10
1.596794743096121086e-02 2.657547890013510478e+05 1.394164330781358294e+05 1.147651338502858125e+05 2.396625269116663681e-01 2.490409464664054103e+05 3.084434435256496484e-25 2.558093113729574301e-25 1.367634727852024185e-25 3.527515702692630706e-01 2.562667487616934278e-25 1.000000000000000000e+00 0.000000000000000000e+00 0.000000000000000000e+00 0.000000000000000000e+00 1.000000000000000000e+00 1.000000000000000000e+10 0.000000000000000000e+00 0.000000000000000000e+00 0.000000000000000000e+00 1.000000000000000000e+10
1.841566026551830909e-02 1.929618811873079394e+05 9.306904749463390908e+04 8.905794445105054183e+04 2.230129973446609848e-01 1.866222752587948635e+05 2.887385458529524429e-25 2.621882566964859810e-25 1.364765457724210087e-25 3.752923844217540550e-01 2.327857852022378171e-25 1.000000000000000000e+00 0.000000000000000000e+00 0.000000000000000000e+00 0.000000000000000000e+00 1.000000000000000000e+00 1.000000000000000000e+10 0.000000000000000000e+00 0.000000000000000000e+00 0.000000000000000000e+00 1.000000000000000000e+10
2.123858088093512342e-02 1.366392430424135237e+05 6.677402655118578696e+04 5.739007399268791778e+04 2.227976992523090227e-01 1.270013808469536889e+05 2.575298823608066910e-25 1.847311728855030354e-25 1.126550451062600113e-25 3.567815732460780653e-01 2.212450991994577550e-25 1.000000000000000000e+00 0.000000000000000000e+00 0.000000000000000000e+00 0.000000000000000000e+00 1.000000000000000000e+00 1.000000000000000000e+10 0.000000000000000000e+00 0.000000000000000000e+00 0.000000000000000000e+00 1.000000000000000000e+10
2.449422455303571639e-02 9.631732557651241950e+04 4.939502691771702666e+04 4.100527055032966018e+04 2.192869702344950600e-01 8.934902677184836648e+04 1.999514348608699650e-25 1.136706673767151089e-25 9.430610735215057386e-26 3.137385181686293545e-01 1.842062948802405912e-25 1.000000000000000000e+00 0.000000000000000000e+00 0.000000000000000000e+00 0.000000000000000000e+00 1.000000000000000000e+00 1.000000000000000000e+10 0.000000000000000000e+00 0.000000000000000000e+00 0.000000000000000000e+00 1.000000000000000000e+10
2.824892302447100725e-02 6.820952766078665445e+04 4.272597920755286759e+04 2.155279422685401369e+04 2.324710482651514420e-01 5.885962699199342751e+04 1.749243649463679500e-25 8.751023877093868378e-26 1.036840572316815391e-25 2.913900147752350178e-01 1.769571063348357463e-25 1.000000000000000000e+00 0.000000000000000000e+00 0.000000000000000000e+00 0.000000000000000000e+00 1.000000000000000000e+00 1.000000000000000000e+10 0.000000000000000000e+00 0.000000000000000000e+00 0.000000000000000000e+00 1.000000000000000000e+10
3.257917597328415654e-02 5.117034540683680825e+04 3.268884981968720240e+04 1.459258651031034969e+04 2.276884402275629604e-01 4.250414395244965999e+04 1.435454065794213590e-25 7.288943855536640732e-26 7.952383724309813244e-26 2.813575515877158595e-01 1.399527727356142013e-25 1.000000000000000000e+00 0.000000000000000000e+00 0.000000000000000000e+00 0.000000000000000000e+00 1.000000000000000000e+00 1.000000000000000000e+10 0.000000000000000000e+00 0.000000000000000000e+00 0.000000000000000000e+00 1.000000000000000000e+10
3.757320964692217186e-02 3.425454517563926493e+04 1.662549219143029040e+04 1.200576853635285443e+04 2.145542624058652259e-01 3.151364027577660454e+04 1.113882649977672005e-25 6.292182100726337897e-26 5.155415157778671527e-26 2.678569604848505814e-01 1.048919164372574094e-25 1.000000000000000000e+00 0.000000000000000000e+00 0.000000000000000000e+00 0.000000000000000000e+00 1.000000000000000000e+00 1.000000000000000000e+10 0.000000000000000000e+00 0.000000000000000000e+00 0.000000000000000000e+00 1.000000000000000000e+10
4.333277441790538143e-02 2.401109125458092240e+04 1.040894747046381235e+04 6.480323036421003053e+03 1.846556212132548780e-01 2.178106631855011437e+04 8.762772454375315452e-26 5.751479318610856224e-26 4.044921945611776574e-26 2.523682072593052550e-01 8.085336254805073670e-26 1.000000000000000000e+00 0.000000000000000000e+00 0.000000000000000000e+00 0.000000000000000000e+00 1.000000000000000000e+00 1.000000000000000000e+10 0.000000000000000000e+00 0.000000000000000000e+00 0.000000000000000000e+00 1.000000000000000000e+10
4.997521788524898756e-02 1.754949424761975388e+04 8.245395033276894537e+03 5.162972333992640415e+03 1.765090007480080159e-01 1.603203788562050977e+04 6.997041945175694466e-26 4.521537442035971824e-26 2.829022455710376429e-26 2.384748634164187420e-01 6.216435278450151224e-26 1.000000000000000000e+00 0.000000000000000000e+00 0.000000000000000000e+00 0.000000000000000000e+00 1.000000000000000000e+00 1.000000000000000000e+10 0.000000000000000000e+00 0.000000000000000000e+00 0.000000000000000000e+00 1.000000000000000000e+10
5.763587575980636674e-02 1.268725883574207000e+04 5.095828852870974515e+03 2.808803454044114915e+03 1.477771869825219575e-01 1.163632208309253110e+04 5.512528044433389730e-26 3.779792532026704707e-26 2.180768934506169821e-26 2.344808743745772084e-01 4.822479522492580015e-26 1.000000000000000000e+00 0.000000000000000000e+00 0.000000000000000000e+00 0.000000000000000000e+00 1.000000000000000000e+00 1.000000000000000000e+10 0.000000000000000000e+00 0.000000000000000000e+00 0.000000000000000000e+00 1.000000000000000000e+10
6.647082924635627776e-02 9.319583995748796951e+03 2.832793231589230345e+03 2.866245600764749724e+03 1.414831162921674490e-01 9.088912221939373921e+03 4.345296869372057767e-26 3.218271989912778627e-26 1.530696259131144374e-26 2.210774251203004026e-01 3.749638163460102326e-26 1.000000000000000000e+00 0.000000000000000000e+00 0.000000000000000000e+00 0.000000000000000000e+00 1.000000000000000000e+00 1.000000000000000000e+10 0.000000000000000000e+00 0.000000000000000000e+00 0.000000000000000000e+00 1.000000000000000000e+10
7.666008510240249207e-02 7.023192352119528550e+03 2.661906829933933295e+03 1.878841454891806279e+03 1.475383967246987060e-01 6.654291104589038696e+03 3.449228418383103808e-26 2.079586362039133727e-26 1.395193266841282806e-26 2.256366481157750237e-01 3.094939281497016313e-26 1.000000000000000000e+00 0.000000000000000000e+00 0.000000000000000000e+00 0.000000000000000000e+00 1.000000000000000000e+00 1.000000000000000000e+10 0.000000000000000000e+00 0.000000000000000000e+00 0.000000000000000000e+00 1.000000000000000000e+10
8.841124316543315376e-02 5.386213297605240768e+03 1.980330203183048980e+03 1.736358764597458503e+03 1.482009896766645629e-01 5.205459643321471958e+03 2.672154580694900137e-26 1.468844692061263029e-26 1.088542217697276966e-26 2.313757245584770195e-01 2.435998117296201315e-26 1.000000000000000000e+00 0.000000000000000000e+00 0.000000000000000000e+00 0.000000000000000000e+00 1.000000000000000000e+00 1.000000000000000000e+10 0.000000000000000000e+00 0.000000000000000000e+00 0.000000000000000000e+00 1.000000000000000000e+10
1.019637260722580097e-01 4.259137701817511697e+03 1.605858336885338758e+03 1.378680712586299251e+03 1.560906301058337664e-01 4.150143390232809907e+03 2.057261442657064624e-26 1.288075143476109444e-26 7.943340974290565385e-27 2.375088641761991526e-01 1.806915099308636450e-26 1.000000000000000000e+00 0.000000000000000000e+00 0.000000000000000000e+00 0.000000000000000000e+00 1.000000000000000000e+00 1.000000000000000000e+10 0.000000000000000000e+00 0.000000000000000000e+00 0.000000000000000000e+00 1.000000000000000000e+10
1.175936573483598035e-01 3.385015538283584192e+03 1.224447993932079044e+03 1.151330207036568027e+03 1.671975656592282478e-01 3.218700762978777675e+03 1.566808088390554893e-26 9.446199571473641834e-27 6.839331756578837366e-27 2.480166355373925602e-01 1.415714968688476276e-26 1.000000000000000000e+00 0.000000000000000000e+00 0.000000000000000000e+00 0.000000000000000000e+00 1.000000000000000000e+00 1.000000000000000000e+10 0.000000000000000000e+00 0.000000000000000000e+00 0.000000000000000000e+00 1.000000000000000000e+10
1.356194872553388164e-01 2.584628805617556282e+03 1.035634957773319002e+03 8.592810071955086642e+02 1.711046755395469465e-01 2.441303554978331704e+03 1.200444932323799063e-26 9.162959673404846799e-27 5.221967571293772833e-27 2.646433861766659956e-01 1.010418166192710308e-26 1.000000000000000000e+00 0.000000000000000000e+00 0.000000000000000000e+00 0.000000000000000000e+00 1.000000000000000000e+00 1.000000000000000000e+10 0.000000000000000000e+00 0.000000000000000000e+00 0.000000000000000000e+00 1.000000000000000000e+10
1.564084810196403053e-01 2.017038219816886567e+03 9.329319164448424999e+02 7.288292139692055116e+02 1.799203107534337598e-01 1.902085974354173686e+03 8.956714662158003458e-27 7.705694706628425021e-27 4.168055084794919036e-27 2.842583700418727655e-01 7.438755137041933050e-27 1.000000000000000000e+00 0.000000000000000000e+00 0.000000000000000000e+00 0.000000000000000000e+00 1.000000000000000000e+00 1.000000000000000000e+10 0.000000000000000000e+00 0.000000000000000000e+00 0.000000000000000000e+00 1.000000000000000000e+10
1.803842016362447453e-01 1.551023356472150226e+03 8.011869012474028295e+02 5.634554995975829570e+02 1.877254874458582634e-01 1.448056937147953022e+03 6.417762829417367460e-27 4.814119043418241069e-27 3.387239156399913436e-27 2.997467375080332119e-01 5.800211856655338364e-27 1.000000000000000000e+00 0.000000000000000000e+00 0.000000000000000000e+00 0.000000000000000000e+00 1.000000000000000000e+00 1.000000000000000000e+10 0.000000000000000000e+00 0.000000000000000000e+00 0.000000000000000000e+00 1.000000000000000000e+10
2.080351397048574025e-01 1.150163210317324911e+03 5.940002976199443765e+02 4.090519739662581742e+02 1.925089013339775779e-01 1.065086155969721176e+03 4.540941413005524956e-27 4.009526585075822918e-27 1.984586991893483550e-27 3.168384271642147865e-01 3.642690270742581857e-27 1.000000000000000000e+00 0.000000000000000000e+00 0.000000000000000000e+00 0.000000000000000000e+00 1.000000000000000000e+00 1.000000000000000000e+10 0.000000000000000000e+00 0.000000000000000000e+00 0.000000000000000000e+00 1.000000000000000000e+10
2.399246661262133540e-01 8.689280659392011330e+02 4.917123452216372925e+02 2.719173811249809205e+02 1.953926407148897371e-01 7.658907855432900078e+02 3.182311329684763298e-27 3.251204333822116600e-27 1.267915929897449092e-27 3.285203977941268394e-01 2.419747414104263424e-27 1.000000000000000000e+00 0.000000000000000000e+00 0.000000000000000000e+00 0.000000000000000000e+00 1.000000000000000000e+00 1.000000000000000000e+10 0.000000000000000000e+00 0.000000000000000000e+00 0.000000000000000000e+00 1.000000000000000000e+10
2.767025104385807399e-01 6.434467773444704335e+02 3.058389661583441921e+02 1.974458488619564491e+02 1.894112852928523383e-01 5.689142521096364362e+02 2.278408512692833993e-27 2.290391177095577586e-27 8.530174323577359233e-28 3.432598709519145697e-01 1.617437249952676239e-27 1.000000000000000000e+00 0.000000000000000000e+00 0.000000000000000000e+00 0.000000000000000000e+00 1.000000000000000000e+00 1.000000000000000000e+10 0.000000000000000000e+00 0.000000000000000000e+00 0.000000000000000000e+00 1.000000000000000000e+10
3.191179986585286343e-01 4.811506297357033759e+02 2.950916959424347397e+02 1.453346749325801284e+02 1.850355805695271527e-01 4.254726793381486232e+02 1.615951228476075918e-27 1.514914470472713543e-27 5.424458629499597797e-28 3.560960486372042877e-01 1.041120929190777311e-27 1.000000000000000000e+00 0.000000000000000000e+00 0.000000000000000000e+00 0.000000000000000000e+00 1.000000000000000000e+00 1.000000000000000000e+10 0.000000000000000000e+00 0.000000000000000000e+00 0.000000000000000000e+00 1.000000000000000000e+10
3.680353203388414540e-01 3.520447034883874267e+02 1.842428637696950204e+02 1.019248827350351974e+02 1.849048299876006607e-01 3.150997351759115759e+02 1.128735947141835533e-27 9.041942648047593552e-28 3.269471581061924150e-28 3.642335633587500676e-01 7.023632570296829505e-28 1.000000000000000000e+00 0.000000000000000000e+00 0.000000000000000000e+00 0.000000000000000000e+00 1.000000000000000000e+00 1.000000000000000000e+10 0.000000000000000000e+00 0.000000000000000000e+00 0.000000000000000000e+00 1.000000000000000000e+10
4.244511359005219142e-01 2.669196424282690145e+02 1.029658202678711518e+02 8.837521193333293468e+01 2.005477948143487843e-01 2.356995290193417532e+02 8.161660110319778663e-28 5.763310586377148294e-28 2.501646595800915281e-28 3.815416797507208968e-01 4.818470785725941098e-28 1.000000000000000000e+00 0.000000000000000000e+00 0.000000000000000000e+00 0.000000000000000000e+00 1.000000000000000000e+00 1.000000000000000000e+10 0.000000000000000000e+00 0.000000000000000000e+00 0.000000000000000000e+00 1.000000000000000000e+10
4.895148829774688681e-01 1.923446600328847182e+02 1.077957761748801033e+02 4.927935061797462879e+01 1.900107005663874971e-01 1.593382399116661361e+02 5.720991919823763250e-28 3.627655447262645419e-28 1.783697993307425644e-28 3.886929427694457151e-01 3.308191576957751176e-28 1.000000000000000000e+00 0.000000000000000000e+00 0.000000000000000000e+00 0.000000000000000000e+00 1.000000000000000000e+00 1.000000000000000000e+10 0.000000000000000000e+00 0.000000000000000000e+00 0.000000000000000000e+00 1.000000000000000000e+10
5.645521955031491679e-01 1.463337046939623178e+02 8.872045708298252009e+01 3.204073027729856449e+01 1.982135987690153978e-01 1.193312454725217293e+02 4.531069669644167268e-28 3.539442893926063308e-28 1.118049667515499720e-28 4.260800153734233264e-01 2.156726076272945058e-28 1.000000000000000000e+00 0.000000000000000000e+00 0.000000000000000000e+00 0.000000000000000000e+00 1.000000000000000000e+00 1.000000000000000000e+10 0.000000000000000000e+00 0.000000000000000000e+00 0.000000000000000000e+00 1.000000000000000000e+10
6.510919126887823039e-01 1.183593539846061020e+02 7.466538425897954312e+01 2.484928514272318978e+01 2.159604860350143318e-01 9.322729889852141127e+01 3.857847313458040028e-28 2.840752936185667761e-28 7.191299273786051721e-29 4.709840996786063827e-01 1.431959917792628910e-28 1.000000000000000000e+00 0.000000000000000000e+00 0.000000000000000000e+00 0.000000000000000000e+00 1.000000000000000000e+00 1.000000000000000000e+10 0.000000000000000000e+00 0.000000000000000000e+00 0.000000000000000000e+00 1.000000000000000000e+10
7.508972281844089602e-01 9.638451458099514468e+01 4.191596272212514407e+01 2.669272960395202432e+01 2.152532058431124440e-01 7.980163459697023143e+01 3.265518619391061313e-28 2.233607970768051817e-28 8.554490379239503853e-29 5.102798386543732079e-01 1.278560177373546097e-28 1.000000000000000000e+00 0.000000000000000000e+00 0.000000000000000000e+00 0.000000000000000000e+00 1.000000000000000000e+00 1.000000000000000000e+10 0.000000000000000000e+00 0.000000000000000000e+00 0.000000000000000000e+00 1.000000000000000000e+10
8.660016140678794550e-01 7.875218188478369541e+01 3.809719441026142306e+01 2.635199403687705200e+01 2.177371197049380591e-01 6.896669861773314381e+01 3.033950832758167523e-28 1.555850779124521190e-28 6.974461278755690953e-29 5.606290078764619711e-01 9.671812869784660291e-29 1.000000000000000000e+00 0.000000000000000000e+00 0.000000000000000000e+00 0.000000000000000000e+00 1.000000000000000000e+00 1.000000000000000000e+10 0.000000000000000000e+00 0.000000000000000000e+00 0.000000000000000000e+00 1.000000000000000000e+10
9.987502515910116063e-01 7.064588312903387646e+01 4.633388223568454833e+01 2.708886595337642689e+01 2.326683755460192682e-01 6.174160693626944152e+01 3.823387833905768656e-28 2.358946702434227252e-28 6.098904133722598140e-29 6.198682088611124907e-01 8.274070261414843992e-29 1.000000000000000000e+00 0.000000000000000000e+00 0.000000000000000000e+00 0.000000000000000000e+00 1.000000000000000000e+00 1.000000000000000000e+10 0.000000000000000000e+00 0.000000000000000000e+00 0.000000000000000000e+00 1.000000000000000000e+10
1.151847812808953542e+00 6.364567918614353204e+01 4.123099982720241030e+01 1.996152934064460993e+01 2.388666729704195246e-01 5.098898284707766493e+01 5.423041814393336602e-28 2.539669068682549270e-28 4.516609770930088779e-29 6.686897794711879062e-01 6.290342859877584236e-29 1.000000000000000000e+00 0.000000000000000000e+00 0.000000000000000000e+00 0.000000000000000000e+00 1.000000000000000000e+00 1.000000000000000000e+10 0.000000000000000000e+00 0.000000000000000000e+00 0.000000000000000000e+00 1.000000000000000000e+10
1.328413566614123908e+00 5.859579669260904211e+01 3.314065654537506589e+01 1.890231531575656021e+01 2.543445863300558552e-01 4.511928086547605687e+01 8.349868786834545061e-28 2.056320857904565013e-28 4.764832760396544282e-29 7.061065836213306079e-01 6.098981267135622532e-29 1.000000000000000000e+00 0.000000000000000000e+00 0.000000000000000000e+00 0.000000000000000000e+00 1.000000000000000000e+00 1.000000000000000000e+10 0.000000000000000000e+00 0.000000000000000000e+00 0.000000000000000000e+00 1.000000000000000000e+10
1.532044931926391351e+00 5.714768532312565696e+01 3.362676665958358058e+01 1.522432735548799343e+01 2.772401271885079899e-01 3.981382628321583184e+01 1.417947167583593339e-27 1.575097059375697507e-28 4.063193362049243866e-29 7.747397950231457164e-01 5.384038648293300387e-29 1.000000000000000000e+00 0.000000000000000000e+00 0.000000000000000000e+00 0.000000000000000000e+00 1.000000000000000000e+00 1.000000000000000000e+10 0.000000000000000000e+00 0.000000000000000000e+00 0.000000000000000000e+00 1.000000000000000000e+10
1.766890772896739126e+00 5.275758857567480931e+01 2.813080967795842469e+01 1.466986191873576217e+01 2.890920703246266932e-01 3.510139253599943032e+01 1.567001059947757759e-27 1.115288520822997392e-28 3.320497539223472328e-29 8.247926791422368620e-01 4.275277787645072472e-29 1.000000000000000000e+00 0.000000000000000000e+00 0.000000000000000000e+00 0.000000000000000000e+00 1.000000000000000000e+00 1.000000000000000000e+10 0.000000000000000000e+00 0.000000000000000000e+00 0.000000000000000000e+00 1.000000000000000000e+10
2.037735929469222107e+00 5.009747782929071747e+01 2.774022757275650264e+01 9.576612297018822773e+00 2.874682067882830538e-01 3.153167704142282446e+01 1.656670554951463477e-27 1.306692969464962068e-28 2.133458538111871239e-29 8.292612930632734525e-01 3.357323026471973468e-29 1.000000000000000000e+00 0.000000000000000000e+00 0.000000000000000000e+00 0.000000000000000000e+00 1.000000000000000000e+00 1.000000000000000000e+10 0.000000000000000000e+00 0.000000000000000000e+00 0.000000000000000000e+00 1.000000000000000000e+10
2.350098705559579226e+00 4.469898237891092663e+01 2.353740087745269705e+01 8.947479571145489530e+00 2.699588347341040917e-01 2.984442487660237475e+01 1.014638589280386490e-27 8.756784229466704821e-29 3.400548396095390889e-29 8.099675800490954147e-01 4.349085763765376144e-29 1.000000000000000000e+00 0.000000000000000000e+00 0.000000000000000000e+00 0.000000000000000000e+00 1.000000000000000000e+00 1.000000000000000000e+10 0.000000000000000000e+00 0.000000000000000000e+00 0.000000000000000000e+00 1.000000000000000000e+10
