# R (Mpc), mean rho (Msol/kpc^3), errup (Msol/kpc^3), errlow, std, median rho (Msol/kpc^3), mean pth (Msol/kpc/s^2), errup(Msol/kpc/s^2), errlow, std, median pth (Msol/kpc/s^2), mean gas-mass-weighted metal (fraction), errup, errlow, std, median metal, mean gas-mass-weighted temp (K), errup, errlow, std, median temp  
#  nprofs 204, mean mh 211720877035.811279, median mh 202751664144.771484 
#  Mass range 11.00 - 11.5
1.040961082911032697e-02 2.193476286026499292e+05 1.238456733255978907e+05 8.035184321233213996e+04 2.359976454600574147e-01 1.904046005019533332e+05 1.020213676985661009e-25 1.396751634495831817e-25 1.561690778646715729e-26 4.752026467252508657e-01 3.461709253866938880e-26 1.000000000000000000e+00 0.000000000000000000e+00 0.000000000000000000e+00 0.000000000000000000e+00 1.000000000000000000e+00 1.000000000000000000e+10 0.000000000000000000e+00 0.000000000000000000e+00 0.000000000000000000e+00 1.000000000000000000e+10
1.200529105910367808e-02 1.729273286961741687e+05 1.186439067970348406e+05 7.134438332348219410e+04 2.621798721842949487e-01 1.515742017307671485e+05 1.108662563298029165e-25 2.026572895860654312e-25 2.126895178241782995e-26 4.948630456679302125e-01 3.961114948661727315e-26 1.000000000000000000e+00 0.000000000000000000e+00 0.000000000000000000e+00 0.000000000000000000e+00 1.000000000000000000e+00 1.000000000000000000e+10 0.000000000000000000e+00 0.000000000000000000e+00 0.000000000000000000e+00 1.000000000000000000e+10
1.384557172980430476e-02 1.270390421175956726e+05 9.458640192620168091e+04 5.522275926857466402e+04 2.800311283653887928e-01 1.095758091907281196e+05 8.586491405775936769e-26 1.318709904648788790e-25 1.970646780142971741e-26 4.483532506999227674e-01 3.823845511825180143e-26 1.000000000000000000e+00 0.000000000000000000e+00 0.000000000000000000e+00 0.000000000000000000e+00 1.000000000000000000e+00 1.000000000000000000e+10 0.000000000000000000e+00 0.000000000000000000e+00 0.000000000000000000e+00 1.000000000000000000e+10
1.596794743096121086e-02 9.694821855559120013e+04 7.107478962346396293e+04 4.001781654388883908e+04 2.763507755626060103e-01 8.187074392778563197e+04 8.253486691477955201e-26 8.659800519130966802e-26 3.294846466883803396e-26 4.016947925174916834e-01 5.117844130163713315e-26 1.000000000000000000e+00 0.000000000000000000e+00 0.000000000000000000e+00 0.000000000000000000e+00 1.000000000000000000e+00 1.000000000000000000e+10 0.000000000000000000e+00 0.000000000000000000e+00 0.000000000000000000e+00 1.000000000000000000e+10
1.841566026551830909e-02 7.079397403105333797e+04 5.758118903093121480e+04 2.889753601971926764e+04 2.768791048076807426e-01 5.954291888681748242e+04 6.844874121323968261e-26 6.327171362042828415e-26 2.808419741073363870e-26 3.611848973377881911e-01 4.912346008408184007e-26 1.000000000000000000e+00 0.000000000000000000e+00 0.000000000000000000e+00 0.000000000000000000e+00 1.000000000000000000e+00 1.000000000000000000e+10 0.000000000000000000e+00 0.000000000000000000e+00 0.000000000000000000e+00 1.000000000000000000e+10
2.123858088093512342e-02 4.842438668274007796e+04 3.789388516379614884e+04 2.019934649296558928e+04 2.803151396354358615e-01 4.057327445837073901e+04 5.528139499073003043e-26 4.779965650387291260e-26 2.480525262708885083e-26 3.419059367443437192e-01 4.259318094959870141e-26 1.000000000000000000e+00 0.000000000000000000e+00 0.000000000000000000e+00 0.000000000000000000e+00 1.000000000000000000e+00 1.000000000000000000e+10 0.000000000000000000e+00 0.000000000000000000e+00 0.000000000000000000e+00 1.000000000000000000e+10
2.449422455303571639e-02 3.208280558298200049e+04 2.347764663503511474e+04 1.345757037204841254e+04 2.694979146017748017e-01 2.818607742649937791e+04 4.511899950620375062e-26 2.991866941154214024e-26 1.494924746657460820e-26 2.944567486674771750e-01 3.403230543445062536e-26 1.000000000000000000e+00 0.000000000000000000e+00 0.000000000000000000e+00 0.000000000000000000e+00 1.000000000000000000e+00 1.000000000000000000e+10 0.000000000000000000e+00 0.000000000000000000e+00 0.000000000000000000e+00 1.000000000000000000e+10
2.824892302447100725e-02 2.065188362359899111e+04 1.477736867118600276e+04 7.544362005234677781e+03 2.522833505312438995e-01 1.716538949399333796e+04 3.592281915303346900e-26 2.611281021616857499e-26 1.291047362362964262e-26 2.841173545373951725e-01 2.844447174281032799e-26 1.000000000000000000e+00 0.000000000000000000e+00 0.000000000000000000e+00 0.000000000000000000e+00 1.000000000000000000e+00 1.000000000000000000e+10 0.000000000000000000e+00 0.000000000000000000e+00 0.000000000000000000e+00 1.000000000000000000e+10
3.257917597328415654e-02 1.395323128734850434e+04 9.414319145770587056e+03 5.621354803344734137e+03 2.509280631020728847e-01 1.197235326864930175e+04 2.911895060324891494e-26 1.911177563713262967e-26 9.098934167435923141e-27 2.584798415295078144e-01 2.215505694637135480e-26 1.000000000000000000e+00 0.000000000000000000e+00 0.000000000000000000e+00 0.000000000000000000e+00 1.000000000000000000e+00 1.000000000000000000e+10 0.000000000000000000e+00 0.000000000000000000e+00 0.000000000000000000e+00 1.000000000000000000e+10
3.757320964692217186e-02 9.597704677953739520e+03 6.440196558264717169e+03 3.183770064712512976e+03 2.377526363478308924e-01 7.983617732063710719e+03 2.349110909486404123e-26 1.277101534851610010e-26 7.636337120124079129e-27 2.425316824896221746e-01 1.941440719795834090e-26 1.000000000000000000e+00 0.000000000000000000e+00 0.000000000000000000e+00 0.000000000000000000e+00 1.000000000000000000e+00 1.000000000000000000e+10 0.000000000000000000e+00 0.000000000000000000e+00 0.000000000000000000e+00 1.000000000000000000e+10
4.333277441790538143e-02 6.652857033768565998e+03 3.913757134418036003e+03 2.170901550250532182e+03 2.188602901009973067e-01 5.680303784624480613e+03 1.992976716622613251e-26 1.307913732183760055e-26 5.445435861507922948e-27 2.414081029071725171e-01 1.551639230187122266e-26 1.000000000000000000e+00 0.000000000000000000e+00 0.000000000000000000e+00 0.000000000000000000e+00 1.000000000000000000e+00 1.000000000000000000e+10 0.000000000000000000e+00 0.000000000000000000e+00 0.000000000000000000e+00 1.000000000000000000e+10
4.997521788524898756e-02 4.828477183248131951e+03 2.617449460564947003e+03 1.795989120776854634e+03 2.036529961759563911e-01 4.430419216269032404e+03 1.594941320213776474e-26 7.751331074859474136e-27 5.936650288611342394e-27 2.277254988793590840e-01 1.383010838410236628e-26 1.000000000000000000e+00 0.000000000000000000e+00 0.000000000000000000e+00 0.000000000000000000e+00 1.000000000000000000e+00 1.000000000000000000e+10 0.000000000000000000e+00 0.000000000000000000e+00 0.000000000000000000e+00 1.000000000000000000e+10
5.763587575980636674e-02 3.717151551226320407e+03 1.972344401777660096e+03 1.129543815115452617e+03 1.860823613996301085e-01 3.357818727264138943e+03 1.277637503317482314e-26 7.585454293047892005e-27 3.794257015206852256e-27 2.314251226507553494e-01 1.046660505975065386e-26 1.000000000000000000e+00 0.000000000000000000e+00 0.000000000000000000e+00 0.000000000000000000e+00 1.000000000000000000e+00 1.000000000000000000e+10 0.000000000000000000e+00 0.000000000000000000e+00 0.000000000000000000e+00 1.000000000000000000e+10
6.647082924635627776e-02 2.822137138897910972e+03 1.076839314141317118e+03 9.057631592156196803e+02 1.599294993879276650e-01 2.723661753011499059e+03 9.892707618134912713e-27 5.565618843679707328e-27 3.580397002433774478e-27 2.260736919421926228e-01 8.686469801926880977e-27 1.000000000000000000e+00 0.000000000000000000e+00 0.000000000000000000e+00 0.000000000000000000e+00 1.000000000000000000e+00 1.000000000000000000e+10 0.000000000000000000e+00 0.000000000000000000e+00 0.000000000000000000e+00 1.000000000000000000e+10
7.666008510240249207e-02 2.174203763461222024e+03 9.477252292261609909e+02 6.276055453723665778e+02 1.509256507648364387e-01 2.048084684207870851e+03 7.480050466726642886e-27 4.608188835519945138e-27 2.617079027735435646e-27 2.239901740859792378e-01 6.421490346036956169e-27 1.000000000000000000e+00 0.000000000000000000e+00 0.000000000000000000e+00 0.000000000000000000e+00 1.000000000000000000e+00 1.000000000000000000e+10 0.000000000000000000e+00 0.000000000000000000e+00 0.000000000000000000e+00 1.000000000000000000e+10
8.841124316543315376e-02 1.710708661995031434e+03 7.345791217138244065e+02 4.881981959331724283e+02 1.606089497781209019e-01 1.596759239009239991e+03 5.760023713985347429e-27 3.822302617282140465e-27 1.894973130635918555e-27 2.435926744222834672e-01 4.728754532792349669e-27 1.000000000000000000e+00 0.000000000000000000e+00 0.000000000000000000e+00 0.000000000000000000e+00 1.000000000000000000e+00 1.000000000000000000e+10 0.000000000000000000e+00 0.000000000000000000e+00 0.000000000000000000e+00 1.000000000000000000e+10
1.019637260722580097e-01 1.320860086002068783e+03 5.721403459983714583e+02 3.472201357686142273e+02 1.557572766260921227e-01 1.207391210617888419e+03 4.368101950609192195e-27 3.135225860500376657e-27 1.392193424138783703e-27 2.561711171755781669e-01 3.468260125572592488e-27 1.000000000000000000e+00 0.000000000000000000e+00 0.000000000000000000e+00 0.000000000000000000e+00 1.000000000000000000e+00 1.000000000000000000e+10 0.000000000000000000e+00 0.000000000000000000e+00 0.000000000000000000e+00 1.000000000000000000e+10
1.175936573483598035e-01 1.027742362337023906e+03 4.119885270246097662e+02 2.614389074107936040e+02 1.590318347655521602e-01 9.291300805888567993e+02 3.232856147129111542e-27 2.625210695115651285e-27 1.025268402095968599e-27 2.703182903939388426e-01 2.438100620847743538e-27 1.000000000000000000e+00 0.000000000000000000e+00 0.000000000000000000e+00 0.000000000000000000e+00 1.000000000000000000e+00 1.000000000000000000e+10 0.000000000000000000e+00 0.000000000000000000e+00 0.000000000000000000e+00 1.000000000000000000e+10
1.356194872553388164e-01 7.940641752189276303e+02 3.303888139893518883e+02 1.970422905796103805e+02 1.519983485051331629e-01 7.207072471452444233e+02 2.382400014038087815e-27 2.003031040576379997e-27 7.255177072275977096e-28 2.797713551930197662e-01 1.738631777733905740e-27 1.000000000000000000e+00 0.000000000000000000e+00 0.000000000000000000e+00 0.000000000000000000e+00 1.000000000000000000e+00 1.000000000000000000e+10 0.000000000000000000e+00 0.000000000000000000e+00 0.000000000000000000e+00 1.000000000000000000e+10
1.564084810196403053e-01 6.043625017627972511e+02 2.949403799847972323e+02 1.423967206248879052e+02 1.545373486263147689e-01 5.487592673528191654e+02 1.752239051541220583e-27 1.523541929865761134e-27 5.421231450022695745e-28 3.032906872845974044e-01 1.212036053582466012e-27 1.000000000000000000e+00 0.000000000000000000e+00 0.000000000000000000e+00 0.000000000000000000e+00 1.000000000000000000e+00 1.000000000000000000e+10 0.000000000000000000e+00 0.000000000000000000e+00 0.000000000000000000e+00 1.000000000000000000e+10
1.803842016362447453e-01 4.643197517544656989e+02 2.205282361378360179e+02 9.836997514563643108e+01 1.663893056996519071e-01 4.017984620721858278e+02 1.334045217494687629e-27 1.016806219422416769e-27 3.688789984782722984e-28 3.362853466540013381e-01 8.461553048116918095e-28 1.000000000000000000e+00 0.000000000000000000e+00 0.000000000000000000e+00 0.000000000000000000e+00 1.000000000000000000e+00 1.000000000000000000e+10 0.000000000000000000e+00 0.000000000000000000e+00 0.000000000000000000e+00 1.000000000000000000e+10
2.080351397048574025e-01 3.642081015800520163e+02 1.726537403211276001e+02 9.725760378110339843e+01 1.821579213026202071e-01 3.178007906417451522e+02 1.051585135861927469e-27 9.100245763145361193e-28 2.769482604254817173e-28 3.759414346724639366e-01 5.715693395721708331e-28 1.000000000000000000e+00 0.000000000000000000e+00 0.000000000000000000e+00 0.000000000000000000e+00 1.000000000000000000e+00 1.000000000000000000e+10 0.000000000000000000e+00 0.000000000000000000e+00 0.000000000000000000e+00 1.000000000000000000e+10
2.399246661262133540e-01 2.830306747111629306e+02 1.552207196099270163e+02 7.060143382341510687e+01 1.930808167672103948e-01 2.366247249770535177e+02 8.621209055526724061e-28 7.529986202515009564e-28 2.301447077835550674e-28 4.162104197589686083e-01 4.204622291329070685e-28 1.000000000000000000e+00 0.000000000000000000e+00 0.000000000000000000e+00 0.000000000000000000e+00 1.000000000000000000e+00 1.000000000000000000e+10 0.000000000000000000e+00 0.000000000000000000e+00 0.000000000000000000e+00 1.000000000000000000e+10
2.767025104385807399e-01 2.233966796215885608e+02 1.192870298536595897e+02 5.518615593411244902e+01 2.081247223317176376e-01 1.813511703292020343e+02 7.262108566716394494e-28 7.529077989199823375e-28 1.640736718066962649e-28 4.609470367352043185e-01 2.955435124400976878e-28 1.000000000000000000e+00 0.000000000000000000e+00 0.000000000000000000e+00 0.000000000000000000e+00 1.000000000000000000e+00 1.000000000000000000e+10 0.000000000000000000e+00 0.000000000000000000e+00 0.000000000000000000e+00 1.000000000000000000e+10
3.191179986585286343e-01 1.829218006684438080e+02 1.055709794068167184e+02 4.439482717962462743e+01 2.293053327155461230e-01 1.385565313976999562e+02 6.421309281706183669e-28 6.354914161325263866e-28 1.188723280182257877e-28 5.080659841662645837e-01 2.082162318192669235e-28 1.000000000000000000e+00 0.000000000000000000e+00 0.000000000000000000e+00 0.000000000000000000e+00 1.000000000000000000e+00 1.000000000000000000e+10 0.000000000000000000e+00 0.000000000000000000e+00 0.000000000000000000e+00 1.000000000000000000e+10
3.680353203388414540e-01 1.501078688183924044e+02 9.843699483827411711e+01 3.275923830080209598e+01 2.473319913800602621e-01 1.094479118010371366e+02 6.321790798843345966e-28 5.122165604499547917e-28 8.687231398480764301e-29 5.606041115556192889e-01 1.507003357859440763e-28 1.000000000000000000e+00 0.000000000000000000e+00 0.000000000000000000e+00 0.000000000000000000e+00 1.000000000000000000e+00 1.000000000000000000e+10 0.000000000000000000e+00 0.000000000000000000e+00 0.000000000000000000e+00 1.000000000000000000e+10
4.244511359005219142e-01 1.279376610664667027e+02 8.607726375126158302e+01 3.003470773205803823e+01 2.682327115141854845e-01 8.834707451476573681e+01 6.137537731568242657e-28 5.257561469589956983e-28 6.623270330971273110e-29 6.102795633926603180e-01 1.098745175351962711e-28 1.000000000000000000e+00 0.000000000000000000e+00 0.000000000000000000e+00 0.000000000000000000e+00 1.000000000000000000e+00 1.000000000000000000e+10 0.000000000000000000e+00 0.000000000000000000e+00 0.000000000000000000e+00 1.000000000000000000e+10
4.895148829774688681e-01 1.036512915901563616e+02 7.079971613718934975e+01 2.498173885724250454e+01 2.817568262572475724e-01 6.865260454150067915e+01 5.906466380587485705e-28 4.119643068101278884e-28 5.223283534511267002e-29 6.630123439646736783e-01 8.268172502432063855e-29 1.000000000000000000e+00 0.000000000000000000e+00 0.000000000000000000e+00 0.000000000000000000e+00 1.000000000000000000e+00 1.000000000000000000e+10 0.000000000000000000e+00 0.000000000000000000e+00 0.000000000000000000e+00 1.000000000000000000e+10
5.645521955031491679e-01 9.350575347839348694e+01 6.755592582370842081e+01 2.193121380606443438e+01 3.136690126716662474e-01 5.642591775341217897e+01 6.545659585208305986e-28 3.606482009120640112e-28 4.209762118386800681e-29 7.246817406785046600e-01 6.359104906037230612e-29 1.000000000000000000e+00 0.000000000000000000e+00 0.000000000000000000e+00 0.000000000000000000e+00 1.000000000000000000e+00 1.000000000000000000e+10 0.000000000000000000e+00 0.000000000000000000e+00 0.000000000000000000e+00 1.000000000000000000e+10
6.510919126887823039e-01 7.712486314132647180e+01 5.838473034044303489e+01 1.738410093268577228e+01 3.195936068251907791e-01 4.584663584075688192e+01 6.188188253523775547e-28 3.768062822358196546e-28 3.808713452063200467e-29 7.722206755023734992e-01 5.263271188421501892e-29 1.000000000000000000e+00 0.000000000000000000e+00 0.000000000000000000e+00 0.000000000000000000e+00 1.000000000000000000e+00 1.000000000000000000e+10 0.000000000000000000e+00 0.000000000000000000e+00 0.000000000000000000e+00 1.000000000000000000e+10
7.508972281844089602e-01 6.639159769700148672e+01 5.457738082810381286e+01 1.568782513765394171e+01 3.243682687306166934e-01 3.929659513022491524e+01 5.398336292769790959e-28 4.135830959117802678e-28 3.376694766776627139e-29 8.156859379879368710e-01 4.533763269731310675e-29 1.000000000000000000e+00 0.000000000000000000e+00 0.000000000000000000e+00 0.000000000000000000e+00 1.000000000000000000e+00 1.000000000000000000e+10 0.000000000000000000e+00 0.000000000000000000e+00 0.000000000000000000e+00 1.000000000000000000e+10
8.660016140678794550e-01 5.898440759154645718e+01 5.604986970492768705e+01 1.499716042173989905e+01 3.350392116065299408e-01 3.609477467183499755e+01 4.607936000209871665e-28 5.215929099710419790e-28 3.580220844949265693e-29 8.623690413600869631e-01 4.473186614876696335e-29 1.000000000000000000e+00 0.000000000000000000e+00 0.000000000000000000e+00 0.000000000000000000e+00 1.000000000000000000e+00 1.000000000000000000e+10 0.000000000000000000e+00 0.000000000000000000e+00 0.000000000000000000e+00 1.000000000000000000e+10
9.987502515910116063e-01 5.197951595578868478e+01 4.729600945240380838e+01 1.732708910667528812e+01 3.298985939533917722e-01 3.518355720337271464e+01 4.356859800566659493e-28 4.221534692812863733e-28 3.493288228885561272e-29 8.816270288076216710e-01 4.260960019151846820e-29 1.000000000000000000e+00 0.000000000000000000e+00 0.000000000000000000e+00 0.000000000000000000e+00 1.000000000000000000e+00 1.000000000000000000e+10 0.000000000000000000e+00 0.000000000000000000e+00 0.000000000000000000e+00 1.000000000000000000e+10
1.151847812808953542e+00 4.637394084861688270e+01 5.306267466721553205e+01 1.421688800725236135e+01 3.227649724537809961e-01 3.086850385880974557e+01 4.009804203293555119e-28 4.151731037981095695e-28 2.984727956292737594e-29 8.686743770123109831e-01 3.672729052007183512e-29 1.000000000000000000e+00 0.000000000000000000e+00 0.000000000000000000e+00 0.000000000000000000e+00 1.000000000000000000e+00 1.000000000000000000e+10 0.000000000000000000e+00 0.000000000000000000e+00 0.000000000000000000e+00 1.000000000000000000e+10
1.328413566614123908e+00 4.255981669158612846e+01 3.586086195882177208e+01 1.528272456393469270e+01 3.105543199392382103e-01 3.137915471724536687e+01 4.465898848337504364e-28 3.488123749049215553e-28 3.631259756162963965e-29 8.491362222657020675e-01 4.372461911550008174e-29 1.000000000000000000e+00 0.000000000000000000e+00 0.000000000000000000e+00 0.000000000000000000e+00 1.000000000000000000e+00 1.000000000000000000e+10 0.000000000000000000e+00 0.000000000000000000e+00 0.000000000000000000e+00 1.000000000000000000e+10
1.532044931926391351e+00 4.126716438417413713e+01 3.738551436348721069e+01 1.368822699394309694e+01 3.149414549873058022e-01 2.899073089709870743e+01 6.683655603124105865e-28 3.800273337630753868e-28 3.173004437684558935e-29 8.704877255175539341e-01 3.855841541285736242e-29 1.000000000000000000e+00 0.000000000000000000e+00 0.000000000000000000e+00 0.000000000000000000e+00 1.000000000000000000e+00 1.000000000000000000e+10 0.000000000000000000e+00 0.000000000000000000e+00 0.000000000000000000e+00 1.000000000000000000e+10
1.766890772896739126e+00 3.922754380196951018e+01 2.941771446697319448e+01 1.289895785811546425e+01 3.071686124696881293e-01 2.704196689820982868e+01 1.150939332707346642e-27 3.353102770463979904e-28 3.814344161324223777e-29 8.744702919945408492e-01 4.495152441443382707e-29 1.000000000000000000e+00 0.000000000000000000e+00 0.000000000000000000e+00 0.000000000000000000e+00 1.000000000000000000e+00 1.000000000000000000e+10 0.000000000000000000e+00 0.000000000000000000e+00 0.000000000000000000e+00 1.000000000000000000e+10
2.037735929469222107e+00 3.943619783271891777e+01 2.813782918626162299e+01 1.292737818425679741e+01 3.134995465649506596e-01 2.655948534995176757e+01 1.688374613025187454e-27 2.732508969624325623e-28 4.689683595657612825e-29 8.846099265623365016e-01 5.297165075484263718e-29 1.000000000000000000e+00 0.000000000000000000e+00 0.000000000000000000e+00 0.000000000000000000e+00 1.000000000000000000e+00 1.000000000000000000e+10 0.000000000000000000e+00 0.000000000000000000e+00 0.000000000000000000e+00 1.000000000000000000e+10
2.350098705559579226e+00 3.494592153621024266e+01 2.320226378953936219e+01 1.149220125623883426e+01 2.968060389001427324e-01 2.464369724808017637e+01 1.274322859238484126e-27 2.432394243004374751e-28 4.666077844291372685e-29 9.000837651635473780e-01 5.302338512948960042e-29 1.000000000000000000e+00 0.000000000000000000e+00 0.000000000000000000e+00 0.000000000000000000e+00 1.000000000000000000e+00 1.000000000000000000e+10 0.000000000000000000e+00 0.000000000000000000e+00 0.000000000000000000e+00 1.000000000000000000e+10
