# R (Mpc), mean rho (Msol/kpc^3), errup (Msol/kpc^3), errlow, std, median rho (Msol/kpc^3), mean pth (Msol/kpc/s^2), errup(Msol/kpc/s^2), errlow, std, median pth (Msol/kpc/s^2), mean gas-mass-weighted metal (fraction), errup, errlow, std, median metal, mean gas-mass-weighted temp (K), errup, errlow, std, median temp  
#  nprofs 190, mean mh 213953553973.506073, median mh 203745213444.516052 
#  Mass range 11.00 - 11.5
1.040961082911032697e-02 1.068395619689609593e+05 6.015457438102850574e+04 3.950701816905225860e+04 2.275706175444410229e-01 9.779997371281581582e+04 5.130401816008626550e-26 3.220143039620522262e-26 8.722070870878013578e-27 4.005381962988210365e-01 2.158072242731121102e-26 1.000000000000000000e+00 0.000000000000000000e+00 0.000000000000000000e+00 0.000000000000000000e+00 1.000000000000000000e+00 1.000000000000000000e+10 0.000000000000000000e+00 0.000000000000000000e+00 0.000000000000000000e+00 1.000000000000000000e+10
1.200529105910367808e-02 7.773006172062145197e+04 4.059508633887940960e+04 3.224090891736612684e+04 2.469247108936558910e-01 7.185835430192537024e+04 5.948354452316591034e-26 4.202252236332618526e-26 7.532131177251879244e-27 4.565071185675967924e-01 1.840731843672518099e-26 1.000000000000000000e+00 0.000000000000000000e+00 0.000000000000000000e+00 0.000000000000000000e+00 1.000000000000000000e+00 1.000000000000000000e+10 0.000000000000000000e+00 0.000000000000000000e+00 0.000000000000000000e+00 1.000000000000000000e+10
1.384557172980430476e-02 5.753019128210721101e+04 3.434402873155433917e+04 2.352861744371623718e+04 2.510180322008795373e-01 5.209851467204865185e+04 5.393126384554368304e-26 6.532295225117679899e-26 1.017613066584760095e-26 4.725808279727298777e-01 2.006481771429699895e-26 1.000000000000000000e+00 0.000000000000000000e+00 0.000000000000000000e+00 0.000000000000000000e+00 1.000000000000000000e+00 1.000000000000000000e+10 0.000000000000000000e+00 0.000000000000000000e+00 0.000000000000000000e+00 1.000000000000000000e+10
1.596794743096121086e-02 4.256797447356415796e+04 2.580473132549378352e+04 1.637177211675703074e+04 2.335650625043113882e-01 3.741442924379886244e+04 4.976281184520522750e-26 6.247056195826199234e-26 1.001415956279353814e-26 4.591512196999282813e-01 1.982064243550248183e-26 1.000000000000000000e+00 0.000000000000000000e+00 0.000000000000000000e+00 0.000000000000000000e+00 1.000000000000000000e+00 1.000000000000000000e+10 0.000000000000000000e+00 0.000000000000000000e+00 0.000000000000000000e+00 1.000000000000000000e+10
1.841566026551830909e-02 3.338821024569724977e+04 2.099378655442252420e+04 1.228003200811942588e+04 2.616054900013014550e-01 2.853756254824924326e+04 4.720090604801992783e-26 5.597284034877673650e-26 1.524264542098367863e-26 4.562939126229145215e-01 2.500953635317066633e-26 1.000000000000000000e+00 0.000000000000000000e+00 0.000000000000000000e+00 0.000000000000000000e+00 1.000000000000000000e+00 1.000000000000000000e+10 0.000000000000000000e+00 0.000000000000000000e+00 0.000000000000000000e+00 1.000000000000000000e+10
2.123858088093512342e-02 2.400636545883712824e+04 1.914061346444443916e+04 9.790672500490101811e+03 2.916371430167316037e-01 1.982873010050375160e+04 3.322561092210296254e-26 3.223343111237764314e-26 1.115854273100928414e-26 3.783517548285264542e-01 2.030475560564245225e-26 1.000000000000000000e+00 0.000000000000000000e+00 0.000000000000000000e+00 0.000000000000000000e+00 1.000000000000000000e+00 1.000000000000000000e+10 0.000000000000000000e+00 0.000000000000000000e+00 0.000000000000000000e+00 1.000000000000000000e+10
2.449422455303571639e-02 1.782976252699174802e+04 1.604956950584519473e+04 6.640149865545976354e+03 3.214133858578247516e-01 1.418472851996155259e+04 2.784245425339136676e-26 2.742167720038401918e-26 1.210567922469828268e-26 3.778696396262985480e-01 2.032135006381343174e-26 1.000000000000000000e+00 0.000000000000000000e+00 0.000000000000000000e+00 0.000000000000000000e+00 1.000000000000000000e+00 1.000000000000000000e+10 0.000000000000000000e+00 0.000000000000000000e+00 0.000000000000000000e+00 1.000000000000000000e+10
2.824892302447100725e-02 1.267547999734935911e+04 9.028880389004041717e+03 5.624113788485462464e+03 3.181653196636474168e-01 1.057578357277917712e+04 2.325043790770715050e-26 2.059989030142310160e-26 9.966037682043343787e-27 3.304863231177758709e-01 1.875065319737165949e-26 1.000000000000000000e+00 0.000000000000000000e+00 0.000000000000000000e+00 0.000000000000000000e+00 1.000000000000000000e+00 1.000000000000000000e+10 0.000000000000000000e+00 0.000000000000000000e+00 0.000000000000000000e+00 1.000000000000000000e+10
3.257917597328415654e-02 9.020257595027847856e+03 6.289734699955097312e+03 3.477100970985691674e+03 3.062010257835575677e-01 7.187954324188436658e+03 1.947850422817467819e-26 1.487159167786174556e-26 8.622629471348150115e-27 3.054374771530005694e-01 1.601147183696594059e-26 1.000000000000000000e+00 0.000000000000000000e+00 0.000000000000000000e+00 0.000000000000000000e+00 1.000000000000000000e+00 1.000000000000000000e+10 0.000000000000000000e+00 0.000000000000000000e+00 0.000000000000000000e+00 1.000000000000000000e+10
3.757320964692217186e-02 6.225557430534273408e+03 4.700180026333565365e+03 2.348307917556499433e+03 2.938643124873289714e-01 4.919074828753996371e+03 1.640977504590209585e-26 1.059236131488576851e-26 7.834853426642270246e-27 2.913090809719366958e-01 1.394192475155219789e-26 1.000000000000000000e+00 0.000000000000000000e+00 0.000000000000000000e+00 0.000000000000000000e+00 1.000000000000000000e+00 1.000000000000000000e+10 0.000000000000000000e+00 0.000000000000000000e+00 0.000000000000000000e+00 1.000000000000000000e+10
4.333277441790538143e-02 4.189723958063541431e+03 3.119747506863569015e+03 1.578944526061109627e+03 2.763965379580367587e-01 3.389341940110893574e+03 1.369896139950386559e-26 9.384548287502890355e-27 5.903756836888772474e-27 2.866349250536209814e-01 1.176383444239138278e-26 1.000000000000000000e+00 0.000000000000000000e+00 0.000000000000000000e+00 0.000000000000000000e+00 1.000000000000000000e+00 1.000000000000000000e+10 0.000000000000000000e+00 0.000000000000000000e+00 0.000000000000000000e+00 1.000000000000000000e+10
4.997521788524898756e-02 3.101325757246089324e+03 2.239346469104903917e+03 1.068992123227545562e+03 2.552116606832920409e-01 2.537649184626949136e+03 1.109645185467645043e-26 7.894803725688555102e-27 4.519085225897037344e-27 2.829844247723784512e-01 9.279374325751556046e-27 1.000000000000000000e+00 0.000000000000000000e+00 0.000000000000000000e+00 0.000000000000000000e+00 1.000000000000000000e+00 1.000000000000000000e+10 0.000000000000000000e+00 0.000000000000000000e+00 0.000000000000000000e+00 1.000000000000000000e+10
5.763587575980636674e-02 2.383609238128247853e+03 1.365093856870937088e+03 8.573506258670581701e+02 2.462172860024415544e-01 2.023184050861236756e+03 9.174268278097658974e-27 6.644281393918661755e-27 3.683309040245880620e-27 2.825510046849284418e-01 7.561766587357443321e-27 1.000000000000000000e+00 0.000000000000000000e+00 0.000000000000000000e+00 0.000000000000000000e+00 1.000000000000000000e+00 1.000000000000000000e+10 0.000000000000000000e+00 0.000000000000000000e+00 0.000000000000000000e+00 1.000000000000000000e+10
6.647082924635627776e-02 1.928273418100643994e+03 1.032144666928572406e+03 7.536841643415112912e+02 2.273227534592657251e-01 1.759381363228465489e+03 7.616233484259492334e-27 5.112017427729877659e-27 2.787077264029396239e-27 2.759221530078076468e-01 6.183729241038955265e-27 1.000000000000000000e+00 0.000000000000000000e+00 0.000000000000000000e+00 0.000000000000000000e+00 1.000000000000000000e+00 1.000000000000000000e+10 0.000000000000000000e+00 0.000000000000000000e+00 0.000000000000000000e+00 1.000000000000000000e+10
7.666008510240249207e-02 1.554686090340239161e+03 8.519675592455860169e+02 5.854972328160397410e+02 2.177746538898040207e-01 1.372209391447360304e+03 5.991735798699560135e-27 3.821097612718824858e-27 2.410045552157200611e-27 2.697302951151265837e-01 5.009008925112686270e-27 1.000000000000000000e+00 0.000000000000000000e+00 0.000000000000000000e+00 0.000000000000000000e+00 1.000000000000000000e+00 1.000000000000000000e+10 0.000000000000000000e+00 0.000000000000000000e+00 0.000000000000000000e+00 1.000000000000000000e+10
8.841124316543315376e-02 1.220319815007276247e+03 6.713672320222260623e+02 4.574072627927491794e+02 2.156131576771110336e-01 1.093293570371794885e+03 4.734715597625764431e-27 3.362266009791320689e-27 1.643549149382130292e-27 2.891702223631921753e-01 3.626466058110217649e-27 1.000000000000000000e+00 0.000000000000000000e+00 0.000000000000000000e+00 0.000000000000000000e+00 1.000000000000000000e+00 1.000000000000000000e+10 0.000000000000000000e+00 0.000000000000000000e+00 0.000000000000000000e+00 1.000000000000000000e+10
1.019637260722580097e-01 9.483508817460393630e+02 5.560002334656347784e+02 3.371216303120515931e+02 1.944183205578140783e-01 8.699640092490166126e+02 3.724655042089726487e-27 2.878269867152384806e-27 1.306307710594384726e-27 2.923489097380090329e-01 2.810239145190942425e-27 1.000000000000000000e+00 0.000000000000000000e+00 0.000000000000000000e+00 0.000000000000000000e+00 1.000000000000000000e+00 1.000000000000000000e+10 0.000000000000000000e+00 0.000000000000000000e+00 0.000000000000000000e+00 1.000000000000000000e+10
1.175936573483598035e-01 7.538990098038573251e+02 3.780924449254405317e+02 2.478656292546488089e+02 1.969937909909706408e-01 6.754665876390047288e+02 2.885383694049372845e-27 2.089802906153959915e-27 9.518142725601030528e-28 3.132544593968548119e-01 2.099208559127570341e-27 1.000000000000000000e+00 0.000000000000000000e+00 0.000000000000000000e+00 0.000000000000000000e+00 1.000000000000000000e+00 1.000000000000000000e+10 0.000000000000000000e+00 0.000000000000000000e+00 0.000000000000000000e+00 1.000000000000000000e+10
1.356194872553388164e-01 6.073331478840990485e+02 2.991437576260119613e+02 1.879511424965567130e+02 1.983133164971243589e-01 5.480872668656998030e+02 2.264107803800066179e-27 1.563698143421485030e-27 7.229559926476914684e-28 3.337453784746139407e-01 1.522646430682585146e-27 1.000000000000000000e+00 0.000000000000000000e+00 0.000000000000000000e+00 0.000000000000000000e+00 1.000000000000000000e+00 1.000000000000000000e+10 0.000000000000000000e+00 0.000000000000000000e+00 0.000000000000000000e+00 1.000000000000000000e+10
1.564084810196403053e-01 4.911048261173436345e+02 3.000065691481872250e+02 1.483936242450359373e+02 2.069173547356399079e-01 4.222418133033989420e+02 1.789670411412688231e-27 1.628906640732053282e-27 4.925420325482319696e-28 3.569379757844035606e-01 1.087767968170368813e-27 1.000000000000000000e+00 0.000000000000000000e+00 0.000000000000000000e+00 0.000000000000000000e+00 1.000000000000000000e+00 1.000000000000000000e+10 0.000000000000000000e+00 0.000000000000000000e+00 0.000000000000000000e+00 1.000000000000000000e+10
1.803842016362447453e-01 3.992398990919071480e+02 2.344548525741732874e+02 1.127940213750906366e+02 2.075112760395057265e-01 3.395500224822540076e+02 1.426111630547767320e-27 1.233427429447732075e-27 3.944583624097366033e-28 3.772946819999009604e-01 8.168003849124691844e-28 1.000000000000000000e+00 0.000000000000000000e+00 0.000000000000000000e+00 0.000000000000000000e+00 1.000000000000000000e+00 1.000000000000000000e+10 0.000000000000000000e+00 0.000000000000000000e+00 0.000000000000000000e+00 1.000000000000000000e+10
2.080351397048574025e-01 3.209489824640104985e+02 1.801011015993695423e+02 9.345949773026234197e+01 2.118227040226980384e-01 2.739029732665313759e+02 1.153722574477412945e-27 9.929977745346626332e-28 3.065095276302744362e-28 4.042500257641092332e-01 5.952498871461751157e-28 1.000000000000000000e+00 0.000000000000000000e+00 0.000000000000000000e+00 0.000000000000000000e+00 1.000000000000000000e+00 1.000000000000000000e+10 0.000000000000000000e+00 0.000000000000000000e+00 0.000000000000000000e+00 1.000000000000000000e+10
2.399246661262133540e-01 2.654441211637579272e+02 1.568077627805210454e+02 7.571562165505230269e+01 2.239830801284277140e-01 2.167490095711734170e+02 9.530312876120389968e-28 8.900608099529069888e-28 2.369272979306409675e-28 4.328482107600208906e-01 4.495906075093931854e-28 1.000000000000000000e+00 0.000000000000000000e+00 0.000000000000000000e+00 0.000000000000000000e+00 1.000000000000000000e+00 1.000000000000000000e+10 0.000000000000000000e+00 0.000000000000000000e+00 0.000000000000000000e+00 1.000000000000000000e+10
2.767025104385807399e-01 2.171363102281298438e+02 1.351050335497508570e+02 6.865244069739853217e+01 2.335010099825373664e-01 1.813666080632054616e+02 8.072431857913038913e-28 7.473534502400250672e-28 1.812420496683030742e-28 4.706398127739013781e-01 3.199275660703985875e-28 1.000000000000000000e+00 0.000000000000000000e+00 0.000000000000000000e+00 0.000000000000000000e+00 1.000000000000000000e+00 1.000000000000000000e+10 0.000000000000000000e+00 0.000000000000000000e+00 0.000000000000000000e+00 1.000000000000000000e+10
3.191179986585286343e-01 1.826087906102087572e+02 1.353692733788224984e+02 4.640752498073088361e+01 2.412224562552864326e-01 1.380484602627930428e+02 6.931927533296636827e-28 6.606831999001970842e-28 1.429136742578623581e-28 4.957869582162370281e-01 2.470726555324764592e-28 1.000000000000000000e+00 0.000000000000000000e+00 0.000000000000000000e+00 0.000000000000000000e+00 1.000000000000000000e+00 1.000000000000000000e+10 0.000000000000000000e+00 0.000000000000000000e+00 0.000000000000000000e+00 1.000000000000000000e+10
3.680353203388414540e-01 1.535778203655492007e+02 8.722075144625117105e+01 4.156188174653210865e+01 2.492116977239507702e-01 1.142528567961378769e+02 6.448442512469601787e-28 4.658134198269546373e-28 1.184580221276546614e-28 5.302911368007965365e-01 1.989699455340945662e-28 1.000000000000000000e+00 0.000000000000000000e+00 0.000000000000000000e+00 0.000000000000000000e+00 1.000000000000000000e+00 1.000000000000000000e+10 0.000000000000000000e+00 0.000000000000000000e+00 0.000000000000000000e+00 1.000000000000000000e+10
4.244511359005219142e-01 1.288167525793691652e+02 7.406687100318097805e+01 3.381580545680564853e+01 2.517558499753830281e-01 9.469471581693457551e+01 6.470868279197286381e-28 4.201551787412623456e-28 8.912985795678319309e-29 5.655589631720164823e-01 1.493287630994761435e-28 1.000000000000000000e+00 0.000000000000000000e+00 0.000000000000000000e+00 0.000000000000000000e+00 1.000000000000000000e+00 1.000000000000000000e+10 0.000000000000000000e+00 0.000000000000000000e+00 0.000000000000000000e+00 1.000000000000000000e+10
4.895148829774688681e-01 1.134426413781819178e+02 6.436394602606384296e+01 3.011129470675050612e+01 2.692665859222968527e-01 8.164421094890275299e+01 6.631336098131539201e-28 3.981960453737707408e-28 8.142408733055541210e-29 6.046781856783455256e-01 1.246183216832755337e-28 1.000000000000000000e+00 0.000000000000000000e+00 0.000000000000000000e+00 0.000000000000000000e+00 1.000000000000000000e+00 1.000000000000000000e+10 0.000000000000000000e+00 0.000000000000000000e+00 0.000000000000000000e+00 1.000000000000000000e+10
5.645521955031491679e-01 9.843513771639597110e+01 6.168787773098348737e+01 2.357505142151900657e+01 2.812316968442947207e-01 6.474925150502923543e+01 6.626195557824177033e-28 3.519809855213757482e-28 6.969701398574393512e-29 6.398953308310888488e-01 1.053405550417473930e-28 1.000000000000000000e+00 0.000000000000000000e+00 0.000000000000000000e+00 0.000000000000000000e+00 1.000000000000000000e+00 1.000000000000000000e+10 0.000000000000000000e+00 0.000000000000000000e+00 0.000000000000000000e+00 1.000000000000000000e+10
6.510919126887823039e-01 8.351746460431560592e+01 5.720198671765842846e+01 2.183136577555148250e+01 2.905481648198814937e-01 5.543709278074662450e+01 6.491233416879831808e-28 4.537145325098050820e-28 5.354354838234440035e-29 6.826326198439810478e-01 7.966943146111035199e-29 1.000000000000000000e+00 0.000000000000000000e+00 0.000000000000000000e+00 0.000000000000000000e+00 1.000000000000000000e+00 1.000000000000000000e+10 0.000000000000000000e+00 0.000000000000000000e+00 0.000000000000000000e+00 1.000000000000000000e+10
7.508972281844089602e-01 7.065826765314704971e+01 5.201503575081432018e+01 2.103236406510689704e+01 2.997735092116763922e-01 4.754444146290207129e+01 5.707612299941006161e-28 4.067694923218425759e-28 4.110544031490381576e-29 7.318439704708918914e-01 5.997773266637559010e-29 1.000000000000000000e+00 0.000000000000000000e+00 0.000000000000000000e+00 0.000000000000000000e+00 1.000000000000000000e+00 1.000000000000000000e+10 0.000000000000000000e+00 0.000000000000000000e+00 0.000000000000000000e+00 1.000000000000000000e+10
8.660016140678794550e-01 6.135305306213836474e+01 5.471286184955211240e+01 1.552587000658141392e+01 3.184210972656364991e-01 3.839615490099868111e+01 4.698054064653001458e-28 4.590525615835673155e-28 3.841951637847728170e-29 7.912515565612706636e-01 5.180324060939209031e-29 1.000000000000000000e+00 0.000000000000000000e+00 0.000000000000000000e+00 0.000000000000000000e+00 1.000000000000000000e+00 1.000000000000000000e+10 0.000000000000000000e+00 0.000000000000000000e+00 0.000000000000000000e+00 1.000000000000000000e+10
9.987502515910116063e-01 5.298679303995418621e+01 5.663286606546813573e+01 1.531102348168894878e+01 3.217753084503766625e-01 3.398054412743260855e+01 4.361075386517453383e-28 4.249375553023131895e-28 4.017775589877724758e-29 8.380003606473910294e-01 4.951718018284164328e-29 1.000000000000000000e+00 0.000000000000000000e+00 0.000000000000000000e+00 0.000000000000000000e+00 1.000000000000000000e+00 1.000000000000000000e+10 0.000000000000000000e+00 0.000000000000000000e+00 0.000000000000000000e+00 1.000000000000000000e+10
1.151847812808953542e+00 4.715093686543197293e+01 4.484178229950401118e+01 1.538682647009442661e+01 3.174838509896927286e-01 3.248185224633144941e+01 3.956269674894519270e-28 4.655965029260596514e-28 3.549522763053799167e-29 8.412269532521214899e-01 4.398468550717759553e-29 1.000000000000000000e+00 0.000000000000000000e+00 0.000000000000000000e+00 0.000000000000000000e+00 1.000000000000000000e+00 1.000000000000000000e+10 0.000000000000000000e+00 0.000000000000000000e+00 0.000000000000000000e+00 1.000000000000000000e+10
1.328413566614123908e+00 4.277754815772795638e+01 3.988148775702959625e+01 1.438331921922431889e+01 3.044156124352605519e-01 3.089360163201200038e+01 4.409691663616903658e-28 3.449905021543735705e-28 4.190820267992745454e-29 8.204667128749448812e-01 5.062205358041595283e-29 1.000000000000000000e+00 0.000000000000000000e+00 0.000000000000000000e+00 0.000000000000000000e+00 1.000000000000000000e+00 1.000000000000000000e+10 0.000000000000000000e+00 0.000000000000000000e+00 0.000000000000000000e+00 1.000000000000000000e+10
1.532044931926391351e+00 4.098251250208893026e+01 3.752273314656088843e+01 1.356545536152392728e+01 3.059055869806876493e-01 2.905402963684905870e+01 6.530634825614161256e-28 3.601513867267814940e-28 4.032865854878120833e-29 8.245771468733816834e-01 4.928829097003142183e-29 1.000000000000000000e+00 0.000000000000000000e+00 0.000000000000000000e+00 0.000000000000000000e+00 1.000000000000000000e+00 1.000000000000000000e+10 0.000000000000000000e+00 0.000000000000000000e+00 0.000000000000000000e+00 1.000000000000000000e+10
1.766890772896739126e+00 3.857474754210475254e+01 2.628866481668821820e+01 1.317271726238873875e+01 2.960167895853981768e-01 2.786881066127338613e+01 1.052658984892857336e-27 3.132734368471577685e-28 3.784644512986648158e-29 8.036958633434198029e-01 4.622165650336687101e-29 1.000000000000000000e+00 0.000000000000000000e+00 0.000000000000000000e+00 0.000000000000000000e+00 1.000000000000000000e+00 1.000000000000000000e+10 0.000000000000000000e+00 0.000000000000000000e+00 0.000000000000000000e+00 1.000000000000000000e+10
2.037735929469222107e+00 3.691200879749110442e+01 2.724519406208816008e+01 1.245035780277187420e+01 2.930348526111831720e-01 2.629301580526612980e+01 1.248713698697887773e-27 2.605701848236670046e-28 4.190323377090507011e-29 8.080095969575433745e-01 4.962478578144239601e-29 1.000000000000000000e+00 0.000000000000000000e+00 0.000000000000000000e+00 0.000000000000000000e+00 1.000000000000000000e+00 1.000000000000000000e+10 0.000000000000000000e+00 0.000000000000000000e+00 0.000000000000000000e+00 1.000000000000000000e+10
2.350098705559579226e+00 3.227464226629032851e+01 2.127811560183731387e+01 1.169307507004619140e+01 2.730837184493493108e-01 2.523542938449546824e+01 6.029652428694815622e-28 2.263248539913427872e-28 4.473566178405541225e-29 8.027682188095163207e-01 5.287501870948663764e-29 1.000000000000000000e+00 0.000000000000000000e+00 0.000000000000000000e+00 0.000000000000000000e+00 1.000000000000000000e+00 1.000000000000000000e+10 0.000000000000000000e+00 0.000000000000000000e+00 0.000000000000000000e+00 1.000000000000000000e+10
