# R (Mpc), mean rho (Msol/kpc^3), errup (Msol/kpc^3), errlow, std, median rho (Msol/kpc^3), mean pth (Msol/kpc/s^2), errup(Msol/kpc/s^2), errlow, std, median pth (Msol/kpc/s^2), mean gas-mass-weighted metal (fraction), errup, errlow, std, median metal, mean gas-mass-weighted temp (K), errup, errlow, std, median temp  
#  nprofs 179, mean mh 547327976616.113892, median mh 486974157709.386841 
#  Mass range 11.50 - 12.0
1.040961082911032697e-02 4.803494307759868097e+05 2.939246836060779169e+05 1.904653979150170344e+05 2.364265294800448614e-01 4.314599775350012351e+05 2.829137550996399850e-25 3.267768239768803435e-25 9.452189552655396780e-26 4.668183883714060456e-01 1.449037261261027696e-25 1.000000000000000000e+00 0.000000000000000000e+00 0.000000000000000000e+00 0.000000000000000000e+00 1.000000000000000000e+00 1.000000000000000000e+10 0.000000000000000000e+00 0.000000000000000000e+00 0.000000000000000000e+00 1.000000000000000000e+10
1.200529105910367808e-02 3.559926745826919796e+05 1.872055241388090653e+05 1.321867683216661389e+05 2.449011977678652308e-01 3.295262472175326548e+05 3.003944399278567720e-25 3.881160366295291873e-25 1.197802089926856003e-25 4.917759931133423024e-01 1.643675853581620104e-25 1.000000000000000000e+00 0.000000000000000000e+00 0.000000000000000000e+00 0.000000000000000000e+00 1.000000000000000000e+00 1.000000000000000000e+10 0.000000000000000000e+00 0.000000000000000000e+00 0.000000000000000000e+00 1.000000000000000000e+10
1.384557172980430476e-02 2.600698940779642144e+05 1.520113101870396931e+05 1.015422190945619659e+05 2.652263366959795587e-01 2.313902574618283834e+05 2.666863197831205656e-25 3.219943950004775457e-25 1.141968095078092442e-25 4.303107163852393779e-01 1.705784955081747305e-25 1.000000000000000000e+00 0.000000000000000000e+00 0.000000000000000000e+00 0.000000000000000000e+00 1.000000000000000000e+00 1.000000000000000000e+10 0.000000000000000000e+00 0.000000000000000000e+00 0.000000000000000000e+00 1.000000000000000000e+10
1.596794743096121086e-02 1.861979587513548031e+05 1.269118187936092436e+05 8.024026940531171567e+04 2.783576123328013741e-01 1.612994078150611313e+05 2.714680531619688294e-25 3.228464149359266238e-25 1.080467400541107473e-25 4.214858191398011544e-01 1.678774071235116578e-25 1.000000000000000000e+00 0.000000000000000000e+00 0.000000000000000000e+00 0.000000000000000000e+00 1.000000000000000000e+00 1.000000000000000000e+10 0.000000000000000000e+00 0.000000000000000000e+00 0.000000000000000000e+00 1.000000000000000000e+10
1.841566026551830909e-02 1.289895736774420511e+05 1.027102597072976641e+05 5.275321723397170717e+04 2.973420566892133743e-01 1.065853272214491444e+05 2.341787184343872917e-25 2.169039622909743970e-25 1.220693886603148605e-25 3.792857960242804749e-01 1.869775990085542152e-25 1.000000000000000000e+00 0.000000000000000000e+00 0.000000000000000000e+00 0.000000000000000000e+00 1.000000000000000000e+00 1.000000000000000000e+10 0.000000000000000000e+00 0.000000000000000000e+00 0.000000000000000000e+00 1.000000000000000000e+10
2.123858088093512342e-02 8.676233945001152460e+04 7.450797438359537045e+04 4.048879643905226840e+04 3.018517480998451075e-01 7.309064844181400258e+04 2.098110223297898578e-25 1.792504889244816644e-25 8.450275091287634077e-26 3.239340075911859573e-01 1.643599708209090262e-25 1.000000000000000000e+00 0.000000000000000000e+00 0.000000000000000000e+00 0.000000000000000000e+00 1.000000000000000000e+00 1.000000000000000000e+10 0.000000000000000000e+00 0.000000000000000000e+00 0.000000000000000000e+00 1.000000000000000000e+10
2.449422455303571639e-02 5.900853655706160498e+04 4.917288708882196079e+04 2.242181914201891414e+04 2.953138114725620822e-01 4.659418452482342400e+04 1.813690536276860590e-25 1.457294939923821621e-25 8.384554566557639592e-26 3.223755945754867014e-01 1.465440299211620328e-25 1.000000000000000000e+00 0.000000000000000000e+00 0.000000000000000000e+00 0.000000000000000000e+00 1.000000000000000000e+00 1.000000000000000000e+10 0.000000000000000000e+00 0.000000000000000000e+00 0.000000000000000000e+00 1.000000000000000000e+10
2.824892302447100725e-02 3.895451097809786734e+04 3.021447849309015510e+04 1.236284998118125441e+04 2.679927273162400203e-01 3.041297589143934965e+04 1.484568326584342379e-25 1.209475667243304822e-25 5.182021426885468992e-26 3.025765704549860380e-01 1.114712063619642771e-25 1.000000000000000000e+00 0.000000000000000000e+00 0.000000000000000000e+00 0.000000000000000000e+00 1.000000000000000000e+00 1.000000000000000000e+10 0.000000000000000000e+00 0.000000000000000000e+00 0.000000000000000000e+00 1.000000000000000000e+10
3.257917597328415654e-02 2.716924112364283064e+04 1.983301373908251844e+04 7.394635005178786741e+03 2.511232034027325311e-01 2.033940369086615101e+04 1.223339465883945732e-25 8.614120945965598799e-26 4.644043357264873330e-26 2.826053920662635610e-01 9.743372743041219844e-26 1.000000000000000000e+00 0.000000000000000000e+00 0.000000000000000000e+00 0.000000000000000000e+00 1.000000000000000000e+00 1.000000000000000000e+10 0.000000000000000000e+00 0.000000000000000000e+00 0.000000000000000000e+00 1.000000000000000000e+10
3.757320964692217186e-02 1.912803049986901169e+04 1.436807230897931549e+04 5.304381414218953068e+03 2.329343131213180429e-01 1.512648280030832211e+04 1.007096426889295980e-25 7.908001749907087606e-26 3.026192128763220661e-26 2.727769912954226550e-01 7.678296255457934403e-26 1.000000000000000000e+00 0.000000000000000000e+00 0.000000000000000000e+00 0.000000000000000000e+00 1.000000000000000000e+00 1.000000000000000000e+10 0.000000000000000000e+00 0.000000000000000000e+00 0.000000000000000000e+00 1.000000000000000000e+10
4.333277441790538143e-02 1.347417494810419339e+04 8.939449550172856107e+03 3.409069162567534477e+03 2.070627682127602620e-01 1.104606713060671245e+04 8.340189599269093698e-26 6.718730141656893124e-26 2.575578107237691648e-26 2.683532927330192219e-01 6.438197470262857152e-26 1.000000000000000000e+00 0.000000000000000000e+00 0.000000000000000000e+00 0.000000000000000000e+00 1.000000000000000000e+00 1.000000000000000000e+10 0.000000000000000000e+00 0.000000000000000000e+00 0.000000000000000000e+00 1.000000000000000000e+10
4.997521788524898756e-02 1.014941374666822048e+04 4.915200542553597188e+03 3.218872546848148886e+03 1.962213726802836400e-01 9.062727282756553905e+03 7.042727470347537264e-26 5.297958880277407796e-26 2.414167818044001468e-26 2.732176594976830075e-01 5.501532798922909006e-26 1.000000000000000000e+00 0.000000000000000000e+00 0.000000000000000000e+00 0.000000000000000000e+00 1.000000000000000000e+00 1.000000000000000000e+10 0.000000000000000000e+00 0.000000000000000000e+00 0.000000000000000000e+00 1.000000000000000000e+10
5.763587575980636674e-02 7.499702947519571353e+03 3.548079246909333051e+03 1.967122946879753727e+03 1.718145736696408410e-01 6.738969447187074366e+03 5.623338276595892766e-26 4.246865702751435866e-26 1.857886493413813249e-26 2.603961496763904648e-01 4.542302174275696083e-26 1.000000000000000000e+00 0.000000000000000000e+00 0.000000000000000000e+00 0.000000000000000000e+00 1.000000000000000000e+00 1.000000000000000000e+10 0.000000000000000000e+00 0.000000000000000000e+00 0.000000000000000000e+00 1.000000000000000000e+10
6.647082924635627776e-02 5.879638668814889570e+03 2.881335512146779365e+03 1.484976745721782663e+03 1.636256176830352405e-01 5.376595616800410426e+03 4.454005253448556842e-26 3.155401408080685241e-26 1.605741484534996623e-26 2.574591725033214540e-01 3.702571331536851236e-26 1.000000000000000000e+00 0.000000000000000000e+00 0.000000000000000000e+00 0.000000000000000000e+00 1.000000000000000000e+00 1.000000000000000000e+10 0.000000000000000000e+00 0.000000000000000000e+00 0.000000000000000000e+00 1.000000000000000000e+10
7.666008510240249207e-02 4.653002673995022633e+03 1.954110166885975559e+03 1.199892256766611354e+03 1.660744592830763477e-01 4.240023733483168144e+03 3.356128815691926654e-26 2.263874341768938043e-26 1.281849884911986123e-26 2.582756781708882010e-01 2.814311835805525704e-26 1.000000000000000000e+00 0.000000000000000000e+00 0.000000000000000000e+00 0.000000000000000000e+00 1.000000000000000000e+00 1.000000000000000000e+10 0.000000000000000000e+00 0.000000000000000000e+00 0.000000000000000000e+00 1.000000000000000000e+10
8.841124316543315376e-02 3.795199145729883639e+03 1.435365130006641266e+03 1.023157671560114068e+03 1.680508822093796928e-01 3.506424160466416652e+03 2.561890451082754819e-26 1.904499818732485368e-26 1.059943157563752800e-26 2.617280562829876756e-01 2.173577544285996817e-26 1.000000000000000000e+00 0.000000000000000000e+00 0.000000000000000000e+00 0.000000000000000000e+00 1.000000000000000000e+00 1.000000000000000000e+10 0.000000000000000000e+00 0.000000000000000000e+00 0.000000000000000000e+00 1.000000000000000000e+10
1.019637260722580097e-01 2.955019940329434576e+03 1.439867892819255303e+03 8.258352321235959153e+02 1.761242391238742877e-01 2.645149334413900760e+03 1.868193939040957364e-26 1.381359331726306609e-26 8.473374479745005309e-27 2.747350599791850700e-01 1.596247657272554774e-26 1.000000000000000000e+00 0.000000000000000000e+00 0.000000000000000000e+00 0.000000000000000000e+00 1.000000000000000000e+00 1.000000000000000000e+10 0.000000000000000000e+00 0.000000000000000000e+00 0.000000000000000000e+00 1.000000000000000000e+10
1.175936573483598035e-01 2.282319433968113572e+03 1.128568711140602318e+03 7.316357981534549708e+02 1.835962684779280374e-01 2.086376093615742775e+03 1.361230680289562954e-26 1.101628330819980956e-26 6.396673113476095473e-27 2.925714182924669116e-01 1.169079262719173798e-26 1.000000000000000000e+00 0.000000000000000000e+00 0.000000000000000000e+00 0.000000000000000000e+00 1.000000000000000000e+00 1.000000000000000000e+10 0.000000000000000000e+00 0.000000000000000000e+00 0.000000000000000000e+00 1.000000000000000000e+10
1.356194872553388164e-01 1.717959381208492232e+03 8.907241141788267669e+02 5.772582177636481902e+02 1.773600931884368459e-01 1.612804939222205576e+03 9.534950665489890618e-27 8.607299660113261818e-27 4.727321553973427977e-27 3.016538887372292033e-01 8.191686240012110904e-27 1.000000000000000000e+00 0.000000000000000000e+00 0.000000000000000000e+00 0.000000000000000000e+00 1.000000000000000000e+00 1.000000000000000000e+10 0.000000000000000000e+00 0.000000000000000000e+00 0.000000000000000000e+00 1.000000000000000000e+10
1.564084810196403053e-01 1.280734055244957290e+03 5.889150429495211938e+02 4.778906344772941566e+02 1.783563799844667119e-01 1.226725705411706031e+03 6.532060575289807026e-27 6.385591286705984698e-27 2.875936333308893117e-27 3.116654470213319206e-01 5.192428732955330417e-27 1.000000000000000000e+00 0.000000000000000000e+00 0.000000000000000000e+00 0.000000000000000000e+00 1.000000000000000000e+00 1.000000000000000000e+10 0.000000000000000000e+00 0.000000000000000000e+00 0.000000000000000000e+00 1.000000000000000000e+10
1.803842016362447453e-01 9.514291694308819842e+02 4.013303027130882583e+02 3.510702492691298175e+02 1.790504165980585372e-01 8.967800027524187954e+02 4.502356197204284008e-27 3.931824229382787959e-27 2.032868707354312906e-27 3.231327954631310617e-01 3.540592634095394484e-27 1.000000000000000000e+00 0.000000000000000000e+00 0.000000000000000000e+00 0.000000000000000000e+00 1.000000000000000000e+00 1.000000000000000000e+10 0.000000000000000000e+00 0.000000000000000000e+00 0.000000000000000000e+00 1.000000000000000000e+10
2.080351397048574025e-01 6.847259225003607526e+02 3.292307351913707407e+02 2.356752614112639321e+02 1.786156792021121598e-01 6.418401883982637628e+02 3.099998931039716946e-27 2.700349694463553592e-27 1.384016005698197793e-27 3.401857671494293300e-01 2.336845635992438625e-27 1.000000000000000000e+00 0.000000000000000000e+00 0.000000000000000000e+00 0.000000000000000000e+00 1.000000000000000000e+00 1.000000000000000000e+10 0.000000000000000000e+00 0.000000000000000000e+00 0.000000000000000000e+00 1.000000000000000000e+10
2.399246661262133540e-01 5.016897645755820463e+02 2.555114605884287471e+02 1.521772549616463834e+02 1.792895323507109062e-01 4.469195683061400928e+02 2.146658360302007581e-27 1.969031241809615983e-27 8.376648392134803338e-28 3.602008509768111488e-01 1.425093770331385330e-27 1.000000000000000000e+00 0.000000000000000000e+00 0.000000000000000000e+00 0.000000000000000000e+00 1.000000000000000000e+00 1.000000000000000000e+10 0.000000000000000000e+00 0.000000000000000000e+00 0.000000000000000000e+00 1.000000000000000000e+10
2.767025104385807399e-01 3.731417577566526234e+02 2.232139331659641357e+02 1.105047207324063550e+02 1.964345854249429091e-01 3.246992360401925453e+02 1.515127940891567961e-27 1.285849473998688683e-27 5.739460007872965147e-28 3.919694927057701395e-01 9.097362645497751983e-28 1.000000000000000000e+00 0.000000000000000000e+00 0.000000000000000000e+00 0.000000000000000000e+00 1.000000000000000000e+00 1.000000000000000000e+10 0.000000000000000000e+00 0.000000000000000000e+00 0.000000000000000000e+00 1.000000000000000000e+10
3.191179986585286343e-01 2.699550345378473821e+02 1.559778747374879515e+02 8.367593200680968835e+01 1.988404763367080386e-01 2.300453843358771735e+02 1.118328987432656140e-27 9.910628177173362247e-28 3.828143432695502721e-28 4.242722046571446581e-01 6.004417259764110115e-28 1.000000000000000000e+00 0.000000000000000000e+00 0.000000000000000000e+00 0.000000000000000000e+00 1.000000000000000000e+00 1.000000000000000000e+10 0.000000000000000000e+00 0.000000000000000000e+00 0.000000000000000000e+00 1.000000000000000000e+10
3.680353203388414540e-01 2.015024359292769702e+02 1.057837874050302958e+02 4.942365612964259469e+01 2.063566358831907810e-01 1.638590919563661146e+02 9.267890209748729984e-28 8.271592542301496125e-28 2.551085731184412005e-28 4.637857147575263905e-01 3.974821693810875926e-28 1.000000000000000000e+00 0.000000000000000000e+00 0.000000000000000000e+00 0.000000000000000000e+00 1.000000000000000000e+00 1.000000000000000000e+10 0.000000000000000000e+00 0.000000000000000000e+00 0.000000000000000000e+00 1.000000000000000000e+10
4.244511359005219142e-01 1.549296443777494687e+02 8.931039546277270347e+01 4.274908957527246400e+01 2.178982634245672512e-01 1.249251783988333671e+02 7.875581129272795631e-28 6.305503591194514032e-28 1.705572649732965604e-28 5.005169348441863564e-01 2.724665985119981602e-28 1.000000000000000000e+00 0.000000000000000000e+00 0.000000000000000000e+00 0.000000000000000000e+00 1.000000000000000000e+00 1.000000000000000000e+10 0.000000000000000000e+00 0.000000000000000000e+00 0.000000000000000000e+00 1.000000000000000000e+10
4.895148829774688681e-01 1.187088056802163436e+02 6.381658920523129552e+01 3.181305176934316137e+01 2.263235514072360344e-01 9.496798725286957676e+01 7.021285727769387490e-28 5.360632218205201005e-28 1.301920648568667655e-28 5.445487005502084310e-01 2.006804017173993423e-28 1.000000000000000000e+00 0.000000000000000000e+00 0.000000000000000000e+00 0.000000000000000000e+00 1.000000000000000000e+00 1.000000000000000000e+10 0.000000000000000000e+00 0.000000000000000000e+00 0.000000000000000000e+00 1.000000000000000000e+10
5.645521955031491679e-01 9.943727023098107054e+01 6.626636105684725919e+01 2.945856655071222718e+01 2.544345696562072545e-01 7.570547353320388595e+01 7.339537341846676331e-28 4.882590039601260715e-28 9.167053384261773732e-29 6.186472234697376615e-01 1.382049757943777006e-28 1.000000000000000000e+00 0.000000000000000000e+00 0.000000000000000000e+00 0.000000000000000000e+00 1.000000000000000000e+00 1.000000000000000000e+10 0.000000000000000000e+00 0.000000000000000000e+00 0.000000000000000000e+00 1.000000000000000000e+10
6.510919126887823039e-01 9.075489127376476972e+01 8.177274358454033631e+01 2.515647489833104089e+01 2.978975962067046401e-01 6.096215094269575729e+01 7.624827325854879720e-28 6.332283906661451449e-28 4.938433692882733026e-29 7.073625230513630457e-01 8.096986577461951796e-29 1.000000000000000000e+00 0.000000000000000000e+00 0.000000000000000000e+00 0.000000000000000000e+00 1.000000000000000000e+00 1.000000000000000000e+10 0.000000000000000000e+00 0.000000000000000000e+00 0.000000000000000000e+00 1.000000000000000000e+10
7.508972281844089602e-01 8.042223152250626583e+01 8.044093175987626410e+01 1.900299423684501576e+01 3.211925241876976145e-01 4.867748348208530729e+01 7.059144776643015677e-28 5.389013336493900279e-28 4.844579349547940792e-29 7.598909973458157774e-01 6.953582851551350119e-29 1.000000000000000000e+00 0.000000000000000000e+00 0.000000000000000000e+00 0.000000000000000000e+00 1.000000000000000000e+00 1.000000000000000000e+10 0.000000000000000000e+00 0.000000000000000000e+00 0.000000000000000000e+00 1.000000000000000000e+10
8.660016140678794550e-01 6.447064114012040648e+01 5.407210684157198699e+01 2.009165581452557703e+01 2.993026391220333093e-01 4.544834297649638444e+01 5.477443980692524545e-28 4.703533649502528888e-28 4.427755771284139279e-29 7.618186330847802612e-01 6.063808620850284190e-29 1.000000000000000000e+00 0.000000000000000000e+00 0.000000000000000000e+00 0.000000000000000000e+00 1.000000000000000000e+00 1.000000000000000000e+10 0.000000000000000000e+00 0.000000000000000000e+00 0.000000000000000000e+00 1.000000000000000000e+10
9.987502515910116063e-01 5.422160874409689768e+01 4.876290786621672169e+01 1.575304830589747951e+01 2.867078282516232202e-01 3.798656337383516757e+01 5.448730280461425037e-28 4.591595687946299859e-28 4.313219148430688177e-29 7.701715688653955061e-01 5.446376336320280425e-29 1.000000000000000000e+00 0.000000000000000000e+00 0.000000000000000000e+00 0.000000000000000000e+00 1.000000000000000000e+00 1.000000000000000000e+10 0.000000000000000000e+00 0.000000000000000000e+00 0.000000000000000000e+00 1.000000000000000000e+10
1.151847812808953542e+00 4.967033115931612741e+01 3.880523171687231354e+01 1.639474947900490065e+01 2.945998486094366653e-01 3.622765583555579383e+01 6.789856930811937112e-28 4.315424420231115182e-28 4.776332316932579216e-29 8.010679131957213484e-01 5.816420047714426288e-29 1.000000000000000000e+00 0.000000000000000000e+00 0.000000000000000000e+00 0.000000000000000000e+00 1.000000000000000000e+00 1.000000000000000000e+10 0.000000000000000000e+00 0.000000000000000000e+00 0.000000000000000000e+00 1.000000000000000000e+10
1.328413566614123908e+00 4.566173992014486060e+01 3.556435424049165306e+01 1.476915253904433101e+01 2.894673126407131258e-01 3.307610482911000815e+01 7.955845309361778412e-28 4.567956865242086624e-28 3.626822316146651964e-29 7.984144403176169913e-01 4.615242535132059425e-29 1.000000000000000000e+00 0.000000000000000000e+00 0.000000000000000000e+00 0.000000000000000000e+00 1.000000000000000000e+00 1.000000000000000000e+10 0.000000000000000000e+00 0.000000000000000000e+00 0.000000000000000000e+00 1.000000000000000000e+10
1.532044931926391351e+00 4.335659213256089828e+01 4.043602939262937213e+01 1.239847939283941969e+01 2.920507006806458694e-01 2.962353010087966965e+01 1.002482144185916804e-27 3.645963803328584501e-28 3.912082833066583420e-29 7.841701350466876441e-01 4.975217259570002805e-29 1.000000000000000000e+00 0.000000000000000000e+00 0.000000000000000000e+00 0.000000000000000000e+00 1.000000000000000000e+00 1.000000000000000000e+10 0.000000000000000000e+00 0.000000000000000000e+00 0.000000000000000000e+00 1.000000000000000000e+10
1.766890772896739126e+00 3.747546474738572897e+01 2.372146868773433326e+01 1.318788417712084282e+01 2.641714104688046572e-01 2.919829378701445322e+01 7.669154120566074070e-28 2.920357048836975415e-28 5.033177624071946808e-29 7.352569994292107447e-01 6.201158411544583213e-29 1.000000000000000000e+00 0.000000000000000000e+00 0.000000000000000000e+00 0.000000000000000000e+00 1.000000000000000000e+00 1.000000000000000000e+10 0.000000000000000000e+00 0.000000000000000000e+00 0.000000000000000000e+00 1.000000000000000000e+10
2.037735929469222107e+00 3.264055319237750297e+01 2.374214824671894064e+01 1.050495428438088474e+01 2.463325380880616866e-01 2.591784736928831734e+01 4.044009434853420678e-28 2.516172184632233509e-28 3.535519387108304362e-29 7.070570445469047671e-01 4.727036788528450653e-29 1.000000000000000000e+00 0.000000000000000000e+00 0.000000000000000000e+00 0.000000000000000000e+00 1.000000000000000000e+00 1.000000000000000000e+10 0.000000000000000000e+00 0.000000000000000000e+00 0.000000000000000000e+00 1.000000000000000000e+10
2.350098705559579226e+00 3.091163352672626985e+01 2.562887398736929612e+01 7.890146078049365741e+00 2.419786775981960791e-01 2.333029572098530480e+01 3.024550320629073608e-28 2.375219775663083805e-28 4.086841082570899232e-29 6.814053236318095008e-01 5.555895965939892895e-29 1.000000000000000000e+00 0.000000000000000000e+00 0.000000000000000000e+00 0.000000000000000000e+00 1.000000000000000000e+00 1.000000000000000000e+10 0.000000000000000000e+00 0.000000000000000000e+00 0.000000000000000000e+00 1.000000000000000000e+10
