# R (Mpc), mean rho (Msol/kpc^3), errup (Msol/kpc^3), errlow, std, median rho (Msol/kpc^3), mean pth (Msol/kpc/s^2), errup(Msol/kpc/s^2), errlow, std, median pth (Msol/kpc/s^2), mean gas-mass-weighted metal (fraction), errup, errlow, std, median metal, mean gas-mass-weighted temp (K), errup, errlow, std, median temp  
#  nprofs 177, mean mh 543941845193.641785, median mh 498087085353.832520 
#  Mass range 11.50 - 12.0
1.040961082911032697e-02 3.608206476321996306e+05 2.079081992676150985e+05 1.338213716354182106e+05 2.394456882180688861e-01 3.218442343526218319e+05 3.083389489705267731e-25 4.557483741168641659e-25 8.123466718012622987e-26 5.622432888877266777e-01 1.123552748124445528e-25 1.000000000000000000e+00 0.000000000000000000e+00 0.000000000000000000e+00 0.000000000000000000e+00 1.000000000000000000e+00 1.000000000000000000e+10 0.000000000000000000e+00 0.000000000000000000e+00 0.000000000000000000e+00 1.000000000000000000e+10
1.200529105910367808e-02 2.795124896830428625e+05 1.964043166965775599e+05 1.133751953031671874e+05 2.583736616889695803e-01 2.364797316509706143e+05 2.958750390888564179e-25 4.009273363222711724e-25 1.050285612631682415e-25 5.475098262902039492e-01 1.372297332965238813e-25 1.000000000000000000e+00 0.000000000000000000e+00 0.000000000000000000e+00 0.000000000000000000e+00 1.000000000000000000e+00 1.000000000000000000e+10 0.000000000000000000e+00 0.000000000000000000e+00 0.000000000000000000e+00 1.000000000000000000e+10
1.384557172980430476e-02 2.113308445896579069e+05 1.335178855195740471e+05 9.541837923263832636e+04 2.725684843268880719e-01 1.877994950873794733e+05 2.600374427880304617e-25 2.641090503342805222e-25 1.327167819025805208e-25 4.523493944570338154e-01 1.835539040208586782e-25 1.000000000000000000e+00 0.000000000000000000e+00 0.000000000000000000e+00 0.000000000000000000e+00 1.000000000000000000e+00 1.000000000000000000e+10 0.000000000000000000e+00 0.000000000000000000e+00 0.000000000000000000e+00 1.000000000000000000e+10
1.596794743096121086e-02 1.506711967366753670e+05 9.037338255893517635e+04 7.700406670701631811e+04 2.796503711145343352e-01 1.380282265698309347e+05 2.504781283755671582e-25 2.044090846867593341e-25 1.089362773379408124e-25 4.000755717790322463e-01 1.793350814958817603e-25 1.000000000000000000e+00 0.000000000000000000e+00 0.000000000000000000e+00 0.000000000000000000e+00 1.000000000000000000e+00 1.000000000000000000e+10 0.000000000000000000e+00 0.000000000000000000e+00 0.000000000000000000e+00 1.000000000000000000e+10
1.841566026551830909e-02 1.051226821506355482e+05 5.897177212421326840e+04 5.082423471809187322e+04 2.906241673071919274e-01 9.477340853616547247e+04 2.373170086417683280e-25 1.937308073403430431e-25 1.096052733882766298e-25 3.815694865509244860e-01 1.837576357100329997e-25 1.000000000000000000e+00 0.000000000000000000e+00 0.000000000000000000e+00 0.000000000000000000e+00 1.000000000000000000e+00 1.000000000000000000e+10 0.000000000000000000e+00 0.000000000000000000e+00 0.000000000000000000e+00 1.000000000000000000e+10
2.123858088093512342e-02 7.182760330077806429e+04 4.879192030409939616e+04 3.042760592378978981e+04 2.740406500563395964e-01 6.242152400002544891e+04 2.052883636776571023e-25 2.078404002199064050e-25 7.793928483490126265e-26 3.475026307901959433e-01 1.456116430944139683e-25 1.000000000000000000e+00 0.000000000000000000e+00 0.000000000000000000e+00 0.000000000000000000e+00 1.000000000000000000e+00 1.000000000000000000e+10 0.000000000000000000e+00 0.000000000000000000e+00 0.000000000000000000e+00 1.000000000000000000e+10
2.449422455303571639e-02 4.923280371670978639e+04 3.089318152903523878e+04 2.386883438912458587e+04 2.658288400750328240e-01 4.509562218703939288e+04 1.770022624529086372e-25 1.382436469820080071e-25 6.967771774165110617e-26 3.191509760777657134e-01 1.370864155257093492e-25 1.000000000000000000e+00 0.000000000000000000e+00 0.000000000000000000e+00 0.000000000000000000e+00 1.000000000000000000e+00 1.000000000000000000e+10 0.000000000000000000e+00 0.000000000000000000e+00 0.000000000000000000e+00 1.000000000000000000e+10
2.824892302447100725e-02 3.447653261269023642e+04 2.282798273231738131e+04 1.267361298824739606e+04 2.517513858183616504e-01 2.889400918946210732e+04 1.368277529291285745e-25 1.052795186506034107e-25 5.166409438496633021e-26 2.952978397951335210e-01 1.074435146331483591e-25 1.000000000000000000e+00 0.000000000000000000e+00 0.000000000000000000e+00 0.000000000000000000e+00 1.000000000000000000e+00 1.000000000000000000e+10 0.000000000000000000e+00 0.000000000000000000e+00 0.000000000000000000e+00 1.000000000000000000e+10
3.257917597328415654e-02 2.443000756390738388e+04 1.659632420113521221e+04 8.793029419686972687e+03 2.489361988198713072e-01 2.082587565646391158e+04 1.096690649568143344e-25 9.877027299666845005e-26 4.406424803069967556e-26 2.853518592542691468e-01 8.905974872943241654e-26 1.000000000000000000e+00 0.000000000000000000e+00 0.000000000000000000e+00 0.000000000000000000e+00 1.000000000000000000e+00 1.000000000000000000e+10 0.000000000000000000e+00 0.000000000000000000e+00 0.000000000000000000e+00 1.000000000000000000e+10
3.757320964692217186e-02 1.789440378283764949e+04 1.062977839988646519e+04 6.475834947168033978e+03 2.370222355916774548e-01 1.508871856201750052e+04 9.696506978215421239e-26 7.490153707450423716e-26 3.784224982012128340e-26 2.761003585357545975e-01 7.867527794534217093e-26 1.000000000000000000e+00 0.000000000000000000e+00 0.000000000000000000e+00 0.000000000000000000e+00 1.000000000000000000e+00 1.000000000000000000e+10 0.000000000000000000e+00 0.000000000000000000e+00 0.000000000000000000e+00 1.000000000000000000e+10
4.333277441790538143e-02 1.292435439966128069e+04 8.161098129290759971e+03 4.378747919077606639e+03 2.207673160598937756e-01 1.113848569199568374e+04 7.811215811844775149e-26 5.878398483392095377e-26 2.964542530049554675e-26 2.620780365080889185e-01 6.431212131229653755e-26 1.000000000000000000e+00 0.000000000000000000e+00 0.000000000000000000e+00 0.000000000000000000e+00 1.000000000000000000e+00 1.000000000000000000e+10 0.000000000000000000e+00 0.000000000000000000e+00 0.000000000000000000e+00 1.000000000000000000e+10
4.997521788524898756e-02 9.899932283738946353e+03 5.315683777577773071e+03 2.956586950363032884e+03 2.026852014889460596e-01 8.654307825243353363e+03 6.544552006352821630e-26 4.832038796833617542e-26 2.226255170674552769e-26 2.627567464387716711e-01 5.107105539449339814e-26 1.000000000000000000e+00 0.000000000000000000e+00 0.000000000000000000e+00 0.000000000000000000e+00 1.000000000000000000e+00 1.000000000000000000e+10 0.000000000000000000e+00 0.000000000000000000e+00 0.000000000000000000e+00 1.000000000000000000e+10
5.763587575980636674e-02 7.542901482893238608e+03 4.190138386571210503e+03 2.168317933087820165e+03 1.827033844872374413e-01 6.807670773143201586e+03 5.350819893167103085e-26 3.874296339648232588e-26 1.932046762502219486e-26 2.638166746433495136e-01 4.218977275792790224e-26 1.000000000000000000e+00 0.000000000000000000e+00 0.000000000000000000e+00 0.000000000000000000e+00 1.000000000000000000e+00 1.000000000000000000e+10 0.000000000000000000e+00 0.000000000000000000e+00 0.000000000000000000e+00 1.000000000000000000e+10
6.647082924635627776e-02 5.897375521991412825e+03 2.849321011017527780e+03 1.810032787087366160e+03 1.720442004124105584e-01 5.436870729137701346e+03 4.340307162048263091e-26 3.602822433092528581e-26 1.578770243039707591e-26 2.673199122153449014e-01 3.334419526030029404e-26 1.000000000000000000e+00 0.000000000000000000e+00 0.000000000000000000e+00 0.000000000000000000e+00 1.000000000000000000e+00 1.000000000000000000e+10 0.000000000000000000e+00 0.000000000000000000e+00 0.000000000000000000e+00 1.000000000000000000e+10
7.666008510240249207e-02 4.730357780885933607e+03 2.027275352395700793e+03 1.454670657943669994e+03 1.709387591852724875e-01 4.409314123153862965e+03 3.368773473928527383e-26 2.948096904427179257e-26 1.310043665332332475e-26 2.707581446899360311e-01 2.686971169318460428e-26 1.000000000000000000e+00 0.000000000000000000e+00 0.000000000000000000e+00 0.000000000000000000e+00 1.000000000000000000e+00 1.000000000000000000e+10 0.000000000000000000e+00 0.000000000000000000e+00 0.000000000000000000e+00 1.000000000000000000e+10
8.841124316543315376e-02 3.843473270868878444e+03 2.013522723980519459e+03 1.248598758172965063e+03 1.861143738661036884e-01 3.492879655286832985e+03 2.581892181981360077e-26 2.403119745947646509e-26 1.054185439554140697e-26 2.846513189624692575e-01 2.039108641065549534e-26 1.000000000000000000e+00 0.000000000000000000e+00 0.000000000000000000e+00 0.000000000000000000e+00 1.000000000000000000e+00 1.000000000000000000e+10 0.000000000000000000e+00 0.000000000000000000e+00 0.000000000000000000e+00 1.000000000000000000e+10
1.019637260722580097e-01 2.968622074700786015e+03 1.462565813358358355e+03 9.459290370707035436e+02 1.758002172737582469e-01 2.741133460497083433e+03 1.921243343247922536e-26 1.812361244583859954e-26 7.342022791325342724e-27 2.883298546552721109e-01 1.479389643377958298e-26 1.000000000000000000e+00 0.000000000000000000e+00 0.000000000000000000e+00 0.000000000000000000e+00 1.000000000000000000e+00 1.000000000000000000e+10 0.000000000000000000e+00 0.000000000000000000e+00 0.000000000000000000e+00 1.000000000000000000e+10
1.175936573483598035e-01 2.303070179056542656e+03 1.125651765540059841e+03 7.818880715252039408e+02 1.776489072001000424e-01 2.144695165092805382e+03 1.394626488449698044e-26 1.272596930657792928e-26 5.969517970037442496e-27 2.974830488524531913e-01 1.122059778394456409e-26 1.000000000000000000e+00 0.000000000000000000e+00 0.000000000000000000e+00 0.000000000000000000e+00 1.000000000000000000e+00 1.000000000000000000e+10 0.000000000000000000e+00 0.000000000000000000e+00 0.000000000000000000e+00 1.000000000000000000e+10
1.356194872553388164e-01 1.780001962959367120e+03 9.068575422952778808e+02 6.103442489645299247e+02 1.837117908985853587e-01 1.669274445597971180e+03 9.963321248970977063e-27 8.866571728613815081e-27 4.366230209628075999e-27 3.072507389772793363e-01 7.996164742547333505e-27 1.000000000000000000e+00 0.000000000000000000e+00 0.000000000000000000e+00 0.000000000000000000e+00 1.000000000000000000e+00 1.000000000000000000e+10 0.000000000000000000e+00 0.000000000000000000e+00 0.000000000000000000e+00 1.000000000000000000e+10
1.564084810196403053e-01 1.332248229751898180e+03 6.391219423914174058e+02 4.872918664286396506e+02 1.845396021914718354e-01 1.256612074432879353e+03 6.962859395966840806e-27 5.622641066639510265e-27 3.273280643752321731e-27 3.217300267029235550e-01 5.653313088327483488e-27 1.000000000000000000e+00 0.000000000000000000e+00 0.000000000000000000e+00 0.000000000000000000e+00 1.000000000000000000e+00 1.000000000000000000e+10 0.000000000000000000e+00 0.000000000000000000e+00 0.000000000000000000e+00 1.000000000000000000e+10
1.803842016362447453e-01 9.947669485343517408e+02 4.985542765168880806e+02 3.658299217645856061e+02 1.867699305487280081e-01 9.258218505359358232e+02 4.877117158968467973e-27 4.278068199912183671e-27 2.049585857259565211e-27 3.392404009628157691e-01 3.569890972623468169e-27 1.000000000000000000e+00 0.000000000000000000e+00 0.000000000000000000e+00 0.000000000000000000e+00 1.000000000000000000e+00 1.000000000000000000e+10 0.000000000000000000e+00 0.000000000000000000e+00 0.000000000000000000e+00 1.000000000000000000e+10
2.080351397048574025e-01 7.302457617176809208e+02 4.098859965531655689e+02 2.639571800647207169e+02 1.886600646742989940e-01 6.728750300960066397e+02 3.385553402838063269e-27 3.132862491593827620e-27 1.395328368919604858e-27 3.572748988358465105e-01 2.376742413729367317e-27 1.000000000000000000e+00 0.000000000000000000e+00 0.000000000000000000e+00 0.000000000000000000e+00 1.000000000000000000e+00 1.000000000000000000e+10 0.000000000000000000e+00 0.000000000000000000e+00 0.000000000000000000e+00 1.000000000000000000e+10
2.399246661262133540e-01 5.368860528439445261e+02 2.755299821320610363e+02 1.732052479321804981e+02 1.878575645986174103e-01 4.916820906496832322e+02 2.374874778018546665e-27 2.185433600240932288e-27 9.181061713192470340e-28 3.751634245913864074e-01 1.534148404616080460e-27 1.000000000000000000e+00 0.000000000000000000e+00 0.000000000000000000e+00 0.000000000000000000e+00 1.000000000000000000e+00 1.000000000000000000e+10 0.000000000000000000e+00 0.000000000000000000e+00 0.000000000000000000e+00 1.000000000000000000e+10
2.767025104385807399e-01 3.976191764614018780e+02 1.732807854277873503e+02 1.321659759284177653e+02 1.945803071328095213e-01 3.547764919478527190e+02 1.716256365168410757e-27 1.347718786400389113e-27 5.783418061341943885e-28 3.985424389939200562e-01 9.670342026642348113e-28 1.000000000000000000e+00 0.000000000000000000e+00 0.000000000000000000e+00 0.000000000000000000e+00 1.000000000000000000e+00 1.000000000000000000e+10 0.000000000000000000e+00 0.000000000000000000e+00 0.000000000000000000e+00 1.000000000000000000e+10
3.191179986585286343e-01 2.846640151193265069e+02 1.098210631576571359e+02 9.818715551258429741e+01 1.918298273579154278e-01 2.581713258160063447e+02 1.260652858124792087e-27 9.741344160062347409e-28 4.040865713850378173e-28 4.239396526665629716e-01 6.485688776460410883e-28 1.000000000000000000e+00 0.000000000000000000e+00 0.000000000000000000e+00 0.000000000000000000e+00 1.000000000000000000e+00 1.000000000000000000e+10 0.000000000000000000e+00 0.000000000000000000e+00 0.000000000000000000e+00 1.000000000000000000e+10
3.680353203388414540e-01 2.094291561753828717e+02 1.108140240699052299e+02 5.328633032797006308e+01 1.934069733302625771e-01 1.730986984002642259e+02 9.895833216535482784e-28 7.652962540786463318e-28 2.614674242379411242e-28 4.539575697203103166e-01 4.126435478633460589e-28 1.000000000000000000e+00 0.000000000000000000e+00 0.000000000000000000e+00 0.000000000000000000e+00 1.000000000000000000e+00 1.000000000000000000e+10 0.000000000000000000e+00 0.000000000000000000e+00 0.000000000000000000e+00 1.000000000000000000e+10
4.244511359005219142e-01 1.634823732672027177e+02 8.662391874993301144e+01 4.443243227691004904e+01 2.098843907756830773e-01 1.320507586616618880e+02 8.520175137704798680e-28 6.726867185094597779e-28 1.720612149868469314e-28 4.917556848581534634e-01 2.865468631892010644e-28 1.000000000000000000e+00 0.000000000000000000e+00 0.000000000000000000e+00 0.000000000000000000e+00 1.000000000000000000e+00 1.000000000000000000e+10 0.000000000000000000e+00 0.000000000000000000e+00 0.000000000000000000e+00 1.000000000000000000e+10
4.895148829774688681e-01 1.253094425605607825e+02 6.883179582780019246e+01 3.375065650239035620e+01 2.207156906523169704e-01 1.002130045936578995e+02 7.409298043325853124e-28 4.913001293329470910e-28 1.301674070480562002e-28 5.354571536472911841e-01 1.966885834995897650e-28 1.000000000000000000e+00 0.000000000000000000e+00 0.000000000000000000e+00 0.000000000000000000e+00 1.000000000000000000e+00 1.000000000000000000e+10 0.000000000000000000e+00 0.000000000000000000e+00 0.000000000000000000e+00 1.000000000000000000e+10
5.645521955031491679e-01 1.013896805607695057e+02 7.081358143790484405e+01 2.964755067158930046e+01 2.451467112995352471e-01 7.897420626920023778e+01 6.860458518800320582e-28 4.874592545932815442e-28 8.735017108390182046e-29 5.981581913921943938e-01 1.324955435765131914e-28 1.000000000000000000e+00 0.000000000000000000e+00 0.000000000000000000e+00 0.000000000000000000e+00 1.000000000000000000e+00 1.000000000000000000e+10 0.000000000000000000e+00 0.000000000000000000e+00 0.000000000000000000e+00 1.000000000000000000e+10
6.510919126887823039e-01 9.199255821886301021e+01 7.575425363831178061e+01 2.616184475319300873e+01 2.924425058135156630e-01 6.366376881975379121e+01 7.288441395759038004e-28 5.578613470310828247e-28 6.218940735441361735e-29 6.871451006064682732e-01 9.091360610545492439e-29 1.000000000000000000e+00 0.000000000000000000e+00 0.000000000000000000e+00 0.000000000000000000e+00 1.000000000000000000e+00 1.000000000000000000e+10 0.000000000000000000e+00 0.000000000000000000e+00 0.000000000000000000e+00 1.000000000000000000e+10
7.508972281844089602e-01 7.974539112486908721e+01 8.387493654673534138e+01 1.723266974817422792e+01 3.155832269089816622e-01 4.832392708999628894e+01 8.379992944137736155e-28 5.296272639172059616e-28 4.994201650054329320e-29 7.549468178369818094e-01 7.117735458571284011e-29 1.000000000000000000e+00 0.000000000000000000e+00 0.000000000000000000e+00 0.000000000000000000e+00 1.000000000000000000e+00 1.000000000000000000e+10 0.000000000000000000e+00 0.000000000000000000e+00 0.000000000000000000e+00 1.000000000000000000e+10
8.660016140678794550e-01 6.919880841943748351e+01 5.595814793254966446e+01 1.714903786947294506e+01 3.155313485358903769e-01 4.320131585172732969e+01 9.659782407047083822e-28 3.477402189900220657e-28 4.007631875827285540e-29 7.890288440242617662e-01 5.671883587943983123e-29 1.000000000000000000e+00 0.000000000000000000e+00 0.000000000000000000e+00 0.000000000000000000e+00 1.000000000000000000e+00 1.000000000000000000e+10 0.000000000000000000e+00 0.000000000000000000e+00 0.000000000000000000e+00 1.000000000000000000e+10
9.987502515910116063e-01 5.915892197709485600e+01 5.267679128834012658e+01 1.647065030141736841e+01 3.081806961810069079e-01 3.871699491808878690e+01 1.257419166292984623e-27 3.874525991150711808e-28 3.963346953358136561e-29 8.152769037401487173e-01 5.140810165853620779e-29 1.000000000000000000e+00 0.000000000000000000e+00 0.000000000000000000e+00 0.000000000000000000e+00 1.000000000000000000e+00 1.000000000000000000e+10 0.000000000000000000e+00 0.000000000000000000e+00 0.000000000000000000e+00 1.000000000000000000e+10
1.151847812808953542e+00 5.548052954134427495e+01 4.224709186599527300e+01 1.429935974169141133e+01 3.208194549638818116e-01 3.440314579049896793e+01 1.797587972038944697e-27 3.678462868036248771e-28 3.745790057531246858e-29 8.540085640221698471e-01 4.708887494389655208e-29 1.000000000000000000e+00 0.000000000000000000e+00 0.000000000000000000e+00 0.000000000000000000e+00 1.000000000000000000e+00 1.000000000000000000e+10 0.000000000000000000e+00 0.000000000000000000e+00 0.000000000000000000e+00 1.000000000000000000e+10
1.328413566614123908e+00 5.274229348588856681e+01 4.689553864142646944e+01 1.242371425660867601e+01 3.186670725219259426e-01 3.089246033100764421e+01 2.249377964580396530e-27 4.373665734826942161e-28 2.987457342418271551e-29 8.575856220312927380e-01 3.985032123005280289e-29 1.000000000000000000e+00 0.000000000000000000e+00 0.000000000000000000e+00 0.000000000000000000e+00 1.000000000000000000e+00 1.000000000000000000e+10 0.000000000000000000e+00 0.000000000000000000e+00 0.000000000000000000e+00 1.000000000000000000e+10
1.532044931926391351e+00 4.848068941036698476e+01 4.416127948923855229e+01 1.214071106378411713e+01 3.156449635110978869e-01 2.893028569937402850e+01 1.883678048052243247e-27 3.932798259679379358e-28 3.040697552329520052e-29 8.365687091495482841e-01 4.039547116887704589e-29 1.000000000000000000e+00 0.000000000000000000e+00 0.000000000000000000e+00 0.000000000000000000e+00 1.000000000000000000e+00 1.000000000000000000e+10 0.000000000000000000e+00 0.000000000000000000e+00 0.000000000000000000e+00 1.000000000000000000e+10
1.766890772896739126e+00 4.028035808341113011e+01 2.715321022676034701e+01 1.162417283737088525e+01 2.868705403612636928e-01 2.775982381885937755e+01 1.119716972187406464e-27 2.903328348107992081e-28 4.053662678533915456e-29 7.903631038143223986e-01 4.936219225295456889e-29 1.000000000000000000e+00 0.000000000000000000e+00 0.000000000000000000e+00 0.000000000000000000e+00 1.000000000000000000e+00 1.000000000000000000e+10 0.000000000000000000e+00 0.000000000000000000e+00 0.000000000000000000e+00 1.000000000000000000e+10
2.037735929469222107e+00 3.303439538297886457e+01 2.629452283269003843e+01 9.449519204541589446e+00 2.554144145756294670e-01 2.515396614787958285e+01 4.485355693574706098e-28 2.417272412665341073e-28 2.639233855868882765e-29 7.271638847983377119e-01 3.735044096212651444e-29 1.000000000000000000e+00 0.000000000000000000e+00 0.000000000000000000e+00 0.000000000000000000e+00 1.000000000000000000e+00 1.000000000000000000e+10 0.000000000000000000e+00 0.000000000000000000e+00 0.000000000000000000e+00 1.000000000000000000e+10
2.350098705559579226e+00 3.073404272640504686e+01 2.764362142941380185e+01 7.198196211846173753e+00 2.454027991614305682e-01 2.278154296079155117e+01 2.859982013819156653e-28 1.985596021516504921e-28 3.477838135413744150e-29 7.034053601707519476e-01 4.711224051779520852e-29 1.000000000000000000e+00 0.000000000000000000e+00 0.000000000000000000e+00 0.000000000000000000e+00 1.000000000000000000e+00 1.000000000000000000e+10 0.000000000000000000e+00 0.000000000000000000e+00 0.000000000000000000e+00 1.000000000000000000e+10
