# R (Mpc), mean rho (Msol/kpc^3), errup (Msol/kpc^3), errlow, std, median rho (Msol/kpc^3), mean pth (Msol/kpc/s^2), errup(Msol/kpc/s^2), errlow, std, median pth (Msol/kpc/s^2), mean gas-mass-weighted metal (fraction), errup, errlow, std, median metal, mean gas-mass-weighted temp (K), errup, errlow, std, median temp  
#  nprofs 241, mean mh 210534335392.263000, median mh 198132042166.480103 
#  Mass range 11.00 - 11.5
1.040961082911032697e-02 1.803103604038376361e+05 1.113659033657787077e+05 6.853980708936462179e+04 2.375817772461663591e-01 1.599795697889718867e+05 8.463557469617036272e-26 1.056389522731969868e-25 1.503981756387447106e-26 4.753512064971027185e-01 3.028123931313462262e-26 1.000000000000000000e+00 0.000000000000000000e+00 0.000000000000000000e+00 0.000000000000000000e+00 1.000000000000000000e+00 1.000000000000000000e+10 0.000000000000000000e+00 0.000000000000000000e+00 0.000000000000000000e+00 1.000000000000000000e+10
1.200529105910367808e-02 1.457481035301892553e+05 9.456160703266892233e+04 6.147455874930926075e+04 2.502271144707698403e-01 1.315705872579516144e+05 9.139149771063746694e-26 1.469404971076081195e-25 2.097692283229190014e-26 4.838888826887705608e-01 3.688149748125996018e-26 1.000000000000000000e+00 0.000000000000000000e+00 0.000000000000000000e+00 0.000000000000000000e+00 1.000000000000000000e+00 1.000000000000000000e+10 0.000000000000000000e+00 0.000000000000000000e+00 0.000000000000000000e+00 1.000000000000000000e+10
1.384557172980430476e-02 1.115471288512487081e+05 8.425339577943633776e+04 4.489845930409422726e+04 2.668977090339830216e-01 9.427682705736043863e+04 9.511004196577541089e-26 1.376529169858734404e-25 2.433036782813898145e-26 4.715343730474975126e-01 4.152663193087421240e-26 1.000000000000000000e+00 0.000000000000000000e+00 0.000000000000000000e+00 0.000000000000000000e+00 1.000000000000000000e+00 1.000000000000000000e+10 0.000000000000000000e+00 0.000000000000000000e+00 0.000000000000000000e+00 1.000000000000000000e+10
1.596794743096121086e-02 8.395240954479342327e+04 6.989186810926008911e+04 2.798993484147464915e+04 2.795756147561232474e-01 6.748392512607677781e+04 7.030813900580174264e-26 7.083613780572658342e-26 3.214895260719485190e-26 3.918600381941627631e-01 4.970798669337734119e-26 1.000000000000000000e+00 0.000000000000000000e+00 0.000000000000000000e+00 0.000000000000000000e+00 1.000000000000000000e+00 1.000000000000000000e+10 0.000000000000000000e+00 0.000000000000000000e+00 0.000000000000000000e+00 1.000000000000000000e+10
1.841566026551830909e-02 5.926865819675747480e+04 4.476486962055541517e+04 2.635629715514176860e+04 3.070814946288862313e-01 5.072990962170348212e+04 5.866092476824100377e-26 5.431218564056195417e-26 2.214580816669619641e-26 3.728987711326934851e-01 4.041296105812094054e-26 1.000000000000000000e+00 0.000000000000000000e+00 0.000000000000000000e+00 0.000000000000000000e+00 1.000000000000000000e+00 1.000000000000000000e+10 0.000000000000000000e+00 0.000000000000000000e+00 0.000000000000000000e+00 1.000000000000000000e+10
2.123858088093512342e-02 4.197882800986745133e+04 3.082622473801029992e+04 1.835967973745781637e+04 2.971855787099264012e-01 3.515355811884077411e+04 5.239964904478951599e-26 3.939613467139123192e-26 2.154784311849430458e-26 3.160505989813611749e-01 4.073756647072077741e-26 1.000000000000000000e+00 0.000000000000000000e+00 0.000000000000000000e+00 0.000000000000000000e+00 1.000000000000000000e+00 1.000000000000000000e+10 0.000000000000000000e+00 0.000000000000000000e+00 0.000000000000000000e+00 1.000000000000000000e+10
2.449422455303571639e-02 2.765271817576092144e+04 2.249401706292980816e+04 1.079737289715645602e+04 2.954592884786997331e-01 2.239697763833204226e+04 4.037433826349093152e-26 3.033055637572964376e-26 1.703965164479478963e-26 3.069815991861354343e-01 3.125277300717616367e-26 1.000000000000000000e+00 0.000000000000000000e+00 0.000000000000000000e+00 0.000000000000000000e+00 1.000000000000000000e+00 1.000000000000000000e+10 0.000000000000000000e+00 0.000000000000000000e+00 0.000000000000000000e+00 1.000000000000000000e+10
2.824892302447100725e-02 1.792906275476167502e+04 1.382497068026666602e+04 6.079870231918468562e+03 2.705403953457742872e-01 1.429544172500932473e+04 3.170625336139906728e-26 2.155912941299582212e-26 1.123553289512456077e-26 2.539022458122907056e-01 2.609904618556449058e-26 1.000000000000000000e+00 0.000000000000000000e+00 0.000000000000000000e+00 0.000000000000000000e+00 1.000000000000000000e+00 1.000000000000000000e+10 0.000000000000000000e+00 0.000000000000000000e+00 0.000000000000000000e+00 1.000000000000000000e+10
3.257917597328415654e-02 1.145832850815041274e+04 7.569178939077961331e+03 4.008324759084703146e+03 2.591147517976950532e-01 9.487540259479234010e+03 2.636936310490809912e-26 1.729673214765327976e-26 1.067607808091763669e-26 2.577406724960306095e-01 2.281463944069527539e-26 1.000000000000000000e+00 0.000000000000000000e+00 0.000000000000000000e+00 0.000000000000000000e+00 1.000000000000000000e+00 1.000000000000000000e+10 0.000000000000000000e+00 0.000000000000000000e+00 0.000000000000000000e+00 1.000000000000000000e+10
3.757320964692217186e-02 7.838580911159483549e+03 5.207680115640891927e+03 2.604579024133185158e+03 2.389684799367057799e-01 6.533389389430735719e+03 2.247334764043612574e-26 1.561366566530537029e-26 8.244172431470433382e-27 2.469404722360083460e-01 1.898796578453341360e-26 1.000000000000000000e+00 0.000000000000000000e+00 0.000000000000000000e+00 0.000000000000000000e+00 1.000000000000000000e+00 1.000000000000000000e+10 0.000000000000000000e+00 0.000000000000000000e+00 0.000000000000000000e+00 1.000000000000000000e+10
4.333277441790538143e-02 5.560354197308839503e+03 3.300213032223293339e+03 1.668343617708951570e+03 2.153610609924813957e-01 4.672123963167632610e+03 1.816522514215995874e-26 9.628520352116076416e-27 7.127884663970326372e-27 2.257594905096257099e-01 1.613459935574905967e-26 1.000000000000000000e+00 0.000000000000000000e+00 0.000000000000000000e+00 0.000000000000000000e+00 1.000000000000000000e+00 1.000000000000000000e+10 0.000000000000000000e+00 0.000000000000000000e+00 0.000000000000000000e+00 1.000000000000000000e+10
4.997521788524898756e-02 3.940010459885526870e+03 2.028486457945712573e+03 1.267317498902838906e+03 1.902949440879422027e-01 3.560050360766833364e+03 1.441906157646011271e-26 8.997248718953289016e-27 4.979218133484896635e-27 2.253173719522340024e-01 1.263468373368506483e-26 1.000000000000000000e+00 0.000000000000000000e+00 0.000000000000000000e+00 0.000000000000000000e+00 1.000000000000000000e+00 1.000000000000000000e+10 0.000000000000000000e+00 0.000000000000000000e+00 0.000000000000000000e+00 1.000000000000000000e+10
5.763587575980636674e-02 3.020113319308414702e+03 1.385585398409803474e+03 9.451750924142093027e+02 1.766188924345811762e-01 2.797213852458927704e+03 1.157863106574041465e-26 7.225213844712832019e-27 3.747004680517187469e-27 2.223256544326606965e-01 9.903409048409407954e-27 1.000000000000000000e+00 0.000000000000000000e+00 0.000000000000000000e+00 0.000000000000000000e+00 1.000000000000000000e+00 1.000000000000000000e+10 0.000000000000000000e+00 0.000000000000000000e+00 0.000000000000000000e+00 1.000000000000000000e+10
6.647082924635627776e-02 2.431009240638500160e+03 1.090541461143281140e+03 6.937611173378259082e+02 1.689783689926585009e-01 2.227615362597757667e+03 8.945171948403487281e-27 5.602958861648290125e-27 3.079301149270441324e-27 2.180230863466412483e-01 7.701151831055965533e-27 1.000000000000000000e+00 0.000000000000000000e+00 0.000000000000000000e+00 0.000000000000000000e+00 1.000000000000000000e+00 1.000000000000000000e+10 0.000000000000000000e+00 0.000000000000000000e+00 0.000000000000000000e+00 1.000000000000000000e+10
7.666008510240249207e-02 1.935116526030757541e+03 8.726128450741887264e+02 5.834984743694142253e+02 1.708580638069537583e-01 1.785563076804631919e+03 6.893707538194117671e-27 4.250819352410792424e-27 2.654169949006574718e-27 2.256626881311393218e-01 6.039185456005507087e-27 1.000000000000000000e+00 0.000000000000000000e+00 0.000000000000000000e+00 0.000000000000000000e+00 1.000000000000000000e+00 1.000000000000000000e+10 0.000000000000000000e+00 0.000000000000000000e+00 0.000000000000000000e+00 1.000000000000000000e+10
8.841124316543315376e-02 1.486159644320974166e+03 6.621213422953335339e+02 4.212067829535525334e+02 1.638570484812870709e-01 1.362059694575682215e+03 5.180684281898550081e-27 3.309566653852229147e-27 1.727517727291708914e-27 2.366044766108742203e-01 4.342235330309196489e-27 1.000000000000000000e+00 0.000000000000000000e+00 0.000000000000000000e+00 0.000000000000000000e+00 1.000000000000000000e+00 1.000000000000000000e+10 0.000000000000000000e+00 0.000000000000000000e+00 0.000000000000000000e+00 1.000000000000000000e+10
1.019637260722580097e-01 1.130945625313328264e+03 4.017821435511234540e+02 3.659642088248449454e+02 1.491242518500995040e-01 1.095427514648182296e+03 3.811296763852690952e-27 2.498227006947139908e-27 1.213961955845358190e-27 2.422367113635068570e-01 3.061623932916074901e-27 1.000000000000000000e+00 0.000000000000000000e+00 0.000000000000000000e+00 0.000000000000000000e+00 1.000000000000000000e+00 1.000000000000000000e+10 0.000000000000000000e+00 0.000000000000000000e+00 0.000000000000000000e+00 1.000000000000000000e+10
1.175936573483598035e-01 8.897754978031857718e+02 3.778612724619881647e+02 2.522214551283386754e+02 1.560154199239920936e-01 8.260969183023498772e+02 2.859209661673755391e-27 1.907336158809608731e-27 9.448205437816496573e-28 2.637674043272528746e-01 2.219276472861688653e-27 1.000000000000000000e+00 0.000000000000000000e+00 0.000000000000000000e+00 0.000000000000000000e+00 1.000000000000000000e+00 1.000000000000000000e+10 0.000000000000000000e+00 0.000000000000000000e+00 0.000000000000000000e+00 1.000000000000000000e+10
1.356194872553388164e-01 6.845010105974275803e+02 2.900470730848816174e+02 1.757769443871903832e+02 1.589767541007540141e-01 6.192563849030999563e+02 2.089330568692905472e-27 1.451459726734959571e-27 6.989867245932182983e-28 2.835875233761938619e-01 1.561843333303189368e-27 1.000000000000000000e+00 0.000000000000000000e+00 0.000000000000000000e+00 0.000000000000000000e+00 1.000000000000000000e+00 1.000000000000000000e+10 0.000000000000000000e+00 0.000000000000000000e+00 0.000000000000000000e+00 1.000000000000000000e+10
1.564084810196403053e-01 5.320656266730323978e+02 2.187562520858406288e+02 1.480323852466363519e+02 1.582854119739051935e-01 4.893515677939323041e+02 1.574770605898759629e-27 1.111914852566330113e-27 5.399007625954577377e-28 3.088213802803033148e-01 1.106402072255505507e-27 1.000000000000000000e+00 0.000000000000000000e+00 0.000000000000000000e+00 0.000000000000000000e+00 1.000000000000000000e+00 1.000000000000000000e+10 0.000000000000000000e+00 0.000000000000000000e+00 0.000000000000000000e+00 1.000000000000000000e+10
1.803842016362447453e-01 4.092161113025922532e+02 1.877356300932369209e+02 1.154465735982540764e+02 1.670876895901759474e-01 3.736655965062490736e+02 1.203664977306690068e-27 9.135502769641983819e-28 4.496227486216402877e-28 3.424596053934437223e-01 8.291297179594079224e-28 1.000000000000000000e+00 0.000000000000000000e+00 0.000000000000000000e+00 0.000000000000000000e+00 1.000000000000000000e+00 1.000000000000000000e+10 0.000000000000000000e+00 0.000000000000000000e+00 0.000000000000000000e+00 1.000000000000000000e+10
2.080351397048574025e-01 3.172258763398649535e+02 1.439674396643277419e+02 9.726030443898861222e+01 1.720458530236746164e-01 2.910880940594875028e+02 9.567882511396915344e-28 7.610433932399348498e-28 3.169913830465927122e-28 3.740588753919560916e-01 5.757145249375162405e-28 1.000000000000000000e+00 0.000000000000000000e+00 0.000000000000000000e+00 0.000000000000000000e+00 1.000000000000000000e+00 1.000000000000000000e+10 0.000000000000000000e+00 0.000000000000000000e+00 0.000000000000000000e+00 1.000000000000000000e+10
2.399246661262133540e-01 2.469620332348512477e+02 1.086535405376101835e+02 6.930473483454068173e+01 1.810829650322940965e-01 2.192346847495525708e+02 7.881692895310262419e-28 6.364200016042976368e-28 2.371343729590745586e-28 4.153951496253426301e-01 4.171280948050348725e-28 1.000000000000000000e+00 0.000000000000000000e+00 0.000000000000000000e+00 0.000000000000000000e+00 1.000000000000000000e+00 1.000000000000000000e+10 0.000000000000000000e+00 0.000000000000000000e+00 0.000000000000000000e+00 1.000000000000000000e+10
2.767025104385807399e-01 1.980529452029622632e+02 1.096800810897543386e+02 5.728328829363729824e+01 1.958712168115502583e-01 1.689174104310973519e+02 7.036470842340301140e-28 5.901421636448417535e-28 1.595019061237295519e-28 4.638466730486880407e-01 2.804566050108617198e-28 1.000000000000000000e+00 0.000000000000000000e+00 0.000000000000000000e+00 0.000000000000000000e+00 1.000000000000000000e+00 1.000000000000000000e+10 0.000000000000000000e+00 0.000000000000000000e+00 0.000000000000000000e+00 1.000000000000000000e+10
3.191179986585286343e-01 1.615982968359442111e+02 9.960413461119046019e+01 3.722186158396871747e+01 2.180102450597062869e-01 1.249382212702242896e+02 6.634646178249585828e-28 5.543439296201937746e-28 1.154178129977145232e-28 5.179975311992903730e-01 1.998583284200702496e-28 1.000000000000000000e+00 0.000000000000000000e+00 0.000000000000000000e+00 0.000000000000000000e+00 1.000000000000000000e+00 1.000000000000000000e+10 0.000000000000000000e+00 0.000000000000000000e+00 0.000000000000000000e+00 1.000000000000000000e+10
3.680353203388414540e-01 1.410056494256373583e+02 9.780210161059545726e+01 3.560132454210355490e+01 2.549489099624782096e-01 1.024440358154676005e+02 6.449760239189923054e-28 5.144195668253264562e-28 1.014712332630732215e-28 5.763571121147359477e-01 1.605489262980953155e-28 1.000000000000000000e+00 0.000000000000000000e+00 0.000000000000000000e+00 0.000000000000000000e+00 1.000000000000000000e+00 1.000000000000000000e+10 0.000000000000000000e+00 0.000000000000000000e+00 0.000000000000000000e+00 1.000000000000000000e+10
4.244511359005219142e-01 1.147108284094242805e+02 7.145070542156392435e+01 2.924333241568641739e+01 2.688156282230372285e-01 8.065126980460027539e+01 6.868724550654329924e-28 4.772673522112285110e-28 7.053764808107243823e-29 6.385666099976576859e-01 1.084203173770837176e-28 1.000000000000000000e+00 0.000000000000000000e+00 0.000000000000000000e+00 0.000000000000000000e+00 1.000000000000000000e+00 1.000000000000000000e+10 0.000000000000000000e+00 0.000000000000000000e+00 0.000000000000000000e+00 1.000000000000000000e+10
4.895148829774688681e-01 9.626123018095110240e+01 7.028639876444657375e+01 2.371603838819957133e+01 2.883216361333023059e-01 6.308454082347162029e+01 6.600559464581040517e-28 4.888054694431876404e-28 5.055740922477280657e-29 6.958421431855127404e-01 7.643264324589543793e-29 1.000000000000000000e+00 0.000000000000000000e+00 0.000000000000000000e+00 0.000000000000000000e+00 1.000000000000000000e+00 1.000000000000000000e+10 0.000000000000000000e+00 0.000000000000000000e+00 0.000000000000000000e+00 1.000000000000000000e+10
5.645521955031491679e-01 8.286070047484487588e+01 7.217575997659106690e+01 1.973368103790580363e+01 3.086095187212948843e-01 5.133125734512361760e+01 5.922266743585443131e-28 4.850644380082985953e-28 4.721247981921829120e-29 7.465913191860982234e-01 6.533569967833946038e-29 1.000000000000000000e+00 0.000000000000000000e+00 0.000000000000000000e+00 0.000000000000000000e+00 1.000000000000000000e+00 1.000000000000000000e+10 0.000000000000000000e+00 0.000000000000000000e+00 0.000000000000000000e+00 1.000000000000000000e+10
6.510919126887823039e-01 6.732784242996899593e+01 6.770640821839509726e+01 1.741743973148564351e+01 3.086562708843699210e-01 4.300553373006363955e+01 5.120373529681079822e-28 4.513591736436719937e-28 3.918626124068004846e-29 7.813581772817896898e-01 5.359065235927714041e-29 1.000000000000000000e+00 0.000000000000000000e+00 0.000000000000000000e+00 0.000000000000000000e+00 1.000000000000000000e+00 1.000000000000000000e+10 0.000000000000000000e+00 0.000000000000000000e+00 0.000000000000000000e+00 1.000000000000000000e+10
7.508972281844089602e-01 5.959112972454132517e+01 5.850804805955025500e+01 1.459090040100337404e+01 3.179023024015378285e-01 3.714504566927782747e+01 4.905254405621008903e-28 5.005278099064473406e-28 3.707197208855672334e-29 8.207447758681601924e-01 4.811516331409064001e-29 1.000000000000000000e+00 0.000000000000000000e+00 0.000000000000000000e+00 0.000000000000000000e+00 1.000000000000000000e+00 1.000000000000000000e+10 0.000000000000000000e+00 0.000000000000000000e+00 0.000000000000000000e+00 1.000000000000000000e+10
8.660016140678794550e-01 5.414626664683410695e+01 5.276003744088060898e+01 1.590837095221761999e+01 3.278587503637777623e-01 3.458563395159939091e+01 4.990537281930877359e-28 5.354940371016886263e-28 4.772300497166844470e-29 8.578733855535323194e-01 5.727934667654392762e-29 1.000000000000000000e+00 0.000000000000000000e+00 0.000000000000000000e+00 0.000000000000000000e+00 1.000000000000000000e+00 1.000000000000000000e+10 0.000000000000000000e+00 0.000000000000000000e+00 0.000000000000000000e+00 1.000000000000000000e+10
9.987502515910116063e-01 5.067303266714955612e+01 4.811908865064449259e+01 1.663108964224348441e+01 3.301928759969567362e-01 3.383845214394121825e+01 5.615372154454569433e-28 3.879046639270569818e-28 3.952177228581056016e-29 8.802798114750540748e-01 4.800506128908849876e-29 1.000000000000000000e+00 0.000000000000000000e+00 0.000000000000000000e+00 0.000000000000000000e+00 1.000000000000000000e+00 1.000000000000000000e+10 0.000000000000000000e+00 0.000000000000000000e+00 0.000000000000000000e+00 1.000000000000000000e+10
1.151847812808953542e+00 4.629338183876974711e+01 4.976142761628980793e+01 1.410635358932676553e+01 3.276391062496033513e-01 3.019027788685489710e+01 6.485146739761759376e-28 4.472929920140917969e-28 3.442163040439001102e-29 8.851853940280614008e-01 4.169306014623949395e-29 1.000000000000000000e+00 0.000000000000000000e+00 0.000000000000000000e+00 0.000000000000000000e+00 1.000000000000000000e+00 1.000000000000000000e+10 0.000000000000000000e+00 0.000000000000000000e+00 0.000000000000000000e+00 1.000000000000000000e+10
1.328413566614123908e+00 4.342973381915108178e+01 3.735589497678538606e+01 1.398897340516026055e+01 3.186401638181744489e-01 2.947603864924646899e+01 8.308109966349522012e-28 4.850478332593459730e-28 4.279414227062162691e-29 8.828088284938070407e-01 5.139352036539775359e-29 1.000000000000000000e+00 0.000000000000000000e+00 0.000000000000000000e+00 0.000000000000000000e+00 1.000000000000000000e+00 1.000000000000000000e+10 0.000000000000000000e+00 0.000000000000000000e+00 0.000000000000000000e+00 1.000000000000000000e+10
1.532044931926391351e+00 4.206844989537334811e+01 3.486689256537232495e+01 1.290705200789597384e+01 3.254000217036329135e-01 2.729298280678152011e+01 1.210491203505773061e-27 4.940017861201983866e-28 3.487214285533894714e-29 9.056355854918187731e-01 4.258011108251951396e-29 1.000000000000000000e+00 0.000000000000000000e+00 0.000000000000000000e+00 0.000000000000000000e+00 1.000000000000000000e+00 1.000000000000000000e+10 0.000000000000000000e+00 0.000000000000000000e+00 0.000000000000000000e+00 1.000000000000000000e+10
1.766890772896739126e+00 4.016292423486200391e+01 3.132328927679593633e+01 1.054547089257229509e+01 3.179217976400335322e-01 2.493565543775456561e+01 1.799541736938898212e-27 4.124845627639055430e-28 4.025927528566435181e-29 9.091835076911394253e-01 4.741729113124667557e-29 1.000000000000000000e+00 0.000000000000000000e+00 0.000000000000000000e+00 0.000000000000000000e+00 1.000000000000000000e+00 1.000000000000000000e+10 0.000000000000000000e+00 0.000000000000000000e+00 0.000000000000000000e+00 1.000000000000000000e+10
2.037735929469222107e+00 3.829390728357309115e+01 2.534959997250995301e+01 1.270779225082506514e+01 3.147134011466052872e-01 2.586490871587790608e+01 1.915790603048562986e-27 3.115026520249842946e-28 5.179939444246835444e-29 9.056296083150737752e-01 5.934407936027312966e-29 1.000000000000000000e+00 0.000000000000000000e+00 0.000000000000000000e+00 0.000000000000000000e+00 1.000000000000000000e+00 1.000000000000000000e+10 0.000000000000000000e+00 0.000000000000000000e+00 0.000000000000000000e+00 1.000000000000000000e+10
2.350098705559579226e+00 3.543015656714074169e+01 2.368045238273153430e+01 1.119139160186617232e+01 3.052780633763994556e-01 2.432647729524133595e+01 1.641984433820164446e-27 3.192518977893856816e-28 6.335608217135101436e-29 9.025901442734461932e-01 7.164618828686199020e-29 1.000000000000000000e+00 0.000000000000000000e+00 0.000000000000000000e+00 0.000000000000000000e+00 1.000000000000000000e+00 1.000000000000000000e+10 0.000000000000000000e+00 0.000000000000000000e+00 0.000000000000000000e+00 1.000000000000000000e+10
