# R (Mpc), mean rho (Msol/kpc^3), errup (Msol/kpc^3), errlow, std, median rho (Msol/kpc^3), mean pth (Msol/kpc/s^2), errup(Msol/kpc/s^2), errlow, std, median pth (Msol/kpc/s^2), mean gas-mass-weighted metal (fraction), errup, errlow, std, median metal, mean gas-mass-weighted temp (K), errup, errlow, std, median temp  
#  nprofs 182, mean mh 545387464079.185364, median mh 494296034550.172974 
#  Mass range 11.50 - 12.0
1.040961082911032697e-02 4.726086332425201545e+05 2.900761711702065077e+05 1.786725811693290307e+05 2.482013752750085456e-01 4.106011433364480035e+05 2.682002779781888954e-25 3.494944124593435248e-25 6.687728406176193527e-26 4.756407614627768399e-01 1.193981185423588833e-25 1.000000000000000000e+00 0.000000000000000000e+00 0.000000000000000000e+00 0.000000000000000000e+00 1.000000000000000000e+00 1.000000000000000000e+10 0.000000000000000000e+00 0.000000000000000000e+00 0.000000000000000000e+00 1.000000000000000000e+10
1.200529105910367808e-02 3.740758779551475309e+05 1.991849466248612152e+05 1.689682695162585296e+05 2.492747366294339462e-01 3.446223748796067666e+05 2.509858112621664624e-25 3.255564532422326292e-25 8.692187621770628765e-26 4.463058306036859491e-01 1.355563127100605917e-25 1.000000000000000000e+00 0.000000000000000000e+00 0.000000000000000000e+00 0.000000000000000000e+00 1.000000000000000000e+00 1.000000000000000000e+10 0.000000000000000000e+00 0.000000000000000000e+00 0.000000000000000000e+00 1.000000000000000000e+10
1.384557172980430476e-02 2.694166672765045078e+05 1.630280485817074659e+05 1.311412673025984550e+05 2.647376667285897822e-01 2.437541573536213255e+05 2.535001373026095865e-25 2.908064188236901772e-25 1.048263956344877849e-25 4.526339581127727385e-01 1.512004831446947871e-25 1.000000000000000000e+00 0.000000000000000000e+00 0.000000000000000000e+00 0.000000000000000000e+00 1.000000000000000000e+00 1.000000000000000000e+10 0.000000000000000000e+00 0.000000000000000000e+00 0.000000000000000000e+00 1.000000000000000000e+10
1.596794743096121086e-02 1.923600318657004973e+05 1.270466637939417269e+05 9.385077214378782082e+04 2.672324060184438910e-01 1.767241997213179129e+05 2.357995340942111661e-25 2.316759341398129376e-25 1.185125569203452158e-25 4.085164260448626017e-01 1.755083341462122052e-25 1.000000000000000000e+00 0.000000000000000000e+00 0.000000000000000000e+00 0.000000000000000000e+00 1.000000000000000000e+00 1.000000000000000000e+10 0.000000000000000000e+00 0.000000000000000000e+00 0.000000000000000000e+00 1.000000000000000000e+10
1.841566026551830909e-02 1.322439336153583135e+05 7.597668421603177558e+04 7.055745421444754174e+04 2.663362563562399199e-01 1.242142397392814164e+05 2.287583870917538763e-25 2.482087840884657556e-25 1.008618291792925093e-25 3.784636771609775630e-01 1.651462025442655027e-25 1.000000000000000000e+00 0.000000000000000000e+00 0.000000000000000000e+00 0.000000000000000000e+00 1.000000000000000000e+00 1.000000000000000000e+10 0.000000000000000000e+00 0.000000000000000000e+00 0.000000000000000000e+00 1.000000000000000000e+10
2.123858088093512342e-02 8.962222054621830466e+04 5.057712127892425633e+04 4.545695389907046774e+04 2.705655624347546584e-01 8.121064231063245097e+04 1.961409769791039336e-25 1.536923874282418281e-25 8.707816318395504370e-26 3.515124777066136463e-01 1.530587336558756618e-25 1.000000000000000000e+00 0.000000000000000000e+00 0.000000000000000000e+00 0.000000000000000000e+00 1.000000000000000000e+00 1.000000000000000000e+10 0.000000000000000000e+00 0.000000000000000000e+00 0.000000000000000000e+00 1.000000000000000000e+10
2.449422455303571639e-02 5.820594050597371097e+04 3.722186415826466691e+04 2.941101241505619691e+04 2.625063088324864347e-01 5.417427681084349751e+04 1.706252022668234848e-25 1.694377951083003992e-25 7.168688909330485978e-26 3.168325992663799662e-01 1.332095647763133646e-25 1.000000000000000000e+00 0.000000000000000000e+00 0.000000000000000000e+00 0.000000000000000000e+00 1.000000000000000000e+00 1.000000000000000000e+10 0.000000000000000000e+00 0.000000000000000000e+00 0.000000000000000000e+00 1.000000000000000000e+10
2.824892302447100725e-02 3.814798522270435205e+04 2.600246583870264294e+04 1.601975375300931046e+04 2.501025796266163614e-01 3.389947822916576115e+04 1.384570867092679378e-25 1.191883512621819578e-25 4.880044692343702772e-26 3.123014926085073695e-01 1.016386868847615700e-25 1.000000000000000000e+00 0.000000000000000000e+00 0.000000000000000000e+00 0.000000000000000000e+00 1.000000000000000000e+00 1.000000000000000000e+10 0.000000000000000000e+00 0.000000000000000000e+00 0.000000000000000000e+00 1.000000000000000000e+10
3.257917597328415654e-02 2.556536769513123727e+04 1.492193474411696661e+04 1.067216833339874211e+04 2.315137250491554055e-01 2.349065513203239243e+04 1.185631616935616741e-25 1.048639506235111099e-25 3.920950952499446242e-26 2.961962965657947144e-01 8.798311529810135033e-26 1.000000000000000000e+00 0.000000000000000000e+00 0.000000000000000000e+00 0.000000000000000000e+00 1.000000000000000000e+00 1.000000000000000000e+10 0.000000000000000000e+00 0.000000000000000000e+00 0.000000000000000000e+00 1.000000000000000000e+10
3.757320964692217186e-02 1.799994539065481149e+04 1.022081330260348659e+04 5.225504502327623413e+03 2.155633189523483151e-01 1.496438771169567735e+04 9.725370656227773598e-26 8.273709380123204291e-26 3.438403362352086563e-26 2.857184796821591877e-01 7.518386084042852600e-26 1.000000000000000000e+00 0.000000000000000000e+00 0.000000000000000000e+00 0.000000000000000000e+00 1.000000000000000000e+00 1.000000000000000000e+10 0.000000000000000000e+00 0.000000000000000000e+00 0.000000000000000000e+00 1.000000000000000000e+10
4.333277441790538143e-02 1.278061679890664527e+04 6.510959094417814413e+03 3.665405974874418462e+03 1.873878354712427419e-01 1.104948824936054916e+04 8.122599781591504850e-26 6.802948165499002114e-26 2.364692905556106754e-26 2.784292602224049396e-01 5.996687387882266897e-26 1.000000000000000000e+00 0.000000000000000000e+00 0.000000000000000000e+00 0.000000000000000000e+00 1.000000000000000000e+00 1.000000000000000000e+10 0.000000000000000000e+00 0.000000000000000000e+00 0.000000000000000000e+00 1.000000000000000000e+10
4.997521788524898756e-02 9.652410779188016022e+03 5.318178190056149106e+03 2.784913338065878634e+03 1.801370206402067020e-01 8.517671519322200766e+03 6.518162468157059948e-26 5.157314018771242401e-26 2.197672629480339756e-26 2.756265222067665333e-01 4.930421243966678014e-26 1.000000000000000000e+00 0.000000000000000000e+00 0.000000000000000000e+00 0.000000000000000000e+00 1.000000000000000000e+00 1.000000000000000000e+10 0.000000000000000000e+00 0.000000000000000000e+00 0.000000000000000000e+00 1.000000000000000000e+10
5.763587575980636674e-02 7.600074914505469678e+03 3.455896786436678667e+03 2.121378217714958737e+03 1.710763424208899264e-01 6.809398260213887625e+03 5.301458118857829014e-26 4.402309442535899707e-26 1.415462114816623979e-26 2.669600488102746305e-01 3.887438057746513095e-26 1.000000000000000000e+00 0.000000000000000000e+00 0.000000000000000000e+00 0.000000000000000000e+00 1.000000000000000000e+00 1.000000000000000000e+10 0.000000000000000000e+00 0.000000000000000000e+00 0.000000000000000000e+00 1.000000000000000000e+10
6.647082924635627776e-02 5.992298121630830792e+03 2.450393611243518535e+03 1.724273061186750510e+03 1.746717354742243766e-01 5.414957073527160901e+03 4.260268230235387271e-26 3.035297633534675142e-26 1.261726006205013050e-26 2.685380687442314729e-01 3.227721310577518952e-26 1.000000000000000000e+00 0.000000000000000000e+00 0.000000000000000000e+00 0.000000000000000000e+00 1.000000000000000000e+00 1.000000000000000000e+10 0.000000000000000000e+00 0.000000000000000000e+00 0.000000000000000000e+00 1.000000000000000000e+10
7.666008510240249207e-02 4.701380543474590922e+03 2.085461841604246729e+03 1.107075395149878204e+03 1.697696585883634868e-01 4.157526954803152876e+03 3.351993587927264539e-26 2.524523111638011766e-26 1.054879751564664301e-26 2.717684625645939156e-01 2.502667375888396264e-26 1.000000000000000000e+00 0.000000000000000000e+00 0.000000000000000000e+00 0.000000000000000000e+00 1.000000000000000000e+00 1.000000000000000000e+10 0.000000000000000000e+00 0.000000000000000000e+00 0.000000000000000000e+00 1.000000000000000000e+10
8.841124316543315376e-02 3.815821407120617096e+03 1.666806477960932170e+03 8.968978040323700043e+02 1.755358322189850828e-01 3.321345101485849227e+03 2.493590438170936605e-26 1.832611526185937005e-26 7.659001182465477391e-27 2.725606546048793821e-01 1.838481492920127232e-26 1.000000000000000000e+00 0.000000000000000000e+00 0.000000000000000000e+00 0.000000000000000000e+00 1.000000000000000000e+00 1.000000000000000000e+10 0.000000000000000000e+00 0.000000000000000000e+00 0.000000000000000000e+00 1.000000000000000000e+10
1.019637260722580097e-01 2.910484594585088871e+03 1.452729416829678030e+03 8.091543111529954331e+02 1.732981854558368340e-01 2.610753568881075807e+03 1.805202066941389804e-26 1.416237292633646803e-26 6.814333893020187349e-27 2.770191965320870642e-01 1.418452405633515832e-26 1.000000000000000000e+00 0.000000000000000000e+00 0.000000000000000000e+00 0.000000000000000000e+00 1.000000000000000000e+00 1.000000000000000000e+10 0.000000000000000000e+00 0.000000000000000000e+00 0.000000000000000000e+00 1.000000000000000000e+10
1.175936573483598035e-01 2.236537971847204517e+03 1.129616678457457510e+03 6.896247260182515220e+02 1.785723642958732815e-01 2.024748250191417355e+03 1.302258366305172668e-26 1.036855191463858698e-26 5.273156155135292144e-27 2.840311886942903929e-01 1.029560591839725522e-26 1.000000000000000000e+00 0.000000000000000000e+00 0.000000000000000000e+00 0.000000000000000000e+00 1.000000000000000000e+00 1.000000000000000000e+10 0.000000000000000000e+00 0.000000000000000000e+00 0.000000000000000000e+00 1.000000000000000000e+10
1.356194872553388164e-01 1.711675908374203573e+03 7.579607958999463335e+02 5.890142792144442865e+02 1.787814921868045581e-01 1.600226453486153332e+03 9.273843839147592410e-27 6.565510326711906692e-27 4.543577546158683330e-27 2.947508208634943005e-01 7.889552423793009650e-27 1.000000000000000000e+00 0.000000000000000000e+00 0.000000000000000000e+00 0.000000000000000000e+00 1.000000000000000000e+00 1.000000000000000000e+10 0.000000000000000000e+00 0.000000000000000000e+00 0.000000000000000000e+00 1.000000000000000000e+10
1.564084810196403053e-01 1.299121305845788811e+03 5.101153680440913831e+02 5.335324325164228867e+02 1.826832820065267537e-01 1.241812077552776373e+03 6.524365337406608253e-27 4.610835761518420262e-27 3.365114585837341323e-27 3.067034059486191677e-01 5.461621797992749259e-27 1.000000000000000000e+00 0.000000000000000000e+00 0.000000000000000000e+00 0.000000000000000000e+00 1.000000000000000000e+00 1.000000000000000000e+10 0.000000000000000000e+00 0.000000000000000000e+00 0.000000000000000000e+00 1.000000000000000000e+10
1.803842016362447453e-01 9.463827003462234870e+02 4.584040627277579460e+02 3.607282791786421967e+02 1.754553296243343552e-01 8.941103702439279459e+02 4.574280919407360366e-27 3.194815787833697521e-27 2.344010200679740260e-27 3.221975258901438877e-01 3.827332607441224429e-27 1.000000000000000000e+00 0.000000000000000000e+00 0.000000000000000000e+00 0.000000000000000000e+00 1.000000000000000000e+00 1.000000000000000000e+10 0.000000000000000000e+00 0.000000000000000000e+00 0.000000000000000000e+00 1.000000000000000000e+10
2.080351397048574025e-01 6.931497012526151593e+02 3.296560800682984791e+02 2.554778003946149170e+02 1.805578184758210580e-01 6.535127770078836420e+02 3.183858678631511931e-27 2.773150008462075718e-27 1.435888019204339083e-27 3.445908212090410538e-01 2.386118447824655260e-27 1.000000000000000000e+00 0.000000000000000000e+00 0.000000000000000000e+00 0.000000000000000000e+00 1.000000000000000000e+00 1.000000000000000000e+10 0.000000000000000000e+00 0.000000000000000000e+00 0.000000000000000000e+00 1.000000000000000000e+10
2.399246661262133540e-01 5.157065239506448506e+02 2.711783775946264541e+02 1.533065709585083596e+02 1.889382360194576116e-01 4.549978523891987834e+02 2.228809903214263248e-27 1.974199231192479912e-27 8.818934627966241167e-28 3.693259404169467741e-01 1.531234387448452277e-27 1.000000000000000000e+00 0.000000000000000000e+00 0.000000000000000000e+00 0.000000000000000000e+00 1.000000000000000000e+00 1.000000000000000000e+10 0.000000000000000000e+00 0.000000000000000000e+00 0.000000000000000000e+00 1.000000000000000000e+10
2.767025104385807399e-01 3.770724074578512273e+02 2.024056691852119911e+02 1.216157365805055974e+02 1.961689773218767419e-01 3.354013696905013830e+02 1.580995030422712220e-27 1.385617355065536109e-27 5.544468493906339672e-28 3.949113329539794548e-01 9.845026332765004367e-28 1.000000000000000000e+00 0.000000000000000000e+00 0.000000000000000000e+00 0.000000000000000000e+00 1.000000000000000000e+00 1.000000000000000000e+10 0.000000000000000000e+00 0.000000000000000000e+00 0.000000000000000000e+00 1.000000000000000000e+10
3.191179986585286343e-01 2.728908942294134476e+02 1.406343807107393218e+02 8.874593590653515207e+01 1.998480370252766480e-01 2.375760724479575856e+02 1.185030238696880677e-27 1.040252969986575859e-27 4.010571081987809104e-28 4.272267949842780133e-01 6.403248169558135872e-28 1.000000000000000000e+00 0.000000000000000000e+00 0.000000000000000000e+00 0.000000000000000000e+00 1.000000000000000000e+00 1.000000000000000000e+10 0.000000000000000000e+00 0.000000000000000000e+00 0.000000000000000000e+00 1.000000000000000000e+10
3.680353203388414540e-01 1.991569082172995593e+02 1.085336962082218975e+02 5.231186936933821130e+01 2.040914766256360091e-01 1.662496169591234434e+02 9.520386207652694726e-28 8.312632377110934824e-28 2.599086839447491560e-28 4.641176608316867624e-01 4.231987703635664372e-28 1.000000000000000000e+00 0.000000000000000000e+00 0.000000000000000000e+00 0.000000000000000000e+00 1.000000000000000000e+00 1.000000000000000000e+10 0.000000000000000000e+00 0.000000000000000000e+00 0.000000000000000000e+00 1.000000000000000000e+10
4.244511359005219142e-01 1.545711248417190689e+02 9.344802123168591379e+01 3.806721370646241098e+01 2.187382319119634821e-01 1.204420539845843905e+02 8.201040879637181796e-28 7.057653068794034385e-28 1.881171338138029335e-28 5.044275356635208318e-01 2.892497889234505018e-28 1.000000000000000000e+00 0.000000000000000000e+00 0.000000000000000000e+00 0.000000000000000000e+00 1.000000000000000000e+00 1.000000000000000000e+10 0.000000000000000000e+00 0.000000000000000000e+00 0.000000000000000000e+00 1.000000000000000000e+10
4.895148829774688681e-01 1.196634052892452758e+02 6.438322013148277279e+01 3.491265609906984935e+01 2.292406014148947180e-01 9.495071294238479709e+01 7.203402980828617047e-28 5.875512195196956093e-28 1.327648847493021287e-28 5.444060735563049924e-01 2.010981937506041068e-28 1.000000000000000000e+00 0.000000000000000000e+00 0.000000000000000000e+00 0.000000000000000000e+00 1.000000000000000000e+00 1.000000000000000000e+10 0.000000000000000000e+00 0.000000000000000000e+00 0.000000000000000000e+00 1.000000000000000000e+10
5.645521955031491679e-01 9.960863202166916608e+01 6.090432125835579313e+01 3.082605252159740417e+01 2.535524356364306509e-01 7.603366754223864632e+01 7.506549041961614334e-28 5.835375965078548425e-28 8.461110323565456894e-29 6.179705658802361334e-01 1.345284731215708444e-28 1.000000000000000000e+00 0.000000000000000000e+00 0.000000000000000000e+00 0.000000000000000000e+00 1.000000000000000000e+00 1.000000000000000000e+10 0.000000000000000000e+00 0.000000000000000000e+00 0.000000000000000000e+00 1.000000000000000000e+10
6.510919126887823039e-01 9.100050536601598594e+01 8.114322080392507530e+01 2.611315684418271132e+01 2.955890690885711325e-01 6.175640567235204514e+01 7.733924793142254731e-28 6.382237481378186952e-28 6.128868641831698420e-29 7.025777435229044743e-01 9.202598685423343411e-29 1.000000000000000000e+00 0.000000000000000000e+00 0.000000000000000000e+00 0.000000000000000000e+00 1.000000000000000000e+00 1.000000000000000000e+10 0.000000000000000000e+00 0.000000000000000000e+00 0.000000000000000000e+00 1.000000000000000000e+10
7.508972281844089602e-01 7.977137365428505689e+01 7.922847736568068910e+01 2.018376218717040516e+01 3.168568105415061620e-01 5.028946124577474563e+01 6.925810451883740890e-28 6.183695026164458324e-28 5.754830805570125756e-29 7.555328252722515181e-01 7.940133205112762240e-29 1.000000000000000000e+00 0.000000000000000000e+00 0.000000000000000000e+00 0.000000000000000000e+00 1.000000000000000000e+00 1.000000000000000000e+10 0.000000000000000000e+00 0.000000000000000000e+00 0.000000000000000000e+00 1.000000000000000000e+10
8.660016140678794550e-01 6.523033131150722852e+01 5.409801555853887578e+01 1.880634859327840758e+01 2.980848596682401097e-01 4.494861185951994287e+01 5.834588669783734831e-28 5.238019903199127410e-28 5.005929745654728046e-29 7.725613971783731326e-01 6.746468665668396809e-29 1.000000000000000000e+00 0.000000000000000000e+00 0.000000000000000000e+00 0.000000000000000000e+00 1.000000000000000000e+00 1.000000000000000000e+10 0.000000000000000000e+00 0.000000000000000000e+00 0.000000000000000000e+00 1.000000000000000000e+10
9.987502515910116063e-01 5.441333454251689972e+01 4.136722924109929522e+01 1.609527091825760792e+01 2.846056542241149345e-01 3.907776377469789963e+01 5.574968371765005840e-28 5.478581496224517236e-28 5.119940200581280201e-29 7.788925936310886478e-01 6.299017617236535473e-29 1.000000000000000000e+00 0.000000000000000000e+00 0.000000000000000000e+00 0.000000000000000000e+00 1.000000000000000000e+00 1.000000000000000000e+10 0.000000000000000000e+00 0.000000000000000000e+00 0.000000000000000000e+00 1.000000000000000000e+10
1.151847812808953542e+00 5.016339201943650750e+01 3.724545636365510859e+01 1.650719485097338435e+01 2.951344611584442168e-01 3.650602425146465180e+01 6.724698847191414790e-28 4.425950435338771063e-28 5.616731681417127960e-29 8.031921002833719569e-01 6.668059307951956558e-29 1.000000000000000000e+00 0.000000000000000000e+00 0.000000000000000000e+00 0.000000000000000000e+00 1.000000000000000000e+00 1.000000000000000000e+10 0.000000000000000000e+00 0.000000000000000000e+00 0.000000000000000000e+00 1.000000000000000000e+10
1.328413566614123908e+00 4.635048687893183228e+01 3.546738004248269505e+01 1.531990425680618273e+01 2.911578554434544053e-01 3.380980360683204111e+01 7.894356213102196438e-28 4.668223123517775497e-28 4.302495305146078685e-29 8.042729001490731555e-01 5.312963735235939378e-29 1.000000000000000000e+00 0.000000000000000000e+00 0.000000000000000000e+00 0.000000000000000000e+00 1.000000000000000000e+00 1.000000000000000000e+10 0.000000000000000000e+00 0.000000000000000000e+00 0.000000000000000000e+00 1.000000000000000000e+10
1.532044931926391351e+00 4.361711296292025253e+01 4.240962256307470568e+01 1.348880992297021564e+01 2.902366963016484447e-01 3.073526919876008989e+01 1.002072967796066601e-27 4.401856810690512106e-28 5.010525044749984388e-29 7.902829705691014617e-01 6.029263005768886124e-29 1.000000000000000000e+00 0.000000000000000000e+00 0.000000000000000000e+00 0.000000000000000000e+00 1.000000000000000000e+00 1.000000000000000000e+10 0.000000000000000000e+00 0.000000000000000000e+00 0.000000000000000000e+00 1.000000000000000000e+10
1.766890772896739126e+00 3.809339782135442221e+01 2.587952914038751473e+01 1.257487808259595496e+01 2.667357156467465851e-01 2.855342572478097551e+01 7.767199958610998518e-28 3.175066352807188211e-28 5.014319782198041770e-29 7.496353252087990526e-01 6.212192447749008487e-29 1.000000000000000000e+00 0.000000000000000000e+00 0.000000000000000000e+00 0.000000000000000000e+00 1.000000000000000000e+00 1.000000000000000000e+10 0.000000000000000000e+00 0.000000000000000000e+00 0.000000000000000000e+00 1.000000000000000000e+10
2.037735929469222107e+00 3.294791312195749100e+01 2.260005150130052698e+01 1.053875080282401910e+01 2.454149305100115641e-01 2.628796038892259901e+01 4.066156232675518658e-28 2.751863725962932614e-28 3.482821039287096968e-29 7.070774051366892632e-01 4.847578389764166693e-29 1.000000000000000000e+00 0.000000000000000000e+00 0.000000000000000000e+00 0.000000000000000000e+00 1.000000000000000000e+00 1.000000000000000000e+10 0.000000000000000000e+00 0.000000000000000000e+00 0.000000000000000000e+00 1.000000000000000000e+10
2.350098705559579226e+00 3.113704519349191457e+01 2.544690527895029675e+01 8.124070481681975764e+00 2.411102693717536438e-01 2.392996023564472097e+01 3.041243660752103614e-28 2.490613032212567908e-28 4.831400210527082416e-29 6.877624452174192493e-01 6.279668243726938291e-29 1.000000000000000000e+00 0.000000000000000000e+00 0.000000000000000000e+00 0.000000000000000000e+00 1.000000000000000000e+00 1.000000000000000000e+10 0.000000000000000000e+00 0.000000000000000000e+00 0.000000000000000000e+00 1.000000000000000000e+10
