# R (Mpc), mean rho (Msol/kpc^3), errup (Msol/kpc^3), errlow, std, median rho (Msol/kpc^3), mean pth (Msol/kpc/s^2), errup(Msol/kpc/s^2), errlow, std, median pth (Msol/kpc/s^2), mean gas-mass-weighted metal (fraction), errup, errlow, std, median metal, mean gas-mass-weighted temp (K), errup, errlow, std, median temp  
#  nprofs 17, mean mh 489382616065.309509, median mh 446729925772.664490 
#  Mass range 11.50 - 12.0
1.040961082911032697e-02 6.735410166058850009e+05 2.403708829225432128e+05 3.335080375402311911e+05 2.134999738857132345e-01 6.892359511944233673e+05 7.530332218493677152e-25 9.749066805769449263e-25 5.157325261551253101e-25 5.844820731803447300e-01 5.860288852282868410e-25 1.000000000000000000e+00 0.000000000000000000e+00 0.000000000000000000e+00 0.000000000000000000e+00 1.000000000000000000e+00 1.000000000000000000e+10 0.000000000000000000e+00 0.000000000000000000e+00 0.000000000000000000e+00 1.000000000000000000e+10
1.200529105910367808e-02 4.995757306402150425e+05 2.157820533042739844e+05 2.483322955869767466e+05 4.510554907592422835e-01 5.332345420715711080e+05 5.940545618500843013e-25 6.465908391067352243e-25 3.316423327883679575e-25 4.601925751030413458e-01 4.225662999899179788e-25 1.000000000000000000e+00 0.000000000000000000e+00 0.000000000000000000e+00 0.000000000000000000e+00 1.000000000000000000e+00 1.000000000000000000e+10 0.000000000000000000e+00 0.000000000000000000e+00 0.000000000000000000e+00 1.000000000000000000e+10
1.384557172980430476e-02 3.853402262440818595e+05 1.831725534224346047e+05 1.245294031663086789e+05 3.711543960251596497e-01 3.771004522382840514e+05 5.966288223280256436e-25 3.322217423130910576e-25 4.209764613837553281e-25 4.195157421757105820e-01 5.802438034896512076e-25 1.000000000000000000e+00 0.000000000000000000e+00 0.000000000000000000e+00 0.000000000000000000e+00 1.000000000000000000e+00 1.000000000000000000e+10 0.000000000000000000e+00 0.000000000000000000e+00 0.000000000000000000e+00 1.000000000000000000e+10
1.596794743096121086e-02 3.004621237980180304e+05 1.209550593253702973e+05 1.322614218269550765e+05 3.686186267542184702e-01 3.016123771388904424e+05 5.514188249172143250e-25 4.115292792449098226e-25 1.936388431759758308e-25 4.448661532562732668e-01 3.526379691479138550e-25 1.000000000000000000e+00 0.000000000000000000e+00 0.000000000000000000e+00 0.000000000000000000e+00 1.000000000000000000e+00 1.000000000000000000e+10 0.000000000000000000e+00 0.000000000000000000e+00 0.000000000000000000e+00 1.000000000000000000e+10
1.841566026551830909e-02 2.332941166739617183e+05 1.232697099084944057e+05 6.258912590793622076e+04 4.605808165361470752e-01 2.141024790774928115e+05 4.920881157985102084e-25 4.057480460312411797e-25 2.515984724246743072e-25 4.940525171642448643e-01 3.917478068275867507e-25 1.000000000000000000e+00 0.000000000000000000e+00 0.000000000000000000e+00 0.000000000000000000e+00 1.000000000000000000e+00 1.000000000000000000e+10 0.000000000000000000e+00 0.000000000000000000e+00 0.000000000000000000e+00 1.000000000000000000e+10
2.123858088093512342e-02 1.805148023249598336e+05 7.877071846169626224e+04 6.114900138566129317e+04 2.847353264885623680e-01 1.667852310645888210e+05 4.081526848624693714e-25 3.258585185456306925e-25 2.218388582972381757e-25 3.056710305488232748e-01 3.674665279292994932e-25 1.000000000000000000e+00 0.000000000000000000e+00 0.000000000000000000e+00 0.000000000000000000e+00 1.000000000000000000e+00 1.000000000000000000e+10 0.000000000000000000e+00 0.000000000000000000e+00 0.000000000000000000e+00 1.000000000000000000e+10
2.449422455303571639e-02 1.373174184451493202e+05 4.425225467632876826e+04 4.654440111798983708e+04 2.622372606998212841e-01 1.330113797364956117e+05 3.524487892715327715e-25 3.621228938497609965e-25 1.794356302458941228e-25 3.159835677629142525e-01 2.806466277138093317e-25 1.000000000000000000e+00 0.000000000000000000e+00 0.000000000000000000e+00 0.000000000000000000e+00 1.000000000000000000e+00 1.000000000000000000e+10 0.000000000000000000e+00 0.000000000000000000e+00 0.000000000000000000e+00 1.000000000000000000e+10
2.824892302447100725e-02 1.125481334101036482e+05 2.531218172626064916e+04 3.982826643858413445e+04 3.039813132872484225e-01 1.121861947475010384e+05 2.741464675346716917e-25 1.691543766507999221e-25 1.104569636167793364e-25 2.957978308242592003e-01 2.343356384076633480e-25 1.000000000000000000e+00 0.000000000000000000e+00 0.000000000000000000e+00 0.000000000000000000e+00 1.000000000000000000e+00 1.000000000000000000e+10 0.000000000000000000e+00 0.000000000000000000e+00 0.000000000000000000e+00 1.000000000000000000e+10
3.257917597328415654e-02 8.140317894682877522e+04 2.255273109506013861e+04 2.813760903458285611e+04 2.695977882939307180e-01 8.338841192402598972e+04 2.184977004597430630e-25 1.258918266493255750e-25 1.021250041052417691e-25 2.484243454731109857e-01 2.009425173930242150e-25 1.000000000000000000e+00 0.000000000000000000e+00 0.000000000000000000e+00 0.000000000000000000e+00 1.000000000000000000e+00 1.000000000000000000e+10 0.000000000000000000e+00 0.000000000000000000e+00 0.000000000000000000e+00 1.000000000000000000e+10
3.757320964692217186e-02 6.191169203192667919e+04 2.451164277024302282e+04 3.001961913906181871e+04 2.803830149773567371e-01 6.577686572062267805e+04 1.649151610994858741e-25 7.346211403941626033e-26 6.750028911153830908e-26 2.506440845870215317e-01 1.569568793185835891e-25 1.000000000000000000e+00 0.000000000000000000e+00 0.000000000000000000e+00 0.000000000000000000e+00 1.000000000000000000e+00 1.000000000000000000e+10 0.000000000000000000e+00 0.000000000000000000e+00 0.000000000000000000e+00 1.000000000000000000e+10
4.333277441790538143e-02 4.741670966146492719e+04 2.544148930702760117e+04 1.442588343096477183e+04 2.759271958998711916e-01 4.107687723820026440e+04 1.283310316461964039e-25 7.373875288789104111e-26 2.998497257013960272e-26 2.186991401540188673e-01 1.065237945799871842e-25 1.000000000000000000e+00 0.000000000000000000e+00 0.000000000000000000e+00 0.000000000000000000e+00 1.000000000000000000e+00 1.000000000000000000e+10 0.000000000000000000e+00 0.000000000000000000e+00 0.000000000000000000e+00 1.000000000000000000e+10
4.997521788524898756e-02 3.346991792934636760e+04 1.935979186814113928e+04 1.059504805204558215e+04 2.766356725334188638e-01 2.918494122673630773e+04 9.713863043860357633e-26 4.633290979196810811e-26 2.478891749276019017e-26 1.806510904551338059e-01 8.591791189781208493e-26 1.000000000000000000e+00 0.000000000000000000e+00 0.000000000000000000e+00 0.000000000000000000e+00 1.000000000000000000e+00 1.000000000000000000e+10 0.000000000000000000e+00 0.000000000000000000e+00 0.000000000000000000e+00 1.000000000000000000e+10
5.763587575980636674e-02 2.540864215117691856e+04 9.743212439958067989e+03 1.211675758379611034e+04 2.666436653206059604e-01 2.644688431948096331e+04 7.326899250706011753e-26 3.038654615850641797e-26 3.013136597353271710e-26 2.095129939029176103e-01 6.676495088244283683e-26 1.000000000000000000e+00 0.000000000000000000e+00 0.000000000000000000e+00 0.000000000000000000e+00 1.000000000000000000e+00 1.000000000000000000e+10 0.000000000000000000e+00 0.000000000000000000e+00 0.000000000000000000e+00 1.000000000000000000e+10
6.647082924635627776e-02 1.829921476983747925e+04 9.651155201026285795e+03 6.330871248911200382e+03 2.589637806284674215e-01 1.697036627861290617e+04 5.775228644574814375e-26 1.481254456865114742e-26 3.318010891453904044e-26 2.390820821084130854e-01 5.718145081725440083e-26 1.000000000000000000e+00 0.000000000000000000e+00 0.000000000000000000e+00 0.000000000000000000e+00 1.000000000000000000e+00 1.000000000000000000e+10 0.000000000000000000e+00 0.000000000000000000e+00 0.000000000000000000e+00 1.000000000000000000e+10
7.666008510240249207e-02 1.357002199888760515e+04 7.156876907857031256e+03 4.704295853312443796e+03 2.415587697948121115e-01 1.189225195887408518e+04 4.386189443433171824e-26 1.321407818548018515e-26 1.899231674017017542e-26 2.190014652961846109e-01 3.947232930612651488e-26 1.000000000000000000e+00 0.000000000000000000e+00 0.000000000000000000e+00 0.000000000000000000e+00 1.000000000000000000e+00 1.000000000000000000e+10 0.000000000000000000e+00 0.000000000000000000e+00 0.000000000000000000e+00 1.000000000000000000e+10
8.841124316543315376e-02 1.017219842942644027e+04 5.339984989624788795e+03 3.570927546339687979e+03 1.904637103667412290e-01 9.411922359217107442e+03 3.802074407691660965e-26 1.127634941919300916e-26 2.084589674299654015e-26 2.456928090165804435e-01 3.695224829769512431e-26 1.000000000000000000e+00 0.000000000000000000e+00 0.000000000000000000e+00 0.000000000000000000e+00 1.000000000000000000e+00 1.000000000000000000e+10 0.000000000000000000e+00 0.000000000000000000e+00 0.000000000000000000e+00 1.000000000000000000e+10
1.019637260722580097e-01 7.453778255198939405e+03 3.570959414249662586e+03 2.090114787883998360e+03 1.793482896557783424e-01 6.409906864092818068e+03 2.753500321227713308e-26 8.290586432078304354e-27 1.065426906567571242e-26 2.200470115440749108e-01 2.384887300563701728e-26 1.000000000000000000e+00 0.000000000000000000e+00 0.000000000000000000e+00 0.000000000000000000e+00 1.000000000000000000e+00 1.000000000000000000e+10 0.000000000000000000e+00 0.000000000000000000e+00 0.000000000000000000e+00 1.000000000000000000e+10
1.175936573483598035e-01 5.345886763741684263e+03 2.549505108738228046e+03 1.064748440340150410e+03 1.414138519506482061e-01 4.973881487454268608e+03 2.084330578866174567e-26 5.614483061520767453e-27 6.581395972648190381e-27 1.990941524635685689e-01 1.843372957583348702e-26 1.000000000000000000e+00 0.000000000000000000e+00 0.000000000000000000e+00 0.000000000000000000e+00 1.000000000000000000e+00 1.000000000000000000e+10 0.000000000000000000e+00 0.000000000000000000e+00 0.000000000000000000e+00 1.000000000000000000e+10
1.356194872553388164e-01 4.024644692784063864e+03 1.301061591071232215e+03 6.616665528544217523e+02 1.343903994564491222e-01 3.739812760009230260e+03 1.529529131706978344e-26 5.217745411401946620e-27 4.035469272835179390e-27 1.969750646806708028e-01 1.275233261175055327e-26 1.000000000000000000e+00 0.000000000000000000e+00 0.000000000000000000e+00 0.000000000000000000e+00 1.000000000000000000e+00 1.000000000000000000e+10 0.000000000000000000e+00 0.000000000000000000e+00 0.000000000000000000e+00 1.000000000000000000e+10
1.564084810196403053e-01 3.147217906038504680e+03 8.130416795073765570e+02 6.651719317585898352e+02 1.562978456171087993e-01 3.031836893010600761e+03 1.166692690836864521e-26 5.551640878843635263e-27 2.613308186918392959e-27 2.134948664917206973e-01 9.129093433005492867e-27 1.000000000000000000e+00 0.000000000000000000e+00 0.000000000000000000e+00 0.000000000000000000e+00 1.000000000000000000e+00 1.000000000000000000e+10 0.000000000000000000e+00 0.000000000000000000e+00 0.000000000000000000e+00 1.000000000000000000e+10
1.803842016362447453e-01 2.362895686304766969e+03 4.072314876664331678e+02 3.537662798010192091e+02 1.512252936672252024e-01 2.248839435156254694e+03 8.921678439754963338e-27 5.970073025065550865e-27 1.658486511016480189e-27 2.277621409182506440e-01 6.470089161021289965e-27 1.000000000000000000e+00 0.000000000000000000e+00 0.000000000000000000e+00 0.000000000000000000e+00 1.000000000000000000e+00 1.000000000000000000e+10 0.000000000000000000e+00 0.000000000000000000e+00 0.000000000000000000e+00 1.000000000000000000e+10
2.080351397048574025e-01 1.896229275014089581e+03 5.208713590045597357e+02 2.478354411290690678e+02 1.355398152079804186e-01 1.742509915503783077e+03 6.894504913559624813e-27 6.590337887512563750e-27 3.319509643258795255e-28 2.461526231567778833e-01 4.167765095846318964e-27 1.000000000000000000e+00 0.000000000000000000e+00 0.000000000000000000e+00 0.000000000000000000e+00 1.000000000000000000e+00 1.000000000000000000e+10 0.000000000000000000e+00 0.000000000000000000e+00 0.000000000000000000e+00 1.000000000000000000e+10
2.399246661262133540e-01 1.407815682915443404e+03 3.407525604446636862e+02 2.152005310089170962e+02 1.248076676750959069e-01 1.351333845836630189e+03 5.198970102134145291e-27 5.938030179013297014e-27 7.198689008454210178e-28 2.492590090915325629e-01 3.528535694338641773e-27 1.000000000000000000e+00 0.000000000000000000e+00 0.000000000000000000e+00 0.000000000000000000e+00 1.000000000000000000e+00 1.000000000000000000e+10 0.000000000000000000e+00 0.000000000000000000e+00 0.000000000000000000e+00 1.000000000000000000e+10
2.767025104385807399e-01 1.065036522695348822e+03 1.871368708853428870e+02 1.639115211238191705e+02 1.219382646332988623e-01 9.798820529418826482e+02 3.838575532460343884e-27 3.333356981491457855e-27 8.136330536243521396e-28 2.582439504182975631e-01 2.850213175830767722e-27 1.000000000000000000e+00 0.000000000000000000e+00 0.000000000000000000e+00 0.000000000000000000e+00 1.000000000000000000e+00 1.000000000000000000e+10 0.000000000000000000e+00 0.000000000000000000e+00 0.000000000000000000e+00 1.000000000000000000e+10
3.191179986585286343e-01 8.553653186733921530e+02 1.723534971445362771e+02 1.312537640088459057e+02 1.425090750760635017e-01 7.661666707716714200e+02 3.049583921158355733e-27 2.905895547514830835e-27 7.912987711080655772e-28 2.973750660190865869e-01 2.235903609601993436e-27 1.000000000000000000e+00 0.000000000000000000e+00 0.000000000000000000e+00 0.000000000000000000e+00 1.000000000000000000e+00 1.000000000000000000e+10 0.000000000000000000e+00 0.000000000000000000e+00 0.000000000000000000e+00 1.000000000000000000e+10
3.680353203388414540e-01 6.535895347934604160e+02 2.006017074993403639e+02 7.620109100885116504e+01 1.404814283018273047e-01 5.489784473183624414e+02 2.460137220956219019e-27 2.448689087951245642e-27 5.603661509635549333e-28 3.423039376007471213e-01 1.582279926209789326e-27 1.000000000000000000e+00 0.000000000000000000e+00 0.000000000000000000e+00 0.000000000000000000e+00 1.000000000000000000e+00 1.000000000000000000e+10 0.000000000000000000e+00 0.000000000000000000e+00 0.000000000000000000e+00 1.000000000000000000e+10
4.244511359005219142e-01 4.966267724539063693e+02 1.483633897727785325e+02 9.128223546061565230e+01 1.261795042704488279e-01 4.630355260318507362e+02 1.962949521423339010e-27 1.698284345703237743e-27 3.686237812237190735e-28 3.686982172324430596e-01 1.081409294829057542e-27 1.000000000000000000e+00 0.000000000000000000e+00 0.000000000000000000e+00 0.000000000000000000e+00 1.000000000000000000e+00 1.000000000000000000e+10 0.000000000000000000e+00 0.000000000000000000e+00 0.000000000000000000e+00 1.000000000000000000e+10
4.895148829774688681e-01 3.783697804963437079e+02 1.589864638404129664e+02 7.256732957982018206e+01 1.326946357190980919e-01 3.451919761975210008e+02 1.602138505233453151e-27 1.178228331332910142e-27 2.096739869166008903e-28 3.938973375382397446e-01 7.639569692693694689e-28 1.000000000000000000e+00 0.000000000000000000e+00 0.000000000000000000e+00 0.000000000000000000e+00 1.000000000000000000e+00 1.000000000000000000e+10 0.000000000000000000e+00 0.000000000000000000e+00 0.000000000000000000e+00 1.000000000000000000e+10
5.645521955031491679e-01 2.973210181829097110e+02 1.482225167941850259e+02 7.842868830562400717e+01 1.755846431069502944e-01 2.631202370894507681e+02 1.548749670835158142e-27 7.417588552884749025e-28 1.786233695240795830e-28 4.581465568461081661e-01 5.066505082597871452e-28 1.000000000000000000e+00 0.000000000000000000e+00 0.000000000000000000e+00 0.000000000000000000e+00 1.000000000000000000e+00 1.000000000000000000e+10 0.000000000000000000e+00 0.000000000000000000e+00 0.000000000000000000e+00 1.000000000000000000e+10
6.510919126887823039e-01 2.351566677964733287e+02 8.757201135667699532e+01 1.588192886409100879e+01 2.106451604098454888e-01 1.697737374544584270e+02 1.759947197161935991e-27 5.173500740761294482e-28 1.315469941694107428e-28 5.418875307960532295e-01 3.207428357053341025e-28 1.000000000000000000e+00 0.000000000000000000e+00 0.000000000000000000e+00 0.000000000000000000e+00 1.000000000000000000e+00 1.000000000000000000e+10 0.000000000000000000e+00 0.000000000000000000e+00 0.000000000000000000e+00 1.000000000000000000e+10
7.508972281844089602e-01 1.936791079723086568e+02 6.666555695185209629e+01 2.445215113820776764e+01 2.354944399968503799e-01 1.351822112430170364e+02 2.267618873738517164e-27 2.990937247407094449e-28 1.260527991209970448e-28 6.208486130040260509e-01 2.506235664507329768e-28 1.000000000000000000e+00 0.000000000000000000e+00 0.000000000000000000e+00 0.000000000000000000e+00 1.000000000000000000e+00 1.000000000000000000e+10 0.000000000000000000e+00 0.000000000000000000e+00 0.000000000000000000e+00 1.000000000000000000e+10
8.660016140678794550e-01 1.842719167994788450e+02 4.065371824056524019e+01 4.997222576385146908e+01 2.822343330298828223e-01 1.290780334113226218e+02 2.664774085030284162e-27 3.110286878190364399e-28 7.834820755704282667e-29 6.880663356671921083e-01 1.673607281417934402e-28 1.000000000000000000e+00 0.000000000000000000e+00 0.000000000000000000e+00 0.000000000000000000e+00 1.000000000000000000e+00 1.000000000000000000e+10 0.000000000000000000e+00 0.000000000000000000e+00 0.000000000000000000e+00 1.000000000000000000e+10
9.987502515910116063e-01 1.589898944765131716e+02 4.435343111192858601e+01 2.630799137979955304e+01 3.073940447479972526e-01 8.526242521848726597e+01 2.824470278822371697e-27 2.758029227385027668e-28 6.089052582819737475e-29 7.496971272120207530e-01 1.009376305915267876e-28 1.000000000000000000e+00 0.000000000000000000e+00 0.000000000000000000e+00 0.000000000000000000e+00 1.000000000000000000e+00 1.000000000000000000e+10 0.000000000000000000e+00 0.000000000000000000e+00 0.000000000000000000e+00 1.000000000000000000e+10
1.151847812808953542e+00 1.219246337766417412e+02 3.865477508390284811e+01 9.201735975588661631e+00 3.011145631551579993e-01 6.107774093079582656e+01 1.795325313539441788e-27 2.514156578673299379e-28 3.090886776949499764e-29 7.623225828693050987e-01 5.776465649461029219e-29 1.000000000000000000e+00 0.000000000000000000e+00 0.000000000000000000e+00 0.000000000000000000e+00 1.000000000000000000e+00 1.000000000000000000e+10 0.000000000000000000e+00 0.000000000000000000e+00 0.000000000000000000e+00 1.000000000000000000e+10
1.328413566614123908e+00 9.293579563015390477e+01 5.395390664663462132e+01 8.749051300393233532e+00 2.832110581687803386e-01 5.023306128095461531e+01 8.948065811051004736e-28 3.212093651644038159e-28 1.457224249368589164e-29 7.629147856259543836e-01 3.434810755105171617e-29 1.000000000000000000e+00 0.000000000000000000e+00 0.000000000000000000e+00 0.000000000000000000e+00 1.000000000000000000e+00 1.000000000000000000e+10 0.000000000000000000e+00 0.000000000000000000e+00 0.000000000000000000e+00 1.000000000000000000e+10
1.532044931926391351e+00 7.147872123943764677e+01 4.481885566580691460e+01 8.277848815455243425e+00 2.608903861984805950e-01 4.374907081332485603e+01 4.966152035798827426e-28 3.872549596116427300e-28 1.035926437852419169e-29 7.696066913670883691e-01 2.678298735879973203e-29 1.000000000000000000e+00 0.000000000000000000e+00 0.000000000000000000e+00 0.000000000000000000e+00 1.000000000000000000e+00 1.000000000000000000e+10 0.000000000000000000e+00 0.000000000000000000e+00 0.000000000000000000e+00 1.000000000000000000e+10
1.766890772896739126e+00 5.919889673956662079e+01 2.583416877035404724e+01 1.377942957290310488e+01 2.455473553073180826e-01 4.345055101654147478e+01 2.862620968878367303e-28 2.572320608229062156e-28 2.668805659215706670e-29 7.707569184723386257e-01 3.585201855867798541e-29 1.000000000000000000e+00 0.000000000000000000e+00 0.000000000000000000e+00 0.000000000000000000e+00 1.000000000000000000e+00 1.000000000000000000e+10 0.000000000000000000e+00 0.000000000000000000e+00 0.000000000000000000e+00 1.000000000000000000e+10
2.037735929469222107e+00 4.838266659937449532e+01 3.165651688387238494e+01 1.156082876508736490e+01 2.386665150449684969e-01 3.572278458809982737e+01 2.153756402176234892e-28 3.306891259460769028e-28 2.933028205736920229e-29 8.062193653656881676e-01 3.576374159820136478e-29 1.000000000000000000e+00 0.000000000000000000e+00 0.000000000000000000e+00 0.000000000000000000e+00 1.000000000000000000e+00 1.000000000000000000e+10 0.000000000000000000e+00 0.000000000000000000e+00 0.000000000000000000e+00 1.000000000000000000e+10
2.350098705559579226e+00 4.717758159422225361e+01 4.429497980205132990e+01 1.247214927055708955e+01 2.619612999542525467e-01 3.411088519224145443e+01 2.398188350523555709e-28 2.879758244355272940e-28 1.342609071938949654e-29 8.332111903833921973e-01 1.868371268486581684e-29 1.000000000000000000e+00 0.000000000000000000e+00 0.000000000000000000e+00 0.000000000000000000e+00 1.000000000000000000e+00 1.000000000000000000e+10 0.000000000000000000e+00 0.000000000000000000e+00 0.000000000000000000e+00 1.000000000000000000e+10
