# R (Mpc), mean rho (Msol/kpc^3), errup (Msol/kpc^3), errlow, std, median rho (Msol/kpc^3), mean pth (Msol/kpc/s^2), errup(Msol/kpc/s^2), errlow, std, median pth (Msol/kpc/s^2), mean gas-mass-weighted metal (fraction), errup, errlow, std, median metal, mean gas-mass-weighted temp (K), errup, errlow, std, median temp  
#  nprofs 201, mean mh 212618140537.256683, median mh 202998495407.456909 
#  Mass range 11.00 - 11.5
1.040961082911032697e-02 2.189384971389966377e+05 1.258745722510444757e+05 7.035780299793601444e+04 2.231214419935621529e-01 1.932818661979227618e+05 1.137244945882215909e-25 2.279389465866928288e-25 1.439035051866968535e-26 5.072424728734896693e-01 3.295781147774417177e-26 1.000000000000000000e+00 0.000000000000000000e+00 0.000000000000000000e+00 0.000000000000000000e+00 1.000000000000000000e+00 1.000000000000000000e+10 0.000000000000000000e+00 0.000000000000000000e+00 0.000000000000000000e+00 1.000000000000000000e+10
1.200529105910367808e-02 1.733226082030466059e+05 9.856244220149714965e+04 6.392702805494978384e+04 2.365332642414405273e-01 1.568533305710065761e+05 8.904310941848146224e-26 1.148495153290693646e-25 1.912177548628464408e-26 4.496813812024563761e-01 3.749333340682113226e-26 1.000000000000000000e+00 0.000000000000000000e+00 0.000000000000000000e+00 0.000000000000000000e+00 1.000000000000000000e+00 1.000000000000000000e+10 0.000000000000000000e+00 0.000000000000000000e+00 0.000000000000000000e+00 1.000000000000000000e+10
1.384557172980430476e-02 1.341648323638384172e+05 7.403323924712584994e+04 6.041076096990570659e+04 2.574087012572311428e-01 1.227841077772618009e+05 8.769302842398477099e-26 1.317559586004816602e-25 2.505888794330232974e-26 4.441358735643121114e-01 4.384725237302215542e-26 1.000000000000000000e+00 0.000000000000000000e+00 0.000000000000000000e+00 0.000000000000000000e+00 1.000000000000000000e+00 1.000000000000000000e+10 0.000000000000000000e+00 0.000000000000000000e+00 0.000000000000000000e+00 1.000000000000000000e+10
1.596794743096121086e-02 9.940178290896666294e+04 7.305058476087157032e+04 4.058939602859113802e+04 2.836812372472271582e-01 8.561666990786275710e+04 8.187479250240498391e-26 9.348674659703590524e-26 3.485802521810783433e-26 4.079492887974763837e-01 5.263561507573119354e-26 1.000000000000000000e+00 0.000000000000000000e+00 0.000000000000000000e+00 0.000000000000000000e+00 1.000000000000000000e+00 1.000000000000000000e+10 0.000000000000000000e+00 0.000000000000000000e+00 0.000000000000000000e+00 1.000000000000000000e+10
1.841566026551830909e-02 6.950117315075649822e+04 5.307933931900776224e+04 2.645167511178238055e+04 2.722219515731258421e-01 6.075523391863561119e+04 6.674793214623361424e-26 7.059960587143209273e-26 2.905050530180398798e-26 3.843506827651130275e-01 4.673645367475359413e-26 1.000000000000000000e+00 0.000000000000000000e+00 0.000000000000000000e+00 0.000000000000000000e+00 1.000000000000000000e+00 1.000000000000000000e+10 0.000000000000000000e+00 0.000000000000000000e+00 0.000000000000000000e+00 1.000000000000000000e+10
2.123858088093512342e-02 4.851371621034444252e+04 3.513899143841100158e+04 2.301748553625685963e+04 2.935508039278201808e-01 4.381873085812271165e+04 5.156166873960596738e-26 4.646533974427746993e-26 1.961662504628210715e-26 3.343639912670157699e-01 3.786083221860379548e-26 1.000000000000000000e+00 0.000000000000000000e+00 0.000000000000000000e+00 0.000000000000000000e+00 1.000000000000000000e+00 1.000000000000000000e+10 0.000000000000000000e+00 0.000000000000000000e+00 0.000000000000000000e+00 1.000000000000000000e+10
2.449422455303571639e-02 3.171904281648946562e+04 2.561991743235554168e+04 1.328136764667993521e+04 3.055872254675267574e-01 2.626762781436170917e+04 4.163995059173020047e-26 3.258306546017568464e-26 1.644000122330890133e-26 2.869266044331313381e-01 3.338063099082107116e-26 1.000000000000000000e+00 0.000000000000000000e+00 0.000000000000000000e+00 0.000000000000000000e+00 1.000000000000000000e+00 1.000000000000000000e+10 0.000000000000000000e+00 0.000000000000000000e+00 0.000000000000000000e+00 1.000000000000000000e+10
2.824892302447100725e-02 2.045520325350378334e+04 1.672111305980652105e+04 7.669818623350100097e+03 2.917864830207066440e-01 1.617032045738896159e+04 3.473962877028472997e-26 2.561223158766947485e-26 1.637468590050810430e-26 2.800345764285892547e-01 3.021315970402213491e-26 1.000000000000000000e+00 0.000000000000000000e+00 0.000000000000000000e+00 0.000000000000000000e+00 1.000000000000000000e+00 1.000000000000000000e+10 0.000000000000000000e+00 0.000000000000000000e+00 0.000000000000000000e+00 1.000000000000000000e+10
3.257917597328415654e-02 1.309019106020389700e+04 9.043266935032470428e+03 4.392946812600769590e+03 2.650422510485519467e-01 1.061967845774689522e+04 2.747960196711054352e-26 1.857459911971793006e-26 1.035136225099381110e-26 2.567457396265243053e-01 2.278238677515533750e-26 1.000000000000000000e+00 0.000000000000000000e+00 0.000000000000000000e+00 0.000000000000000000e+00 1.000000000000000000e+00 1.000000000000000000e+10 0.000000000000000000e+00 0.000000000000000000e+00 0.000000000000000000e+00 1.000000000000000000e+10
3.757320964692217186e-02 8.616003824505989542e+03 4.617677172711720232e+03 3.121571724489994267e+03 2.461878271781547944e-01 7.425786248506373340e+03 2.196217975218584815e-26 1.722393823133623249e-26 8.450128844365507560e-27 2.529333050013689022e-01 1.869768314803986474e-26 1.000000000000000000e+00 0.000000000000000000e+00 0.000000000000000000e+00 0.000000000000000000e+00 1.000000000000000000e+00 1.000000000000000000e+10 0.000000000000000000e+00 0.000000000000000000e+00 0.000000000000000000e+00 1.000000000000000000e+10
4.333277441790538143e-02 5.943306702293926719e+03 3.110625027218289688e+03 1.815220828829927996e+03 2.175357161532156802e-01 5.159850983248566990e+03 1.848737614661379956e-26 1.237348367604966737e-26 6.388818181428165620e-27 2.440413885394033533e-01 1.550698796098822425e-26 1.000000000000000000e+00 0.000000000000000000e+00 0.000000000000000000e+00 0.000000000000000000e+00 1.000000000000000000e+00 1.000000000000000000e+10 0.000000000000000000e+00 0.000000000000000000e+00 0.000000000000000000e+00 1.000000000000000000e+10
4.997521788524898756e-02 4.510530186640191459e+03 2.262943262821586814e+03 1.302883681878814514e+03 1.908670618644862094e-01 4.074209674935764724e+03 1.552762559681087741e-26 1.111260481069495652e-26 4.476175722705266594e-27 2.298211170731314645e-01 1.255593725115583939e-26 1.000000000000000000e+00 0.000000000000000000e+00 0.000000000000000000e+00 0.000000000000000000e+00 1.000000000000000000e+00 1.000000000000000000e+10 0.000000000000000000e+00 0.000000000000000000e+00 0.000000000000000000e+00 1.000000000000000000e+10
5.763587575980636674e-02 3.370721901340342811e+03 1.733639236536210319e+03 8.800474170346442406e+02 1.795444915650464268e-01 2.963897731313562417e+03 1.222629586524113446e-26 7.744296971326925288e-27 3.954018238917619260e-27 2.387774631290784100e-01 9.902243465741033954e-27 1.000000000000000000e+00 0.000000000000000000e+00 0.000000000000000000e+00 0.000000000000000000e+00 1.000000000000000000e+00 1.000000000000000000e+10 0.000000000000000000e+00 0.000000000000000000e+00 0.000000000000000000e+00 1.000000000000000000e+10
6.647082924635627776e-02 2.691153185712702907e+03 1.179522692020002523e+03 8.755615668104967426e+02 1.726624496988128088e-01 2.506425854029585025e+03 1.005935225656387426e-26 6.288405028236398344e-27 3.161769118513185756e-27 2.437235933552577005e-01 7.952050333475650075e-27 1.000000000000000000e+00 0.000000000000000000e+00 0.000000000000000000e+00 0.000000000000000000e+00 1.000000000000000000e+00 1.000000000000000000e+10 0.000000000000000000e+00 0.000000000000000000e+00 0.000000000000000000e+00 1.000000000000000000e+10
7.666008510240249207e-02 2.091314551704529094e+03 8.201578672979208022e+02 6.576096616594063562e+02 1.638891608472203554e-01 1.975981742019173907e+03 7.971959446168048803e-27 5.112482900646725476e-27 2.237165537293057600e-27 2.551373564936848526e-01 6.042166958281208123e-27 1.000000000000000000e+00 0.000000000000000000e+00 0.000000000000000000e+00 0.000000000000000000e+00 1.000000000000000000e+00 1.000000000000000000e+10 0.000000000000000000e+00 0.000000000000000000e+00 0.000000000000000000e+00 1.000000000000000000e+10
8.841124316543315376e-02 1.654047600142045212e+03 6.150046545579175472e+02 5.250146831700853909e+02 1.553540553421027259e-01 1.597769810539032278e+03 6.266152073937093494e-27 3.596495416020890958e-27 1.847589152169147995e-27 2.672684215914841177e-01 4.691465317937300614e-27 1.000000000000000000e+00 0.000000000000000000e+00 0.000000000000000000e+00 0.000000000000000000e+00 1.000000000000000000e+00 1.000000000000000000e+10 0.000000000000000000e+00 0.000000000000000000e+00 0.000000000000000000e+00 1.000000000000000000e+10
1.019637260722580097e-01 1.288374748863734112e+03 4.704088822576959501e+02 4.154790237835613880e+02 1.590847597787868606e-01 1.222193294560330287e+03 4.886971788120918724e-27 3.226790032973404790e-27 1.370169461641063694e-27 2.909650977276462824e-01 3.388434233780964362e-27 1.000000000000000000e+00 0.000000000000000000e+00 0.000000000000000000e+00 0.000000000000000000e+00 1.000000000000000000e+00 1.000000000000000000e+10 0.000000000000000000e+00 0.000000000000000000e+00 0.000000000000000000e+00 1.000000000000000000e+10
1.175936573483598035e-01 9.952494614793765777e+02 4.188911334178321795e+02 2.670789904707637561e+02 1.582180580142434345e-01 9.036528390420924097e+02 3.780200910540333860e-27 2.522255949761129620e-27 9.668132682208994990e-28 3.127556689276825286e-01 2.428989668924700382e-27 1.000000000000000000e+00 0.000000000000000000e+00 0.000000000000000000e+00 0.000000000000000000e+00 1.000000000000000000e+00 1.000000000000000000e+10 0.000000000000000000e+00 0.000000000000000000e+00 0.000000000000000000e+00 1.000000000000000000e+10
1.356194872553388164e-01 7.707983444344055215e+02 3.392728890763020217e+02 2.122652000565054209e+02 1.635422537856405234e-01 6.931440458166788403e+02 2.936909259718833544e-27 1.775685324996161605e-27 7.790568838887823424e-28 3.369176144022703601e-01 1.743062226821815053e-27 1.000000000000000000e+00 0.000000000000000000e+00 0.000000000000000000e+00 0.000000000000000000e+00 1.000000000000000000e+00 1.000000000000000000e+10 0.000000000000000000e+00 0.000000000000000000e+00 0.000000000000000000e+00 1.000000000000000000e+10
1.564084810196403053e-01 5.962085596818526483e+02 2.410639594655508517e+02 1.452848022782796988e+02 1.636107485240132220e-01 5.394325341004218899e+02 2.377501316689852203e-27 1.477981266200502191e-27 5.252294254401303129e-28 3.670089531592347076e-01 1.196304285701885596e-27 1.000000000000000000e+00 0.000000000000000000e+00 0.000000000000000000e+00 0.000000000000000000e+00 1.000000000000000000e+00 1.000000000000000000e+10 0.000000000000000000e+00 0.000000000000000000e+00 0.000000000000000000e+00 1.000000000000000000e+10
1.803842016362447453e-01 4.597101451708565492e+02 2.087565477326934342e+02 1.178680459172550741e+02 1.720800304460215202e-01 4.075850120336220925e+02 1.937457086671470629e-27 1.214009178585473143e-27 3.978283056284475061e-28 4.006392502037697811e-01 8.240907324090793097e-28 1.000000000000000000e+00 0.000000000000000000e+00 0.000000000000000000e+00 0.000000000000000000e+00 1.000000000000000000e+00 1.000000000000000000e+10 0.000000000000000000e+00 0.000000000000000000e+00 0.000000000000000000e+00 1.000000000000000000e+10
2.080351397048574025e-01 3.531821396423637793e+02 1.751260833651257371e+02 9.864535300440741139e+01 1.790012333627510333e-01 3.101808276086614455e+02 1.651702945338805902e-27 9.683464075618447854e-28 3.364715340692138613e-28 4.371305179738253499e-01 6.073831913663071136e-28 1.000000000000000000e+00 0.000000000000000000e+00 0.000000000000000000e+00 0.000000000000000000e+00 1.000000000000000000e+00 1.000000000000000000e+10 0.000000000000000000e+00 0.000000000000000000e+00 0.000000000000000000e+00 1.000000000000000000e+10
2.399246661262133540e-01 2.759469813585051838e+02 1.390154848851756242e+02 7.628325668057294706e+01 1.919605834500686670e-01 2.401039295310490616e+02 1.464435327303018887e-27 9.515854318784858191e-28 2.291145615148291831e-28 4.805455110632467775e-01 4.140933877641758465e-28 1.000000000000000000e+00 0.000000000000000000e+00 0.000000000000000000e+00 0.000000000000000000e+00 1.000000000000000000e+00 1.000000000000000000e+10 0.000000000000000000e+00 0.000000000000000000e+00 0.000000000000000000e+00 1.000000000000000000e+10
2.767025104385807399e-01 2.197496306203409233e+02 1.184652242539657720e+02 6.699382262768105534e+01 2.048438015785135902e-01 1.873487183822175837e+02 1.381259556671810179e-27 7.768833751956117795e-28 1.728812897869543959e-28 5.245197757474640010e-01 3.008283532114274469e-28 1.000000000000000000e+00 0.000000000000000000e+00 0.000000000000000000e+00 0.000000000000000000e+00 1.000000000000000000e+00 1.000000000000000000e+10 0.000000000000000000e+00 0.000000000000000000e+00 0.000000000000000000e+00 1.000000000000000000e+10
3.191179986585286343e-01 1.790891171655784433e+02 9.454711670215493768e+01 5.316659027197034959e+01 2.286094015556842940e-01 1.451842476184615407e+02 1.331057373702015523e-27 6.042889456198276366e-28 1.332430296875964811e-28 5.720715998422331028e-01 2.170682997962191926e-28 1.000000000000000000e+00 0.000000000000000000e+00 0.000000000000000000e+00 0.000000000000000000e+00 1.000000000000000000e+00 1.000000000000000000e+10 0.000000000000000000e+00 0.000000000000000000e+00 0.000000000000000000e+00 1.000000000000000000e+10
3.680353203388414540e-01 1.518143534663261676e+02 9.250691666977776606e+01 3.902002470369997411e+01 2.552435348230793766e-01 1.105029416921857006e+02 1.326817561251368722e-27 5.927873923447394070e-28 1.008886151252611794e-28 6.239848568871200207e-01 1.604258714271771538e-28 1.000000000000000000e+00 0.000000000000000000e+00 0.000000000000000000e+00 0.000000000000000000e+00 1.000000000000000000e+00 1.000000000000000000e+10 0.000000000000000000e+00 0.000000000000000000e+00 0.000000000000000000e+00 1.000000000000000000e+10
4.244511359005219142e-01 1.288703590416885731e+02 8.168737264204885662e+01 2.946219672713573345e+01 2.797315545922022251e-01 8.450342986985823757e+01 1.328562885651832996e-27 4.434661527788092437e-28 8.753123140792464934e-29 6.768267366070166435e-01 1.264886921017547681e-28 1.000000000000000000e+00 0.000000000000000000e+00 0.000000000000000000e+00 0.000000000000000000e+00 1.000000000000000000e+00 1.000000000000000000e+10 0.000000000000000000e+00 0.000000000000000000e+00 0.000000000000000000e+00 1.000000000000000000e+10
4.895148829774688681e-01 1.035741930018724020e+02 8.182537318371507240e+01 2.645768613317802931e+01 2.902054763603950649e-01 6.776599636307523156e+01 1.376579628672624906e-27 4.501225148019379015e-28 6.836594611859201858e-29 7.279341016037131906e-01 9.268007914492505226e-29 1.000000000000000000e+00 0.000000000000000000e+00 0.000000000000000000e+00 0.000000000000000000e+00 1.000000000000000000e+00 1.000000000000000000e+10 0.000000000000000000e+00 0.000000000000000000e+00 0.000000000000000000e+00 1.000000000000000000e+10
5.645521955031491679e-01 8.895082045947916072e+01 6.598730977656890673e+01 2.222401954004146063e+01 3.086901632115475191e-01 5.563195677193125022e+01 1.501593159383240262e-27 3.821292474425928096e-28 4.660415273852361281e-29 7.746441795201495228e-01 6.548006250456371021e-29 1.000000000000000000e+00 0.000000000000000000e+00 0.000000000000000000e+00 0.000000000000000000e+00 1.000000000000000000e+00 1.000000000000000000e+10 0.000000000000000000e+00 0.000000000000000000e+00 0.000000000000000000e+00 1.000000000000000000e+10
6.510919126887823039e-01 7.774928145123288914e+01 7.141971942563863252e+01 1.749616956514606159e+01 3.303318844527039500e-01 4.368711770012332352e+01 1.674608123476135964e-27 4.863865587973682222e-28 3.659950927623544042e-29 8.293873894060450613e-01 5.119759449357745276e-29 1.000000000000000000e+00 0.000000000000000000e+00 0.000000000000000000e+00 0.000000000000000000e+00 1.000000000000000000e+00 1.000000000000000000e+10 0.000000000000000000e+00 0.000000000000000000e+00 0.000000000000000000e+00 1.000000000000000000e+10
7.508972281844089602e-01 7.371969168998712973e+01 7.400132481046402688e+01 1.411634717225463120e+01 3.551069820508514496e-01 3.761317381025148165e+01 1.989939238312014554e-27 5.379084746685920731e-28 3.571920440510860585e-29 8.867261525322662763e-01 4.606576874545894545e-29 1.000000000000000000e+00 0.000000000000000000e+00 0.000000000000000000e+00 0.000000000000000000e+00 1.000000000000000000e+00 1.000000000000000000e+10 0.000000000000000000e+00 0.000000000000000000e+00 0.000000000000000000e+00 1.000000000000000000e+10
8.660016140678794550e-01 6.794993347916495452e+01 7.468139564529990082e+01 1.529626727571857359e+01 3.684036434451601894e-01 3.482254127443222558e+01 2.534863431321032880e-27 5.433606440724234433e-28 3.488662505793988443e-29 9.410161004352901593e-01 4.428203356560853269e-29 1.000000000000000000e+00 0.000000000000000000e+00 0.000000000000000000e+00 0.000000000000000000e+00 1.000000000000000000e+00 1.000000000000000000e+10 0.000000000000000000e+00 0.000000000000000000e+00 0.000000000000000000e+00 1.000000000000000000e+10
9.987502515910116063e-01 6.134447220716876359e+01 4.953118258253990547e+01 1.514147878514260270e+01 3.666095425289446763e-01 3.216021940170912075e+01 2.958576908797567556e-27 5.423456410579611543e-28 3.312563268287720327e-29 9.684684319797137730e-01 4.002155185304873768e-29 1.000000000000000000e+00 0.000000000000000000e+00 0.000000000000000000e+00 0.000000000000000000e+00 1.000000000000000000e+00 1.000000000000000000e+10 0.000000000000000000e+00 0.000000000000000000e+00 0.000000000000000000e+00 1.000000000000000000e+10
1.151847812808953542e+00 5.569372645595808535e+01 4.851083918970381603e+01 1.495840573279036079e+01 3.579978492047826699e-01 3.099689801449845916e+01 2.813422902257075181e-27 5.971116414143504957e-28 2.907432406868868395e-29 9.562632153820060932e-01 3.606518107476280512e-29 1.000000000000000000e+00 0.000000000000000000e+00 0.000000000000000000e+00 0.000000000000000000e+00 1.000000000000000000e+00 1.000000000000000000e+10 0.000000000000000000e+00 0.000000000000000000e+00 0.000000000000000000e+00 1.000000000000000000e+10
1.328413566614123908e+00 5.158760571050191857e+01 4.108867566555684903e+01 1.272985656947618160e+01 3.480666104304468988e-01 2.831093816218018944e+01 2.606156260810217665e-27 4.348393227777085601e-28 3.564971975897488162e-29 9.347919643829097902e-01 4.286049301244617003e-29 1.000000000000000000e+00 0.000000000000000000e+00 0.000000000000000000e+00 0.000000000000000000e+00 1.000000000000000000e+00 1.000000000000000000e+10 0.000000000000000000e+00 0.000000000000000000e+00 0.000000000000000000e+00 1.000000000000000000e+10
1.532044931926391351e+00 4.800458546941707283e+01 3.789244715473064673e+01 1.245066910091352597e+01 3.448752670644125162e-01 2.701929661501297275e+01 2.496389690711323909e-27 3.980837436877214776e-28 3.209003522911314440e-29 9.387566253849853881e-01 3.952490370221300290e-29 1.000000000000000000e+00 0.000000000000000000e+00 0.000000000000000000e+00 0.000000000000000000e+00 1.000000000000000000e+00 1.000000000000000000e+10 0.000000000000000000e+00 0.000000000000000000e+00 0.000000000000000000e+00 1.000000000000000000e+10
1.766890772896739126e+00 4.320244304074623187e+01 2.908224543945699736e+01 1.186798210155840394e+01 3.345665417285054177e-01 2.604798372795092121e+01 1.848426551078890189e-27 3.773269666275363082e-28 3.454765417542318938e-29 9.255863886909323490e-01 4.127163330517808584e-29 1.000000000000000000e+00 0.000000000000000000e+00 0.000000000000000000e+00 0.000000000000000000e+00 1.000000000000000000e+00 1.000000000000000000e+10 0.000000000000000000e+00 0.000000000000000000e+00 0.000000000000000000e+00 1.000000000000000000e+10
2.037735929469222107e+00 3.775332676661438569e+01 2.911361076907681777e+01 1.414783745415493499e+01 3.183020217359326942e-01 2.716309796942055144e+01 1.247272527019498227e-27 3.100405309283854058e-28 6.095073006234630636e-29 9.189626257399815534e-01 6.750470464529523215e-29 1.000000000000000000e+00 0.000000000000000000e+00 0.000000000000000000e+00 0.000000000000000000e+00 1.000000000000000000e+00 1.000000000000000000e+10 0.000000000000000000e+00 0.000000000000000000e+00 0.000000000000000000e+00 1.000000000000000000e+10
2.350098705559579226e+00 3.445450329769997921e+01 2.619528837809098576e+01 1.188558600857918179e+01 3.060327289454224942e-01 2.470435047714279619e+01 1.128091034215737816e-27 3.092871126506665493e-28 6.451879052753886977e-29 9.158054254670253691e-01 7.193131757374725368e-29 1.000000000000000000e+00 0.000000000000000000e+00 0.000000000000000000e+00 0.000000000000000000e+00 1.000000000000000000e+00 1.000000000000000000e+10 0.000000000000000000e+00 0.000000000000000000e+00 0.000000000000000000e+00 1.000000000000000000e+10
