# R (Mpc), mean rho (Msol/kpc^3), errup (Msol/kpc^3), errlow, std, median rho (Msol/kpc^3), mean pth (Msol/kpc/s^2), errup(Msol/kpc/s^2), errlow, std, median pth (Msol/kpc/s^2), mean gas-mass-weighted metal (fraction), errup, errlow, std, median metal, mean gas-mass-weighted temp (K), errup, errlow, std, median temp  
#  nprofs 196, mean mh 213325349153.940796, median mh 201256828325.158203 
#  Mass range 11.00 - 11.5
1.040961082911032697e-02 2.193631550980678003e+05 1.499843436238905706e+05 7.632048835562144814e+04 2.320175432192572440e-01 1.922800212763276359e+05 9.147374637945563604e-26 1.232841385468387686e-25 1.711585515195988811e-26 4.468920232074123366e-01 3.664187714713560219e-26 1.000000000000000000e+00 0.000000000000000000e+00 0.000000000000000000e+00 0.000000000000000000e+00 1.000000000000000000e+00 1.000000000000000000e+10 0.000000000000000000e+00 0.000000000000000000e+00 0.000000000000000000e+00 1.000000000000000000e+10
1.200529105910367808e-02 1.698079138189149671e+05 1.048538279995461635e+05 6.112359152831650863e+04 2.325277877647080327e-01 1.492777488860645099e+05 9.802579956637296127e-26 1.228244751854678443e-25 1.698457331627783071e-26 4.719677605127575171e-01 3.473881580723021920e-26 1.000000000000000000e+00 0.000000000000000000e+00 0.000000000000000000e+00 0.000000000000000000e+00 1.000000000000000000e+00 1.000000000000000000e+10 0.000000000000000000e+00 0.000000000000000000e+00 0.000000000000000000e+00 1.000000000000000000e+10
1.384557172980430476e-02 1.301223461102412984e+05 8.602096758083385066e+04 5.535417472178742901e+04 2.553248048193432762e-01 1.125605742060635239e+05 7.994946014283606839e-26 1.036030492866323188e-25 2.371341230243592915e-26 4.387212623574307524e-01 3.959095260103851299e-26 1.000000000000000000e+00 0.000000000000000000e+00 0.000000000000000000e+00 0.000000000000000000e+00 1.000000000000000000e+00 1.000000000000000000e+10 0.000000000000000000e+00 0.000000000000000000e+00 0.000000000000000000e+00 1.000000000000000000e+10
1.596794743096121086e-02 9.431470015849771153e+04 7.623312245885547600e+04 3.976920671970693365e+04 2.641199629830877083e-01 8.172678484049168765e+04 7.079691818402692629e-26 6.780148424638149849e-26 2.949894480148145484e-26 3.847190511758939446e-01 4.805818805772972023e-26 1.000000000000000000e+00 0.000000000000000000e+00 0.000000000000000000e+00 0.000000000000000000e+00 1.000000000000000000e+00 1.000000000000000000e+10 0.000000000000000000e+00 0.000000000000000000e+00 0.000000000000000000e+00 1.000000000000000000e+10
1.841566026551830909e-02 6.910435405628014996e+04 4.839228424390615692e+04 3.101038833334138690e+04 2.747396399230180308e-01 6.060895957918158820e+04 6.017269767718762481e-26 4.438117865403691375e-26 2.537107520065214927e-26 3.251558976014406466e-01 4.727952030287842296e-26 1.000000000000000000e+00 0.000000000000000000e+00 0.000000000000000000e+00 0.000000000000000000e+00 1.000000000000000000e+00 1.000000000000000000e+10 0.000000000000000000e+00 0.000000000000000000e+00 0.000000000000000000e+00 1.000000000000000000e+10
2.123858088093512342e-02 4.625798281810554181e+04 3.688225474776739429e+04 1.731738819172518561e+04 2.858709640970758525e-01 3.790483828075295605e+04 5.523778635000634602e-26 5.261051837838252572e-26 1.960218907377326543e-26 3.265398989327363277e-01 3.934802304290940531e-26 1.000000000000000000e+00 0.000000000000000000e+00 0.000000000000000000e+00 0.000000000000000000e+00 1.000000000000000000e+00 1.000000000000000000e+10 0.000000000000000000e+00 0.000000000000000000e+00 0.000000000000000000e+00 1.000000000000000000e+10
2.449422455303571639e-02 3.083700668661116651e+04 2.317984744651828078e+04 1.067050144638734673e+04 2.708975560879749445e-01 2.472841206195837731e+04 4.171019290425093742e-26 3.356852795146352913e-26 1.417388271440474838e-26 2.921428068955462254e-01 3.144892126614821738e-26 1.000000000000000000e+00 0.000000000000000000e+00 0.000000000000000000e+00 0.000000000000000000e+00 1.000000000000000000e+00 1.000000000000000000e+10 0.000000000000000000e+00 0.000000000000000000e+00 0.000000000000000000e+00 1.000000000000000000e+10
2.824892302447100725e-02 2.134275833070985391e+04 1.475300690886470693e+04 8.728074126528255874e+03 2.678494795879916013e-01 1.761991447547420830e+04 3.630105495451967632e-26 2.499694902894261248e-26 1.202275528735692753e-26 2.732906052314589274e-01 2.907582995080339143e-26 1.000000000000000000e+00 0.000000000000000000e+00 0.000000000000000000e+00 0.000000000000000000e+00 1.000000000000000000e+00 1.000000000000000000e+10 0.000000000000000000e+00 0.000000000000000000e+00 0.000000000000000000e+00 1.000000000000000000e+10
3.257917597328415654e-02 1.367903475158472065e+04 8.660807437427083642e+03 5.287736499422587258e+03 2.424339635604647325e-01 1.171376036546525938e+04 2.934022686921466330e-26 2.200629879068221963e-26 9.675766782308320881e-27 2.650328950973503961e-01 2.383355375257915490e-26 1.000000000000000000e+00 0.000000000000000000e+00 0.000000000000000000e+00 0.000000000000000000e+00 1.000000000000000000e+00 1.000000000000000000e+10 0.000000000000000000e+00 0.000000000000000000e+00 0.000000000000000000e+00 1.000000000000000000e+10
3.757320964692217186e-02 9.069338849691948781e+03 4.622608868844026802e+03 4.000032995509872308e+03 2.286016744176900262e-01 8.419213803024176741e+03 2.306512206574338711e-26 1.459870728638150059e-26 7.536212091810901442e-27 2.415127195036620433e-01 1.924368408058244798e-26 1.000000000000000000e+00 0.000000000000000000e+00 0.000000000000000000e+00 0.000000000000000000e+00 1.000000000000000000e+00 1.000000000000000000e+10 0.000000000000000000e+00 0.000000000000000000e+00 0.000000000000000000e+00 1.000000000000000000e+10
4.333277441790538143e-02 6.526045388385233309e+03 3.785036332429059257e+03 2.078381020180680935e+03 2.083087184398396963e-01 5.741834056063287790e+03 1.891211567175238185e-26 1.107431720273649373e-26 6.483197273883997923e-27 2.262834236397716081e-01 1.639871055314562877e-26 1.000000000000000000e+00 0.000000000000000000e+00 0.000000000000000000e+00 0.000000000000000000e+00 1.000000000000000000e+00 1.000000000000000000e+10 0.000000000000000000e+00 0.000000000000000000e+00 0.000000000000000000e+00 1.000000000000000000e+10
4.997521788524898756e-02 4.735820025299146437e+03 2.172919181991667756e+03 1.778151533957487572e+03 2.009332439054689889e-01 4.441176429187614303e+03 1.548414175460629359e-26 1.097484549553578757e-26 4.553754947301811876e-27 2.286360320714136973e-01 1.283185075784196021e-26 1.000000000000000000e+00 0.000000000000000000e+00 0.000000000000000000e+00 0.000000000000000000e+00 1.000000000000000000e+00 1.000000000000000000e+10 0.000000000000000000e+00 0.000000000000000000e+00 0.000000000000000000e+00 1.000000000000000000e+10
5.763587575980636674e-02 3.569435834446674107e+03 1.685620490354557660e+03 1.082514039227055946e+03 1.781287248253658473e-01 3.214392347202056044e+03 1.241708782694355835e-26 8.590693112098957019e-27 3.337472790713424109e-27 2.259098400825102215e-01 1.009733907945956157e-26 1.000000000000000000e+00 0.000000000000000000e+00 0.000000000000000000e+00 0.000000000000000000e+00 1.000000000000000000e+00 1.000000000000000000e+10 0.000000000000000000e+00 0.000000000000000000e+00 0.000000000000000000e+00 1.000000000000000000e+10
6.647082924635627776e-02 2.838994995983937770e+03 1.389283398637565369e+03 8.406430625470868563e+02 1.709350953122677763e-01 2.581331002454410736e+03 9.866312476637833037e-27 7.565453233235087673e-27 3.173784488657481342e-27 2.251792393402452519e-01 8.161254259084105860e-27 1.000000000000000000e+00 0.000000000000000000e+00 0.000000000000000000e+00 0.000000000000000000e+00 1.000000000000000000e+00 1.000000000000000000e+10 0.000000000000000000e+00 0.000000000000000000e+00 0.000000000000000000e+00 1.000000000000000000e+10
7.666008510240249207e-02 2.261909956001567480e+03 1.229675134223345594e+03 5.981641438167432625e+02 1.691181986452245656e-01 2.017153714117884192e+03 7.563639104147556659e-27 4.982860093716970288e-27 2.481444948784374156e-27 2.324486222115524914e-01 6.301436752828455676e-27 1.000000000000000000e+00 0.000000000000000000e+00 0.000000000000000000e+00 0.000000000000000000e+00 1.000000000000000000e+00 1.000000000000000000e+10 0.000000000000000000e+00 0.000000000000000000e+00 0.000000000000000000e+00 1.000000000000000000e+10
8.841124316543315376e-02 1.746336000060438664e+03 8.611936856151237407e+02 4.781845138114686051e+02 1.656278772528111398e-01 1.592609490706268389e+03 5.654275056826921323e-27 3.733328698803394014e-27 2.174160795662202605e-27 2.371691773230962252e-01 4.835644415349860865e-27 1.000000000000000000e+00 0.000000000000000000e+00 0.000000000000000000e+00 0.000000000000000000e+00 1.000000000000000000e+00 1.000000000000000000e+10 0.000000000000000000e+00 0.000000000000000000e+00 0.000000000000000000e+00 1.000000000000000000e+10
1.019637260722580097e-01 1.313317197385477130e+03 5.205435707270062267e+02 3.552645360173673907e+02 1.515590350333138603e-01 1.225896715186268239e+03 4.238441795123507007e-27 2.781994411142441205e-27 1.366338373559140884e-27 2.467606661647369359e-01 3.415228104971386568e-27 1.000000000000000000e+00 0.000000000000000000e+00 0.000000000000000000e+00 0.000000000000000000e+00 1.000000000000000000e+00 1.000000000000000000e+10 0.000000000000000000e+00 0.000000000000000000e+00 0.000000000000000000e+00 1.000000000000000000e+10
1.175936573483598035e-01 1.007108965968526263e+03 3.885593729705985879e+02 2.807126431292955431e+02 1.500597666381338624e-01 9.454337972789085143e+02 3.140583267818842053e-27 2.256277682452635987e-27 9.196210348363048364e-28 2.625744328938453553e-01 2.329945790577391845e-27 1.000000000000000000e+00 0.000000000000000000e+00 0.000000000000000000e+00 0.000000000000000000e+00 1.000000000000000000e+00 1.000000000000000000e+10 0.000000000000000000e+00 0.000000000000000000e+00 0.000000000000000000e+00 1.000000000000000000e+10
1.356194872553388164e-01 7.889160217491178173e+02 2.882504056853390466e+02 1.892698132420827051e+02 1.497709341842540232e-01 7.191614554314903671e+02 2.301868259782219652e-27 1.535173462937616469e-27 7.361338077985116830e-28 2.723441091410689352e-01 1.706466183106870613e-27 1.000000000000000000e+00 0.000000000000000000e+00 0.000000000000000000e+00 0.000000000000000000e+00 1.000000000000000000e+00 1.000000000000000000e+10 0.000000000000000000e+00 0.000000000000000000e+00 0.000000000000000000e+00 1.000000000000000000e+10
1.564084810196403053e-01 5.999689058415051477e+02 2.361464026615739158e+02 1.659552092319311214e+02 1.514210439633345284e-01 5.550928135755234507e+02 1.703901578695015875e-27 1.142947515786952116e-27 4.847029717227314597e-28 2.937793774184773166e-01 1.186360052626161479e-27 1.000000000000000000e+00 0.000000000000000000e+00 0.000000000000000000e+00 0.000000000000000000e+00 1.000000000000000000e+00 1.000000000000000000e+10 0.000000000000000000e+00 0.000000000000000000e+00 0.000000000000000000e+00 1.000000000000000000e+10
1.803842016362447453e-01 4.587295467022192952e+02 1.976360787227009723e+02 1.114478730084645690e+02 1.629030389247391464e-01 4.151014603986300244e+02 1.265151135878562291e-27 8.358022833768886133e-28 3.856135048092224990e-28 3.220597363544930869e-01 8.348837190534253006e-28 1.000000000000000000e+00 0.000000000000000000e+00 0.000000000000000000e+00 0.000000000000000000e+00 1.000000000000000000e+00 1.000000000000000000e+10 0.000000000000000000e+00 0.000000000000000000e+00 0.000000000000000000e+00 1.000000000000000000e+10
2.080351397048574025e-01 3.514175528470165659e+02 1.561612377658071864e+02 1.006956242989145096e+02 1.740089108579682964e-01 3.155044666899131016e+02 9.600354123485886839e-28 7.167740305335493082e-28 2.993041154405286663e-28 3.598712668513665003e-01 5.792163237796096187e-28 1.000000000000000000e+00 0.000000000000000000e+00 0.000000000000000000e+00 0.000000000000000000e+00 1.000000000000000000e+00 1.000000000000000000e+10 0.000000000000000000e+00 0.000000000000000000e+00 0.000000000000000000e+00 1.000000000000000000e+10
2.399246661262133540e-01 2.698770634288813994e+02 1.442541338153837103e+02 7.549093302818621964e+01 1.808695493722539682e-01 2.342933495400559707e+02 7.555230578256256700e-28 6.014958137013468065e-28 2.225554651200478202e-28 3.959800261533794608e-01 4.004549726098719907e-28 1.000000000000000000e+00 0.000000000000000000e+00 0.000000000000000000e+00 0.000000000000000000e+00 1.000000000000000000e+00 1.000000000000000000e+10 0.000000000000000000e+00 0.000000000000000000e+00 0.000000000000000000e+00 1.000000000000000000e+10
2.767025104385807399e-01 2.095150767534764782e+02 1.029655907408367170e+02 5.566886810815206843e+01 1.876096287081730762e-01 1.819481579497017378e+02 6.182007886199635128e-28 4.891091278415363283e-28 1.602302017132672791e-28 4.319819635466922159e-01 2.841931362065063556e-28 1.000000000000000000e+00 0.000000000000000000e+00 0.000000000000000000e+00 0.000000000000000000e+00 1.000000000000000000e+00 1.000000000000000000e+10 0.000000000000000000e+00 0.000000000000000000e+00 0.000000000000000000e+00 1.000000000000000000e+10
3.191179986585286343e-01 1.674238055382424761e+02 8.944809953738263175e+01 4.759745748302468371e+01 2.042600521214074649e-01 1.406106388426218246e+02 5.397657117319114182e-28 4.362873350566145437e-28 1.303187496139673106e-28 4.752272285969654231e-01 2.149949174911842209e-28 1.000000000000000000e+00 0.000000000000000000e+00 0.000000000000000000e+00 0.000000000000000000e+00 1.000000000000000000e+00 1.000000000000000000e+10 0.000000000000000000e+00 0.000000000000000000e+00 0.000000000000000000e+00 1.000000000000000000e+10
3.680353203388414540e-01 1.382396677693705556e+02 8.403428216990184296e+01 3.588128068681530181e+01 2.269214083941327453e-01 1.068395891970810396e+02 5.005983623588405310e-28 4.552317948433602598e-28 9.783514004484028142e-29 5.255549369556505868e-01 1.567062621410334555e-28 1.000000000000000000e+00 0.000000000000000000e+00 0.000000000000000000e+00 0.000000000000000000e+00 1.000000000000000000e+00 1.000000000000000000e+10 0.000000000000000000e+00 0.000000000000000000e+00 0.000000000000000000e+00 1.000000000000000000e+10
4.244511359005219142e-01 1.200443288838417857e+02 6.608143703760947574e+01 2.884306649706084613e+01 2.529064099367189788e-01 8.723039676330591874e+01 4.971324832700540862e-28 3.450757722837783624e-28 6.360498326414247765e-29 5.795308594156067805e-01 1.057725500053086449e-28 1.000000000000000000e+00 0.000000000000000000e+00 0.000000000000000000e+00 0.000000000000000000e+00 1.000000000000000000e+00 1.000000000000000000e+10 0.000000000000000000e+00 0.000000000000000000e+00 0.000000000000000000e+00 1.000000000000000000e+10
4.895148829774688681e-01 9.538301813550070563e+01 5.981814648525600830e+01 2.314363817766972176e+01 2.611521021619137017e-01 6.749032855585345203e+01 4.844240631869280991e-28 3.117845468923563594e-28 5.266723735267624688e-29 6.345280357915492608e-01 8.056966439237234325e-29 1.000000000000000000e+00 0.000000000000000000e+00 0.000000000000000000e+00 0.000000000000000000e+00 1.000000000000000000e+00 1.000000000000000000e+10 0.000000000000000000e+00 0.000000000000000000e+00 0.000000000000000000e+00 1.000000000000000000e+10
5.645521955031491679e-01 8.377414874431737246e+01 5.724189828097200206e+01 1.915871504742253961e+01 2.868526750580246421e-01 5.523543001066558844e+01 4.844480923033944541e-28 3.020400148996767430e-28 3.694130455434435205e-29 6.868105343847425992e-01 5.911704757605074209e-29 1.000000000000000000e+00 0.000000000000000000e+00 0.000000000000000000e+00 0.000000000000000000e+00 1.000000000000000000e+00 1.000000000000000000e+10 0.000000000000000000e+00 0.000000000000000000e+00 0.000000000000000000e+00 1.000000000000000000e+10
6.510919126887823039e-01 6.806158406318905918e+01 4.881978255079467033e+01 1.594445628899981315e+01 2.882803439971177162e-01 4.461836918270257968e+01 4.064137646634338919e-28 2.960422812382844802e-28 3.383828394580101594e-29 7.201177299688938938e-01 5.028891672591156821e-29 1.000000000000000000e+00 0.000000000000000000e+00 0.000000000000000000e+00 0.000000000000000000e+00 1.000000000000000000e+00 1.000000000000000000e+10 0.000000000000000000e+00 0.000000000000000000e+00 0.000000000000000000e+00 1.000000000000000000e+10
7.508972281844089602e-01 5.986258548114214051e+01 5.079358065801368127e+01 1.486454185986920606e+01 2.969661155979783085e-01 3.895056595985676040e+01 3.917411062012532351e-28 3.268064414445105100e-28 3.379324254088258600e-29 7.687076867510533873e-01 4.656066864155774575e-29 1.000000000000000000e+00 0.000000000000000000e+00 0.000000000000000000e+00 0.000000000000000000e+00 1.000000000000000000e+00 1.000000000000000000e+10 0.000000000000000000e+00 0.000000000000000000e+00 0.000000000000000000e+00 1.000000000000000000e+10
8.660016140678794550e-01 5.586010559221921312e+01 5.495807952699337307e+01 1.412158776545101802e+01 3.205093694848131780e-01 3.526482663656894090e+01 3.861841124166432787e-28 4.746054628598326070e-28 3.274190391785947789e-29 8.334103969166120063e-01 4.219221444768217941e-29 1.000000000000000000e+00 0.000000000000000000e+00 0.000000000000000000e+00 0.000000000000000000e+00 1.000000000000000000e+00 1.000000000000000000e+10 0.000000000000000000e+00 0.000000000000000000e+00 0.000000000000000000e+00 1.000000000000000000e+10
9.987502515910116063e-01 5.016422156704101099e+01 5.029801169588251497e+01 1.428878233969338041e+01 3.230665992309216805e-01 3.198658828205045523e+01 3.731010509374175555e-28 4.170010072968088811e-28 3.304406893335496319e-29 8.683458277776491263e-01 4.008279876618425679e-29 1.000000000000000000e+00 0.000000000000000000e+00 0.000000000000000000e+00 0.000000000000000000e+00 1.000000000000000000e+00 1.000000000000000000e+10 0.000000000000000000e+00 0.000000000000000000e+00 0.000000000000000000e+00 1.000000000000000000e+10
1.151847812808953542e+00 4.549603452960967331e+01 4.990801373315949263e+01 1.397587608591831554e+01 3.182355999260506052e-01 3.073606761720904146e+01 3.748477767820619128e-28 4.382983469698995282e-28 2.730380285625817119e-29 8.637044977424169767e-01 3.428281594448632490e-29 1.000000000000000000e+00 0.000000000000000000e+00 0.000000000000000000e+00 0.000000000000000000e+00 1.000000000000000000e+00 1.000000000000000000e+10 0.000000000000000000e+00 0.000000000000000000e+00 0.000000000000000000e+00 1.000000000000000000e+10
1.328413566614123908e+00 4.180471865032710355e+01 2.938709370520920316e+01 1.476735277449582284e+01 3.062546180008696162e-01 3.074793805617935050e+01 4.535751226987413312e-28 3.430433880037330329e-28 3.655550140853356137e-29 8.446858472360241343e-01 4.391585348171288638e-29 1.000000000000000000e+00 0.000000000000000000e+00 0.000000000000000000e+00 0.000000000000000000e+00 1.000000000000000000e+00 1.000000000000000000e+10 0.000000000000000000e+00 0.000000000000000000e+00 0.000000000000000000e+00 1.000000000000000000e+10
1.532044931926391351e+00 4.087490406864515080e+01 3.150288250750032404e+01 1.408665988936600932e+01 3.091459649914526375e-01 2.960910920981437044e+01 6.905492239900203447e-28 3.801682639129784528e-28 3.438786481944073029e-29 8.590236692347682501e-01 4.166155261601203225e-29 1.000000000000000000e+00 0.000000000000000000e+00 0.000000000000000000e+00 0.000000000000000000e+00 1.000000000000000000e+00 1.000000000000000000e+10 0.000000000000000000e+00 0.000000000000000000e+00 0.000000000000000000e+00 1.000000000000000000e+10
1.766890772896739126e+00 3.905583116574535296e+01 2.885160869269839168e+01 1.303383660074212003e+01 3.029627694993974329e-01 2.732556978387106739e+01 1.066001644627805628e-27 3.196569280208819880e-28 4.417646796627090424e-29 8.596483640813447069e-01 5.123220630018640222e-29 1.000000000000000000e+00 0.000000000000000000e+00 0.000000000000000000e+00 0.000000000000000000e+00 1.000000000000000000e+00 1.000000000000000000e+10 0.000000000000000000e+00 0.000000000000000000e+00 0.000000000000000000e+00 1.000000000000000000e+10
2.037735929469222107e+00 3.852263873480811895e+01 2.834062905425908951e+01 1.315864908575448489e+01 3.054712169431674229e-01 2.691248844502971593e+01 1.452016488730924715e-27 2.761980759947397211e-28 6.222412581959013148e-29 8.648408441156592019e-01 6.867020198188715262e-29 1.000000000000000000e+00 0.000000000000000000e+00 0.000000000000000000e+00 0.000000000000000000e+00 1.000000000000000000e+00 1.000000000000000000e+10 0.000000000000000000e+00 0.000000000000000000e+00 0.000000000000000000e+00 1.000000000000000000e+10
2.350098705559579226e+00 3.387879119952565787e+01 2.301493191070471411e+01 1.277405214294029179e+01 2.895065219152890279e-01 2.579645295909315550e+01 9.685519000623758415e-28 2.458405462328345606e-28 5.582904969842378468e-29 8.766834253240221031e-01 6.270855540697288000e-29 1.000000000000000000e+00 0.000000000000000000e+00 0.000000000000000000e+00 0.000000000000000000e+00 1.000000000000000000e+00 1.000000000000000000e+10 0.000000000000000000e+00 0.000000000000000000e+00 0.000000000000000000e+00 1.000000000000000000e+10
