# R (Mpc), mean rho (Msol/kpc^3), errup (Msol/kpc^3), errlow, std, median rho (Msol/kpc^3), mean pth (Msol/kpc/s^2), errup(Msol/kpc/s^2), errlow, std, median pth (Msol/kpc/s^2), mean gas-mass-weighted metal (fraction), errup, errlow, std, median metal, mean gas-mass-weighted temp (K), errup, errlow, std, median temp  
#  nprofs 211, mean mh 210428843011.071930, median mh 197149179248.585266 
#  Mass range 11.00 - 11.5
1.040961082911032697e-02 3.120569292333743069e+05 1.687537191100820201e+05 1.184622158747742069e+05 2.147594236308463245e-01 2.906540583423781791e+05 7.720608753572874176e-26 4.225063954979050512e-26 1.711725721583273467e-26 3.390181066356828254e-01 4.471769180163195073e-26 1.000000000000000000e+00 0.000000000000000000e+00 0.000000000000000000e+00 0.000000000000000000e+00 1.000000000000000000e+00 1.000000000000000000e+10 0.000000000000000000e+00 0.000000000000000000e+00 0.000000000000000000e+00 1.000000000000000000e+10
1.200529105910367808e-02 2.552722872585291334e+05 1.171741982943236362e+05 1.095553661464266479e+05 2.182139320299412988e-01 2.470770010855974979e+05 8.435690993894845932e-26 8.126314202303000943e-26 1.600125582327490523e-26 3.785129344720808420e-01 4.154001188240440235e-26 1.000000000000000000e+00 0.000000000000000000e+00 0.000000000000000000e+00 0.000000000000000000e+00 1.000000000000000000e+00 1.000000000000000000e+10 0.000000000000000000e+00 0.000000000000000000e+00 0.000000000000000000e+00 1.000000000000000000e+10
1.384557172980430476e-02 1.999428258354407444e+05 8.235668582567275735e+04 8.719875737532110361e+04 2.251680827796931905e-01 1.952360219287288492e+05 6.565574355034522623e-26 7.790883102871573607e-26 1.487566545246753990e-26 3.379333219983210457e-01 3.749520879755806546e-26 1.000000000000000000e+00 0.000000000000000000e+00 0.000000000000000000e+00 0.000000000000000000e+00 1.000000000000000000e+00 1.000000000000000000e+10 0.000000000000000000e+00 0.000000000000000000e+00 0.000000000000000000e+00 1.000000000000000000e+10
1.596794743096121086e-02 1.538177484073797241e+05 6.186392180934449425e+04 7.490970146571520308e+04 2.328246776057275591e-01 1.541712133605065465e+05 5.915372901309165366e-26 5.488208278703010724e-26 1.373290207100542741e-26 3.206864392105324701e-01 3.643462096739267121e-26 1.000000000000000000e+00 0.000000000000000000e+00 0.000000000000000000e+00 0.000000000000000000e+00 1.000000000000000000e+00 1.000000000000000000e+10 0.000000000000000000e+00 0.000000000000000000e+00 0.000000000000000000e+00 1.000000000000000000e+10
1.841566026551830909e-02 1.108211173987598740e+05 4.759457526342959318e+04 5.277559267990034277e+04 2.352060803792069554e-01 1.108731931274738599e+05 5.084121455172901146e-26 4.844341133750495816e-26 1.386473918872046800e-26 3.106368901699843033e-01 3.454621045136230130e-26 1.000000000000000000e+00 0.000000000000000000e+00 0.000000000000000000e+00 0.000000000000000000e+00 1.000000000000000000e+00 1.000000000000000000e+10 0.000000000000000000e+00 0.000000000000000000e+00 0.000000000000000000e+00 1.000000000000000000e+10
2.123858088093512342e-02 7.855441608713618189e+04 3.705015017806012474e+04 3.621790118026892742e+04 2.540085852261480537e-01 7.744863987216925307e+04 4.469502994925068686e-26 3.685227233483892817e-26 1.447024431625284352e-26 2.842539319747641735e-01 3.352587982575098845e-26 1.000000000000000000e+00 0.000000000000000000e+00 0.000000000000000000e+00 0.000000000000000000e+00 1.000000000000000000e+00 1.000000000000000000e+10 0.000000000000000000e+00 0.000000000000000000e+00 0.000000000000000000e+00 1.000000000000000000e+10
2.449422455303571639e-02 5.205544296207447042e+04 3.242801484501591040e+04 2.388845846754769809e+04 2.595261846220437985e-01 4.911625242284795240e+04 3.590605578424962227e-26 2.538220004984795797e-26 9.890924508124878606e-27 2.553623819788531923e-01 2.692900092141343738e-26 1.000000000000000000e+00 0.000000000000000000e+00 0.000000000000000000e+00 0.000000000000000000e+00 1.000000000000000000e+00 1.000000000000000000e+10 0.000000000000000000e+00 0.000000000000000000e+00 0.000000000000000000e+00 1.000000000000000000e+10
2.824892302447100725e-02 3.334862141645314114e+04 2.510536506010055746e+04 1.458882616298009452e+04 2.566942874707683342e-01 2.935821002134193986e+04 3.048690135281700252e-26 1.730604430821446868e-26 1.121128834583174699e-26 2.541940359946883721e-01 2.504717055129727615e-26 1.000000000000000000e+00 0.000000000000000000e+00 0.000000000000000000e+00 0.000000000000000000e+00 1.000000000000000000e+00 1.000000000000000000e+10 0.000000000000000000e+00 0.000000000000000000e+00 0.000000000000000000e+00 1.000000000000000000e+10
3.257917597328415654e-02 1.980245903305977481e+04 1.424752991411557923e+04 6.711865258154632102e+03 2.475263742237254483e-01 1.616707171554668275e+04 2.534177506865501131e-26 1.460578016490969294e-26 7.707503900728624435e-27 2.292141668208300120e-01 2.060928505843663693e-26 1.000000000000000000e+00 0.000000000000000000e+00 0.000000000000000000e+00 0.000000000000000000e+00 1.000000000000000000e+00 1.000000000000000000e+10 0.000000000000000000e+00 0.000000000000000000e+00 0.000000000000000000e+00 1.000000000000000000e+10
3.757320964692217186e-02 1.165485964827817588e+04 7.777444276440375688e+03 3.411241883158795645e+03 2.279748926399276787e-01 9.542424054688010074e+03 2.028999559848366906e-26 1.221464710774500575e-26 7.334822219481337961e-27 2.255758435785344407e-01 1.789544550418919712e-26 1.000000000000000000e+00 0.000000000000000000e+00 0.000000000000000000e+00 0.000000000000000000e+00 1.000000000000000000e+00 1.000000000000000000e+10 0.000000000000000000e+00 0.000000000000000000e+00 0.000000000000000000e+00 1.000000000000000000e+10
4.333277441790538143e-02 7.203432219378943955e+03 4.112252439160834001e+03 2.318007420245106459e+03 2.177204173729230252e-01 6.181562659140309734e+03 1.716959322347613007e-26 1.049086851477184607e-26 5.435330127074065503e-27 2.236102186934716962e-01 1.453052231370061002e-26 1.000000000000000000e+00 0.000000000000000000e+00 0.000000000000000000e+00 0.000000000000000000e+00 1.000000000000000000e+00 1.000000000000000000e+10 0.000000000000000000e+00 0.000000000000000000e+00 0.000000000000000000e+00 1.000000000000000000e+10
4.997521788524898756e-02 4.550443300749644550e+03 2.281785329024543898e+03 1.502608480326282915e+03 1.890562902745108187e-01 4.085770723544967041e+03 1.312933097152188220e-26 6.933904454368023125e-27 4.708453696002356589e-27 2.094314824767118388e-01 1.154736708112721300e-26 1.000000000000000000e+00 0.000000000000000000e+00 0.000000000000000000e+00 0.000000000000000000e+00 1.000000000000000000e+00 1.000000000000000000e+10 0.000000000000000000e+00 0.000000000000000000e+00 0.000000000000000000e+00 1.000000000000000000e+10
5.763587575980636674e-02 3.200113544559086222e+03 1.502133364029018594e+03 8.920840845674629236e+02 1.676961882989407293e-01 2.932217288127287247e+03 1.057164388074734511e-26 5.662394526460494400e-27 3.814203559597573557e-27 2.034393253233437726e-01 9.499882671392005490e-27 1.000000000000000000e+00 0.000000000000000000e+00 0.000000000000000000e+00 0.000000000000000000e+00 1.000000000000000000e+00 1.000000000000000000e+10 0.000000000000000000e+00 0.000000000000000000e+00 0.000000000000000000e+00 1.000000000000000000e+10
6.647082924635627776e-02 2.445030486121881950e+03 8.661155520949282618e+02 7.451848610780946274e+02 1.644167925824164267e-01 2.302263461799274864e+03 8.282464346547223249e-27 4.129205740990728120e-27 3.193246399303615126e-27 2.097541371109954977e-01 7.670912639357582253e-27 1.000000000000000000e+00 0.000000000000000000e+00 0.000000000000000000e+00 0.000000000000000000e+00 1.000000000000000000e+00 1.000000000000000000e+10 0.000000000000000000e+00 0.000000000000000000e+00 0.000000000000000000e+00 1.000000000000000000e+10
7.666008510240249207e-02 1.910897912287872259e+03 8.268297474681073709e+02 5.632775989822293923e+02 1.749443772247839257e-01 1.739551164144608947e+03 6.286980683641559024e-27 2.894362354740592483e-27 2.503692590096111584e-27 2.243283367873844247e-01 5.820130727586416861e-27 1.000000000000000000e+00 0.000000000000000000e+00 0.000000000000000000e+00 0.000000000000000000e+00 1.000000000000000000e+00 1.000000000000000000e+10 0.000000000000000000e+00 0.000000000000000000e+00 0.000000000000000000e+00 1.000000000000000000e+10
8.841124316543315376e-02 1.504110579463779004e+03 6.140426189283589338e+02 4.218748988353618188e+02 1.672355936703157908e-01 1.387931749078550865e+03 4.748188151882343994e-27 2.966049193347785528e-27 1.831128485213536354e-27 2.309585883822151686e-01 4.124383059520902513e-27 1.000000000000000000e+00 0.000000000000000000e+00 0.000000000000000000e+00 0.000000000000000000e+00 1.000000000000000000e+00 1.000000000000000000e+10 0.000000000000000000e+00 0.000000000000000000e+00 0.000000000000000000e+00 1.000000000000000000e+10
1.019637260722580097e-01 1.188559797470624972e+03 5.734913278619367247e+02 3.232296344418506351e+02 1.772159257995805925e-01 1.057863950050665835e+03 3.534310872307902007e-27 2.046381500615101312e-27 1.391989672788985608e-27 2.484502357784818538e-01 3.042831158335718113e-27 1.000000000000000000e+00 0.000000000000000000e+00 0.000000000000000000e+00 0.000000000000000000e+00 1.000000000000000000e+00 1.000000000000000000e+10 0.000000000000000000e+00 0.000000000000000000e+00 0.000000000000000000e+00 1.000000000000000000e+10
1.175936573483598035e-01 8.990749887712094051e+02 3.555221621739450484e+02 2.728335921239801110e+02 1.701473902989807663e-01 8.327495460676149150e+02 2.593399427425674417e-27 1.721968092305441168e-27 1.018044551537111464e-27 2.618212208451659584e-01 2.217422802603216585e-27 1.000000000000000000e+00 0.000000000000000000e+00 0.000000000000000000e+00 0.000000000000000000e+00 1.000000000000000000e+00 1.000000000000000000e+10 0.000000000000000000e+00 0.000000000000000000e+00 0.000000000000000000e+00 1.000000000000000000e+10
1.356194872553388164e-01 6.674672123612588166e+02 2.781438459535822858e+02 1.766900656352438546e+02 1.615157793892664784e-01 6.039372735521012601e+02 1.909698753162995609e-27 1.233454155956559559e-27 6.985916348755308133e-28 2.820822001156444991e-01 1.535465010147191707e-27 1.000000000000000000e+00 0.000000000000000000e+00 0.000000000000000000e+00 0.000000000000000000e+00 1.000000000000000000e+00 1.000000000000000000e+10 0.000000000000000000e+00 0.000000000000000000e+00 0.000000000000000000e+00 1.000000000000000000e+10
1.564084810196403053e-01 5.026093483542007334e+02 2.091838119443652886e+02 1.352958583685640974e+02 1.572866442661660924e-01 4.677762510053325968e+02 1.429151118691687020e-27 1.029574966334541575e-27 5.060088835938904743e-28 3.121068865888011468e-01 1.076871215993606781e-27 1.000000000000000000e+00 0.000000000000000000e+00 0.000000000000000000e+00 0.000000000000000000e+00 1.000000000000000000e+00 1.000000000000000000e+10 0.000000000000000000e+00 0.000000000000000000e+00 0.000000000000000000e+00 1.000000000000000000e+10
1.803842016362447453e-01 3.893341137835221843e+02 1.653225485382417901e+02 1.248495119936970070e+02 1.685048943090342866e-01 3.606071888041702778e+02 1.111457772255123489e-27 9.047154382306779564e-28 4.308456620000389335e-28 3.498941953612823563e-01 7.908843149718531877e-28 1.000000000000000000e+00 0.000000000000000000e+00 0.000000000000000000e+00 0.000000000000000000e+00 1.000000000000000000e+00 1.000000000000000000e+10 0.000000000000000000e+00 0.000000000000000000e+00 0.000000000000000000e+00 1.000000000000000000e+10
2.080351397048574025e-01 2.998938308109543414e+02 1.452196184837919759e+02 9.240047494454452703e+01 1.806855082895946485e-01 2.703985637607070771e+02 8.944038225933535297e-28 8.081071937717214046e-28 3.188047533372879543e-28 3.965516305362343785e-01 5.472123962339004363e-28 1.000000000000000000e+00 0.000000000000000000e+00 0.000000000000000000e+00 0.000000000000000000e+00 1.000000000000000000e+00 1.000000000000000000e+10 0.000000000000000000e+00 0.000000000000000000e+00 0.000000000000000000e+00 1.000000000000000000e+10
2.399246661262133540e-01 2.286119163852559950e+02 1.215033580587010249e+02 5.957642280392599332e+01 1.847838381504686711e-01 2.005965009874510372e+02 7.311890369321061186e-28 8.123207745184074543e-28 2.215500633385289536e-28 4.370574669575810756e-01 3.772835890677036109e-28 1.000000000000000000e+00 0.000000000000000000e+00 0.000000000000000000e+00 0.000000000000000000e+00 1.000000000000000000e+00 1.000000000000000000e+10 0.000000000000000000e+00 0.000000000000000000e+00 0.000000000000000000e+00 1.000000000000000000e+10
2.767025104385807399e-01 1.831188190932329292e+02 9.008406691271963496e+01 4.271760750868718048e+01 2.030513739741340307e-01 1.487060040688743072e+02 6.111987749639671833e-28 7.388099564802334163e-28 1.572030553034179114e-28 4.799034087541511617e-01 2.656969922736419594e-28 1.000000000000000000e+00 0.000000000000000000e+00 0.000000000000000000e+00 0.000000000000000000e+00 1.000000000000000000e+00 1.000000000000000000e+10 0.000000000000000000e+00 0.000000000000000000e+00 0.000000000000000000e+00 1.000000000000000000e+10
3.191179986585286343e-01 1.518322240207445191e+02 9.780104808550112239e+01 4.012925370615823795e+01 2.241107621671165895e-01 1.200263423285487931e+02 5.337084068873854844e-28 6.338699809203776689e-28 1.287905755987369378e-28 5.284365235726250498e-01 2.012982531815439286e-28 1.000000000000000000e+00 0.000000000000000000e+00 0.000000000000000000e+00 0.000000000000000000e+00 1.000000000000000000e+00 1.000000000000000000e+10 0.000000000000000000e+00 0.000000000000000000e+00 0.000000000000000000e+00 1.000000000000000000e+10
3.680353203388414540e-01 1.239362649252905868e+02 8.962269868812629170e+01 3.435055305253025182e+01 2.335830305197937884e-01 9.523291864441236498e+01 4.891512316308782139e-28 6.446120955031589750e-28 1.047438987714992708e-28 5.747618937300279507e-01 1.558444961501792010e-28 1.000000000000000000e+00 0.000000000000000000e+00 0.000000000000000000e+00 0.000000000000000000e+00 1.000000000000000000e+00 1.000000000000000000e+10 0.000000000000000000e+00 0.000000000000000000e+00 0.000000000000000000e+00 1.000000000000000000e+10
4.244511359005219142e-01 1.074210919408063631e+02 7.579400200291567558e+01 3.022075860438760486e+01 2.619964024322231633e-01 8.009959405234704377e+01 4.786990083188041288e-28 6.866377189832989785e-28 8.409389724990190581e-29 6.343036317935866197e-01 1.210204347828335407e-28 1.000000000000000000e+00 0.000000000000000000e+00 0.000000000000000000e+00 0.000000000000000000e+00 1.000000000000000000e+00 1.000000000000000000e+10 0.000000000000000000e+00 0.000000000000000000e+00 0.000000000000000000e+00 1.000000000000000000e+10
4.895148829774688681e-01 8.591470346464619467e+01 6.808126426924522434e+01 2.482302316335530890e+01 2.666833594930834717e-01 6.262427269051584489e+01 4.556485186484221787e-28 5.303287318637671698e-28 8.356334772422348466e-29 6.896442003746185989e-01 1.068720965380550774e-28 1.000000000000000000e+00 0.000000000000000000e+00 0.000000000000000000e+00 0.000000000000000000e+00 1.000000000000000000e+00 1.000000000000000000e+10 0.000000000000000000e+00 0.000000000000000000e+00 0.000000000000000000e+00 1.000000000000000000e+10
5.645521955031491679e-01 7.629576700433736391e+01 5.746683876807578173e+01 2.529131825570146930e+01 2.845029035101223069e-01 5.734512993642227485e+01 4.484559630897497907e-28 5.821831515556143142e-28 6.824577681506121890e-29 7.367779061082255776e-01 8.703761757109359113e-29 1.000000000000000000e+00 0.000000000000000000e+00 0.000000000000000000e+00 0.000000000000000000e+00 1.000000000000000000e+00 1.000000000000000000e+10 0.000000000000000000e+00 0.000000000000000000e+00 0.000000000000000000e+00 1.000000000000000000e+10
6.510919126887823039e-01 6.346550168662979985e+01 5.765463978374936005e+01 1.807423157286485704e+01 2.897329135399728806e-01 4.461016548556848704e+01 4.094941082135631578e-28 5.119307164364018270e-28 6.133849907777961254e-29 7.813877064206448120e-01 7.538104687385467576e-29 1.000000000000000000e+00 0.000000000000000000e+00 0.000000000000000000e+00 0.000000000000000000e+00 1.000000000000000000e+00 1.000000000000000000e+10 0.000000000000000000e+00 0.000000000000000000e+00 0.000000000000000000e+00 1.000000000000000000e+10
7.508972281844089602e-01 5.541422140250276840e+01 5.086607802533865907e+01 1.611708270566104062e+01 2.901400497110648291e-01 3.879464095583895045e+01 3.760108012678766255e-28 5.583731594197855146e-28 4.923604578061966765e-29 8.064174174383456073e-01 6.098744676116206838e-29 1.000000000000000000e+00 0.000000000000000000e+00 0.000000000000000000e+00 0.000000000000000000e+00 1.000000000000000000e+00 1.000000000000000000e+10 0.000000000000000000e+00 0.000000000000000000e+00 0.000000000000000000e+00 1.000000000000000000e+10
8.660016140678794550e-01 5.362229293886623083e+01 5.747509049205894627e+01 1.498302812995079947e+01 3.163657554551499995e-01 3.547777121927327215e+01 3.937457260330531402e-28 5.232443539906004193e-28 4.914497281716111602e-29 8.491409034278479817e-01 5.964604046245685600e-29 1.000000000000000000e+00 0.000000000000000000e+00 0.000000000000000000e+00 0.000000000000000000e+00 1.000000000000000000e+00 1.000000000000000000e+10 0.000000000000000000e+00 0.000000000000000000e+00 0.000000000000000000e+00 1.000000000000000000e+10
9.987502515910116063e-01 4.803391028666501938e+01 4.928649322829529922e+01 1.704686597495981459e+01 3.132352620055954273e-01 3.459197921390310171e+01 4.202995217637215276e-28 4.000444093564841949e-28 6.601514095644164261e-29 8.674684369111818061e-01 7.405401084156724726e-29 1.000000000000000000e+00 0.000000000000000000e+00 0.000000000000000000e+00 0.000000000000000000e+00 1.000000000000000000e+00 1.000000000000000000e+10 0.000000000000000000e+00 0.000000000000000000e+00 0.000000000000000000e+00 1.000000000000000000e+10
1.151847812808953542e+00 4.300086877211812464e+01 4.156212997670715481e+01 1.452842974500366324e+01 3.062711937299761322e-01 3.114651183393663914e+01 4.242768589611708849e-28 3.992904146174157487e-28 5.267857520820679478e-29 8.606599262611543955e-01 6.003599571353847641e-29 1.000000000000000000e+00 0.000000000000000000e+00 0.000000000000000000e+00 0.000000000000000000e+00 1.000000000000000000e+00 1.000000000000000000e+10 0.000000000000000000e+00 0.000000000000000000e+00 0.000000000000000000e+00 1.000000000000000000e+10
1.328413566614123908e+00 3.994239864291017739e+01 3.296449096171208737e+01 1.323343751110368061e+01 2.982403043820116006e-01 2.921088085825756053e+01 4.864956249843489272e-28 3.937559396214618364e-28 5.791992052916147353e-29 8.402977883609599186e-01 6.631795445911463611e-29 1.000000000000000000e+00 0.000000000000000000e+00 0.000000000000000000e+00 0.000000000000000000e+00 1.000000000000000000e+00 1.000000000000000000e+10 0.000000000000000000e+00 0.000000000000000000e+00 0.000000000000000000e+00 1.000000000000000000e+10
1.532044931926391351e+00 3.824824664632091498e+01 3.150774665873855085e+01 1.378254846223851438e+01 2.976345783541773371e-01 2.859016274694653603e+01 6.539679921499866038e-28 3.713905472166854620e-28 6.242123372601501973e-29 8.476605252492379616e-01 7.024564718721464870e-29 1.000000000000000000e+00 0.000000000000000000e+00 0.000000000000000000e+00 0.000000000000000000e+00 1.000000000000000000e+00 1.000000000000000000e+10 0.000000000000000000e+00 0.000000000000000000e+00 0.000000000000000000e+00 1.000000000000000000e+10
1.766890772896739126e+00 3.698247442155874154e+01 2.737243107325636160e+01 1.111532380105522044e+01 2.965197275847636371e-01 2.581452894134174514e+01 1.068671838786567978e-27 3.874987852593736082e-28 6.701266753321900709e-29 8.626904101317136586e-01 7.551559762269027770e-29 1.000000000000000000e+00 0.000000000000000000e+00 0.000000000000000000e+00 0.000000000000000000e+00 1.000000000000000000e+00 1.000000000000000000e+10 0.000000000000000000e+00 0.000000000000000000e+00 0.000000000000000000e+00 1.000000000000000000e+10
2.037735929469222107e+00 3.626639763349399459e+01 2.215830126050329341e+01 1.379360565854845788e+01 2.986299737713852265e-01 2.715102300146536862e+01 1.447688947944157339e-27 2.574791769626389411e-28 8.029872582522446781e-29 8.492152332055500352e-01 9.048787821728166036e-29 1.000000000000000000e+00 0.000000000000000000e+00 0.000000000000000000e+00 0.000000000000000000e+00 1.000000000000000000e+00 1.000000000000000000e+10 0.000000000000000000e+00 0.000000000000000000e+00 0.000000000000000000e+00 1.000000000000000000e+10
2.350098705559579226e+00 3.298287470032385471e+01 2.172825311330209175e+01 1.111771578913771208e+01 2.848118428784855438e-01 2.438511529766963193e+01 1.109036831137142675e-27 2.828019593675638541e-28 7.893303659733531583e-29 8.451195984467563260e-01 8.898612086399281611e-29 1.000000000000000000e+00 0.000000000000000000e+00 0.000000000000000000e+00 0.000000000000000000e+00 1.000000000000000000e+00 1.000000000000000000e+10 0.000000000000000000e+00 0.000000000000000000e+00 0.000000000000000000e+00 1.000000000000000000e+10
