# R (Mpc), mean rho (Msol/kpc^3), errup (Msol/kpc^3), errlow, std, median rho (Msol/kpc^3), mean pth (Msol/kpc/s^2), errup(Msol/kpc/s^2), errlow, std, median pth (Msol/kpc/s^2), mean gas-mass-weighted metal (fraction), errup, errlow, std, median metal, mean gas-mass-weighted temp (K), errup, errlow, std, median temp  
#  nprofs 181, mean mh 545126918874.562012, median mh 489616365621.740417 
#  Mass range 11.50 - 12.0
1.040961082911032697e-02 4.813054496607017936e+05 3.095456859417035594e+05 1.661260971233588643e+05 2.283516756721494234e-01 4.145978952478469000e+05 3.081663150358953653e-25 5.156854214971941612e-25 7.224586369311131290e-26 5.193049880296436438e-01 1.172956966613935882e-25 1.000000000000000000e+00 0.000000000000000000e+00 0.000000000000000000e+00 0.000000000000000000e+00 1.000000000000000000e+00 1.000000000000000000e+10 0.000000000000000000e+00 0.000000000000000000e+00 0.000000000000000000e+00 1.000000000000000000e+10
1.200529105910367808e-02 3.641730383849208010e+05 1.993973325834550196e+05 1.459654697567565017e+05 2.243316626876193931e-01 3.319324694742939901e+05 2.617658354300787382e-25 3.601542410644132629e-25 8.943166403147268682e-26 4.828802140986423463e-01 1.327781663491353828e-25 1.000000000000000000e+00 0.000000000000000000e+00 0.000000000000000000e+00 0.000000000000000000e+00 1.000000000000000000e+00 1.000000000000000000e+10 0.000000000000000000e+00 0.000000000000000000e+00 0.000000000000000000e+00 1.000000000000000000e+10
1.384557172980430476e-02 2.667083448820503545e+05 1.363785793306028936e+05 1.316114604410429893e+05 2.399032181618952486e-01 2.635686666631956468e+05 2.626361625395200736e-25 2.969986221950886781e-25 1.079550073188359570e-25 4.455339685672318750e-01 1.598286232378073034e-25 1.000000000000000000e+00 0.000000000000000000e+00 0.000000000000000000e+00 0.000000000000000000e+00 1.000000000000000000e+00 1.000000000000000000e+10 0.000000000000000000e+00 0.000000000000000000e+00 0.000000000000000000e+00 1.000000000000000000e+10
1.596794743096121086e-02 1.880843532385329308e+05 1.114078207002001582e+05 7.834267422120092670e+04 2.495535050096145679e-01 1.750389090090196696e+05 2.663417628785724233e-25 3.074906663671180347e-25 1.004560250593176991e-25 4.192849107355508531e-01 1.619333733401997906e-25 1.000000000000000000e+00 0.000000000000000000e+00 0.000000000000000000e+00 0.000000000000000000e+00 1.000000000000000000e+00 1.000000000000000000e+10 0.000000000000000000e+00 0.000000000000000000e+00 0.000000000000000000e+00 1.000000000000000000e+10
1.841566026551830909e-02 1.285205614919134387e+05 6.650131521138429525e+04 6.097824814707908081e+04 2.560338545361318663e-01 1.210873550373323378e+05 2.273331726120214045e-25 2.180439366646303422e-25 7.396103199756310587e-26 3.754368461422601944e-01 1.429559810176987536e-25 1.000000000000000000e+00 0.000000000000000000e+00 0.000000000000000000e+00 0.000000000000000000e+00 1.000000000000000000e+00 1.000000000000000000e+10 0.000000000000000000e+00 0.000000000000000000e+00 0.000000000000000000e+00 1.000000000000000000e+10
2.123858088093512342e-02 9.068586776926383027e+04 5.931735028295454686e+04 3.671255227905666834e+04 2.653532021067012692e-01 7.943658747732266784e+04 2.106001222758964723e-25 2.231201444890526191e-25 7.531274595467563793e-26 3.403920412300762144e-01 1.489516642876140896e-25 1.000000000000000000e+00 0.000000000000000000e+00 0.000000000000000000e+00 0.000000000000000000e+00 1.000000000000000000e+00 1.000000000000000000e+10 0.000000000000000000e+00 0.000000000000000000e+00 0.000000000000000000e+00 1.000000000000000000e+10
2.449422455303571639e-02 6.020727240288155008e+04 4.438822767279856635e+04 2.401305419722676743e+04 2.731653502688356494e-01 5.161793923052206083e+04 1.719144853408093788e-25 1.700640733295309966e-25 6.493231294758135517e-26 3.251759500259277513e-01 1.252096557626020057e-25 1.000000000000000000e+00 0.000000000000000000e+00 0.000000000000000000e+00 0.000000000000000000e+00 1.000000000000000000e+00 1.000000000000000000e+10 0.000000000000000000e+00 0.000000000000000000e+00 0.000000000000000000e+00 1.000000000000000000e+10
2.824892302447100725e-02 4.106682799524330039e+04 2.924345247207805369e+04 1.774088005908088599e+04 2.640831789445845512e-01 3.528511018545359548e+04 1.445512319992592367e-25 1.290246306971597207e-25 5.167694129834294244e-26 3.097395753808316332e-01 1.068547955145683227e-25 1.000000000000000000e+00 0.000000000000000000e+00 0.000000000000000000e+00 0.000000000000000000e+00 1.000000000000000000e+00 1.000000000000000000e+10 0.000000000000000000e+00 0.000000000000000000e+00 0.000000000000000000e+00 1.000000000000000000e+10
3.257917597328415654e-02 2.782160940335190753e+04 2.055274932508297934e+04 1.102221111079159346e+04 2.608022492812592796e-01 2.321408833846932248e+04 1.193094323961190301e-25 8.768121872606516995e-26 3.861894104429481407e-26 3.091476521997748028e-01 8.559212075131481694e-26 1.000000000000000000e+00 0.000000000000000000e+00 0.000000000000000000e+00 0.000000000000000000e+00 1.000000000000000000e+00 1.000000000000000000e+10 0.000000000000000000e+00 0.000000000000000000e+00 0.000000000000000000e+00 1.000000000000000000e+10
3.757320964692217186e-02 1.956132501469891213e+04 1.182966572470436586e+04 6.702044310744278846e+03 2.418720449562966335e-01 1.666761234407147640e+04 9.939602706959220852e-26 7.091974180409595368e-26 4.054346289568966665e-26 3.014101100205509032e-01 7.809961767826758268e-26 1.000000000000000000e+00 0.000000000000000000e+00 0.000000000000000000e+00 0.000000000000000000e+00 1.000000000000000000e+00 1.000000000000000000e+10 0.000000000000000000e+00 0.000000000000000000e+00 0.000000000000000000e+00 1.000000000000000000e+10
4.333277441790538143e-02 1.374618527404385713e+04 9.912008574365925597e+03 3.816683494215876635e+03 2.180078340360571965e-01 1.139156990284706626e+04 8.342924924357431500e-26 5.915255154681992306e-26 3.271736657328475487e-26 2.854553703064776626e-01 6.541823947947007758e-26 1.000000000000000000e+00 0.000000000000000000e+00 0.000000000000000000e+00 0.000000000000000000e+00 1.000000000000000000e+00 1.000000000000000000e+10 0.000000000000000000e+00 0.000000000000000000e+00 0.000000000000000000e+00 1.000000000000000000e+10
4.997521788524898756e-02 9.770186080508405212e+03 4.925383406990493313e+03 2.821370281317448644e+03 1.916600125050646475e-01 8.683829085018451224e+03 6.787716994100449086e-26 5.408801930829533158e-26 2.445318174162758271e-26 2.787949563525610741e-01 5.298964611743939748e-26 1.000000000000000000e+00 0.000000000000000000e+00 0.000000000000000000e+00 0.000000000000000000e+00 1.000000000000000000e+00 1.000000000000000000e+10 0.000000000000000000e+00 0.000000000000000000e+00 0.000000000000000000e+00 1.000000000000000000e+10
5.763587575980636674e-02 7.649391358546899937e+03 3.814150684354935947e+03 2.535916084712476732e+03 1.803725071979486450e-01 6.980958918553573312e+03 5.533248560415339313e-26 4.583704333546934507e-26 1.980059576355978101e-26 2.804614691060413612e-01 4.201221750614184732e-26 1.000000000000000000e+00 0.000000000000000000e+00 0.000000000000000000e+00 0.000000000000000000e+00 1.000000000000000000e+00 1.000000000000000000e+10 0.000000000000000000e+00 0.000000000000000000e+00 0.000000000000000000e+00 1.000000000000000000e+10
6.647082924635627776e-02 6.035623038676825672e+03 2.741318941418091526e+03 1.831455788480124738e+03 1.787741867977894750e-01 5.532215058638062146e+03 4.424110410099459486e-26 3.465925330459137414e-26 1.600396454418716659e-26 2.766539328946981957e-01 3.461693500168723739e-26 1.000000000000000000e+00 0.000000000000000000e+00 0.000000000000000000e+00 0.000000000000000000e+00 1.000000000000000000e+00 1.000000000000000000e+10 0.000000000000000000e+00 0.000000000000000000e+00 0.000000000000000000e+00 1.000000000000000000e+10
7.666008510240249207e-02 4.794254311552854233e+03 2.287337459971033240e+03 1.198150729670942383e+03 1.797520974805547067e-01 4.176350704684447919e+03 3.439326439351349222e-26 2.793606969324887772e-26 1.202595844964377859e-26 2.823472486272607940e-01 2.638145900240414143e-26 1.000000000000000000e+00 0.000000000000000000e+00 0.000000000000000000e+00 0.000000000000000000e+00 1.000000000000000000e+00 1.000000000000000000e+10 0.000000000000000000e+00 0.000000000000000000e+00 0.000000000000000000e+00 1.000000000000000000e+10
8.841124316543315376e-02 3.751721888037392091e+03 1.745567035443318673e+03 1.002523110394721243e+03 1.796224488935801167e-01 3.337052372073208062e+03 2.571540277085047731e-26 2.129848046614782103e-26 1.109369400442614165e-26 2.847927125197604603e-01 2.107566527863752709e-26 1.000000000000000000e+00 0.000000000000000000e+00 0.000000000000000000e+00 0.000000000000000000e+00 1.000000000000000000e+00 1.000000000000000000e+10 0.000000000000000000e+00 0.000000000000000000e+00 0.000000000000000000e+00 1.000000000000000000e+10
1.019637260722580097e-01 2.934482577137267072e+03 1.501867825997947875e+03 8.013458998720584532e+02 1.807769486162534023e-01 2.579106198436013074e+03 1.897923124571719205e-26 1.511848983375694293e-26 8.381079408418608905e-27 2.883204219395506529e-01 1.570121350611316970e-26 1.000000000000000000e+00 0.000000000000000000e+00 0.000000000000000000e+00 0.000000000000000000e+00 1.000000000000000000e+00 1.000000000000000000e+10 0.000000000000000000e+00 0.000000000000000000e+00 0.000000000000000000e+00 1.000000000000000000e+10
1.175936573483598035e-01 2.292670139178673253e+03 1.305110192195489162e+03 6.066140376433590973e+02 1.899640779310695082e-01 1.950387986160521905e+03 1.363317123982000361e-26 1.192601544798228120e-26 5.965096322564475312e-27 2.974599426824238169e-01 1.124953845475893583e-26 1.000000000000000000e+00 0.000000000000000000e+00 0.000000000000000000e+00 0.000000000000000000e+00 1.000000000000000000e+00 1.000000000000000000e+10 0.000000000000000000e+00 0.000000000000000000e+00 0.000000000000000000e+00 1.000000000000000000e+10
1.356194872553388164e-01 1.711857887493236149e+03 9.161393275074374287e+02 5.816091797830904397e+02 1.832131952026768984e-01 1.589812076149356471e+03 9.608262584266648035e-27 8.424342609280734084e-27 4.232296033432526813e-27 3.056716547403476869e-01 7.764935072014569267e-27 1.000000000000000000e+00 0.000000000000000000e+00 0.000000000000000000e+00 0.000000000000000000e+00 1.000000000000000000e+00 1.000000000000000000e+10 0.000000000000000000e+00 0.000000000000000000e+00 0.000000000000000000e+00 1.000000000000000000e+10
1.564084810196403053e-01 1.262198999642385161e+03 5.647067190038874287e+02 4.132052599384168161e+02 1.788162397114832214e-01 1.181141139185635211e+03 6.632858084376384345e-27 6.026802295908050814e-27 2.627928000695766911e-27 3.165948471748198934e-01 4.952811855907194129e-27 1.000000000000000000e+00 0.000000000000000000e+00 0.000000000000000000e+00 0.000000000000000000e+00 1.000000000000000000e+00 1.000000000000000000e+10 0.000000000000000000e+00 0.000000000000000000e+00 0.000000000000000000e+00 1.000000000000000000e+10
1.803842016362447453e-01 9.211165603952644005e+02 4.130464131568302264e+02 2.872928124338923226e+02 1.707980280605052303e-01 8.531927636354456581e+02 4.645957735102134559e-27 4.228312459403566500e-27 1.720684617573609610e-27 3.304712609092058107e-01 3.324147626388438069e-27 1.000000000000000000e+00 0.000000000000000000e+00 0.000000000000000000e+00 0.000000000000000000e+00 1.000000000000000000e+00 1.000000000000000000e+10 0.000000000000000000e+00 0.000000000000000000e+00 0.000000000000000000e+00 1.000000000000000000e+10
2.080351397048574025e-01 6.738380904247419494e+02 2.894115448723321151e+02 2.234804888005473344e+02 1.724770458291769726e-01 6.293269216969483750e+02 3.290359558100751279e-27 2.847879810098474050e-27 1.177535623951776625e-27 3.530956169572715964e-01 2.170406699386837772e-27 1.000000000000000000e+00 0.000000000000000000e+00 0.000000000000000000e+00 0.000000000000000000e+00 1.000000000000000000e+00 1.000000000000000000e+10 0.000000000000000000e+00 0.000000000000000000e+00 0.000000000000000000e+00 1.000000000000000000e+10
2.399246661262133540e-01 5.049383549609662509e+02 2.277663885757595494e+02 1.629976744237469006e+02 1.800547980918923707e-01 4.636524547308587785e+02 2.412370550653220389e-27 1.996676353896875071e-27 7.858841785302878590e-28 3.832329159093113558e-01 1.433169576975698292e-27 1.000000000000000000e+00 0.000000000000000000e+00 0.000000000000000000e+00 0.000000000000000000e+00 1.000000000000000000e+00 1.000000000000000000e+10 0.000000000000000000e+00 0.000000000000000000e+00 0.000000000000000000e+00 1.000000000000000000e+10
2.767025104385807399e-01 3.779704174729881174e+02 2.020458683028191444e+02 1.275326759830929007e+02 1.994692368031497631e-01 3.364716573423726231e+02 1.843135742591220898e-27 1.333271810984597535e-27 5.690903453996575946e-28 4.205022561532848480e-01 9.494333764566021512e-28 1.000000000000000000e+00 0.000000000000000000e+00 0.000000000000000000e+00 0.000000000000000000e+00 1.000000000000000000e+00 1.000000000000000000e+10 0.000000000000000000e+00 0.000000000000000000e+00 0.000000000000000000e+00 1.000000000000000000e+10
3.191179986585286343e-01 2.725136235899913117e+02 1.401294937223468935e+02 8.778035739909051927e+01 1.994524268811476986e-01 2.363861944272581184e+02 1.447465913048355932e-27 9.706728478147998489e-28 4.082940312777035720e-28 4.537037234927892571e-01 6.324197458758274562e-28 1.000000000000000000e+00 0.000000000000000000e+00 0.000000000000000000e+00 0.000000000000000000e+00 1.000000000000000000e+00 1.000000000000000000e+10 0.000000000000000000e+00 0.000000000000000000e+00 0.000000000000000000e+00 1.000000000000000000e+10
3.680353203388414540e-01 2.020307349157139072e+02 1.034833711775353606e+02 5.341296943182057078e+01 2.073345713697969106e-01 1.660669811014774666e+02 1.226157545930496687e-27 8.814256443861903971e-28 2.596977831717723905e-28 4.937532096106330148e-01 4.071680304346281344e-28 1.000000000000000000e+00 0.000000000000000000e+00 0.000000000000000000e+00 0.000000000000000000e+00 1.000000000000000000e+00 1.000000000000000000e+10 0.000000000000000000e+00 0.000000000000000000e+00 0.000000000000000000e+00 1.000000000000000000e+10
4.244511359005219142e-01 1.579448492847484999e+02 9.347285847465613529e+01 4.104705308196277258e+01 2.284238139067791273e-01 1.216281414161215935e+02 1.087447502840783195e-27 6.897949681605160335e-28 1.661580331499503778e-28 5.379743425034980708e-01 2.664251810774959662e-28 1.000000000000000000e+00 0.000000000000000000e+00 0.000000000000000000e+00 0.000000000000000000e+00 1.000000000000000000e+00 1.000000000000000000e+10 0.000000000000000000e+00 0.000000000000000000e+00 0.000000000000000000e+00 1.000000000000000000e+10
4.895148829774688681e-01 1.230644926793205798e+02 6.442366549766249761e+01 3.153579338386278863e+01 2.421263445824425597e-01 9.429116970537053533e+01 9.918162812036374413e-28 5.947027804186868385e-28 1.142082130282886648e-28 5.893429395802862736e-01 1.816466276521689442e-28 1.000000000000000000e+00 0.000000000000000000e+00 0.000000000000000000e+00 0.000000000000000000e+00 1.000000000000000000e+00 1.000000000000000000e+10 0.000000000000000000e+00 0.000000000000000000e+00 0.000000000000000000e+00 1.000000000000000000e+10
5.645521955031491679e-01 1.009190067973510452e+02 6.653304465563385861e+01 2.888390231766280891e+01 2.609098880463716075e-01 7.445750974590083615e+01 9.552262001176564841e-28 6.598018047737750711e-28 8.301406102119701543e-29 6.522154731902161107e-01 1.322559106897253270e-28 1.000000000000000000e+00 0.000000000000000000e+00 0.000000000000000000e+00 0.000000000000000000e+00 1.000000000000000000e+00 1.000000000000000000e+10 0.000000000000000000e+00 0.000000000000000000e+00 0.000000000000000000e+00 1.000000000000000000e+10
6.510919126887823039e-01 9.313796759052526397e+01 8.520447938770738006e+01 2.513229630070991050e+01 3.050754991125987359e-01 6.067200663084994972e+01 1.017203724951670925e-27 6.670698829722177647e-28 5.577838252482750955e-29 7.434797020755752328e-01 8.622034459975760940e-29 1.000000000000000000e+00 0.000000000000000000e+00 0.000000000000000000e+00 0.000000000000000000e+00 1.000000000000000000e+00 1.000000000000000000e+10 0.000000000000000000e+00 0.000000000000000000e+00 0.000000000000000000e+00 1.000000000000000000e+10
7.508972281844089602e-01 8.309936767899220911e+01 8.711790825232634461e+01 1.846592901149175248e+01 3.274253089885502122e-01 4.872417084248732522e+01 1.027233726958710486e-27 6.585899876956300495e-28 5.717160658991474579e-29 7.962436244608911418e-01 7.889956756602806030e-29 1.000000000000000000e+00 0.000000000000000000e+00 0.000000000000000000e+00 0.000000000000000000e+00 1.000000000000000000e+00 1.000000000000000000e+10 0.000000000000000000e+00 0.000000000000000000e+00 0.000000000000000000e+00 1.000000000000000000e+10
8.660016140678794550e-01 6.844360566538267676e+01 5.094265185700635357e+01 1.954187476938206913e+01 3.099643928851686381e-01 4.545012405236487041e+01 9.853928201174436721e-28 5.155281068030957580e-28 5.150232301940718652e-29 8.067228140125114466e-01 6.816886873192268966e-29 1.000000000000000000e+00 0.000000000000000000e+00 0.000000000000000000e+00 0.000000000000000000e+00 1.000000000000000000e+00 1.000000000000000000e+10 0.000000000000000000e+00 0.000000000000000000e+00 0.000000000000000000e+00 1.000000000000000000e+10
9.987502515910116063e-01 5.940702058276833242e+01 5.266550765489076724e+01 1.586874614759091173e+01 3.063975880055302414e-01 3.834236400689075452e+01 1.214245959953640514e-27 5.537227534967589962e-28 4.688180063076804303e-29 8.317800621798984162e-01 5.898211498922446120e-29 1.000000000000000000e+00 0.000000000000000000e+00 0.000000000000000000e+00 0.000000000000000000e+00 1.000000000000000000e+00 1.000000000000000000e+10 0.000000000000000000e+00 0.000000000000000000e+00 0.000000000000000000e+00 1.000000000000000000e+10
1.151847812808953542e+00 5.494998099092728694e+01 4.010919318462037353e+01 1.619138508243132790e+01 3.142461988011461815e-01 3.619761567095631705e+01 1.640416023030568743e-27 5.653978455519722502e-28 4.529057489404617172e-29 8.591409032591451611e-01 5.584305390736420284e-29 1.000000000000000000e+00 0.000000000000000000e+00 0.000000000000000000e+00 0.000000000000000000e+00 1.000000000000000000e+00 1.000000000000000000e+10 0.000000000000000000e+00 0.000000000000000000e+00 0.000000000000000000e+00 1.000000000000000000e+10
1.328413566614123908e+00 5.136097093364808330e+01 3.828529666584579871e+01 1.396154324255082102e+01 3.115832025722909404e-01 3.239885009958880602e+01 1.948625862267285030e-27 5.874079286406666633e-28 4.120794049509613446e-29 8.534576610486073189e-01 5.119090931756437393e-29 1.000000000000000000e+00 0.000000000000000000e+00 0.000000000000000000e+00 0.000000000000000000e+00 1.000000000000000000e+00 1.000000000000000000e+10 0.000000000000000000e+00 0.000000000000000000e+00 0.000000000000000000e+00 1.000000000000000000e+10
1.532044931926391351e+00 4.704015852880542781e+01 4.174575126272101500e+01 1.221027831760275006e+01 3.060258796105486123e-01 2.974210089928363132e+01 1.700876797311728085e-27 4.462527271753480879e-28 4.281154836162336174e-29 8.302339120859622001e-01 5.323467775849188006e-29 1.000000000000000000e+00 0.000000000000000000e+00 0.000000000000000000e+00 0.000000000000000000e+00 1.000000000000000000e+00 1.000000000000000000e+10 0.000000000000000000e+00 0.000000000000000000e+00 0.000000000000000000e+00 1.000000000000000000e+10
1.766890772896739126e+00 4.008677076243164095e+01 2.520777246432246343e+01 1.276815652841830051e+01 2.793066838665596574e-01 2.872905035068202650e+01 1.061339565266171096e-27 3.137227213757316911e-28 4.656316770082316985e-29 7.840207494996050963e-01 5.761343145770078764e-29 1.000000000000000000e+00 0.000000000000000000e+00 0.000000000000000000e+00 0.000000000000000000e+00 1.000000000000000000e+00 1.000000000000000000e+10 0.000000000000000000e+00 0.000000000000000000e+00 0.000000000000000000e+00 1.000000000000000000e+10
2.037735929469222107e+00 3.347516187333031468e+01 2.353588621831612215e+01 1.068658992527271145e+01 2.512241637454789012e-01 2.644559340404916981e+01 4.665835659988119632e-28 2.862079663335133017e-28 4.364285782181170364e-29 7.296107751012588238e-01 5.731185077602830318e-29 1.000000000000000000e+00 0.000000000000000000e+00 0.000000000000000000e+00 0.000000000000000000e+00 1.000000000000000000e+00 1.000000000000000000e+10 0.000000000000000000e+00 0.000000000000000000e+00 0.000000000000000000e+00 1.000000000000000000e+10
2.350098705559579226e+00 3.106825905161198165e+01 2.390320307007014478e+01 7.867752278273366429e+00 2.426364972491016903e-01 2.356405231031816427e+01 3.145362527312843021e-28 2.394508262407550624e-28 4.759008578697268245e-29 6.963270944042068145e-01 6.118381984397602502e-29 1.000000000000000000e+00 0.000000000000000000e+00 0.000000000000000000e+00 0.000000000000000000e+00 1.000000000000000000e+00 1.000000000000000000e+10 0.000000000000000000e+00 0.000000000000000000e+00 0.000000000000000000e+00 1.000000000000000000e+10
