# R (Mpc), mean rho (Msol/kpc^3), errup (Msol/kpc^3), errlow, std, median rho (Msol/kpc^3), mean pth (Msol/kpc/s^2), errup(Msol/kpc/s^2), errlow, std, median pth (Msol/kpc/s^2), mean gas-mass-weighted metal (fraction), errup, errlow, std, median metal, mean gas-mass-weighted temp (K), errup, errlow, std, median temp  
#  nprofs 79, mean mh 212682943155.474792, median mh 192173560069.616638 
#  Mass range 11.00 - 11.5
1.040961082911032697e-02 4.459411574405399733e+05 2.289691573958946974e+05 1.876194956005393178e+05 2.285808483529871149e-01 4.393383743795372429e+05 2.180167222150883671e-25 3.226389557952632625e-25 5.612540854912583784e-26 4.747397077311054647e-01 9.927256846792195979e-26 1.000000000000000000e+00 0.000000000000000000e+00 0.000000000000000000e+00 0.000000000000000000e+00 1.000000000000000000e+00 1.000000000000000000e+10 0.000000000000000000e+00 0.000000000000000000e+00 0.000000000000000000e+00 1.000000000000000000e+10
1.200529105910367808e-02 3.385445075602522702e+05 1.913856570454632747e+05 1.479223050295966677e+05 2.542677372449119733e-01 3.223239241693870863e+05 2.229576740033459423e-25 2.540691654866715952e-25 7.569633689009404895e-26 4.931625356252875014e-01 1.153667968598604537e-25 1.000000000000000000e+00 0.000000000000000000e+00 0.000000000000000000e+00 0.000000000000000000e+00 1.000000000000000000e+00 1.000000000000000000e+10 0.000000000000000000e+00 0.000000000000000000e+00 0.000000000000000000e+00 1.000000000000000000e+10
1.384557172980430476e-02 2.468944540349388844e+05 1.149960696368333010e+05 8.209209274422269664e+04 2.390804485677715530e-01 2.271047997456519806e+05 2.017654984666833086e-25 2.023317067356282185e-25 9.829135244081664494e-26 4.364667015170102249e-01 1.447883655816018920e-25 1.000000000000000000e+00 0.000000000000000000e+00 0.000000000000000000e+00 0.000000000000000000e+00 1.000000000000000000e+00 1.000000000000000000e+10 0.000000000000000000e+00 0.000000000000000000e+00 0.000000000000000000e+00 1.000000000000000000e+10
1.596794743096121086e-02 1.836550033323175739e+05 9.488008293983998010e+04 6.598124230323710071e+04 2.402164252238544184e-01 1.658375466621367668e+05 1.929775463926333441e-25 1.449396634503914050e-25 9.099023032744042413e-26 4.057210743799448127e-01 1.473671557503794856e-25 1.000000000000000000e+00 0.000000000000000000e+00 0.000000000000000000e+00 0.000000000000000000e+00 1.000000000000000000e+00 1.000000000000000000e+10 0.000000000000000000e+00 0.000000000000000000e+00 0.000000000000000000e+00 1.000000000000000000e+10
1.841566026551830909e-02 1.347904406696856022e+05 7.521213442740302708e+04 5.299268978647758195e+04 2.263655121634526313e-01 1.258149889372633916e+05 1.505099212907348787e-25 1.298263952330455567e-25 4.973319215816897821e-26 3.854109842029415089e-01 9.937335271131748372e-26 1.000000000000000000e+00 0.000000000000000000e+00 0.000000000000000000e+00 0.000000000000000000e+00 1.000000000000000000e+00 1.000000000000000000e+10 0.000000000000000000e+00 0.000000000000000000e+00 0.000000000000000000e+00 1.000000000000000000e+10
2.123858088093512342e-02 9.903596575087393285e+04 5.539712417664080567e+04 3.850408507542943698e+04 2.217881472436995238e-01 9.342840381034013990e+04 1.262737142132616416e-25 8.078832785302992240e-26 5.465976629212794358e-26 3.445457496138407683e-01 9.826264685111002350e-26 1.000000000000000000e+00 0.000000000000000000e+00 0.000000000000000000e+00 0.000000000000000000e+00 1.000000000000000000e+00 1.000000000000000000e+10 0.000000000000000000e+00 0.000000000000000000e+00 0.000000000000000000e+00 1.000000000000000000e+10
2.449422455303571639e-02 6.916710024910382344e+04 3.936369520595087670e+04 2.348849513133725122e+04 2.067600848951048897e-01 6.324878159030695679e+04 9.854592762914753259e-26 8.033269448273133663e-26 4.283472140177566140e-26 3.569904659720182782e-01 7.605743089102551303e-26 1.000000000000000000e+00 0.000000000000000000e+00 0.000000000000000000e+00 0.000000000000000000e+00 1.000000000000000000e+00 1.000000000000000000e+10 0.000000000000000000e+00 0.000000000000000000e+00 0.000000000000000000e+00 1.000000000000000000e+10
2.824892302447100725e-02 4.912421300908756530e+04 2.819834892582437169e+04 1.459071159024385997e+04 1.908121218200652391e-01 4.603920157295524405e+04 7.609903494168348854e-26 6.309580450799075732e-26 3.155563939695403068e-26 3.480217019291824698e-01 5.767657464541124805e-26 1.000000000000000000e+00 0.000000000000000000e+00 0.000000000000000000e+00 0.000000000000000000e+00 1.000000000000000000e+00 1.000000000000000000e+10 0.000000000000000000e+00 0.000000000000000000e+00 0.000000000000000000e+00 1.000000000000000000e+10
3.257917597328415654e-02 3.469659459458688798e+04 1.462359988036366121e+04 8.995157924040988291e+03 1.744155868776018081e-01 3.208573039895880356e+04 5.785314399334396157e-26 3.910700446734575235e-26 2.180351332937066847e-26 3.129077771895842353e-01 4.529785177490332113e-26 1.000000000000000000e+00 0.000000000000000000e+00 0.000000000000000000e+00 0.000000000000000000e+00 1.000000000000000000e+00 1.000000000000000000e+10 0.000000000000000000e+00 0.000000000000000000e+00 0.000000000000000000e+00 1.000000000000000000e+10
3.757320964692217186e-02 2.485057915796700763e+04 9.983642203608218551e+03 5.438332919815835339e+03 1.481380773068285139e-01 2.286608402774697242e+04 4.246306929109976376e-26 2.605373686506497003e-26 1.382187498108138661e-26 2.734609433466243522e-01 3.275238938843578819e-26 1.000000000000000000e+00 0.000000000000000000e+00 0.000000000000000000e+00 0.000000000000000000e+00 1.000000000000000000e+00 1.000000000000000000e+10 0.000000000000000000e+00 0.000000000000000000e+00 0.000000000000000000e+00 1.000000000000000000e+10
4.333277441790538143e-02 1.799113246265850830e+04 6.713814754033093777e+03 4.876108229308918453e+03 1.487707598199794756e-01 1.672726397229104987e+04 3.214941699398957096e-26 1.881760022676572738e-26 1.064137501433382837e-26 2.588158065865360791e-01 2.598629310098533325e-26 1.000000000000000000e+00 0.000000000000000000e+00 0.000000000000000000e+00 0.000000000000000000e+00 1.000000000000000000e+00 1.000000000000000000e+10 0.000000000000000000e+00 0.000000000000000000e+00 0.000000000000000000e+00 1.000000000000000000e+10
4.997521788524898756e-02 1.309674355212263436e+04 4.676139177704049871e+03 3.429122076323283181e+03 1.479758189731177620e-01 1.230867884741388661e+04 2.488502232488227362e-26 1.694452998864746297e-26 6.849782823204042543e-27 2.446341792108317481e-01 1.929745556648942272e-26 1.000000000000000000e+00 0.000000000000000000e+00 0.000000000000000000e+00 0.000000000000000000e+00 1.000000000000000000e+00 1.000000000000000000e+10 0.000000000000000000e+00 0.000000000000000000e+00 0.000000000000000000e+00 1.000000000000000000e+10
5.763587575980636674e-02 9.571715410630649785e+03 2.755519892396894647e+03 2.940964203776557952e+03 1.380645165285269149e-01 9.536828056902124445e+03 1.943961653482000963e-26 1.438649476193388042e-26 5.078913896513814729e-27 2.375445329167139574e-01 1.499396706053938665e-26 1.000000000000000000e+00 0.000000000000000000e+00 0.000000000000000000e+00 0.000000000000000000e+00 1.000000000000000000e+00 1.000000000000000000e+10 0.000000000000000000e+00 0.000000000000000000e+00 0.000000000000000000e+00 1.000000000000000000e+10
6.647082924635627776e-02 6.875368038854878250e+03 2.547633172202979040e+03 1.653587907444155462e+03 1.395035153317282228e-01 6.517927660046610981e+03 1.478480151940437494e-26 1.041031086917853695e-26 5.087873177935233622e-27 2.285169991764470776e-01 1.234572890214364246e-26 1.000000000000000000e+00 0.000000000000000000e+00 0.000000000000000000e+00 0.000000000000000000e+00 1.000000000000000000e+00 1.000000000000000000e+10 0.000000000000000000e+00 0.000000000000000000e+00 0.000000000000000000e+00 1.000000000000000000e+10
7.666008510240249207e-02 5.146608685386927391e+03 1.765017144306462797e+03 1.032234488705988952e+03 1.359042506385743920e-01 4.824962782018526013e+03 1.138936108490470209e-26 5.600485051330447161e-27 3.411449647033672093e-27 2.105187386771172064e-01 9.609870143618398940e-27 1.000000000000000000e+00 0.000000000000000000e+00 0.000000000000000000e+00 0.000000000000000000e+00 1.000000000000000000e+00 1.000000000000000000e+10 0.000000000000000000e+00 0.000000000000000000e+00 0.000000000000000000e+00 1.000000000000000000e+10
8.841124316543315376e-02 3.873487774717452794e+03 1.455719350089628733e+03 8.059457685481761473e+02 1.464892400510144355e-01 3.493733659396516941e+03 8.493566021878533878e-27 4.297575874972703537e-27 2.443242126936632568e-27 2.117407005406770071e-01 7.174157215049941048e-27 1.000000000000000000e+00 0.000000000000000000e+00 0.000000000000000000e+00 0.000000000000000000e+00 1.000000000000000000e+00 1.000000000000000000e+10 0.000000000000000000e+00 0.000000000000000000e+00 0.000000000000000000e+00 1.000000000000000000e+10
1.019637260722580097e-01 2.876130319472888459e+03 1.025283424314628974e+03 5.909374940711525142e+02 1.478853350024142699e-01 2.596214540309120821e+03 6.615835279081267798e-27 3.743569703685149799e-27 1.619428419006574123e-27 2.199438734005864371e-01 5.212502678534768014e-27 1.000000000000000000e+00 0.000000000000000000e+00 0.000000000000000000e+00 0.000000000000000000e+00 1.000000000000000000e+00 1.000000000000000000e+10 0.000000000000000000e+00 0.000000000000000000e+00 0.000000000000000000e+00 1.000000000000000000e+10
1.175936573483598035e-01 2.161532559370509261e+03 8.483274621572852539e+02 4.099579330756803301e+02 1.548634626776595191e-01 1.911798752819452375e+03 5.284179295500995311e-27 3.589566191697003268e-27 1.691746815019029123e-27 2.488153769550814354e-01 4.244466515144590633e-27 1.000000000000000000e+00 0.000000000000000000e+00 0.000000000000000000e+00 0.000000000000000000e+00 1.000000000000000000e+00 1.000000000000000000e+10 0.000000000000000000e+00 0.000000000000000000e+00 0.000000000000000000e+00 1.000000000000000000e+10
1.356194872553388164e-01 1.664600282530687537e+03 7.772321181017773597e+02 3.333829494453543703e+02 1.671081148569132369e-01 1.438792169061799086e+03 3.953074522563622862e-27 2.899865348047172300e-27 1.070170181665401356e-27 2.558146280463324818e-01 2.908244472515304606e-27 1.000000000000000000e+00 0.000000000000000000e+00 0.000000000000000000e+00 0.000000000000000000e+00 1.000000000000000000e+00 1.000000000000000000e+10 0.000000000000000000e+00 0.000000000000000000e+00 0.000000000000000000e+00 1.000000000000000000e+10
1.564084810196403053e-01 1.236602231916464461e+03 4.980313603086710827e+02 2.505173559303212869e+02 1.621335788762565122e-01 1.088429590606198872e+03 2.954508516195447605e-27 2.663072605398850674e-27 7.125230738446834017e-28 2.752436004714622353e-01 2.053420002327562392e-27 1.000000000000000000e+00 0.000000000000000000e+00 0.000000000000000000e+00 0.000000000000000000e+00 1.000000000000000000e+00 1.000000000000000000e+10 0.000000000000000000e+00 0.000000000000000000e+00 0.000000000000000000e+00 1.000000000000000000e+10
1.803842016362447453e-01 9.322143440944565782e+02 3.729305610406154301e+02 2.096359142907068644e+02 1.642000512123260314e-01 8.275723356443547800e+02 2.200722672904335904e-27 1.494583843912033528e-27 6.906007901550707292e-28 2.945192361397680481e-01 1.553607685092991744e-27 1.000000000000000000e+00 0.000000000000000000e+00 0.000000000000000000e+00 0.000000000000000000e+00 1.000000000000000000e+00 1.000000000000000000e+10 0.000000000000000000e+00 0.000000000000000000e+00 0.000000000000000000e+00 1.000000000000000000e+10
2.080351397048574025e-01 7.092178549473871954e+02 2.675358401824018983e+02 1.798756141459405740e+02 1.675926610712831777e-01 6.245577259315322181e+02 1.634574475048968584e-27 9.429295457175554319e-28 5.569424773458321199e-28 3.137801359876309371e-01 1.130135857479420171e-27 1.000000000000000000e+00 0.000000000000000000e+00 0.000000000000000000e+00 0.000000000000000000e+00 1.000000000000000000e+00 1.000000000000000000e+10 0.000000000000000000e+00 0.000000000000000000e+00 0.000000000000000000e+00 1.000000000000000000e+10
2.399246661262133540e-01 5.457972561552924162e+02 2.074512240878293596e+02 1.619750471010549973e+02 1.656216969401847761e-01 4.954738830480930574e+02 1.248968348530352842e-27 5.834900302501349035e-28 4.339263607585981186e-28 3.325670368576778002e-01 8.336221082963947337e-28 1.000000000000000000e+00 0.000000000000000000e+00 0.000000000000000000e+00 0.000000000000000000e+00 1.000000000000000000e+00 1.000000000000000000e+10 0.000000000000000000e+00 0.000000000000000000e+00 0.000000000000000000e+00 1.000000000000000000e+10
2.767025104385807399e-01 4.239708823799558104e+02 1.318963444128020797e+02 1.186848384399957013e+02 1.709281555475408998e-01 3.801632767578798280e+02 9.898656723054294039e-28 3.975770475794820755e-28 3.076556286287051547e-28 3.533073470404990424e-01 5.738376560599626856e-28 1.000000000000000000e+00 0.000000000000000000e+00 0.000000000000000000e+00 0.000000000000000000e+00 1.000000000000000000e+00 1.000000000000000000e+10 0.000000000000000000e+00 0.000000000000000000e+00 0.000000000000000000e+00 1.000000000000000000e+10
3.191179986585286343e-01 3.369656573145531411e+02 1.183324732390084364e+02 9.914580396122696015e+01 1.772854883526255310e-01 2.988874794705917566e+02 8.171428397594799110e-28 4.184635529541004155e-28 2.176352455995099300e-28 3.799177551410210518e-01 3.972268276214489867e-28 1.000000000000000000e+00 0.000000000000000000e+00 0.000000000000000000e+00 0.000000000000000000e+00 1.000000000000000000e+00 1.000000000000000000e+10 0.000000000000000000e+00 0.000000000000000000e+00 0.000000000000000000e+00 1.000000000000000000e+10
3.680353203388414540e-01 2.721641896454528364e+02 1.241536839711868652e+02 6.089505696867962570e+01 1.843394301507121358e-01 2.270228430246646667e+02 6.903635508181989464e-28 3.045345447643869324e-28 1.602910372348221099e-28 4.043496590743961838e-01 3.013379560204339727e-28 1.000000000000000000e+00 0.000000000000000000e+00 0.000000000000000000e+00 0.000000000000000000e+00 1.000000000000000000e+00 1.000000000000000000e+10 0.000000000000000000e+00 0.000000000000000000e+00 0.000000000000000000e+00 1.000000000000000000e+10
4.244511359005219142e-01 2.267867167412339313e+02 1.395602542069891854e+02 5.840068532670534296e+01 2.068384586807063830e-01 1.839684790218660453e+02 6.106141619689001388e-28 2.888410438810244487e-28 1.213302864691006117e-28 4.354755499504709970e-01 2.321953508235057309e-28 1.000000000000000000e+00 0.000000000000000000e+00 0.000000000000000000e+00 0.000000000000000000e+00 1.000000000000000000e+00 1.000000000000000000e+10 0.000000000000000000e+00 0.000000000000000000e+00 0.000000000000000000e+00 1.000000000000000000e+10
4.895148829774688681e-01 1.805520620938661409e+02 1.079664906383723633e+02 5.023715646032474069e+01 2.098415081824990813e-01 1.508056697179945900e+02 6.331894315695745404e-28 2.051549370811978927e-28 9.625983842877002733e-29 4.759536062578479387e-01 1.733578703083219184e-28 1.000000000000000000e+00 0.000000000000000000e+00 0.000000000000000000e+00 0.000000000000000000e+00 1.000000000000000000e+00 1.000000000000000000e+10 0.000000000000000000e+00 0.000000000000000000e+00 0.000000000000000000e+00 1.000000000000000000e+10
5.645521955031491679e-01 1.457629048493158734e+02 7.115368918029169265e+01 3.225309928731026332e+01 2.145480901134468876e-01 1.157778548905919394e+02 6.228021043163446843e-28 1.804066821057161087e-28 6.115387820907695916e-29 5.102274896577400076e-01 1.166289874288641231e-28 1.000000000000000000e+00 0.000000000000000000e+00 0.000000000000000000e+00 0.000000000000000000e+00 1.000000000000000000e+00 1.000000000000000000e+10 0.000000000000000000e+00 0.000000000000000000e+00 0.000000000000000000e+00 1.000000000000000000e+10
6.510919126887823039e-01 1.259389039453046024e+02 7.648236903553562627e+01 2.892524794486829620e+01 2.444802489542624579e-01 9.185956938918759818e+01 7.289505185853173652e-28 2.427471425870295596e-28 4.464507196343156553e-29 5.704002664788203614e-01 8.588234172996864811e-29 1.000000000000000000e+00 0.000000000000000000e+00 0.000000000000000000e+00 0.000000000000000000e+00 1.000000000000000000e+00 1.000000000000000000e+10 0.000000000000000000e+00 0.000000000000000000e+00 0.000000000000000000e+00 1.000000000000000000e+10
7.508972281844089602e-01 1.060355305589919794e+02 6.347951483220859359e+01 2.469178962748652850e+01 2.611752525273275394e-01 7.393066185495109721e+01 8.359168257226647672e-28 2.018338264704153901e-28 3.743240597722995871e-29 6.205009821739164710e-01 6.205532500816625888e-29 1.000000000000000000e+00 0.000000000000000000e+00 0.000000000000000000e+00 0.000000000000000000e+00 1.000000000000000000e+00 1.000000000000000000e+10 0.000000000000000000e+00 0.000000000000000000e+00 0.000000000000000000e+00 1.000000000000000000e+10
8.660016140678794550e-01 8.830913745891845679e+01 4.423640832668673539e+01 2.191429351246420509e+01 2.572868770777556602e-01 6.283318220550098232e+01 1.001557998327661183e-27 1.373161612758671934e-28 3.678255595583170519e-29 6.565537124535175684e-01 5.391008063091681909e-29 1.000000000000000000e+00 0.000000000000000000e+00 0.000000000000000000e+00 0.000000000000000000e+00 1.000000000000000000e+00 1.000000000000000000e+10 0.000000000000000000e+00 0.000000000000000000e+00 0.000000000000000000e+00 1.000000000000000000e+10
9.987502515910116063e-01 7.881697286354028620e+01 4.263467156704736283e+01 1.759959687946057016e+01 2.731506316758199326e-01 5.037652305565940480e+01 1.300657110748053184e-27 1.368025938238797762e-28 2.774580235127974176e-29 7.036878986279829773e-01 4.082464526025874301e-29 1.000000000000000000e+00 0.000000000000000000e+00 0.000000000000000000e+00 0.000000000000000000e+00 1.000000000000000000e+00 1.000000000000000000e+10 0.000000000000000000e+00 0.000000000000000000e+00 0.000000000000000000e+00 1.000000000000000000e+10
1.151847812808953542e+00 7.578901764373200933e+01 3.626297656059408325e+01 1.745226007700217608e+01 2.941246407701819665e-01 4.513363264242134676e+01 1.580845126692086740e-27 1.499369046525071197e-28 2.050193429530750077e-29 7.586716456629049032e-01 3.003751994648730670e-29 1.000000000000000000e+00 0.000000000000000000e+00 0.000000000000000000e+00 0.000000000000000000e+00 1.000000000000000000e+00 1.000000000000000000e+10 0.000000000000000000e+00 0.000000000000000000e+00 0.000000000000000000e+00 1.000000000000000000e+10
1.328413566614123908e+00 6.934600114932122494e+01 3.604128781772799783e+01 1.817597954076112288e+01 3.076433815394888915e-01 4.255046741900890339e+01 1.432636241790632653e-27 1.469674803109663176e-28 2.573136384690140626e-29 7.946505666877751173e-01 3.349897109227769160e-29 1.000000000000000000e+00 0.000000000000000000e+00 0.000000000000000000e+00 0.000000000000000000e+00 1.000000000000000000e+00 1.000000000000000000e+10 0.000000000000000000e+00 0.000000000000000000e+00 0.000000000000000000e+00 1.000000000000000000e+10
1.532044931926391351e+00 6.171355084071203834e+01 2.724642665590898361e+01 2.524137817395268968e+01 3.074377953435336597e-01 4.594227170274586314e+01 8.661134601532508015e-28 1.187580007727914742e-28 3.614171967362942905e-29 8.106615521094847621e-01 4.246114535629451967e-29 1.000000000000000000e+00 0.000000000000000000e+00 0.000000000000000000e+00 0.000000000000000000e+00 1.000000000000000000e+00 1.000000000000000000e+10 0.000000000000000000e+00 0.000000000000000000e+00 0.000000000000000000e+00 1.000000000000000000e+10
1.766890772896739126e+00 4.829847811597981178e+01 2.490425955791676671e+01 1.659828496313199153e+01 2.733626562346179178e-01 3.636977010389918519e+01 5.026918069695375789e-28 9.917724906030908127e-29 2.528621792514005803e-29 7.814246290595927569e-01 3.150120853354245856e-29 1.000000000000000000e+00 0.000000000000000000e+00 0.000000000000000000e+00 0.000000000000000000e+00 1.000000000000000000e+00 1.000000000000000000e+10 0.000000000000000000e+00 0.000000000000000000e+00 0.000000000000000000e+00 1.000000000000000000e+10
2.037735929469222107e+00 4.180578242803529321e+01 2.129555781994157471e+01 1.275738145841082272e+01 2.508359824558695217e-01 3.158755817778226671e+01 4.420129726867697512e-28 6.650053459694266614e-29 1.438796174363981402e-29 7.326144081158497690e-01 2.134610387901197394e-29 1.000000000000000000e+00 0.000000000000000000e+00 0.000000000000000000e+00 0.000000000000000000e+00 1.000000000000000000e+00 1.000000000000000000e+10 0.000000000000000000e+00 0.000000000000000000e+00 0.000000000000000000e+00 1.000000000000000000e+10
2.350098705559579226e+00 3.960142057725733622e+01 1.926314621810622896e+01 8.770813018578813569e+00 2.388931823030994994e-01 2.856725135274474070e+01 4.955054972504814911e-28 6.251457977424435919e-29 1.826055128491464072e-29 6.938293204693323224e-01 2.556749319453536278e-29 1.000000000000000000e+00 0.000000000000000000e+00 0.000000000000000000e+00 0.000000000000000000e+00 1.000000000000000000e+00 1.000000000000000000e+10 0.000000000000000000e+00 0.000000000000000000e+00 0.000000000000000000e+00 1.000000000000000000e+10
