# R (Mpc), mean rho (Msol/kpc^3), errup (Msol/kpc^3), errlow, std, median rho (Msol/kpc^3), mean pth (Msol/kpc/s^2), errup(Msol/kpc/s^2), errlow, std, median pth (Msol/kpc/s^2), mean gas-mass-weighted metal (fraction), errup, errlow, std, median metal, mean gas-mass-weighted temp (K), errup, errlow, std, median temp  
#  nprofs 204, mean mh 550478843265.588867, median mh 495948672134.747253 
#  Mass range 11.50 - 12.0
1.040961082911032697e-02 5.277092712256278610e+05 3.766535120801936137e+05 1.802916022396534099e+05 3.960714392767465952e-01 4.600188254626308335e+05 2.272236562238365580e-25 2.259427879617354103e-25 8.435891760680359979e-26 4.366233871589341176e-01 1.411932600481547831e-25 1.000000000000000000e+00 0.000000000000000000e+00 0.000000000000000000e+00 0.000000000000000000e+00 1.000000000000000000e+00 1.000000000000000000e+10 0.000000000000000000e+00 0.000000000000000000e+00 0.000000000000000000e+00 1.000000000000000000e+10
1.200529105910367808e-02 3.961580129523349460e+05 2.188252799479476525e+05 1.570496428341752617e+05 4.821054545684722581e-01 3.629389974592486979e+05 2.423545922841216864e-25 2.077236606669567065e-25 9.533707179754616088e-26 4.601055254952102769e-01 1.459449640989437283e-25 1.000000000000000000e+00 0.000000000000000000e+00 0.000000000000000000e+00 0.000000000000000000e+00 1.000000000000000000e+00 1.000000000000000000e+10 0.000000000000000000e+00 0.000000000000000000e+00 0.000000000000000000e+00 1.000000000000000000e+10
1.384557172980430476e-02 3.062107387298401445e+05 1.616616773385468405e+05 1.400889305668876041e+05 4.496747036490078009e-01 2.903701258263828349e+05 2.063328961237242464e-25 1.871465756632459876e-25 9.575892625430688972e-26 4.262321011760245582e-01 1.419067318608821307e-25 1.000000000000000000e+00 0.000000000000000000e+00 0.000000000000000000e+00 0.000000000000000000e+00 1.000000000000000000e+00 1.000000000000000000e+10 0.000000000000000000e+00 0.000000000000000000e+00 0.000000000000000000e+00 1.000000000000000000e+10
1.596794743096121086e-02 2.189095257385892328e+05 1.317143857509848312e+05 1.033178599541047006e+05 4.472026751684546331e-01 2.066232368101763423e+05 2.061428962189963697e-25 2.149689318071758430e-25 9.109928123753539750e-26 4.376591661982258685e-01 1.364382306766346966e-25 1.000000000000000000e+00 0.000000000000000000e+00 0.000000000000000000e+00 0.000000000000000000e+00 1.000000000000000000e+00 1.000000000000000000e+10 0.000000000000000000e+00 0.000000000000000000e+00 0.000000000000000000e+00 1.000000000000000000e+10
1.841566026551830909e-02 1.580563870983068773e+05 9.402996635127681657e+04 9.232454851209498884e+04 4.481776250865699973e-01 1.547011982438653649e+05 1.889113371455631993e-25 1.547897280171830281e-25 7.575239949353739905e-26 4.260981301436655433e-01 1.215056258213904516e-25 1.000000000000000000e+00 0.000000000000000000e+00 0.000000000000000000e+00 0.000000000000000000e+00 1.000000000000000000e+00 1.000000000000000000e+10 0.000000000000000000e+00 0.000000000000000000e+00 0.000000000000000000e+00 1.000000000000000000e+10
2.123858088093512342e-02 1.120788857844004378e+05 6.225389654531634005e+04 6.672113217521819752e+04 4.133189220550665954e-01 1.084983341722757468e+05 1.825737957839843715e-25 1.279018498008535407e-25 6.815947801004205042e-26 3.778615879957288870e-01 1.180388114042985553e-25 1.000000000000000000e+00 0.000000000000000000e+00 0.000000000000000000e+00 0.000000000000000000e+00 1.000000000000000000e+00 1.000000000000000000e+10 0.000000000000000000e+00 0.000000000000000000e+00 0.000000000000000000e+00 1.000000000000000000e+10
2.449422455303571639e-02 7.370176110836314911e+04 5.329286861412387225e+04 4.061928415759041673e+04 4.085423642583488335e-01 6.648606177384630428e+04 1.633233949737959143e-25 1.205035074289497078e-25 7.108262417011253431e-26 3.915037980546988150e-01 1.161509500790230460e-25 1.000000000000000000e+00 0.000000000000000000e+00 0.000000000000000000e+00 0.000000000000000000e+00 1.000000000000000000e+00 1.000000000000000000e+10 0.000000000000000000e+00 0.000000000000000000e+00 0.000000000000000000e+00 1.000000000000000000e+10
2.824892302447100725e-02 4.746365671475927229e+04 3.962390549671015469e+04 2.302777344388337951e+04 3.692827501802170009e-01 4.088881294751290989e+04 1.254593530123892663e-25 1.074245830064716824e-25 4.485820204138080067e-26 3.510045551918899442e-01 9.024908556761191343e-26 1.000000000000000000e+00 0.000000000000000000e+00 0.000000000000000000e+00 0.000000000000000000e+00 1.000000000000000000e+00 1.000000000000000000e+10 0.000000000000000000e+00 0.000000000000000000e+00 0.000000000000000000e+00 1.000000000000000000e+10
3.257917597328415654e-02 3.031769210511540950e+04 2.545939454708175617e+04 1.320291585061267506e+04 3.495532187426598214e-01 2.580302546353640355e+04 1.025388041428935604e-25 8.033046922060246940e-26 4.130168595473464974e-26 3.528848849163734869e-01 7.900317951176275507e-26 1.000000000000000000e+00 0.000000000000000000e+00 0.000000000000000000e+00 0.000000000000000000e+00 1.000000000000000000e+00 1.000000000000000000e+10 0.000000000000000000e+00 0.000000000000000000e+00 0.000000000000000000e+00 1.000000000000000000e+10
3.757320964692217186e-02 2.030575520774413962e+04 1.508218079631564251e+04 7.603559476351885678e+03 3.239303827154181858e-01 1.657295604436339636e+04 8.674299435051314736e-26 5.895514471971379025e-26 3.404148894659133167e-26 3.555821807020018155e-01 6.588815683046086715e-26 1.000000000000000000e+00 0.000000000000000000e+00 0.000000000000000000e+00 0.000000000000000000e+00 1.000000000000000000e+00 1.000000000000000000e+10 0.000000000000000000e+00 0.000000000000000000e+00 0.000000000000000000e+00 1.000000000000000000e+10
4.333277441790538143e-02 1.362818281163361462e+04 8.936899910044328863e+03 5.081565268940594251e+03 3.063046104409725134e-01 1.158761632726633252e+04 7.142460980165509325e-26 4.852906518764846142e-26 2.884038304469184893e-26 3.484838011167432081e-01 5.522624117792787663e-26 1.000000000000000000e+00 0.000000000000000000e+00 0.000000000000000000e+00 0.000000000000000000e+00 1.000000000000000000e+00 1.000000000000000000e+10 0.000000000000000000e+00 0.000000000000000000e+00 0.000000000000000000e+00 1.000000000000000000e+10
4.997521788524898756e-02 9.204039386986274621e+03 5.378512836075306041e+03 3.456682922702319047e+03 2.789165033913484915e-01 8.062227673907771532e+03 5.713144226694122720e-26 4.090653179537590301e-26 2.007388334308972328e-26 3.321622194831906349e-01 4.429336267542396539e-26 1.000000000000000000e+00 0.000000000000000000e+00 0.000000000000000000e+00 0.000000000000000000e+00 1.000000000000000000e+00 1.000000000000000000e+10 0.000000000000000000e+00 0.000000000000000000e+00 0.000000000000000000e+00 1.000000000000000000e+10
5.763587575980636674e-02 6.587090627705920269e+03 3.772074185445965668e+03 2.657686429981038145e+03 2.539297946726338795e-01 6.016271056940337985e+03 4.624357238019665760e-26 3.207151356872465929e-26 1.934496408488592617e-26 3.087884626369633012e-01 3.769182238520592449e-26 1.000000000000000000e+00 0.000000000000000000e+00 0.000000000000000000e+00 0.000000000000000000e+00 1.000000000000000000e+00 1.000000000000000000e+10 0.000000000000000000e+00 0.000000000000000000e+00 0.000000000000000000e+00 1.000000000000000000e+10
6.647082924635627776e-02 5.137857078079597159e+03 2.231181899638817413e+03 2.092415643125706993e+03 2.497072169197332159e-01 4.773332069568661609e+03 3.620402250465140550e-26 2.756044701383686690e-26 1.355387482030138751e-26 3.033698267206298427e-01 2.889840747359304976e-26 1.000000000000000000e+00 0.000000000000000000e+00 0.000000000000000000e+00 0.000000000000000000e+00 1.000000000000000000e+00 1.000000000000000000e+10 0.000000000000000000e+00 0.000000000000000000e+00 0.000000000000000000e+00 1.000000000000000000e+10
7.666008510240249207e-02 3.931362856702424779e+03 1.945408382784960850e+03 1.425370366282476425e+03 2.410180892797045560e-01 3.583505746699438532e+03 2.794081806158809830e-26 2.217748689186081611e-26 9.100806848670291923e-27 2.965701495555331801e-01 2.182664849513038103e-26 1.000000000000000000e+00 0.000000000000000000e+00 0.000000000000000000e+00 0.000000000000000000e+00 1.000000000000000000e+00 1.000000000000000000e+10 0.000000000000000000e+00 0.000000000000000000e+00 0.000000000000000000e+00 1.000000000000000000e+10
8.841124316543315376e-02 3.117588832211199588e+03 1.460477177785499407e+03 1.014240900783691359e+03 2.374170325106046697e-01 2.795696320264323731e+03 2.112952873573572710e-26 1.679660175031057859e-26 8.513526186630134780e-27 2.888176932845537559e-01 1.707610964498251441e-26 1.000000000000000000e+00 0.000000000000000000e+00 0.000000000000000000e+00 0.000000000000000000e+00 1.000000000000000000e+00 1.000000000000000000e+10 0.000000000000000000e+00 0.000000000000000000e+00 0.000000000000000000e+00 1.000000000000000000e+10
1.019637260722580097e-01 2.377482866615826879e+03 1.006396624002356930e+03 7.713587753293008973e+02 2.224343572139922953e-01 2.147427232101058507e+03 1.580141509776181765e-26 1.218863988638300721e-26 6.536285235088271502e-27 2.863944665556976688e-01 1.293575735517864715e-26 1.000000000000000000e+00 0.000000000000000000e+00 0.000000000000000000e+00 0.000000000000000000e+00 1.000000000000000000e+00 1.000000000000000000e+10 0.000000000000000000e+00 0.000000000000000000e+00 0.000000000000000000e+00 1.000000000000000000e+10
1.175936573483598035e-01 1.810691718609593181e+03 9.185905349802123965e+02 5.504929101786508454e+02 2.218355649310572997e-01 1.604263220232262483e+03 1.172009144948182194e-26 8.883897531142395073e-27 5.066927963223907813e-27 2.957296880468791578e-01 9.565648782108332728e-27 1.000000000000000000e+00 0.000000000000000000e+00 0.000000000000000000e+00 0.000000000000000000e+00 1.000000000000000000e+00 1.000000000000000000e+10 0.000000000000000000e+00 0.000000000000000000e+00 0.000000000000000000e+00 1.000000000000000000e+10
1.356194872553388164e-01 1.339671293816884827e+03 6.617321228151768082e+02 4.140440803679852024e+02 2.127454688698692808e-01 1.170910802749059940e+03 8.446646650887168879e-27 6.810609503486127809e-27 3.631144479279412047e-27 3.132540350400189189e-01 6.472824636421373521e-27 1.000000000000000000e+00 0.000000000000000000e+00 0.000000000000000000e+00 0.000000000000000000e+00 1.000000000000000000e+00 1.000000000000000000e+10 0.000000000000000000e+00 0.000000000000000000e+00 0.000000000000000000e+00 1.000000000000000000e+10
1.564084810196403053e-01 1.002744472699402195e+03 6.117576602421770531e+02 3.349691736031264782e+02 2.031651392295126257e-01 9.078268009144774169e+02 6.132878590833646845e-27 5.536402386496115006e-27 2.842417479141113834e-27 3.348845988789547201e-01 4.840043102950519489e-27 1.000000000000000000e+00 0.000000000000000000e+00 0.000000000000000000e+00 0.000000000000000000e+00 1.000000000000000000e+00 1.000000000000000000e+10 0.000000000000000000e+00 0.000000000000000000e+00 0.000000000000000000e+00 1.000000000000000000e+10
1.803842016362447453e-01 7.453893939867206200e+02 3.762991043453406519e+02 2.343379082579726855e+02 1.990228167621685973e-01 6.494868991758781931e+02 4.465678921626998064e-27 4.404260687761045704e-27 2.010431807906088177e-27 3.666522876345091331e-01 3.218170357835957206e-27 1.000000000000000000e+00 0.000000000000000000e+00 0.000000000000000000e+00 0.000000000000000000e+00 1.000000000000000000e+00 1.000000000000000000e+10 0.000000000000000000e+00 0.000000000000000000e+00 0.000000000000000000e+00 1.000000000000000000e+10
2.080351397048574025e-01 5.511796353030142654e+02 2.906512692015489847e+02 1.677913762286684687e+02 1.890187738476296064e-01 4.880814218011685170e+02 3.272316382745638920e-27 3.316716060619423687e-27 1.321214432792278077e-27 3.923465514257096221e-01 2.153514425871473580e-27 1.000000000000000000e+00 0.000000000000000000e+00 0.000000000000000000e+00 0.000000000000000000e+00 1.000000000000000000e+00 1.000000000000000000e+10 0.000000000000000000e+00 0.000000000000000000e+00 0.000000000000000000e+00 1.000000000000000000e+10
2.399246661262133540e-01 4.277198435424060108e+02 2.390137279666664654e+02 1.313451760130796799e+02 1.981898997851984923e-01 3.711839991451721517e+02 2.460966675640051682e-27 2.706337023450505905e-27 9.192647205855895034e-28 4.249119480080967293e-01 1.464749889591465203e-27 1.000000000000000000e+00 0.000000000000000000e+00 0.000000000000000000e+00 0.000000000000000000e+00 1.000000000000000000e+00 1.000000000000000000e+10 0.000000000000000000e+00 0.000000000000000000e+00 0.000000000000000000e+00 1.000000000000000000e+10
2.767025104385807399e-01 3.295719379462781262e+02 2.003630670808218497e+02 9.503450480804295353e+01 2.082973835623683490e-01 2.738420008662309328e+02 1.887259731735474731e-27 2.159335680758916248e-27 5.647267543173822023e-28 4.609550397739196059e-01 9.045612542120081877e-28 1.000000000000000000e+00 0.000000000000000000e+00 0.000000000000000000e+00 0.000000000000000000e+00 1.000000000000000000e+00 1.000000000000000000e+10 0.000000000000000000e+00 0.000000000000000000e+00 0.000000000000000000e+00 1.000000000000000000e+10
3.191179986585286343e-01 2.446319724566450873e+02 1.426327873842952840e+02 7.944523765004896632e+01 2.181717398546253184e-01 2.092126517515482078e+02 1.493827633305214202e-27 1.623589623906320091e-27 4.486478856166062478e-28 5.013555225983793440e-01 6.620112997480006221e-28 1.000000000000000000e+00 0.000000000000000000e+00 0.000000000000000000e+00 0.000000000000000000e+00 1.000000000000000000e+00 1.000000000000000000e+10 0.000000000000000000e+00 0.000000000000000000e+00 0.000000000000000000e+00 1.000000000000000000e+10
3.680353203388414540e-01 1.884961341164365365e+02 1.373655713844712807e+02 5.209104257012019445e+01 2.313594026542455662e-01 1.485445149147980430e+02 1.227187177921830901e-27 1.264928040404438502e-27 3.243238523029473904e-28 5.386584732078525395e-01 4.609990202084975749e-28 1.000000000000000000e+00 0.000000000000000000e+00 0.000000000000000000e+00 0.000000000000000000e+00 1.000000000000000000e+00 1.000000000000000000e+10 0.000000000000000000e+00 0.000000000000000000e+00 0.000000000000000000e+00 1.000000000000000000e+10
4.244511359005219142e-01 1.513475043675020970e+02 1.166368825747998841e+02 4.267511089623965859e+01 2.486059217254058540e-01 1.146302152795139619e+02 1.049009777736025731e-27 1.071422783124409127e-27 2.234907172497888137e-28 5.781200359820785062e-01 3.165114084749643496e-28 1.000000000000000000e+00 0.000000000000000000e+00 0.000000000000000000e+00 0.000000000000000000e+00 1.000000000000000000e+00 1.000000000000000000e+10 0.000000000000000000e+00 0.000000000000000000e+00 0.000000000000000000e+00 1.000000000000000000e+10
4.895148829774688681e-01 1.170195155368477913e+02 7.557117184068924587e+01 3.880470919186918621e+01 2.502353465710132618e-01 9.196504124360465937e+01 9.044328520803572386e-28 1.071880552255310665e-27 1.577308902022505786e-28 6.211545476787038167e-01 2.193025871532328501e-28 1.000000000000000000e+00 0.000000000000000000e+00 0.000000000000000000e+00 0.000000000000000000e+00 1.000000000000000000e+00 1.000000000000000000e+10 0.000000000000000000e+00 0.000000000000000000e+00 0.000000000000000000e+00 1.000000000000000000e+10
5.645521955031491679e-01 9.666210156095978334e+01 7.277868444931519321e+01 3.098651487969049612e+01 2.608885644325942832e-01 7.407088850039855288e+01 8.400506182594572193e-28 9.361006938552051927e-28 1.309710044174255559e-28 6.710801463501531172e-01 1.734760588777736767e-28 1.000000000000000000e+00 0.000000000000000000e+00 0.000000000000000000e+00 0.000000000000000000e+00 1.000000000000000000e+00 1.000000000000000000e+10 0.000000000000000000e+00 0.000000000000000000e+00 0.000000000000000000e+00 1.000000000000000000e+10
6.510919126887823039e-01 8.773945022809628824e+01 7.734054047302463175e+01 2.688243242082072015e+01 2.897918701970543243e-01 6.214068936886077665e+01 8.798977093853330664e-28 8.343364171290259226e-28 1.061727404507142330e-28 7.320731049137660928e-01 1.365828335084637959e-28 1.000000000000000000e+00 0.000000000000000000e+00 0.000000000000000000e+00 0.000000000000000000e+00 1.000000000000000000e+00 1.000000000000000000e+10 0.000000000000000000e+00 0.000000000000000000e+00 0.000000000000000000e+00 1.000000000000000000e+10
7.508972281844089602e-01 7.778932958165263756e+01 6.948884571546491884e+01 2.204877949680434313e+01 3.068510118701474609e-01 5.164097855218955146e+01 9.198520112459385105e-28 7.213488797184351199e-28 8.095834154136024403e-29 7.682336628827151070e-01 1.049456767700190462e-28 1.000000000000000000e+00 0.000000000000000000e+00 0.000000000000000000e+00 0.000000000000000000e+00 1.000000000000000000e+00 1.000000000000000000e+10 0.000000000000000000e+00 0.000000000000000000e+00 0.000000000000000000e+00 1.000000000000000000e+10
8.660016140678794550e-01 6.626882629968433491e+01 5.287686511330689143e+01 1.928737308252435056e+01 2.953441956774892074e-01 4.626685638352516605e+01 8.878775730925934600e-28 5.869335689459508557e-28 8.607998291555137964e-29 7.647384185369411336e-01 1.056914865411654775e-28 1.000000000000000000e+00 0.000000000000000000e+00 0.000000000000000000e+00 0.000000000000000000e+00 1.000000000000000000e+00 1.000000000000000000e+10 0.000000000000000000e+00 0.000000000000000000e+00 0.000000000000000000e+00 1.000000000000000000e+10
9.987502515910116063e-01 5.701219039685480539e+01 5.173871264320185048e+01 1.625626474126727672e+01 2.869182483550909990e-01 3.954561404102895494e+01 1.083279751230957887e-27 5.273605863047741311e-28 8.294512963329211546e-29 7.698019133800734215e-01 1.006411841513970832e-28 1.000000000000000000e+00 0.000000000000000000e+00 0.000000000000000000e+00 0.000000000000000000e+00 1.000000000000000000e+00 1.000000000000000000e+10 0.000000000000000000e+00 0.000000000000000000e+00 0.000000000000000000e+00 1.000000000000000000e+10
1.151847812808953542e+00 5.351834248926836324e+01 3.864883893317315255e+01 1.826212829100660429e+01 2.984790700189558499e-01 3.863752685967209288e+01 1.450663855510235411e-27 4.860949606727070576e-28 7.745055105133451089e-29 7.744240418395703651e-01 9.374857396420098038e-29 1.000000000000000000e+00 0.000000000000000000e+00 0.000000000000000000e+00 0.000000000000000000e+00 1.000000000000000000e+00 1.000000000000000000e+10 0.000000000000000000e+00 0.000000000000000000e+00 0.000000000000000000e+00 1.000000000000000000e+10
1.328413566614123908e+00 4.929876741567002796e+01 3.314130708694756322e+01 1.584902832053544586e+01 2.899282156530051391e-01 3.498655207767808406e+01 1.749031439980775993e-27 4.905438649823783379e-28 8.347800943003016353e-29 7.700734146293638505e-01 9.956820501507456201e-29 1.000000000000000000e+00 0.000000000000000000e+00 0.000000000000000000e+00 0.000000000000000000e+00 1.000000000000000000e+00 1.000000000000000000e+10 0.000000000000000000e+00 0.000000000000000000e+00 0.000000000000000000e+00 1.000000000000000000e+10
1.532044931926391351e+00 4.595139368117665413e+01 3.566128487798005153e+01 1.358102029535841737e+01 2.875962703194245851e-01 3.181296273925145002e+01 1.524755073137675588e-27 4.582030813414728851e-28 7.919042263398103057e-29 7.709646440039812365e-01 9.601008463366712950e-29 1.000000000000000000e+00 0.000000000000000000e+00 0.000000000000000000e+00 0.000000000000000000e+00 1.000000000000000000e+00 1.000000000000000000e+10 0.000000000000000000e+00 0.000000000000000000e+00 0.000000000000000000e+00 1.000000000000000000e+10
1.766890772896739126e+00 3.924046998573552969e+01 2.167339161992607188e+01 1.470006336281062786e+01 2.622214059304465161e-01 3.131296207517281971e+01 9.172036806143101381e-28 3.339279839042854968e-28 9.224173769777289213e-29 7.215967284303241858e-01 1.091648155163119954e-28 1.000000000000000000e+00 0.000000000000000000e+00 0.000000000000000000e+00 0.000000000000000000e+00 1.000000000000000000e+00 1.000000000000000000e+10 0.000000000000000000e+00 0.000000000000000000e+00 0.000000000000000000e+00 1.000000000000000000e+10
2.037735929469222107e+00 3.362749064619548278e+01 2.226271409616432706e+01 1.197690106201452309e+01 2.390062323493549468e-01 2.842372313596029088e+01 4.440657757885392984e-28 3.206113661787575117e-28 7.250745212758649304e-29 6.759352001446072844e-01 9.280056949764965743e-29 1.000000000000000000e+00 0.000000000000000000e+00 0.000000000000000000e+00 0.000000000000000000e+00 1.000000000000000000e+00 1.000000000000000000e+10 0.000000000000000000e+00 0.000000000000000000e+00 0.000000000000000000e+00 1.000000000000000000e+10
2.350098705559579226e+00 3.127317101298901747e+01 2.141921958821665228e+01 8.658108449851972921e+00 2.269375366422374807e-01 2.504097092706296124e+01 3.437820002958669881e-28 2.238264109357211233e-28 6.674756972047759571e-29 6.356212487288971369e-01 8.905167442027456193e-29 1.000000000000000000e+00 0.000000000000000000e+00 0.000000000000000000e+00 0.000000000000000000e+00 1.000000000000000000e+00 1.000000000000000000e+10 0.000000000000000000e+00 0.000000000000000000e+00 0.000000000000000000e+00 1.000000000000000000e+10
