# R (Mpc), mean rho (Msol/kpc^3), errup (Msol/kpc^3), errlow, std, median rho (Msol/kpc^3), mean pth (Msol/kpc/s^2), errup(Msol/kpc/s^2), errlow, std, median pth (Msol/kpc/s^2), mean gas-mass-weighted metal (fraction), errup, errlow, std, median metal, mean gas-mass-weighted temp (K), errup, errlow, std, median temp  
#  nprofs 185, mean mh 548900071050.440735, median mh 504661654417.071777 
#  Mass range 11.50 - 12.0
1.040961082911032697e-02 4.805269701901964145e+05 3.011955205306938151e+05 1.870987673272889806e+05 2.394142854186259439e-01 4.363823268951788777e+05 2.445740287822317440e-25 3.869221890404976716e-25 6.380853456057553880e-26 4.743104349768543226e-01 1.115329064810925066e-25 1.000000000000000000e+00 0.000000000000000000e+00 0.000000000000000000e+00 0.000000000000000000e+00 1.000000000000000000e+00 1.000000000000000000e+10 0.000000000000000000e+00 0.000000000000000000e+00 0.000000000000000000e+00 1.000000000000000000e+10
1.200529105910367808e-02 3.695109832836169517e+05 2.164701950659680297e+05 1.393903477046264743e+05 2.374769362805615180e-01 3.412340370416422957e+05 2.530510478550590796e-25 3.170564179931195901e-25 8.146709433549474782e-26 4.611801707800601835e-01 1.312521342205990928e-25 1.000000000000000000e+00 0.000000000000000000e+00 0.000000000000000000e+00 0.000000000000000000e+00 1.000000000000000000e+00 1.000000000000000000e+10 0.000000000000000000e+00 0.000000000000000000e+00 0.000000000000000000e+00 1.000000000000000000e+10
1.384557172980430476e-02 2.744959236560747959e+05 1.663290767632041243e+05 1.029511678957822442e+05 2.291755012870994868e-01 2.502522935673997854e+05 2.715613942517043183e-25 3.727007611052374864e-25 1.032157077053155101e-25 4.649455285653135705e-01 1.515162288109260051e-25 1.000000000000000000e+00 0.000000000000000000e+00 0.000000000000000000e+00 0.000000000000000000e+00 1.000000000000000000e+00 1.000000000000000000e+10 0.000000000000000000e+00 0.000000000000000000e+00 0.000000000000000000e+00 1.000000000000000000e+10
1.596794743096121086e-02 1.990035981128337444e+05 9.170577630727092037e+04 9.053523038232090767e+04 2.196286076442157398e-01 1.933192669686308946e+05 2.519423075270088185e-25 2.995031661569505613e-25 1.053885596646638262e-25 3.975930836655913181e-01 1.706847611543987952e-25 1.000000000000000000e+00 0.000000000000000000e+00 0.000000000000000000e+00 0.000000000000000000e+00 1.000000000000000000e+00 1.000000000000000000e+10 0.000000000000000000e+00 0.000000000000000000e+00 0.000000000000000000e+00 1.000000000000000000e+10
1.841566026551830909e-02 1.359012950174875732e+05 7.090343338558683172e+04 6.553125686626929382e+04 2.311305408479983892e-01 1.311423673159463797e+05 2.187026420289451519e-25 2.462634298155147910e-25 9.298136485470547064e-26 3.823682298912784994e-01 1.574666032016825292e-25 1.000000000000000000e+00 0.000000000000000000e+00 0.000000000000000000e+00 0.000000000000000000e+00 1.000000000000000000e+00 1.000000000000000000e+10 0.000000000000000000e+00 0.000000000000000000e+00 0.000000000000000000e+00 1.000000000000000000e+10
2.123858088093512342e-02 9.067828114366771479e+04 5.170447402455579140e+04 3.766464796629452758e+04 2.301375929933546227e-01 8.387142937676463043e+04 2.058784824264069349e-25 1.587730559867654969e-25 9.483502341303469647e-26 3.417849617540121288e-01 1.695440043097475715e-25 1.000000000000000000e+00 0.000000000000000000e+00 0.000000000000000000e+00 0.000000000000000000e+00 1.000000000000000000e+00 1.000000000000000000e+10 0.000000000000000000e+00 0.000000000000000000e+00 0.000000000000000000e+00 1.000000000000000000e+10
2.449422455303571639e-02 5.889799469541503640e+04 4.328297553368529771e+04 2.060562370242382167e+04 2.305069814742593537e-01 5.065922478837415110e+04 1.781547752424528490e-25 1.566209191899128315e-25 7.570261678636558680e-26 3.231779758067425679e-01 1.389216187056475018e-25 1.000000000000000000e+00 0.000000000000000000e+00 0.000000000000000000e+00 0.000000000000000000e+00 1.000000000000000000e+00 1.000000000000000000e+10 0.000000000000000000e+00 0.000000000000000000e+00 0.000000000000000000e+00 1.000000000000000000e+10
2.824892302447100725e-02 4.028500975153781474e+04 2.849870128510385985e+04 1.473677962415615548e+04 2.458007719124831736e-01 3.373086535473876575e+04 1.469974274371227750e-25 1.274605858508063597e-25 6.117937270309164316e-26 3.109595990353543615e-01 1.139195656896292799e-25 1.000000000000000000e+00 0.000000000000000000e+00 0.000000000000000000e+00 0.000000000000000000e+00 1.000000000000000000e+00 1.000000000000000000e+10 0.000000000000000000e+00 0.000000000000000000e+00 0.000000000000000000e+00 1.000000000000000000e+10
3.257917597328415654e-02 2.788949562398640410e+04 1.854657102528558607e+04 9.613163921688837945e+03 2.500683440005363467e-01 2.273299253948938713e+04 1.253967530112764518e-25 8.893669616992526417e-26 5.610903885626299570e-26 3.086517992831828705e-01 1.032877468010595241e-25 1.000000000000000000e+00 0.000000000000000000e+00 0.000000000000000000e+00 0.000000000000000000e+00 1.000000000000000000e+00 1.000000000000000000e+10 0.000000000000000000e+00 0.000000000000000000e+00 0.000000000000000000e+00 1.000000000000000000e+10
3.757320964692217186e-02 1.904979683896867937e+04 1.299866518483468826e+04 5.215280806036496870e+03 2.287149255916419710e-01 1.523471308598688120e+04 1.014743688992210571e-25 7.518863704008822644e-26 4.099904901680675092e-26 2.972301427294058440e-01 8.079210702136911498e-26 1.000000000000000000e+00 0.000000000000000000e+00 0.000000000000000000e+00 0.000000000000000000e+00 1.000000000000000000e+00 1.000000000000000000e+10 0.000000000000000000e+00 0.000000000000000000e+00 0.000000000000000000e+00 1.000000000000000000e+10
4.333277441790538143e-02 1.417147323029325889e+04 8.546532973306453641e+03 4.218867555389929294e+03 2.198492852834119382e-01 1.181975978560416843e+04 8.551418628026696464e-26 6.155474828790074274e-26 3.430721491906841228e-26 2.890796320133265374e-01 6.838386945548821190e-26 1.000000000000000000e+00 0.000000000000000000e+00 0.000000000000000000e+00 0.000000000000000000e+00 1.000000000000000000e+00 1.000000000000000000e+10 0.000000000000000000e+00 0.000000000000000000e+00 0.000000000000000000e+00 1.000000000000000000e+10
4.997521788524898756e-02 1.034964334585232245e+04 5.022859044672457458e+03 2.978938941466853976e+03 1.943185355828557503e-01 9.026239446996087281e+03 7.103619120123797654e-26 4.934982828651400688e-26 2.681685507461650789e-26 2.825900861294643462e-01 5.561959051684761365e-26 1.000000000000000000e+00 0.000000000000000000e+00 0.000000000000000000e+00 0.000000000000000000e+00 1.000000000000000000e+00 1.000000000000000000e+10 0.000000000000000000e+00 0.000000000000000000e+00 0.000000000000000000e+00 1.000000000000000000e+10
5.763587575980636674e-02 7.895458061680069477e+03 4.070751331271690105e+03 2.467411730813717440e+03 1.851310097039816083e-01 7.089622350619235476e+03 5.717996186449880898e-26 4.157474858844903450e-26 2.088672568835064791e-26 2.835059124816715070e-01 4.498822073883436014e-26 1.000000000000000000e+00 0.000000000000000000e+00 0.000000000000000000e+00 0.000000000000000000e+00 1.000000000000000000e+00 1.000000000000000000e+10 0.000000000000000000e+00 0.000000000000000000e+00 0.000000000000000000e+00 1.000000000000000000e+10
6.647082924635627776e-02 6.168116484517900062e+03 2.879971861830657872e+03 1.822751415197903953e+03 1.755634071465898005e-01 5.703656005764447400e+03 4.505197591941049193e-26 3.370386194213441059e-26 1.723910800693133548e-26 2.807471996049871188e-01 3.553935098835003074e-26 1.000000000000000000e+00 0.000000000000000000e+00 0.000000000000000000e+00 0.000000000000000000e+00 1.000000000000000000e+00 1.000000000000000000e+10 0.000000000000000000e+00 0.000000000000000000e+00 0.000000000000000000e+00 1.000000000000000000e+10
7.666008510240249207e-02 4.905994603826726234e+03 2.303737385959361745e+03 1.431200084786570187e+03 1.722231463771273230e-01 4.531703976815732858e+03 3.468108660744550196e-26 2.709542240240844376e-26 1.279211701449512139e-26 2.785684918225757589e-01 2.700533013685601785e-26 1.000000000000000000e+00 0.000000000000000000e+00 0.000000000000000000e+00 0.000000000000000000e+00 1.000000000000000000e+00 1.000000000000000000e+10 0.000000000000000000e+00 0.000000000000000000e+00 0.000000000000000000e+00 1.000000000000000000e+10
8.841124316543315376e-02 3.813267975562934680e+03 1.842592093419100365e+03 1.064282410262756002e+03 1.795599279079566069e-01 3.432296603745868651e+03 2.538754712476887536e-26 1.929122301285786256e-26 9.711810461106217273e-27 2.797223130374700273e-01 2.009713751187529629e-26 1.000000000000000000e+00 0.000000000000000000e+00 0.000000000000000000e+00 0.000000000000000000e+00 1.000000000000000000e+00 1.000000000000000000e+10 0.000000000000000000e+00 0.000000000000000000e+00 0.000000000000000000e+00 1.000000000000000000e+10
1.019637260722580097e-01 2.951439878204857450e+03 1.593721416754704478e+03 8.529520746175091972e+02 1.838053927234638563e-01 2.610716453484888007e+03 1.847154964875374172e-26 1.590505025947400183e-26 7.238767010818770161e-27 2.843496034238323644e-01 1.454766678866735794e-26 1.000000000000000000e+00 0.000000000000000000e+00 0.000000000000000000e+00 0.000000000000000000e+00 1.000000000000000000e+00 1.000000000000000000e+10 0.000000000000000000e+00 0.000000000000000000e+00 0.000000000000000000e+00 1.000000000000000000e+10
1.175936573483598035e-01 2.214087147584405102e+03 1.342725013369391263e+03 6.452435569463457341e+02 1.775465968801723249e-01 1.984585686716009832e+03 1.298429236116231249e-26 1.010916363371804074e-26 5.943602697216294290e-27 2.908728016888348367e-01 1.087759724095940873e-26 1.000000000000000000e+00 0.000000000000000000e+00 0.000000000000000000e+00 0.000000000000000000e+00 1.000000000000000000e+00 1.000000000000000000e+10 0.000000000000000000e+00 0.000000000000000000e+00 0.000000000000000000e+00 1.000000000000000000e+10
1.356194872553388164e-01 1.710530805795746119e+03 9.356325812338873220e+02 6.247363900355910573e+02 1.877220086175170610e-01 1.564603052507298798e+03 9.126474255635952743e-27 7.453061984729366838e-27 4.254417258520340310e-27 3.018601359811230456e-01 7.534780683220435179e-27 1.000000000000000000e+00 0.000000000000000000e+00 0.000000000000000000e+00 0.000000000000000000e+00 1.000000000000000000e+00 1.000000000000000000e+10 0.000000000000000000e+00 0.000000000000000000e+00 0.000000000000000000e+00 1.000000000000000000e+10
1.564084810196403053e-01 1.262675359474453899e+03 5.607703085226441999e+02 4.594036460865058871e+02 1.792399909006683334e-01 1.196760673168040739e+03 6.330375702009670760e-27 5.261671022702311564e-27 2.851692660146704120e-27 3.101457456802665935e-01 5.096714660362569883e-27 1.000000000000000000e+00 0.000000000000000000e+00 0.000000000000000000e+00 0.000000000000000000e+00 1.000000000000000000e+00 1.000000000000000000e+10 0.000000000000000000e+00 0.000000000000000000e+00 0.000000000000000000e+00 1.000000000000000000e+10
1.803842016362447453e-01 9.312781661272043721e+02 4.072772049136601709e+02 3.423950999545324976e+02 1.790763102644184201e-01 8.854653192343228056e+02 4.422745242947040869e-27 3.733680967117241284e-27 1.823276691164531335e-27 3.267838804448054413e-01 3.320344781621804001e-27 1.000000000000000000e+00 0.000000000000000000e+00 0.000000000000000000e+00 0.000000000000000000e+00 1.000000000000000000e+00 1.000000000000000000e+10 0.000000000000000000e+00 0.000000000000000000e+00 0.000000000000000000e+00 1.000000000000000000e+10
2.080351397048574025e-01 6.739397833054802049e+02 2.852246074509708933e+02 2.292359141336827975e+02 1.758855935722214436e-01 6.362435337808007034e+02 3.131300172122086934e-27 2.722120625727832497e-27 1.219534354975288967e-27 3.500159898428005789e-01 2.203426277814423510e-27 1.000000000000000000e+00 0.000000000000000000e+00 0.000000000000000000e+00 0.000000000000000000e+00 1.000000000000000000e+00 1.000000000000000000e+10 0.000000000000000000e+00 0.000000000000000000e+00 0.000000000000000000e+00 1.000000000000000000e+10
2.399246661262133540e-01 4.973260581801160356e+02 2.289197202074217330e+02 1.597240043897873534e+02 1.804299897622097248e-01 4.472543058018674174e+02 2.282490367961555945e-27 1.787510290703347001e-27 8.523847152749963878e-28 3.783880265352735361e-01 1.424343900256082652e-27 1.000000000000000000e+00 0.000000000000000000e+00 0.000000000000000000e+00 0.000000000000000000e+00 1.000000000000000000e+00 1.000000000000000000e+10 0.000000000000000000e+00 0.000000000000000000e+00 0.000000000000000000e+00 1.000000000000000000e+10
2.767025104385807399e-01 3.728204527534772410e+02 2.013500160408831334e+02 1.137456550009804630e+02 1.952769194020984034e-01 3.210133087407499488e+02 1.723304800701120974e-27 1.429984608773130428e-27 5.664618275499648281e-28 4.116038933000253364e-01 9.239934529763709689e-28 1.000000000000000000e+00 0.000000000000000000e+00 0.000000000000000000e+00 0.000000000000000000e+00 1.000000000000000000e+00 1.000000000000000000e+10 0.000000000000000000e+00 0.000000000000000000e+00 0.000000000000000000e+00 1.000000000000000000e+10
3.191179986585286343e-01 2.725993389446507535e+02 1.607764924980114074e+02 7.588316563324698905e+01 2.043585511874249916e-01 2.279645506421692289e+02 1.323565991595037875e-27 1.049945573376910191e-27 3.604585460604361977e-28 4.485861631971746477e-01 5.895128259153641424e-28 1.000000000000000000e+00 0.000000000000000000e+00 0.000000000000000000e+00 0.000000000000000000e+00 1.000000000000000000e+00 1.000000000000000000e+10 0.000000000000000000e+00 0.000000000000000000e+00 0.000000000000000000e+00 1.000000000000000000e+10
3.680353203388414540e-01 2.042216766508910553e+02 1.083873160150392607e+02 5.382494667655095100e+01 2.144815079620227549e-01 1.629219190204595122e+02 1.111767050197666254e-27 7.581604565691800035e-28 2.636899072290887323e-28 4.905550483318318333e-01 4.168511757944656249e-28 1.000000000000000000e+00 0.000000000000000000e+00 0.000000000000000000e+00 0.000000000000000000e+00 1.000000000000000000e+00 1.000000000000000000e+10 0.000000000000000000e+00 0.000000000000000000e+00 0.000000000000000000e+00 1.000000000000000000e+10
4.244511359005219142e-01 1.600849934461776627e+02 8.767694129027012195e+01 4.312583852697727593e+01 2.325867193854297965e-01 1.236061372139085393e+02 9.742464164614235016e-28 6.295147583744006195e-28 1.796232815323209376e-28 5.305427907676573129e-01 2.776029098180347037e-28 1.000000000000000000e+00 0.000000000000000000e+00 0.000000000000000000e+00 0.000000000000000000e+00 1.000000000000000000e+00 1.000000000000000000e+10 0.000000000000000000e+00 0.000000000000000000e+00 0.000000000000000000e+00 1.000000000000000000e+10
4.895148829774688681e-01 1.233264807645576866e+02 7.363940750170341687e+01 3.442117613816785138e+01 2.435291394605732240e-01 9.365285877619486143e+01 8.602311582649422745e-28 5.464233274341854636e-28 1.134153545449433635e-28 5.710716326461858783e-01 1.828672555502856207e-28 1.000000000000000000e+00 0.000000000000000000e+00 0.000000000000000000e+00 0.000000000000000000e+00 1.000000000000000000e+00 1.000000000000000000e+10 0.000000000000000000e+00 0.000000000000000000e+00 0.000000000000000000e+00 1.000000000000000000e+10
5.645521955031491679e-01 1.028997725068385449e+02 7.440929503058598016e+01 2.913928794319411963e+01 2.664050833217979086e-01 7.478611921806913188e+01 8.715429166062630496e-28 5.436777467849497469e-28 8.616189291725407416e-29 6.377232105062538015e-01 1.312313578370301868e-28 1.000000000000000000e+00 0.000000000000000000e+00 0.000000000000000000e+00 0.000000000000000000e+00 1.000000000000000000e+00 1.000000000000000000e+10 0.000000000000000000e+00 0.000000000000000000e+00 0.000000000000000000e+00 1.000000000000000000e+10
6.510919126887823039e-01 9.445854718160168773e+01 8.924179087350631789e+01 2.445060855495059116e+01 3.071357633300923484e-01 6.026331853904397207e+01 9.313477153059348340e-28 6.093873738796705190e-28 6.251324880521767367e-29 7.229414670538522047e-01 9.226564823968690779e-29 1.000000000000000000e+00 0.000000000000000000e+00 0.000000000000000000e+00 0.000000000000000000e+00 1.000000000000000000e+00 1.000000000000000000e+10 0.000000000000000000e+00 0.000000000000000000e+00 0.000000000000000000e+00 1.000000000000000000e+10
7.508972281844089602e-01 8.264408676793682673e+01 8.449233451258160699e+01 1.957471516271579048e+01 3.259165870629897599e-01 4.947436535493440601e+01 8.815213391307938470e-28 5.195554470077161704e-28 4.903519130377877688e-29 7.729048331046802778e-01 7.086110386973782231e-29 1.000000000000000000e+00 0.000000000000000000e+00 0.000000000000000000e+00 0.000000000000000000e+00 1.000000000000000000e+00 1.000000000000000000e+10 0.000000000000000000e+00 0.000000000000000000e+00 0.000000000000000000e+00 1.000000000000000000e+10
8.660016140678794550e-01 6.864283471094340427e+01 5.600095191097259573e+01 2.063565357304634773e+01 3.120095311137723870e-01 4.643783360881824507e+01 8.806940102214636037e-28 4.282926159754388503e-28 4.806687646967945744e-29 7.910459909307780979e-01 6.491419577320817140e-29 1.000000000000000000e+00 0.000000000000000000e+00 0.000000000000000000e+00 0.000000000000000000e+00 1.000000000000000000e+00 1.000000000000000000e+10 0.000000000000000000e+00 0.000000000000000000e+00 0.000000000000000000e+00 1.000000000000000000e+10
9.987502515910116063e-01 6.007971863124861045e+01 5.088125223216587756e+01 1.659069490429678240e+01 3.090523582793064938e-01 3.905658761039425997e+01 1.204909286023547851e-27 4.521450751250239615e-28 4.812068839495347003e-29 8.242401783130507420e-01 5.984384372726545295e-29 1.000000000000000000e+00 0.000000000000000000e+00 0.000000000000000000e+00 0.000000000000000000e+00 1.000000000000000000e+00 1.000000000000000000e+10 0.000000000000000000e+00 0.000000000000000000e+00 0.000000000000000000e+00 1.000000000000000000e+10
1.151847812808953542e+00 5.516478441236806418e+01 3.986880678251765175e+01 1.633712385451418569e+01 3.162481566915114617e-01 3.621866541262286887e+01 1.653361796510241261e-27 4.803116287399833972e-28 4.839151234703942734e-29 8.463190494825579835e-01 5.849788093747568725e-29 1.000000000000000000e+00 0.000000000000000000e+00 0.000000000000000000e+00 0.000000000000000000e+00 1.000000000000000000e+00 1.000000000000000000e+10 0.000000000000000000e+00 0.000000000000000000e+00 0.000000000000000000e+00 1.000000000000000000e+10
1.328413566614123908e+00 5.257383064795344296e+01 3.897459306085795561e+01 1.457680008464260624e+01 3.151657762761912451e-01 3.293746361122182975e+01 2.108390968891582192e-27 4.892591341529902799e-28 3.815024363585174432e-29 8.421530594320916219e-01 4.814911960021027468e-29 1.000000000000000000e+00 0.000000000000000000e+00 0.000000000000000000e+00 0.000000000000000000e+00 1.000000000000000000e+00 1.000000000000000000e+10 0.000000000000000000e+00 0.000000000000000000e+00 0.000000000000000000e+00 1.000000000000000000e+10
1.532044931926391351e+00 4.835489362675500757e+01 4.585671235910852772e+01 1.202287886009219520e+01 3.113385462205867094e-01 2.975507313634510353e+01 1.810177087484121576e-27 3.901118161142671714e-28 3.789186983722029664e-29 8.227859342309440382e-01 4.810093019806618474e-29 1.000000000000000000e+00 0.000000000000000000e+00 0.000000000000000000e+00 0.000000000000000000e+00 1.000000000000000000e+00 1.000000000000000000e+10 0.000000000000000000e+00 0.000000000000000000e+00 0.000000000000000000e+00 1.000000000000000000e+10
1.766890772896739126e+00 3.994264257396199014e+01 2.536496139762768465e+01 1.264027384005510157e+01 2.795955121172582492e-01 2.853316562456940275e+01 1.048493580422415310e-27 2.750806191260212280e-28 4.196324695216850641e-29 7.658984600408300647e-01 5.340305406283572137e-29 1.000000000000000000e+00 0.000000000000000000e+00 0.000000000000000000e+00 0.000000000000000000e+00 1.000000000000000000e+00 1.000000000000000000e+10 0.000000000000000000e+00 0.000000000000000000e+00 0.000000000000000000e+00 1.000000000000000000e+10
2.037735929469222107e+00 3.340607370783772723e+01 2.432225723493928271e+01 1.064840014214840203e+01 2.525852752810068269e-01 2.635406767651703674e+01 4.401272894547461514e-28 2.129570187101357543e-28 3.530701882920878543e-29 7.223257929131181587e-01 4.727977557320032104e-29 1.000000000000000000e+00 0.000000000000000000e+00 0.000000000000000000e+00 0.000000000000000000e+00 1.000000000000000000e+00 1.000000000000000000e+10 0.000000000000000000e+00 0.000000000000000000e+00 0.000000000000000000e+00 1.000000000000000000e+10
2.350098705559579226e+00 3.122070171064009969e+01 2.593684814831162200e+01 7.855499700336689983e+00 2.425631377890558327e-01 2.372556629864444844e+01 2.941030928712340195e-28 2.252940233279472573e-28 4.054466658286372622e-29 6.969309003956879467e-01 5.440167081440341537e-29 1.000000000000000000e+00 0.000000000000000000e+00 0.000000000000000000e+00 0.000000000000000000e+00 1.000000000000000000e+00 1.000000000000000000e+10 0.000000000000000000e+00 0.000000000000000000e+00 0.000000000000000000e+00 1.000000000000000000e+10
