# R (Mpc), mean rho (Msol/kpc^3), errup (Msol/kpc^3), errlow, std, median rho (Msol/kpc^3), mean pth (Msol/kpc/s^2), errup(Msol/kpc/s^2), errlow, std, median pth (Msol/kpc/s^2), mean gas-mass-weighted metal (fraction), errup, errlow, std, median metal, mean gas-mass-weighted temp (K), errup, errlow, std, median temp  
#  nprofs 234, mean mh 557880913970.770630, median mh 512525978821.646606 
#  Mass range 11.50 - 12.0
1.040961082911032697e-02 3.521190768805099069e+05 2.078556337475422188e+05 1.412662119421731331e+05 2.510644458823844127e-01 3.152061806005492108e+05 1.910188730551322093e-25 2.289684910253963643e-25 4.081594084560731464e-26 4.857226303077821217e-01 7.290763637603142597e-26 1.000000000000000000e+00 0.000000000000000000e+00 0.000000000000000000e+00 0.000000000000000000e+00 1.000000000000000000e+00 1.000000000000000000e+10 0.000000000000000000e+00 0.000000000000000000e+00 0.000000000000000000e+00 1.000000000000000000e+10
1.200529105910367808e-02 2.771215494894896401e+05 1.497477509883753373e+05 1.204970816569129529e+05 2.513236967967982238e-01 2.572404512869383907e+05 2.171101678592125605e-25 3.248029715837306654e-25 6.137975941139073819e-26 5.049631140831090104e-01 9.268817151383640607e-26 1.000000000000000000e+00 0.000000000000000000e+00 0.000000000000000000e+00 0.000000000000000000e+00 1.000000000000000000e+00 1.000000000000000000e+10 0.000000000000000000e+00 0.000000000000000000e+00 0.000000000000000000e+00 1.000000000000000000e+10
1.384557172980430476e-02 2.138284949610803742e+05 1.393892822281612607e+05 8.297729755714547355e+04 2.590845396542851287e-01 1.901545280500318913e+05 2.084449048792148205e-25 2.789441266041485629e-25 7.321914417957336511e-26 4.717372759866684806e-01 1.112824655521922132e-25 1.000000000000000000e+00 0.000000000000000000e+00 0.000000000000000000e+00 0.000000000000000000e+00 1.000000000000000000e+00 1.000000000000000000e+10 0.000000000000000000e+00 0.000000000000000000e+00 0.000000000000000000e+00 1.000000000000000000e+10
1.596794743096121086e-02 1.602036090569485386e+05 9.923217120059288573e+04 6.773489651951113774e+04 2.687872527762880659e-01 1.427090259431026352e+05 2.046963979792161545e-25 2.151203131843493708e-25 8.850329736490446575e-26 4.097897408060616198e-01 1.353500952406667771e-25 1.000000000000000000e+00 0.000000000000000000e+00 0.000000000000000000e+00 0.000000000000000000e+00 1.000000000000000000e+00 1.000000000000000000e+10 0.000000000000000000e+00 0.000000000000000000e+00 0.000000000000000000e+00 1.000000000000000000e+10
1.841566026551830909e-02 1.110186546634438273e+05 7.436032559701803257e+04 5.107287904573432752e+04 2.895477705131834778e-01 9.884857619677146431e+04 1.884935539186122337e-25 1.835680657475988350e-25 7.877678101216907689e-26 3.896193339748275086e-01 1.288908154556280093e-25 1.000000000000000000e+00 0.000000000000000000e+00 0.000000000000000000e+00 0.000000000000000000e+00 1.000000000000000000e+00 1.000000000000000000e+10 0.000000000000000000e+00 0.000000000000000000e+00 0.000000000000000000e+00 1.000000000000000000e+10
2.123858088093512342e-02 7.425323462805731106e+04 5.446143095658926904e+04 3.152219634419317299e+04 2.832327983050123565e-01 6.320328629519581591e+04 1.714975670974613349e-25 1.583905919999977378e-25 7.057558619883055985e-26 3.429519024568141727e-01 1.270706642876509840e-25 1.000000000000000000e+00 0.000000000000000000e+00 0.000000000000000000e+00 0.000000000000000000e+00 1.000000000000000000e+00 1.000000000000000000e+10 0.000000000000000000e+00 0.000000000000000000e+00 0.000000000000000000e+00 1.000000000000000000e+10
2.449422455303571639e-02 4.925282768878976640e+04 3.997629388885684602e+04 1.719221676244062837e+04 2.870945337025777033e-01 3.860201938907502335e+04 1.503581746854517485e-25 1.268639392409016327e-25 6.717093084714220166e-26 3.430964190692776250e-01 1.157293529955976187e-25 1.000000000000000000e+00 0.000000000000000000e+00 0.000000000000000000e+00 0.000000000000000000e+00 1.000000000000000000e+00 1.000000000000000000e+10 0.000000000000000000e+00 0.000000000000000000e+00 0.000000000000000000e+00 1.000000000000000000e+10
2.824892302447100725e-02 3.233267525338545965e+04 2.790864938330429140e+04 1.045730174833522688e+04 2.803580401921905718e-01 2.529228023644343193e+04 1.281240799167061419e-25 1.184479438395945030e-25 4.651639573310078066e-26 3.197696634676234217e-01 9.320831050832669136e-26 1.000000000000000000e+00 0.000000000000000000e+00 0.000000000000000000e+00 0.000000000000000000e+00 1.000000000000000000e+00 1.000000000000000000e+10 0.000000000000000000e+00 0.000000000000000000e+00 0.000000000000000000e+00 1.000000000000000000e+10
3.257917597328415654e-02 2.130242091745279322e+04 1.555019215280924254e+04 6.877200302208022549e+03 2.688702398116999959e-01 1.693208031353441038e+04 1.109047110872618603e-25 9.496293835154992363e-26 3.877510572870811990e-26 3.016276470068313120e-01 8.270107989925333029e-26 1.000000000000000000e+00 0.000000000000000000e+00 0.000000000000000000e+00 0.000000000000000000e+00 1.000000000000000000e+00 1.000000000000000000e+10 0.000000000000000000e+00 0.000000000000000000e+00 0.000000000000000000e+00 1.000000000000000000e+10
3.757320964692217186e-02 1.384349364897502892e+04 8.956836736812507297e+03 4.692066510006253338e+03 2.380022883067556272e-01 1.150711017434150563e+04 9.153522115159959084e-26 7.276809159308192902e-26 2.979670660003075122e-26 3.055497452881183462e-01 6.608303112024140595e-26 1.000000000000000000e+00 0.000000000000000000e+00 0.000000000000000000e+00 0.000000000000000000e+00 1.000000000000000000e+00 1.000000000000000000e+10 0.000000000000000000e+00 0.000000000000000000e+00 0.000000000000000000e+00 1.000000000000000000e+10
4.333277441790538143e-02 9.593521937338089629e+03 5.662158497150621770e+03 3.063938965874860514e+03 2.100354267765657812e-01 8.469045963295535330e+03 7.694345154121485407e-26 5.846483569013846069e-26 2.441723777239156923e-26 2.892917127491084206e-01 5.664888983164229291e-26 1.000000000000000000e+00 0.000000000000000000e+00 0.000000000000000000e+00 0.000000000000000000e+00 1.000000000000000000e+00 1.000000000000000000e+10 0.000000000000000000e+00 0.000000000000000000e+00 0.000000000000000000e+00 1.000000000000000000e+10
4.997521788524898756e-02 7.249070732505731030e+03 3.608585802151586904e+03 2.239150829683143456e+03 1.915066619903414702e-01 6.485937407571542280e+03 6.350100679079936028e-26 4.586085238070979741e-26 2.275912331407592106e-26 2.831807131979465764e-01 4.956232685170611250e-26 1.000000000000000000e+00 0.000000000000000000e+00 0.000000000000000000e+00 0.000000000000000000e+00 1.000000000000000000e+00 1.000000000000000000e+10 0.000000000000000000e+00 0.000000000000000000e+00 0.000000000000000000e+00 1.000000000000000000e+10
5.763587575980636674e-02 5.756492085858789324e+03 2.710553185602849226e+03 1.658399455502040837e+03 1.860957140195114434e-01 5.198771515634567550e+03 5.111322817555824541e-26 4.148812336838968163e-26 1.604441711882922366e-26 2.786495754092618293e-01 3.823324382079806892e-26 1.000000000000000000e+00 0.000000000000000000e+00 0.000000000000000000e+00 0.000000000000000000e+00 1.000000000000000000e+00 1.000000000000000000e+10 0.000000000000000000e+00 0.000000000000000000e+00 0.000000000000000000e+00 1.000000000000000000e+10
6.647082924635627776e-02 4.673978655279263876e+03 2.316992633483029749e+03 1.262920746782948754e+03 1.809289641547419114e-01 4.171775764572505068e+03 4.019328512814342702e-26 3.074204457210552986e-26 1.293578790270037198e-26 2.715989264245730062e-01 3.056996819426079680e-26 1.000000000000000000e+00 0.000000000000000000e+00 0.000000000000000000e+00 0.000000000000000000e+00 1.000000000000000000e+00 1.000000000000000000e+10 0.000000000000000000e+00 0.000000000000000000e+00 0.000000000000000000e+00 1.000000000000000000e+10
7.666008510240249207e-02 3.728581495345824806e+03 1.593656262233065718e+03 1.059734149993743813e+03 1.716189389264027310e-01 3.380226605611986997e+03 3.013667871591379226e-26 2.222298733984995153e-26 1.110423420488795580e-26 2.693213646302086706e-01 2.440710350015577278e-26 1.000000000000000000e+00 0.000000000000000000e+00 0.000000000000000000e+00 0.000000000000000000e+00 1.000000000000000000e+00 1.000000000000000000e+10 0.000000000000000000e+00 0.000000000000000000e+00 0.000000000000000000e+00 1.000000000000000000e+10
8.841124316543315376e-02 3.003417671104185501e+03 1.576677190036009051e+03 8.000551898012211041e+02 1.671506079277775003e-01 2.720124073258227327e+03 2.244528284696390662e-26 1.792120051604988363e-26 8.478014182029890097e-27 2.648154201430144572e-01 1.805917364128836896e-26 1.000000000000000000e+00 0.000000000000000000e+00 0.000000000000000000e+00 0.000000000000000000e+00 1.000000000000000000e+00 1.000000000000000000e+10 0.000000000000000000e+00 0.000000000000000000e+00 0.000000000000000000e+00 1.000000000000000000e+10
1.019637260722580097e-01 2.353590590713319671e+03 1.141477644488095393e+03 7.462995918423828243e+02 1.649678568170864501e-01 2.176322031976289054e+03 1.608989633106930585e-26 1.189420787194785086e-26 6.087700907691003924e-27 2.660707521320579971e-01 1.329944782764912793e-26 1.000000000000000000e+00 0.000000000000000000e+00 0.000000000000000000e+00 0.000000000000000000e+00 1.000000000000000000e+00 1.000000000000000000e+10 0.000000000000000000e+00 0.000000000000000000e+00 0.000000000000000000e+00 1.000000000000000000e+10
1.175936573483598035e-01 1.771639896421556159e+03 8.232004907172458843e+02 4.454547772667397112e+02 1.583801591435071987e-01 1.612783761667207273e+03 1.129925609803999632e-26 9.123532113164529181e-27 4.156445197556559876e-27 2.707318719760718473e-01 9.067694413727272411e-27 1.000000000000000000e+00 0.000000000000000000e+00 0.000000000000000000e+00 0.000000000000000000e+00 1.000000000000000000e+00 1.000000000000000000e+10 0.000000000000000000e+00 0.000000000000000000e+00 0.000000000000000000e+00 1.000000000000000000e+10
1.356194872553388164e-01 1.350917369831365477e+03 5.766898080677622147e+02 3.863941411962159691e+02 1.665968392016236865e-01 1.242210051211342261e+03 7.855823207337140860e-27 6.332359904493029009e-27 2.982826013906636964e-27 2.829587230241805140e-01 6.271980155144783525e-27 1.000000000000000000e+00 0.000000000000000000e+00 0.000000000000000000e+00 0.000000000000000000e+00 1.000000000000000000e+00 1.000000000000000000e+10 0.000000000000000000e+00 0.000000000000000000e+00 0.000000000000000000e+00 1.000000000000000000e+10
1.564084810196403053e-01 9.868098539369422042e+02 4.353532964006293469e+02 2.960838141910576269e+02 1.620296054307974465e-01 9.267131722544930881e+02 5.341589939824783642e-27 4.530142389964383719e-27 2.022903545860153573e-27 2.914095484620612408e-01 4.063155145756036984e-27 1.000000000000000000e+00 0.000000000000000000e+00 0.000000000000000000e+00 0.000000000000000000e+00 1.000000000000000000e+00 1.000000000000000000e+10 0.000000000000000000e+00 0.000000000000000000e+00 0.000000000000000000e+00 1.000000000000000000e+10
1.803842016362447453e-01 7.180411042548224714e+02 3.470558258342713316e+02 1.913549345100215078e+02 1.634275828964619204e-01 6.479922066245142105e+02 3.680923493600960016e-27 3.461839813019028051e-27 1.191861456794634362e-27 3.110597007422267191e-01 2.558414271478546050e-27 1.000000000000000000e+00 0.000000000000000000e+00 0.000000000000000000e+00 0.000000000000000000e+00 1.000000000000000000e+00 1.000000000000000000e+10 0.000000000000000000e+00 0.000000000000000000e+00 0.000000000000000000e+00 1.000000000000000000e+10
2.080351397048574025e-01 5.202676656218627613e+02 2.568258569390006869e+02 1.257487360207327356e+02 1.697291581558228735e-01 4.665005214503876232e+02 2.543607230488203309e-27 2.440718711516492982e-27 7.628090610658934385e-28 3.336167097421871008e-01 1.645861901669062763e-27 1.000000000000000000e+00 0.000000000000000000e+00 0.000000000000000000e+00 0.000000000000000000e+00 1.000000000000000000e+00 1.000000000000000000e+10 0.000000000000000000e+00 0.000000000000000000e+00 0.000000000000000000e+00 1.000000000000000000e+10
2.399246661262133540e-01 3.737560547374332600e+02 1.941677434579122519e+02 9.319590711140133976e+01 1.735221519599438045e-01 3.260546187504605768e+02 1.781075222383366755e-27 1.693406864947842768e-27 5.254715287849772708e-28 3.537710422769313467e-01 1.100420244810719242e-27 1.000000000000000000e+00 0.000000000000000000e+00 0.000000000000000000e+00 0.000000000000000000e+00 1.000000000000000000e+00 1.000000000000000000e+10 0.000000000000000000e+00 0.000000000000000000e+00 0.000000000000000000e+00 1.000000000000000000e+10
2.767025104385807399e-01 2.690190678401199875e+02 1.406812535734665062e+02 7.273457593108784636e+01 1.829744371356803734e-01 2.329999317867442414e+02 1.306039930333813457e-27 1.304071501138551571e-27 3.753000968078287481e-28 3.900385783516158722e-01 7.161643189215291907e-28 1.000000000000000000e+00 0.000000000000000000e+00 0.000000000000000000e+00 0.000000000000000000e+00 1.000000000000000000e+00 1.000000000000000000e+10 0.000000000000000000e+00 0.000000000000000000e+00 0.000000000000000000e+00 1.000000000000000000e+10
3.191179986585286343e-01 2.034364888005770808e+02 1.209588178192636860e+02 5.449510094696179863e+01 2.075733083059226325e-01 1.691459187016668011e+02 1.023682577545207031e-27 1.142762240878786436e-27 2.782013892959310473e-28 4.371622983848371113e-01 5.042759452696254923e-28 1.000000000000000000e+00 0.000000000000000000e+00 0.000000000000000000e+00 0.000000000000000000e+00 1.000000000000000000e+00 1.000000000000000000e+10 0.000000000000000000e+00 0.000000000000000000e+00 0.000000000000000000e+00 1.000000000000000000e+10
3.680353203388414540e-01 1.521501497284573077e+02 1.014055907440109650e+02 4.237734059047980395e+01 2.248326976235784369e-01 1.219379274352846494e+02 8.270737857206342630e-28 9.990618033986854526e-28 1.830560797269372356e-28 4.872794363846503218e-01 3.238581855144559350e-28 1.000000000000000000e+00 0.000000000000000000e+00 0.000000000000000000e+00 0.000000000000000000e+00 1.000000000000000000e+00 1.000000000000000000e+10 0.000000000000000000e+00 0.000000000000000000e+00 0.000000000000000000e+00 1.000000000000000000e+10
4.244511359005219142e-01 1.197157011840240557e+02 8.305076604656355244e+01 3.066192220893336184e+01 2.471855624728943046e-01 8.904747427017957762e+01 7.409956242887444776e-28 9.058760883074691764e-28 1.372357363813894441e-28 5.496139429428927858e-01 2.233659188267846185e-28 1.000000000000000000e+00 0.000000000000000000e+00 0.000000000000000000e+00 0.000000000000000000e+00 1.000000000000000000e+00 1.000000000000000000e+10 0.000000000000000000e+00 0.000000000000000000e+00 0.000000000000000000e+00 1.000000000000000000e+10
4.895148829774688681e-01 1.043171207399553282e+02 8.281872855077233453e+01 3.028105522579586761e+01 2.841909690354633700e-01 7.348265269362391905e+01 7.425275410842883755e-28 9.161073466532920584e-28 1.004936240187385646e-28 6.231751910992755494e-01 1.548125782266659421e-28 1.000000000000000000e+00 0.000000000000000000e+00 0.000000000000000000e+00 0.000000000000000000e+00 1.000000000000000000e+00 1.000000000000000000e+10 0.000000000000000000e+00 0.000000000000000000e+00 0.000000000000000000e+00 1.000000000000000000e+10
5.645521955031491679e-01 8.799639106239624198e+01 7.965471651413409404e+01 2.748126554170043789e+01 3.091771075441807626e-01 6.073902640802493380e+01 7.147331766957433508e-28 8.153017678516020868e-28 8.009076457577552234e-29 6.993955363202803976e-01 1.143992871195278562e-28 1.000000000000000000e+00 0.000000000000000000e+00 0.000000000000000000e+00 0.000000000000000000e+00 1.000000000000000000e+00 1.000000000000000000e+10 0.000000000000000000e+00 0.000000000000000000e+00 0.000000000000000000e+00 1.000000000000000000e+10
6.510919126887823039e-01 7.801813785089710507e+01 8.337179768128831370e+01 2.019146168609597680e+01 3.329344374291578479e-01 4.694306602106204451e+01 6.962252815267812359e-28 8.781473963513029808e-28 7.378779098111226223e-29 7.653555817071369116e-01 9.853289463104665467e-29 1.000000000000000000e+00 0.000000000000000000e+00 0.000000000000000000e+00 0.000000000000000000e+00 1.000000000000000000e+00 1.000000000000000000e+10 0.000000000000000000e+00 0.000000000000000000e+00 0.000000000000000000e+00 1.000000000000000000e+10
7.508972281844089602e-01 6.591984715445269671e+01 7.937374939946155905e+01 1.746919401209115819e+01 3.309286792620274587e-01 4.038962206702535696e+01 6.621385746312959577e-28 8.023932190721842796e-28 5.917920650310403334e-29 8.061849813093263650e-01 7.694298983470100581e-29 1.000000000000000000e+00 0.000000000000000000e+00 0.000000000000000000e+00 0.000000000000000000e+00 1.000000000000000000e+00 1.000000000000000000e+10 0.000000000000000000e+00 0.000000000000000000e+00 0.000000000000000000e+00 1.000000000000000000e+10
8.660016140678794550e-01 5.493868983559346475e+01 4.399700967854728617e+01 1.623856327469762206e+01 3.139869838390828005e-01 3.637264068156173380e+01 5.549719551934707073e-28 5.345676382384565031e-28 6.211961900903585637e-29 8.061197203376462284e-01 7.702825882577461093e-29 1.000000000000000000e+00 0.000000000000000000e+00 0.000000000000000000e+00 0.000000000000000000e+00 1.000000000000000000e+00 1.000000000000000000e+10 0.000000000000000000e+00 0.000000000000000000e+00 0.000000000000000000e+00 1.000000000000000000e+10
9.987502515910116063e-01 4.753308152140850495e+01 4.765684039206085743e+01 1.494736894814336736e+01 3.049877538535306631e-01 3.341717996075026065e+01 4.933868394204566404e-28 6.545359066484771959e-28 5.990955538452292232e-29 8.172378464612939375e-01 7.176439629366385224e-29 1.000000000000000000e+00 0.000000000000000000e+00 0.000000000000000000e+00 0.000000000000000000e+00 1.000000000000000000e+00 1.000000000000000000e+10 0.000000000000000000e+00 0.000000000000000000e+00 0.000000000000000000e+00 1.000000000000000000e+10
1.151847812808953542e+00 4.507983868212293288e+01 4.313554564491073506e+01 1.521019874686211537e+01 3.124416985114057965e-01 3.192638725555865520e+01 5.531907414494274242e-28 6.058186044930222259e-28 6.248761495317837430e-29 8.413185517885551912e-01 7.398083589768833053e-29 1.000000000000000000e+00 0.000000000000000000e+00 0.000000000000000000e+00 0.000000000000000000e+00 1.000000000000000000e+00 1.000000000000000000e+10 0.000000000000000000e+00 0.000000000000000000e+00 0.000000000000000000e+00 1.000000000000000000e+10
1.328413566614123908e+00 4.246088867420197488e+01 4.282984702894844986e+01 1.529135454504681668e+01 3.102949477604621809e-01 3.122880509375952940e+01 6.489131090862055993e-28 6.600044270951575749e-28 6.179516276580773777e-29 8.429840077660024633e-01 7.405494976848365047e-29 1.000000000000000000e+00 0.000000000000000000e+00 0.000000000000000000e+00 0.000000000000000000e+00 1.000000000000000000e+00 1.000000000000000000e+10 0.000000000000000000e+00 0.000000000000000000e+00 0.000000000000000000e+00 1.000000000000000000e+10
1.532044931926391351e+00 3.852237271031900434e+01 3.405530442337730079e+01 1.386000934856864397e+01 2.955399966426985325e-01 2.892099418139780909e+01 7.223186933471800921e-28 6.076144621979755470e-28 6.675422053614046300e-29 8.189169505605022881e-01 7.887702004011418945e-29 1.000000000000000000e+00 0.000000000000000000e+00 0.000000000000000000e+00 0.000000000000000000e+00 1.000000000000000000e+00 1.000000000000000000e+10 0.000000000000000000e+00 0.000000000000000000e+00 0.000000000000000000e+00 1.000000000000000000e+10
1.766890772896739126e+00 3.671139481621018064e+01 2.883776169453577154e+01 1.288580753806432355e+01 2.889531051431744046e-01 2.711959495152013488e+01 9.520556670785765744e-28 5.361665675656687359e-28 8.128533702975743130e-29 8.074004431681559568e-01 9.377331211251868098e-29 1.000000000000000000e+00 0.000000000000000000e+00 0.000000000000000000e+00 0.000000000000000000e+00 1.000000000000000000e+00 1.000000000000000000e+10 0.000000000000000000e+00 0.000000000000000000e+00 0.000000000000000000e+00 1.000000000000000000e+10
2.037735929469222107e+00 3.385571438365380459e+01 2.729908807386895120e+01 1.213293397648913796e+01 2.775327246058261754e-01 2.564729331603373907e+01 8.958869768112188283e-28 4.938223091579089955e-28 7.531299545841909456e-29 7.922753230628213350e-01 8.717793201916333208e-29 1.000000000000000000e+00 0.000000000000000000e+00 0.000000000000000000e+00 0.000000000000000000e+00 1.000000000000000000e+00 1.000000000000000000e+10 0.000000000000000000e+00 0.000000000000000000e+00 0.000000000000000000e+00 1.000000000000000000e+10
2.350098705559579226e+00 3.149525374122532639e+01 2.333550688850631971e+01 1.125501912113633018e+01 2.660647217168836121e-01 2.515080926635100766e+01 7.770277728246094049e-28 3.585328520143968048e-28 9.731352147719405522e-29 7.782516795255998154e-01 1.125602018585972121e-28 1.000000000000000000e+00 0.000000000000000000e+00 0.000000000000000000e+00 0.000000000000000000e+00 1.000000000000000000e+00 1.000000000000000000e+10 0.000000000000000000e+00 0.000000000000000000e+00 0.000000000000000000e+00 1.000000000000000000e+10
