# R (Mpc), mean rho (Msol/kpc^3), errup (Msol/kpc^3), errlow, std, median rho (Msol/kpc^3), mean pth (Msol/kpc/s^2), errup(Msol/kpc/s^2), errlow, std, median pth (Msol/kpc/s^2), mean gas-mass-weighted metal (fraction), errup, errlow, std, median metal, mean gas-mass-weighted temp (K), errup, errlow, std, median temp  
#  nprofs 114, mean mh 539024292903.980408, median mh 500706243650.015503 
#  Mass range 11.50 - 12.0
1.040961082911032697e-02 5.657134876388781704e+05 3.552233090781241190e+05 1.835119510425070184e+05 2.476745459361995583e-01 4.815587637839766685e+05 3.053950148847378485e-25 4.284088974607217804e-25 9.374707723183407709e-26 4.287129432002481644e-01 1.593625647545970050e-25 1.000000000000000000e+00 0.000000000000000000e+00 0.000000000000000000e+00 0.000000000000000000e+00 1.000000000000000000e+00 1.000000000000000000e+10 0.000000000000000000e+00 0.000000000000000000e+00 0.000000000000000000e+00 1.000000000000000000e+10
1.200529105910367808e-02 4.262864366854919354e+05 2.845071888754480751e+05 1.638185531102984969e+05 2.504879384232238104e-01 3.884490606293522287e+05 3.016059570481974049e-25 3.504049935080701972e-25 1.081111071954120833e-25 3.986483172494416083e-01 1.839957318854245125e-25 1.000000000000000000e+00 0.000000000000000000e+00 0.000000000000000000e+00 0.000000000000000000e+00 1.000000000000000000e+00 1.000000000000000000e+10 0.000000000000000000e+00 0.000000000000000000e+00 0.000000000000000000e+00 1.000000000000000000e+10
1.384557172980430476e-02 3.106056710941213532e+05 1.956342734842825448e+05 1.417370923114806064e+05 2.813631142340553004e-01 2.925539443071524147e+05 3.172759944140146156e-25 3.226444465396216264e-25 1.378116555169980430e-25 4.080410485381065766e-01 2.177479044613981005e-25 1.000000000000000000e+00 0.000000000000000000e+00 0.000000000000000000e+00 0.000000000000000000e+00 1.000000000000000000e+00 1.000000000000000000e+10 0.000000000000000000e+00 0.000000000000000000e+00 0.000000000000000000e+00 1.000000000000000000e+10
1.596794743096121086e-02 2.287842940141005674e+05 1.508853548937916057e+05 1.087054160024594894e+05 2.647238026143674539e-01 2.083130875858648214e+05 3.253607886124069797e-25 3.206647898421190114e-25 1.633604950868805107e-25 4.066049274381722256e-01 2.403526158006132363e-25 1.000000000000000000e+00 0.000000000000000000e+00 0.000000000000000000e+00 0.000000000000000000e+00 1.000000000000000000e+00 1.000000000000000000e+10 0.000000000000000000e+00 0.000000000000000000e+00 0.000000000000000000e+00 1.000000000000000000e+10
1.841566026551830909e-02 1.614353809878040047e+05 1.259369648055562284e+05 6.443961954259008053e+04 2.700708816606461338e-01 1.354323594169456628e+05 2.965315848961890659e-25 2.769062688012501415e-25 1.338919562195365424e-25 3.651521415137146676e-01 2.242319215398735262e-25 1.000000000000000000e+00 0.000000000000000000e+00 0.000000000000000000e+00 0.000000000000000000e+00 1.000000000000000000e+00 1.000000000000000000e+10 0.000000000000000000e+00 0.000000000000000000e+00 0.000000000000000000e+00 1.000000000000000000e+10
2.123858088093512342e-02 1.140915465543406171e+05 8.911026681764074601e+04 4.561634084790261113e+04 2.539470012126477383e-01 9.769098669240032905e+04 2.657205902837060612e-25 2.313009009533861209e-25 1.363544562858315814e-25 3.497000359987016971e-01 2.177722135159458235e-25 1.000000000000000000e+00 0.000000000000000000e+00 0.000000000000000000e+00 0.000000000000000000e+00 1.000000000000000000e+00 1.000000000000000000e+10 0.000000000000000000e+00 0.000000000000000000e+00 0.000000000000000000e+00 1.000000000000000000e+10
2.449422455303571639e-02 8.041305915583147726e+04 6.699357368078231229e+04 2.944125072437508061e+04 2.424483696861014226e-01 6.653427024781962973e+04 2.102018397426062002e-25 1.741643403059701547e-25 7.803916316722232782e-26 2.913497690484430080e-01 1.674370153954188349e-25 1.000000000000000000e+00 0.000000000000000000e+00 0.000000000000000000e+00 0.000000000000000000e+00 1.000000000000000000e+00 1.000000000000000000e+10 0.000000000000000000e+00 0.000000000000000000e+00 0.000000000000000000e+00 1.000000000000000000e+10
2.824892302447100725e-02 5.718253441913428833e+04 4.512568610140350938e+04 1.961733092625139398e+04 2.285924596003475473e-01 4.826423264124950219e+04 1.753924210520210381e-25 1.277359645201847500e-25 7.815865326887655343e-26 2.872802251685231956e-01 1.494955504941059576e-25 1.000000000000000000e+00 0.000000000000000000e+00 0.000000000000000000e+00 0.000000000000000000e+00 1.000000000000000000e+00 1.000000000000000000e+10 0.000000000000000000e+00 0.000000000000000000e+00 0.000000000000000000e+00 1.000000000000000000e+10
3.257917597328415654e-02 4.026126293244878616e+04 2.163417917846744967e+04 1.282200434764930469e+04 2.109787212750627861e-01 3.483536939337709919e+04 1.466157785581311523e-25 1.257353395911855483e-25 5.857081768122155757e-26 2.781235718361157461e-01 1.171650028697665551e-25 1.000000000000000000e+00 0.000000000000000000e+00 0.000000000000000000e+00 0.000000000000000000e+00 1.000000000000000000e+00 1.000000000000000000e+10 0.000000000000000000e+00 0.000000000000000000e+00 0.000000000000000000e+00 1.000000000000000000e+10
3.757320964692217186e-02 2.897603461002769473e+04 1.743960423884962074e+04 1.052402703558021858e+04 2.050289474779459498e-01 2.585951880817137135e+04 1.151450432677066855e-25 9.088404024233505352e-26 3.723710767604567332e-26 2.652065647765208811e-01 9.349346031945081400e-26 1.000000000000000000e+00 0.000000000000000000e+00 0.000000000000000000e+00 0.000000000000000000e+00 1.000000000000000000e+00 1.000000000000000000e+10 0.000000000000000000e+00 0.000000000000000000e+00 0.000000000000000000e+00 1.000000000000000000e+10
4.333277441790538143e-02 2.108862974073040459e+04 1.081169257093598935e+04 7.124944859417051703e+03 1.904073481841136450e-01 1.893597994598581863e+04 9.276935723398155406e-26 7.821185906234017291e-26 2.541043313768454188e-26 2.589251366326786319e-01 7.273867721061991637e-26 1.000000000000000000e+00 0.000000000000000000e+00 0.000000000000000000e+00 0.000000000000000000e+00 1.000000000000000000e+00 1.000000000000000000e+10 0.000000000000000000e+00 0.000000000000000000e+00 0.000000000000000000e+00 1.000000000000000000e+10
4.997521788524898756e-02 1.522372040316302446e+04 7.225740807994861825e+03 4.579981200095344320e+03 1.717121581383265483e-01 1.387089410842220968e+04 7.370544899937390761e-26 5.645458320408642282e-26 2.260042894190533809e-26 2.540434774408480423e-01 5.720137542454674821e-26 1.000000000000000000e+00 0.000000000000000000e+00 0.000000000000000000e+00 0.000000000000000000e+00 1.000000000000000000e+00 1.000000000000000000e+10 0.000000000000000000e+00 0.000000000000000000e+00 0.000000000000000000e+00 1.000000000000000000e+10
5.763587575980636674e-02 1.117728290263246345e+04 4.921215024891918802e+03 3.275157661774303961e+03 1.615645277727113249e-01 1.051209661627618698e+04 5.965078842798836768e-26 4.741166376393233718e-26 1.737665866398855497e-26 2.526822472914839190e-01 4.702721151201268343e-26 1.000000000000000000e+00 0.000000000000000000e+00 0.000000000000000000e+00 0.000000000000000000e+00 1.000000000000000000e+00 1.000000000000000000e+10 0.000000000000000000e+00 0.000000000000000000e+00 0.000000000000000000e+00 1.000000000000000000e+10
6.647082924635627776e-02 8.347349993654896025e+03 3.906414456913500544e+03 2.033381869213527352e+03 1.533444399100511168e-01 7.593254151592898779e+03 4.799204650831647234e-26 3.624271235451668381e-26 1.497548544792490216e-26 2.530075953156695201e-01 3.776068016468650014e-26 1.000000000000000000e+00 0.000000000000000000e+00 0.000000000000000000e+00 0.000000000000000000e+00 1.000000000000000000e+00 1.000000000000000000e+10 0.000000000000000000e+00 0.000000000000000000e+00 0.000000000000000000e+00 1.000000000000000000e+10
7.666008510240249207e-02 6.420731210289305636e+03 3.026271921830926658e+03 1.402708069203327796e+03 1.589505236115242304e-01 5.784942367393123277e+03 3.702922396422142578e-26 3.268548290101045324e-26 1.096650936507335652e-26 2.529122908094952882e-01 2.867213311498768718e-26 1.000000000000000000e+00 0.000000000000000000e+00 0.000000000000000000e+00 0.000000000000000000e+00 1.000000000000000000e+00 1.000000000000000000e+10 0.000000000000000000e+00 0.000000000000000000e+00 0.000000000000000000e+00 1.000000000000000000e+10
8.841124316543315376e-02 4.947926126548925822e+03 1.918953497156150661e+03 1.202487090938629080e+03 1.605468965332494113e-01 4.490914404749093592e+03 2.814710906602238954e-26 2.232869872160383489e-26 9.753944258922046604e-27 2.574789801799008404e-01 2.242623120741673266e-26 1.000000000000000000e+00 0.000000000000000000e+00 0.000000000000000000e+00 0.000000000000000000e+00 1.000000000000000000e+00 1.000000000000000000e+10 0.000000000000000000e+00 0.000000000000000000e+00 0.000000000000000000e+00 1.000000000000000000e+10
1.019637260722580097e-01 3.835197358745035217e+03 1.491611654338377321e+03 1.067749227556124879e+03 1.691865923771239122e-01 3.517140308237263980e+03 2.067684076065476015e-26 1.760517419005239679e-26 7.008081133355204661e-27 2.645926485285322038e-01 1.618869624295012920e-26 1.000000000000000000e+00 0.000000000000000000e+00 0.000000000000000000e+00 0.000000000000000000e+00 1.000000000000000000e+00 1.000000000000000000e+10 0.000000000000000000e+00 0.000000000000000000e+00 0.000000000000000000e+00 1.000000000000000000e+10
1.175936573483598035e-01 2.820875138035391956e+03 1.260592849313570696e+03 7.805314871247121573e+02 1.578637271097303452e-01 2.613321314648831049e+03 1.490085863742048014e-26 1.313427430154731146e-26 4.951510778086170293e-27 2.655661824275402649e-01 1.132196037614150412e-26 1.000000000000000000e+00 0.000000000000000000e+00 0.000000000000000000e+00 0.000000000000000000e+00 1.000000000000000000e+00 1.000000000000000000e+10 0.000000000000000000e+00 0.000000000000000000e+00 0.000000000000000000e+00 1.000000000000000000e+10
1.356194872553388164e-01 2.118810309670862807e+03 8.232744706990310988e+02 5.313616112422635069e+02 1.506735463042969125e-01 1.944266848128599577e+03 1.056587353545473602e-26 8.856559871930953416e-27 3.858829722700729619e-27 2.670848989444812860e-01 8.203816232117281611e-27 1.000000000000000000e+00 0.000000000000000000e+00 0.000000000000000000e+00 0.000000000000000000e+00 1.000000000000000000e+00 1.000000000000000000e+10 0.000000000000000000e+00 0.000000000000000000e+00 0.000000000000000000e+00 1.000000000000000000e+10
1.564084810196403053e-01 1.603041595956113724e+03 7.277717746034290940e+02 4.944114947478453814e+02 1.558334997653350873e-01 1.528767801123084155e+03 7.499509495919706473e-27 6.172272649383375879e-27 3.394164571980349916e-27 2.778624211718446202e-01 6.428666953528129744e-27 1.000000000000000000e+00 0.000000000000000000e+00 0.000000000000000000e+00 0.000000000000000000e+00 1.000000000000000000e+00 1.000000000000000000e+10 0.000000000000000000e+00 0.000000000000000000e+00 0.000000000000000000e+00 1.000000000000000000e+10
1.803842016362447453e-01 1.216120125669068784e+03 5.461595119855480789e+02 3.837240679403306558e+02 1.619537044302169770e-01 1.156233760023003697e+03 5.379026111048544893e-27 4.698512821994030137e-27 2.229906492160521568e-27 2.995965614730033977e-01 4.317490899057438368e-27 1.000000000000000000e+00 0.000000000000000000e+00 0.000000000000000000e+00 0.000000000000000000e+00 1.000000000000000000e+00 1.000000000000000000e+10 0.000000000000000000e+00 0.000000000000000000e+00 0.000000000000000000e+00 1.000000000000000000e+10
2.080351397048574025e-01 9.257728002276161305e+02 4.259237616345742481e+02 2.796233031571487118e+02 1.749530404976531728e-01 8.384279804575048729e+02 3.876997101298362793e-27 3.441241672032785742e-27 1.714040076137240240e-27 3.235363552559589739e-01 2.974865162079240205e-27 1.000000000000000000e+00 0.000000000000000000e+00 0.000000000000000000e+00 0.000000000000000000e+00 1.000000000000000000e+00 1.000000000000000000e+10 0.000000000000000000e+00 0.000000000000000000e+00 0.000000000000000000e+00 1.000000000000000000e+10
2.399246661262133540e-01 6.833346181640426948e+02 3.311157385814985901e+02 2.155593411160392066e+02 1.850509130965075633e-01 6.083717241017416200e+02 2.794281312967721469e-27 2.963545963574100378e-27 1.095169978016816112e-27 3.529218657143234905e-01 1.907380918624193661e-27 1.000000000000000000e+00 0.000000000000000000e+00 0.000000000000000000e+00 0.000000000000000000e+00 1.000000000000000000e+00 1.000000000000000000e+10 0.000000000000000000e+00 0.000000000000000000e+00 0.000000000000000000e+00 1.000000000000000000e+10
2.767025104385807399e-01 5.113007640239003990e+02 2.463039917339020235e+02 1.618800434737666478e+02 1.985638901832681158e-01 4.463680802828409355e+02 2.034307054597128158e-27 2.027734738532348350e-27 7.393536530708729477e-28 3.813258009388488801e-01 1.249018848543496717e-27 1.000000000000000000e+00 0.000000000000000000e+00 0.000000000000000000e+00 0.000000000000000000e+00 1.000000000000000000e+00 1.000000000000000000e+10 0.000000000000000000e+00 0.000000000000000000e+00 0.000000000000000000e+00 1.000000000000000000e+10
3.191179986585286343e-01 3.736658604516352398e+02 2.242990580308576227e+02 1.232332016143727742e+02 1.982809511227554278e-01 3.342426442407071363e+02 1.489866414709549133e-27 1.291739030712564504e-27 4.814150379196110503e-28 4.091207515616239188e-01 8.186940159819786668e-28 1.000000000000000000e+00 0.000000000000000000e+00 0.000000000000000000e+00 0.000000000000000000e+00 1.000000000000000000e+00 1.000000000000000000e+10 0.000000000000000000e+00 0.000000000000000000e+00 0.000000000000000000e+00 1.000000000000000000e+10
3.680353203388414540e-01 2.714440437216031228e+02 1.570084698704797574e+02 8.504983461797465338e+01 1.919114327862478930e-01 2.428867483156777780e+02 1.104216544611620702e-27 9.975869712516826213e-28 3.063697494657807498e-28 4.266522311723190408e-01 5.281800207647096699e-28 1.000000000000000000e+00 0.000000000000000000e+00 0.000000000000000000e+00 0.000000000000000000e+00 1.000000000000000000e+00 1.000000000000000000e+10 0.000000000000000000e+00 0.000000000000000000e+00 0.000000000000000000e+00 1.000000000000000000e+10
4.244511359005219142e-01 2.088282582708096129e+02 1.454353673732694006e+02 6.444532481909298838e+01 1.999907692921585878e-01 1.811248431517130939e+02 8.680407260742457591e-28 5.958562603199472186e-28 2.575693261781491682e-28 4.501959990783236387e-01 4.065224425721443008e-28 1.000000000000000000e+00 0.000000000000000000e+00 0.000000000000000000e+00 0.000000000000000000e+00 1.000000000000000000e+00 1.000000000000000000e+10 0.000000000000000000e+00 0.000000000000000000e+00 0.000000000000000000e+00 1.000000000000000000e+10
4.895148829774688681e-01 1.641493928339303636e+02 1.122278101256467266e+02 4.354082333323468390e+01 2.107532482600467383e-01 1.336615706376783805e+02 7.751323110636276621e-28 5.867114979272118807e-28 1.696335370921026932e-28 4.924959798566371783e-01 2.746277161469841649e-28 1.000000000000000000e+00 0.000000000000000000e+00 0.000000000000000000e+00 0.000000000000000000e+00 1.000000000000000000e+00 1.000000000000000000e+10 0.000000000000000000e+00 0.000000000000000000e+00 0.000000000000000000e+00 1.000000000000000000e+10
5.645521955031491679e-01 1.381509992256324892e+02 8.416380000350815749e+01 3.224568130239288166e+01 2.407501962998014888e-01 1.029169749263147651e+02 7.580753502303059530e-28 5.550794419193395782e-28 1.167783686266892073e-28 5.436006599599736422e-01 1.853067570698778694e-28 1.000000000000000000e+00 0.000000000000000000e+00 0.000000000000000000e+00 0.000000000000000000e+00 1.000000000000000000e+00 1.000000000000000000e+10 0.000000000000000000e+00 0.000000000000000000e+00 0.000000000000000000e+00 1.000000000000000000e+10
6.510919126887823039e-01 1.085095561110120883e+02 6.262900193208938049e+01 2.748374417662935798e+01 2.407191928552653570e-01 8.246233767014064142e+01 7.346587787442913167e-28 3.848677322227897451e-28 8.412158527486078406e-29 5.891884281226626996e-01 1.306927671742311520e-28 1.000000000000000000e+00 0.000000000000000000e+00 0.000000000000000000e+00 0.000000000000000000e+00 1.000000000000000000e+00 1.000000000000000000e+10 0.000000000000000000e+00 0.000000000000000000e+00 0.000000000000000000e+00 1.000000000000000000e+10
7.508972281844089602e-01 9.227279602924993185e+01 6.043669659860856314e+01 2.687375092275917154e+01 2.547733791092028910e-01 6.889610283911508759e+01 8.171639049141985503e-28 3.547954507611856049e-28 7.938955173693786117e-29 6.444083795764161682e-01 1.082839054176409031e-28 1.000000000000000000e+00 0.000000000000000000e+00 0.000000000000000000e+00 0.000000000000000000e+00 1.000000000000000000e+00 1.000000000000000000e+10 0.000000000000000000e+00 0.000000000000000000e+00 0.000000000000000000e+00 1.000000000000000000e+10
8.660016140678794550e-01 7.991273112894569408e+01 5.021644882552372735e+01 2.031665440368756492e+01 2.662973898766179959e-01 5.523385246967056617e+01 1.006569863613812262e-27 2.314023540990896243e-28 5.771953212681708927e-29 7.024424016861197106e-01 8.154908377753839977e-29 1.000000000000000000e+00 0.000000000000000000e+00 0.000000000000000000e+00 0.000000000000000000e+00 1.000000000000000000e+00 1.000000000000000000e+10 0.000000000000000000e+00 0.000000000000000000e+00 0.000000000000000000e+00 1.000000000000000000e+10
9.987502515910116063e-01 7.004155836980640970e+01 4.149752844695974829e+01 1.864806897804168528e+01 2.759390436309515082e-01 4.839511809617000893e+01 1.241432360279214166e-27 2.558478758551196284e-28 4.716040134341292224e-29 7.525382981837430707e-01 6.366477123724152687e-29 1.000000000000000000e+00 0.000000000000000000e+00 0.000000000000000000e+00 0.000000000000000000e+00 1.000000000000000000e+00 1.000000000000000000e+10 0.000000000000000000e+00 0.000000000000000000e+00 0.000000000000000000e+00 1.000000000000000000e+10
1.151847812808953542e+00 6.451229243211989228e+01 4.059977904060626486e+01 1.995350201548108870e+01 2.911653667496629239e-01 4.458173601538997843e+01 1.780344509435930286e-27 2.928754597142623926e-28 4.348531200244040774e-29 8.086239202157728956e-01 5.552684699075093526e-29 1.000000000000000000e+00 0.000000000000000000e+00 0.000000000000000000e+00 0.000000000000000000e+00 1.000000000000000000e+00 1.000000000000000000e+10 0.000000000000000000e+00 0.000000000000000000e+00 0.000000000000000000e+00 1.000000000000000000e+10
1.328413566614123908e+00 5.962209742812852653e+01 3.666741978141358516e+01 1.700079210114762063e+01 3.037264395284716700e-01 3.744936887174934270e+01 2.111175361560357195e-27 3.539631133683360145e-28 3.255598336259576579e-29 8.380205711100229271e-01 4.149907382024226162e-29 1.000000000000000000e+00 0.000000000000000000e+00 0.000000000000000000e+00 0.000000000000000000e+00 1.000000000000000000e+00 1.000000000000000000e+10 0.000000000000000000e+00 0.000000000000000000e+00 0.000000000000000000e+00 1.000000000000000000e+10
1.532044931926391351e+00 5.601484246117226462e+01 4.416378465404758913e+01 1.459253599474027396e+01 3.171202103274886053e-01 3.393778803501140828e+01 1.983855882171256229e-27 3.493024370189231577e-28 3.258221469748609241e-29 8.625787655251632158e-01 4.201676978027791283e-29 1.000000000000000000e+00 0.000000000000000000e+00 0.000000000000000000e+00 0.000000000000000000e+00 1.000000000000000000e+00 1.000000000000000000e+10 0.000000000000000000e+00 0.000000000000000000e+00 0.000000000000000000e+00 1.000000000000000000e+10
1.766890772896739126e+00 5.033550736914721568e+01 3.441917912605531171e+01 1.038575202882636006e+01 3.026575067229826388e-01 2.926040079467612998e+01 1.974777260297382529e-27 2.170088513461961704e-28 2.839597090107467048e-29 8.278612936720796123e-01 3.740523854535551090e-29 1.000000000000000000e+00 0.000000000000000000e+00 0.000000000000000000e+00 0.000000000000000000e+00 1.000000000000000000e+00 1.000000000000000000e+10 0.000000000000000000e+00 0.000000000000000000e+00 0.000000000000000000e+00 1.000000000000000000e+10
2.037735929469222107e+00 4.138018476634284326e+01 2.252237248101432954e+01 1.120881257358258765e+01 2.662770845857695967e-01 2.956008698716580341e+01 1.186051045950250306e-27 1.466905025900248002e-28 3.450567789234259959e-29 7.769639485483023078e-01 4.439488327463587693e-29 1.000000000000000000e+00 0.000000000000000000e+00 0.000000000000000000e+00 0.000000000000000000e+00 1.000000000000000000e+00 1.000000000000000000e+10 0.000000000000000000e+00 0.000000000000000000e+00 0.000000000000000000e+00 1.000000000000000000e+10
2.350098705559579226e+00 3.641822355822666424e+01 2.308158396746985375e+01 8.390307674235842228e+00 2.515935688961409844e-01 2.553446622144483769e+01 7.102603612271159503e-28 1.244611063277715612e-28 2.877294434020483085e-29 7.510345158347305761e-01 3.928119286707431982e-29 1.000000000000000000e+00 0.000000000000000000e+00 0.000000000000000000e+00 0.000000000000000000e+00 1.000000000000000000e+00 1.000000000000000000e+10 0.000000000000000000e+00 0.000000000000000000e+00 0.000000000000000000e+00 1.000000000000000000e+10
