# R (Mpc), mean rho (Msol/kpc^3), errup (Msol/kpc^3), errlow, std, median rho (Msol/kpc^3), mean pth (Msol/kpc/s^2), errup(Msol/kpc/s^2), errlow, std, median pth (Msol/kpc/s^2), mean gas-mass-weighted metal (fraction), errup, errlow, std, median metal, mean gas-mass-weighted temp (K), errup, errlow, std, median temp  
#  nprofs 209, mean mh 211966947951.980042, median mh 201433722050.245728 
#  Mass range 11.00 - 11.5
1.040961082911032697e-02 2.897023096045245766e+05 1.485425033679179032e+05 1.271564290676281380e+05 2.274241584240862535e-01 2.751560373487546458e+05 8.009575259184128633e-26 6.563689207154266765e-26 1.630958638163048725e-26 3.904610046949507085e-01 3.789169182701480483e-26 1.000000000000000000e+00 0.000000000000000000e+00 0.000000000000000000e+00 0.000000000000000000e+00 1.000000000000000000e+00 1.000000000000000000e+10 0.000000000000000000e+00 0.000000000000000000e+00 0.000000000000000000e+00 1.000000000000000000e+10
1.200529105910367808e-02 2.368305870294961496e+05 1.198572434107013105e+05 1.004994461440137238e+05 2.173552906167008081e-01 2.289993521474855079e+05 8.916237768164657809e-26 1.148005879387242094e-25 1.898308210690203149e-26 4.090540078302405957e-01 4.172306315149643804e-26 1.000000000000000000e+00 0.000000000000000000e+00 0.000000000000000000e+00 0.000000000000000000e+00 1.000000000000000000e+00 1.000000000000000000e+10 0.000000000000000000e+00 0.000000000000000000e+00 0.000000000000000000e+00 1.000000000000000000e+10
1.384557172980430476e-02 1.859358081946330785e+05 8.230229372717501246e+04 8.966449235952255549e+04 2.438944206328655939e-01 1.860876282141378324e+05 7.120171071118604530e-26 9.046114084674990551e-26 2.021932787350075909e-26 3.862316379629963659e-01 3.975730558870151482e-26 1.000000000000000000e+00 0.000000000000000000e+00 0.000000000000000000e+00 0.000000000000000000e+00 1.000000000000000000e+00 1.000000000000000000e+10 0.000000000000000000e+00 0.000000000000000000e+00 0.000000000000000000e+00 1.000000000000000000e+10
1.596794743096121086e-02 1.450244323382925941e+05 7.331627640131881344e+04 6.077576143229982699e+04 2.392044969278518673e-01 1.362205691233780817e+05 6.612365146578439770e-26 7.969396971983273218e-26 2.054099731601277047e-26 3.476371260616107906e-01 4.302775957948953034e-26 1.000000000000000000e+00 0.000000000000000000e+00 0.000000000000000000e+00 0.000000000000000000e+00 1.000000000000000000e+00 1.000000000000000000e+10 0.000000000000000000e+00 0.000000000000000000e+00 0.000000000000000000e+00 1.000000000000000000e+10
1.841566026551830909e-02 1.030618381109823385e+05 5.237303309804898163e+04 4.829174514583469863e+04 2.580245835161362189e-01 1.007689633725966996e+05 5.909539880311789130e-26 6.062807320227163780e-26 1.751442846905798143e-26 3.515328429015675549e-01 3.711154186675290514e-26 1.000000000000000000e+00 0.000000000000000000e+00 0.000000000000000000e+00 0.000000000000000000e+00 1.000000000000000000e+00 1.000000000000000000e+10 0.000000000000000000e+00 0.000000000000000000e+00 0.000000000000000000e+00 1.000000000000000000e+10
2.123858088093512342e-02 7.143532517977010866e+04 3.903080186560054426e+04 3.771809728786725464e+04 2.623279043014534739e-01 7.074180651623326412e+04 4.642298651056494660e-26 3.877949495047860609e-26 1.812251776138819721e-26 3.204278827993049528e-01 3.497897824007368889e-26 1.000000000000000000e+00 0.000000000000000000e+00 0.000000000000000000e+00 0.000000000000000000e+00 1.000000000000000000e+00 1.000000000000000000e+10 0.000000000000000000e+00 0.000000000000000000e+00 0.000000000000000000e+00 1.000000000000000000e+10
2.449422455303571639e-02 4.709488832036770327e+04 3.300636392551694007e+04 1.940962651551591625e+04 2.714323623117176898e-01 4.112629607521633443e+04 4.062848166163263202e-26 3.051123605922657940e-26 1.535334913467138273e-26 2.845659060141764729e-01 3.186700534041784972e-26 1.000000000000000000e+00 0.000000000000000000e+00 0.000000000000000000e+00 0.000000000000000000e+00 1.000000000000000000e+00 1.000000000000000000e+10 0.000000000000000000e+00 0.000000000000000000e+00 0.000000000000000000e+00 1.000000000000000000e+10
2.824892302447100725e-02 2.892036018841682380e+04 2.113881444018359252e+04 1.094904831910281791e+04 2.567537916435294609e-01 2.460126961708308590e+04 3.142820513599101241e-26 2.189460805630803218e-26 1.153339905840905503e-26 2.665547298790099107e-01 2.539262898770105734e-26 1.000000000000000000e+00 0.000000000000000000e+00 0.000000000000000000e+00 0.000000000000000000e+00 1.000000000000000000e+00 1.000000000000000000e+10 0.000000000000000000e+00 0.000000000000000000e+00 0.000000000000000000e+00 1.000000000000000000e+10
3.257917597328415654e-02 1.738468230014295841e+04 1.136221183473952624e+04 5.336976354349995745e+03 2.490701694638350894e-01 1.429489991553704385e+04 2.662443025813892720e-26 1.739678224067461195e-26 9.242449544526770051e-27 2.474638962557247635e-01 2.169313290179637277e-26 1.000000000000000000e+00 0.000000000000000000e+00 0.000000000000000000e+00 0.000000000000000000e+00 1.000000000000000000e+00 1.000000000000000000e+10 0.000000000000000000e+00 0.000000000000000000e+00 0.000000000000000000e+00 1.000000000000000000e+10
3.757320964692217186e-02 1.045694789146931180e+04 6.774704448323307588e+03 3.431235140609332120e+03 2.349895264178090137e-01 8.897024599478900200e+03 2.113096562483516541e-26 1.326156997458927911e-26 7.398501159654893792e-27 2.458921261952440040e-01 1.729371493129908325e-26 1.000000000000000000e+00 0.000000000000000000e+00 0.000000000000000000e+00 0.000000000000000000e+00 1.000000000000000000e+00 1.000000000000000000e+10 0.000000000000000000e+00 0.000000000000000000e+00 0.000000000000000000e+00 1.000000000000000000e+10
4.333277441790538143e-02 6.581725911328563598e+03 3.221322517310180046e+03 1.943986903220788918e+03 2.047163555583435546e-01 5.832342593554358245e+03 1.789962826686997937e-26 1.073088016251987539e-26 6.344726250908575106e-27 2.417425045514309812e-01 1.533066144383122153e-26 1.000000000000000000e+00 0.000000000000000000e+00 0.000000000000000000e+00 0.000000000000000000e+00 1.000000000000000000e+00 1.000000000000000000e+10 0.000000000000000000e+00 0.000000000000000000e+00 0.000000000000000000e+00 1.000000000000000000e+10
4.997521788524898756e-02 4.517220000065954082e+03 2.387096000467422527e+03 1.352062349430905215e+03 1.881722370946594669e-01 4.050977247328453814e+03 1.448689387477983662e-26 8.267352631213750141e-27 4.883617717469033226e-27 2.351420806118705853e-01 1.249721845736629194e-26 1.000000000000000000e+00 0.000000000000000000e+00 0.000000000000000000e+00 0.000000000000000000e+00 1.000000000000000000e+00 1.000000000000000000e+10 0.000000000000000000e+00 0.000000000000000000e+00 0.000000000000000000e+00 1.000000000000000000e+10
5.763587575980636674e-02 3.411591020294821647e+03 1.606336822635040335e+03 1.071586970675729390e+03 1.812791537181997481e-01 3.080901907644676612e+03 1.181573583619037272e-26 7.188417449449091874e-27 3.972070739092678787e-27 2.299541836451049204e-01 9.968046407663610484e-27 1.000000000000000000e+00 0.000000000000000000e+00 0.000000000000000000e+00 0.000000000000000000e+00 1.000000000000000000e+00 1.000000000000000000e+10 0.000000000000000000e+00 0.000000000000000000e+00 0.000000000000000000e+00 1.000000000000000000e+10
6.647082924635627776e-02 2.644312112423993312e+03 1.316668349468949600e+03 7.424219252180193962e+02 1.679063453342728163e-01 2.347276381164345821e+03 9.233532876596498467e-27 5.318435760916930185e-27 3.418211364708545106e-27 2.296127529161358927e-01 8.087548705137362356e-27 1.000000000000000000e+00 0.000000000000000000e+00 0.000000000000000000e+00 0.000000000000000000e+00 1.000000000000000000e+00 1.000000000000000000e+10 0.000000000000000000e+00 0.000000000000000000e+00 0.000000000000000000e+00 1.000000000000000000e+10
7.666008510240249207e-02 2.066547510182959741e+03 9.432587506398167534e+02 5.630037632564149135e+02 1.688231422353179412e-01 1.887908688074202018e+03 7.052062972140371082e-27 4.359306407090078046e-27 2.486320620584583424e-27 2.317815421514691221e-01 6.056968825878290822e-27 1.000000000000000000e+00 0.000000000000000000e+00 0.000000000000000000e+00 0.000000000000000000e+00 1.000000000000000000e+00 1.000000000000000000e+10 0.000000000000000000e+00 0.000000000000000000e+00 0.000000000000000000e+00 1.000000000000000000e+10
8.841124316543315376e-02 1.613615768261092626e+03 7.172428098204406979e+02 4.659178265144006446e+02 1.687936750449751944e-01 1.478642642268974441e+03 5.240447698203140610e-27 2.837066679168215066e-27 2.275042163648775213e-27 2.362462491363035710e-01 4.752413632831102281e-27 1.000000000000000000e+00 0.000000000000000000e+00 0.000000000000000000e+00 0.000000000000000000e+00 1.000000000000000000e+00 1.000000000000000000e+10 0.000000000000000000e+00 0.000000000000000000e+00 0.000000000000000000e+00 1.000000000000000000e+10
1.019637260722580097e-01 1.232545531076411635e+03 5.284317522732019370e+02 3.651705517504472027e+02 1.584413056875122738e-01 1.172076375086945063e+03 3.964794671453669698e-27 2.202993476086687347e-27 1.713368825882764873e-27 2.510580227233158990e-01 3.499360092276330512e-27 1.000000000000000000e+00 0.000000000000000000e+00 0.000000000000000000e+00 0.000000000000000000e+00 1.000000000000000000e+00 1.000000000000000000e+10 0.000000000000000000e+00 0.000000000000000000e+00 0.000000000000000000e+00 1.000000000000000000e+10
1.175936573483598035e-01 9.515517577943080596e+02 4.096953121563706190e+02 2.580333523718373954e+02 1.630691122768996582e-01 8.778141731372861614e+02 2.959309043774371640e-27 1.620656960596517637e-27 1.200175160170487648e-27 2.703087917565267784e-01 2.479534378793599168e-27 1.000000000000000000e+00 0.000000000000000000e+00 0.000000000000000000e+00 0.000000000000000000e+00 1.000000000000000000e+00 1.000000000000000000e+10 0.000000000000000000e+00 0.000000000000000000e+00 0.000000000000000000e+00 1.000000000000000000e+10
1.356194872553388164e-01 7.123090706498174995e+02 2.711425767207546187e+02 1.899071210829247889e+02 1.550750887396278310e-01 6.697903665657468082e+02 2.138078254527860473e-27 1.321121333378057748e-27 8.082824479349360722e-28 2.871521204759347468e-01 1.700161199095269764e-27 1.000000000000000000e+00 0.000000000000000000e+00 0.000000000000000000e+00 0.000000000000000000e+00 1.000000000000000000e+00 1.000000000000000000e+10 0.000000000000000000e+00 0.000000000000000000e+00 0.000000000000000000e+00 1.000000000000000000e+10
1.564084810196403053e-01 5.452524643627155001e+02 2.279441576040069890e+02 1.437068077523153988e+02 1.606548358301566337e-01 4.994816427792955551e+02 1.584294006692148070e-27 1.128948901466025063e-27 5.510884891794398276e-28 3.145778215140158651e-01 1.160107454210551630e-27 1.000000000000000000e+00 0.000000000000000000e+00 0.000000000000000000e+00 0.000000000000000000e+00 1.000000000000000000e+00 1.000000000000000000e+10 0.000000000000000000e+00 0.000000000000000000e+00 0.000000000000000000e+00 1.000000000000000000e+10
1.803842016362447453e-01 4.120495944753531035e+02 1.969252727277568624e+02 1.098332531240354228e+02 1.686485500014290040e-01 3.729722964630835236e+02 1.191090062457418337e-27 1.032079585723586935e-27 3.691738270649563979e-28 3.514971814060812716e-01 7.665809943044256823e-28 1.000000000000000000e+00 0.000000000000000000e+00 0.000000000000000000e+00 0.000000000000000000e+00 1.000000000000000000e+00 1.000000000000000000e+10 0.000000000000000000e+00 0.000000000000000000e+00 0.000000000000000000e+00 1.000000000000000000e+10
2.080351397048574025e-01 3.178594557548974535e+02 1.720696815384828824e+02 8.792146006189841501e+01 1.840911097610012648e-01 2.777257370230639140e+02 9.275443130716437291e-28 8.803615607674067728e-28 2.833262331424352138e-28 3.906730961726164741e-01 5.215272127242933576e-28 1.000000000000000000e+00 0.000000000000000000e+00 0.000000000000000000e+00 0.000000000000000000e+00 1.000000000000000000e+00 1.000000000000000000e+10 0.000000000000000000e+00 0.000000000000000000e+00 0.000000000000000000e+00 1.000000000000000000e+10
2.399246661262133540e-01 2.443517013256927157e+02 1.239621602260401971e+02 7.116655618109547277e+01 1.873182453453178242e-01 2.139898467367106321e+02 7.751376722652588918e-28 8.393052290143208165e-28 2.104546021923685816e-28 4.348109026533314991e-01 3.686214869478477734e-28 1.000000000000000000e+00 0.000000000000000000e+00 0.000000000000000000e+00 0.000000000000000000e+00 1.000000000000000000e+00 1.000000000000000000e+10 0.000000000000000000e+00 0.000000000000000000e+00 0.000000000000000000e+00 1.000000000000000000e+10
2.767025104385807399e-01 1.941251399637985173e+02 1.079066759229641264e+02 4.952440668538307023e+01 2.054832856558862775e-01 1.588298146673131725e+02 6.544086871717464841e-28 6.848459511303176897e-28 1.351511171363792778e-28 4.758216473487047460e-01 2.467182933540434403e-28 1.000000000000000000e+00 0.000000000000000000e+00 0.000000000000000000e+00 0.000000000000000000e+00 1.000000000000000000e+00 1.000000000000000000e+10 0.000000000000000000e+00 0.000000000000000000e+00 0.000000000000000000e+00 1.000000000000000000e+10
3.191179986585286343e-01 1.648916421620230039e+02 1.013756968756843264e+02 3.743548633683637661e+01 2.329519676695004371e-01 1.206114141168098683e+02 5.798294745478161874e-28 6.369888415510064956e-28 1.110950211329687966e-28 5.172019315439476683e-01 1.897726064333444102e-28 1.000000000000000000e+00 0.000000000000000000e+00 0.000000000000000000e+00 0.000000000000000000e+00 1.000000000000000000e+00 1.000000000000000000e+10 0.000000000000000000e+00 0.000000000000000000e+00 0.000000000000000000e+00 1.000000000000000000e+10
3.680353203388414540e-01 1.338630478950977647e+02 1.018319941694070252e+02 3.228029746890558727e+01 2.429572200283287020e-01 9.643248263854890467e+01 5.462910425723102480e-28 6.487153796929739983e-28 8.684350556654427796e-29 5.657593557979351262e-01 1.403777718571872813e-28 1.000000000000000000e+00 0.000000000000000000e+00 0.000000000000000000e+00 0.000000000000000000e+00 1.000000000000000000e+00 1.000000000000000000e+10 0.000000000000000000e+00 0.000000000000000000e+00 0.000000000000000000e+00 1.000000000000000000e+10
4.244511359005219142e-01 1.142421176022548934e+02 8.469678908240885562e+01 2.693764266173641886e+01 2.662632744316562050e-01 7.923343945307161107e+01 5.325417894826539959e-28 5.969840800933243519e-28 6.893448493670445761e-29 6.238371223694588741e-01 1.066056791733138325e-28 1.000000000000000000e+00 0.000000000000000000e+00 0.000000000000000000e+00 0.000000000000000000e+00 1.000000000000000000e+00 1.000000000000000000e+10 0.000000000000000000e+00 0.000000000000000000e+00 0.000000000000000000e+00 1.000000000000000000e+10
4.895148829774688681e-01 9.216070332295194589e+01 6.867379391513065912e+01 2.354965893808019928e+01 2.741224695392421307e-01 6.442633546875879347e+01 4.830831371501119695e-28 5.083925553897415166e-28 5.891711980298828545e-29 6.758107042848729984e-01 8.572440442636415603e-29 1.000000000000000000e+00 0.000000000000000000e+00 0.000000000000000000e+00 0.000000000000000000e+00 1.000000000000000000e+00 1.000000000000000000e+10 0.000000000000000000e+00 0.000000000000000000e+00 0.000000000000000000e+00 1.000000000000000000e+10
5.645521955031491679e-01 8.107282695137588746e+01 5.912073802596606242e+01 2.231523075371367781e+01 2.910009151933371507e-01 5.527452727818202050e+01 4.607253142796921923e-28 5.054259879701988277e-28 5.937831231538574854e-29 7.213988502380950241e-01 7.881401503827605231e-29 1.000000000000000000e+00 0.000000000000000000e+00 0.000000000000000000e+00 0.000000000000000000e+00 1.000000000000000000e+00 1.000000000000000000e+10 0.000000000000000000e+00 0.000000000000000000e+00 0.000000000000000000e+00 1.000000000000000000e+10
6.510919126887823039e-01 6.554623512972719368e+01 5.099215319778797095e+01 1.829287385747051076e+01 2.906439889037668034e-01 4.534875481590485435e+01 4.348004355247888173e-28 4.592126632725508411e-28 4.565747056819827284e-29 7.703365032398996615e-01 5.950187069606324957e-29 1.000000000000000000e+00 0.000000000000000000e+00 0.000000000000000000e+00 0.000000000000000000e+00 1.000000000000000000e+00 1.000000000000000000e+10 0.000000000000000000e+00 0.000000000000000000e+00 0.000000000000000000e+00 1.000000000000000000e+10
7.508972281844089602e-01 5.909433865959925924e+01 5.354012075381671565e+01 1.538579285703024269e+01 3.006350705989728755e-01 3.890268911256551831e+01 4.145033241895250026e-28 5.124058570583866098e-28 4.928546722426078614e-29 8.107499602484631307e-01 6.077049777079083945e-29 1.000000000000000000e+00 0.000000000000000000e+00 0.000000000000000000e+00 0.000000000000000000e+00 1.000000000000000000e+00 1.000000000000000000e+10 0.000000000000000000e+00 0.000000000000000000e+00 0.000000000000000000e+00 1.000000000000000000e+10
8.660016140678794550e-01 5.532762266770666315e+01 6.128042766254958451e+01 1.526316931264748433e+01 3.203694386618228251e-01 3.566701355934006301e+01 4.166572905918546875e-28 5.958629238776785446e-28 4.650314410414681541e-29 8.600478316162988301e-01 5.610590095981000951e-29 1.000000000000000000e+00 0.000000000000000000e+00 0.000000000000000000e+00 0.000000000000000000e+00 1.000000000000000000e+00 1.000000000000000000e+10 0.000000000000000000e+00 0.000000000000000000e+00 0.000000000000000000e+00 1.000000000000000000e+10
9.987502515910116063e-01 4.997529377568639575e+01 4.867891218793087660e+01 1.779144392364007388e+01 3.199090990384300670e-01 3.564358389986311693e+01 4.311771686572910466e-28 4.804014478468355744e-28 4.731401435977731331e-29 8.768657887928809069e-01 5.554586718299384730e-29 1.000000000000000000e+00 0.000000000000000000e+00 0.000000000000000000e+00 0.000000000000000000e+00 1.000000000000000000e+00 1.000000000000000000e+10 0.000000000000000000e+00 0.000000000000000000e+00 0.000000000000000000e+00 1.000000000000000000e+10
1.151847812808953542e+00 4.393855925087143532e+01 4.543350701504363087e+01 1.524038370567285838e+01 3.070024401689384064e-01 3.192108877606382222e+01 4.236377246087250694e-28 4.715561595247322815e-28 4.691674592162015535e-29 8.656525539899778687e-01 5.442214918216118162e-29 1.000000000000000000e+00 0.000000000000000000e+00 0.000000000000000000e+00 0.000000000000000000e+00 1.000000000000000000e+00 1.000000000000000000e+10 0.000000000000000000e+00 0.000000000000000000e+00 0.000000000000000000e+00 1.000000000000000000e+10
1.328413566614123908e+00 4.031965527604214827e+01 3.422280593273757177e+01 1.536870293098486151e+01 2.964051620581262259e-01 3.136217282965405317e+01 4.565445960823661652e-28 4.573725258621224283e-28 4.764954142948225374e-29 8.451479986506242881e-01 5.563933620534016518e-29 1.000000000000000000e+00 0.000000000000000000e+00 0.000000000000000000e+00 0.000000000000000000e+00 1.000000000000000000e+00 1.000000000000000000e+10 0.000000000000000000e+00 0.000000000000000000e+00 0.000000000000000000e+00 1.000000000000000000e+10
1.532044931926391351e+00 3.824279959923255490e+01 2.947132987204339116e+01 1.484629763567646243e+01 2.922704206718660935e-01 2.968512634393065497e+01 6.286776099906773668e-28 4.323360408503108934e-28 4.662248005890379364e-29 8.367332220285552680e-01 5.435085674347611671e-29 1.000000000000000000e+00 0.000000000000000000e+00 0.000000000000000000e+00 0.000000000000000000e+00 1.000000000000000000e+00 1.000000000000000000e+10 0.000000000000000000e+00 0.000000000000000000e+00 0.000000000000000000e+00 1.000000000000000000e+10
1.766890772896739126e+00 3.682514920948840143e+01 2.520675195557107884e+01 1.130806597192534113e+01 2.870328473182098272e-01 2.643706552852157898e+01 1.015697466706206318e-27 3.938652084814240388e-28 5.235831873838809440e-29 8.372546729181958858e-01 6.098992568606823665e-29 1.000000000000000000e+00 0.000000000000000000e+00 0.000000000000000000e+00 0.000000000000000000e+00 1.000000000000000000e+00 1.000000000000000000e+10 0.000000000000000000e+00 0.000000000000000000e+00 0.000000000000000000e+00 1.000000000000000000e+10
2.037735929469222107e+00 3.595785139174118683e+01 2.161652981194675860e+01 1.347682322658945253e+01 2.903332611663128615e-01 2.701428868318791032e+01 1.336522895600305223e-27 2.746524197492785089e-28 6.415559750627504817e-29 8.250148708447655466e-01 7.393274740581994400e-29 1.000000000000000000e+00 0.000000000000000000e+00 0.000000000000000000e+00 0.000000000000000000e+00 1.000000000000000000e+00 1.000000000000000000e+10 0.000000000000000000e+00 0.000000000000000000e+00 0.000000000000000000e+00 1.000000000000000000e+10
2.350098705559579226e+00 3.157225913195996014e+01 1.743782076744944121e+01 1.166221760941349217e+01 2.696565191579263221e-01 2.503450328634847821e+01 8.520892126398981578e-28 2.436643839642934805e-28 6.442760918130699677e-29 8.070681362076767007e-01 7.476276184791353619e-29 1.000000000000000000e+00 0.000000000000000000e+00 0.000000000000000000e+00 0.000000000000000000e+00 1.000000000000000000e+00 1.000000000000000000e+10 0.000000000000000000e+00 0.000000000000000000e+00 0.000000000000000000e+00 1.000000000000000000e+10
