# R (Mpc), mean rho (Msol/kpc^3), errup (Msol/kpc^3), errlow, std, median rho (Msol/kpc^3), mean pth (Msol/kpc/s^2), errup(Msol/kpc/s^2), errlow, std, median pth (Msol/kpc/s^2), mean gas-mass-weighted metal (fraction), errup, errlow, std, median metal, mean gas-mass-weighted temp (K), errup, errlow, std, median temp  
#  nprofs 53, mean mh 553693300615.601196, median mh 516454929425.133362 
#  Mass range 11.50 - 12.0
1.040961082911032697e-02 6.148965005595962284e+05 4.052131753489191178e+05 2.168449742564788903e+05 3.468997921305167487e-01 5.599220903457076056e+05 5.170768447972765214e-25 5.927510000347515394e-25 2.794341158184741374e-25 4.113626894432060310e-01 3.919357772337109919e-25 1.000000000000000000e+00 0.000000000000000000e+00 0.000000000000000000e+00 0.000000000000000000e+00 1.000000000000000000e+00 1.000000000000000000e+10 0.000000000000000000e+00 0.000000000000000000e+00 0.000000000000000000e+00 1.000000000000000000e+10
1.200529105910367808e-02 4.575937544737031567e+05 1.991232810506361420e+05 2.350063749452393677e+05 3.326166453744124341e-01 4.660362626040572650e+05 3.909063691616314858e-25 3.130482832420274866e-25 2.013263651254016397e-25 3.675727400601798700e-01 3.415557507626685883e-25 1.000000000000000000e+00 0.000000000000000000e+00 0.000000000000000000e+00 0.000000000000000000e+00 1.000000000000000000e+00 1.000000000000000000e+10 0.000000000000000000e+00 0.000000000000000000e+00 0.000000000000000000e+00 1.000000000000000000e+10
1.384557172980430476e-02 3.430659386828229181e+05 1.743985709438745980e+05 1.729161388882383762e+05 3.342790110112326407e-01 3.387547083964949124e+05 4.161338882475881519e-25 3.948435947416348311e-25 2.157471259363453125e-25 4.454926041945694859e-01 2.965385271140068113e-25 1.000000000000000000e+00 0.000000000000000000e+00 0.000000000000000000e+00 0.000000000000000000e+00 1.000000000000000000e+00 1.000000000000000000e+10 0.000000000000000000e+00 0.000000000000000000e+00 0.000000000000000000e+00 1.000000000000000000e+10
1.596794743096121086e-02 2.648954381658140337e+05 1.856555072624646418e+05 1.210379183950899896e+05 3.300788329286867273e-01 2.416463355931163242e+05 4.133294970206450435e-25 2.558579978069788074e-25 2.579650667656123791e-25 3.550753733320190508e-01 3.737493325065621429e-25 1.000000000000000000e+00 0.000000000000000000e+00 0.000000000000000000e+00 0.000000000000000000e+00 1.000000000000000000e+00 1.000000000000000000e+10 0.000000000000000000e+00 0.000000000000000000e+00 0.000000000000000000e+00 1.000000000000000000e+10
1.841566026551830909e-02 1.979645789403240778e+05 1.147874708268746908e+05 8.483730568020316423e+04 3.462085044438397152e-01 1.868972631421722181e+05 3.946763990775553764e-25 3.543476570797002471e-25 1.744282569100018938e-25 3.714363867723581847e-01 2.971809868453690820e-25 1.000000000000000000e+00 0.000000000000000000e+00 0.000000000000000000e+00 0.000000000000000000e+00 1.000000000000000000e+00 1.000000000000000000e+10 0.000000000000000000e+00 0.000000000000000000e+00 0.000000000000000000e+00 1.000000000000000000e+10
2.123858088093512342e-02 1.538782125615154218e+05 1.211353357720606145e+05 6.794501619443458912e+04 3.454046592776638946e-01 1.407229627983595710e+05 3.579298898881185991e-25 2.916475252111546606e-25 1.715852268108438293e-25 4.379436804296315544e-01 2.826611164546246079e-25 1.000000000000000000e+00 0.000000000000000000e+00 0.000000000000000000e+00 0.000000000000000000e+00 1.000000000000000000e+00 1.000000000000000000e+10 0.000000000000000000e+00 0.000000000000000000e+00 0.000000000000000000e+00 1.000000000000000000e+10
2.449422455303571639e-02 1.154362516746963520e+05 9.354731452119871392e+04 4.286960284561672597e+04 3.401896746859530141e-01 9.831938384495640639e+04 2.842552019553928463e-25 2.513131635539669834e-25 1.524307342926711361e-25 3.556189048085618976e-01 2.335812652235142116e-25 1.000000000000000000e+00 0.000000000000000000e+00 0.000000000000000000e+00 0.000000000000000000e+00 1.000000000000000000e+00 1.000000000000000000e+10 0.000000000000000000e+00 0.000000000000000000e+00 0.000000000000000000e+00 1.000000000000000000e+10
2.824892302447100725e-02 8.632487446316261776e+04 5.915582538979387027e+04 3.096825931019538984e+04 3.163755110810420046e-01 7.368080446669604862e+04 2.395811625666398359e-25 2.421930737413854530e-25 1.317906571935927148e-25 3.632834099492393554e-01 1.967187950648447460e-25 1.000000000000000000e+00 0.000000000000000000e+00 0.000000000000000000e+00 0.000000000000000000e+00 1.000000000000000000e+00 1.000000000000000000e+10 0.000000000000000000e+00 0.000000000000000000e+00 0.000000000000000000e+00 1.000000000000000000e+10
3.257917597328415654e-02 6.350307003707117110e+04 4.352008526955079287e+04 2.555054474978095823e+04 3.030917037881616372e-01 5.639179213535525196e+04 1.928057047238300661e-25 1.729354489917730593e-25 8.142619947202192316e-26 3.396534321789332345e-01 1.516065523695899306e-25 1.000000000000000000e+00 0.000000000000000000e+00 0.000000000000000000e+00 0.000000000000000000e+00 1.000000000000000000e+00 1.000000000000000000e+10 0.000000000000000000e+00 0.000000000000000000e+00 0.000000000000000000e+00 1.000000000000000000e+10
3.757320964692217186e-02 4.604636790360261512e+04 3.283168766497180331e+04 1.602632606622317689e+04 2.876918802840469636e-01 3.909804930569211137e+04 1.566405955986313527e-25 1.387833012364490153e-25 7.517076766488986002e-26 3.151432255892789303e-01 1.270189564019885353e-25 1.000000000000000000e+00 0.000000000000000000e+00 0.000000000000000000e+00 0.000000000000000000e+00 1.000000000000000000e+00 1.000000000000000000e+10 0.000000000000000000e+00 0.000000000000000000e+00 0.000000000000000000e+00 1.000000000000000000e+10
4.333277441790538143e-02 3.546243177153860597e+04 1.708798576659484388e+04 1.559326972824733821e+04 2.613678202092686309e-01 3.532277309190678352e+04 1.235106488546827736e-25 1.134020517713925685e-25 4.740531261397555725e-26 3.316031316714182497e-01 9.178407930003123708e-26 1.000000000000000000e+00 0.000000000000000000e+00 0.000000000000000000e+00 0.000000000000000000e+00 1.000000000000000000e+00 1.000000000000000000e+10 0.000000000000000000e+00 0.000000000000000000e+00 0.000000000000000000e+00 1.000000000000000000e+10
4.997521788524898756e-02 2.556997924926046835e+04 1.122995846035546492e+04 8.516105773488747218e+03 2.243962947724510992e-01 2.393004665637999642e+04 9.885678249716110601e-26 1.158456629919611967e-25 3.689308245367320342e-26 3.071928888539283697e-01 7.225695211061137335e-26 1.000000000000000000e+00 0.000000000000000000e+00 0.000000000000000000e+00 0.000000000000000000e+00 1.000000000000000000e+00 1.000000000000000000e+10 0.000000000000000000e+00 0.000000000000000000e+00 0.000000000000000000e+00 1.000000000000000000e+10
5.763587575980636674e-02 1.799041922477585831e+04 8.613519637110126496e+03 5.520400324400598038e+03 2.090437225701884394e-01 1.697042198177753016e+04 7.785883414189712159e-26 7.951370211979248738e-26 2.594084327747826807e-26 3.042852628605005605e-01 5.455947739537668981e-26 1.000000000000000000e+00 0.000000000000000000e+00 0.000000000000000000e+00 0.000000000000000000e+00 1.000000000000000000e+00 1.000000000000000000e+10 0.000000000000000000e+00 0.000000000000000000e+00 0.000000000000000000e+00 1.000000000000000000e+10
6.647082924635627776e-02 1.318705257846869063e+04 6.606547514881705865e+03 3.591541717768621311e+03 2.008568629230664537e-01 1.170465851503110753e+04 6.096600265281377169e-26 5.251027478127987824e-26 2.021586440914716210e-26 3.030822575046276390e-01 4.426854890859312725e-26 1.000000000000000000e+00 0.000000000000000000e+00 0.000000000000000000e+00 0.000000000000000000e+00 1.000000000000000000e+00 1.000000000000000000e+10 0.000000000000000000e+00 0.000000000000000000e+00 0.000000000000000000e+00 1.000000000000000000e+10
7.666008510240249207e-02 1.042225062557996353e+04 5.944704706082899065e+03 2.554139306226828012e+03 1.928581866139030820e-01 9.187103450444645205e+03 4.839722408500354513e-26 3.753693523046676449e-26 1.940081429202842332e-26 3.004733396491570119e-01 3.773958347963093711e-26 1.000000000000000000e+00 0.000000000000000000e+00 0.000000000000000000e+00 0.000000000000000000e+00 1.000000000000000000e+00 1.000000000000000000e+10 0.000000000000000000e+00 0.000000000000000000e+00 0.000000000000000000e+00 1.000000000000000000e+10
8.841124316543315376e-02 7.890423561719766440e+03 3.891689098725391887e+03 2.015201012856869056e+03 1.879604913166771363e-01 7.160286437108998143e+03 3.816376642614748404e-26 3.481570597614035394e-26 1.558721246757980309e-26 3.064037451435447368e-01 2.915136597620431548e-26 1.000000000000000000e+00 0.000000000000000000e+00 0.000000000000000000e+00 0.000000000000000000e+00 1.000000000000000000e+00 1.000000000000000000e+10 0.000000000000000000e+00 0.000000000000000000e+00 0.000000000000000000e+00 1.000000000000000000e+10
1.019637260722580097e-01 6.016204274848034402e+03 3.240868516322210780e+03 1.456364350270798695e+03 1.979335950963263258e-01 5.148326711097208317e+03 2.941354753750793808e-26 2.874981119628361061e-26 1.027556412810331038e-26 3.049498960901719236e-01 2.110670828189395773e-26 1.000000000000000000e+00 0.000000000000000000e+00 0.000000000000000000e+00 0.000000000000000000e+00 1.000000000000000000e+00 1.000000000000000000e+10 0.000000000000000000e+00 0.000000000000000000e+00 0.000000000000000000e+00 1.000000000000000000e+10
1.175936573483598035e-01 4.530919155104376841e+03 2.559728403496880219e+03 1.136082321289570700e+03 1.993181088087910280e-01 3.961600516084314677e+03 2.256211451016787838e-26 2.111077804915750388e-26 6.950823375429410987e-27 2.983226462354694464e-01 1.596495819193013210e-26 1.000000000000000000e+00 0.000000000000000000e+00 0.000000000000000000e+00 0.000000000000000000e+00 1.000000000000000000e+00 1.000000000000000000e+10 0.000000000000000000e+00 0.000000000000000000e+00 0.000000000000000000e+00 1.000000000000000000e+10
1.356194872553388164e-01 3.468290855555234430e+03 2.075173386638335160e+03 8.652544511257692648e+02 1.968908823710924794e-01 3.061891607896061487e+03 1.691028066028466560e-26 1.345240520129698827e-26 5.402830773824659927e-27 2.873937833042855550e-01 1.230467620288495465e-26 1.000000000000000000e+00 0.000000000000000000e+00 0.000000000000000000e+00 0.000000000000000000e+00 1.000000000000000000e+00 1.000000000000000000e+10 0.000000000000000000e+00 0.000000000000000000e+00 0.000000000000000000e+00 1.000000000000000000e+10
1.564084810196403053e-01 2.626078070848616335e+03 1.230202270231532111e+03 6.745668500865872375e+02 1.945190605458492206e-01 2.380319292563855925e+03 1.258865605493703448e-26 1.023100609422415981e-26 3.813173998480134629e-27 2.886879507517570720e-01 9.147699342967501988e-27 1.000000000000000000e+00 0.000000000000000000e+00 0.000000000000000000e+00 0.000000000000000000e+00 1.000000000000000000e+00 1.000000000000000000e+10 0.000000000000000000e+00 0.000000000000000000e+00 0.000000000000000000e+00 1.000000000000000000e+10
1.803842016362447453e-01 1.957222109593645428e+03 9.763036393323509401e+02 5.493886646100936559e+02 1.706576541403704572e-01 1.784594866730561080e+03 9.491078166284560689e-27 7.835592517407209079e-27 3.106925442915525726e-27 2.950743942284057564e-01 6.984061362464038652e-27 1.000000000000000000e+00 0.000000000000000000e+00 0.000000000000000000e+00 0.000000000000000000e+00 1.000000000000000000e+00 1.000000000000000000e+10 0.000000000000000000e+00 0.000000000000000000e+00 0.000000000000000000e+00 1.000000000000000000e+10
2.080351397048574025e-01 1.481101374665579442e+03 7.338906178769163944e+02 4.855756308033624009e+02 1.628566519232787779e-01 1.414581876292318384e+03 6.931772980171332876e-27 6.002872599042382587e-27 2.688002386987515758e-27 3.076341128284181270e-01 5.134984255448126417e-27 1.000000000000000000e+00 0.000000000000000000e+00 0.000000000000000000e+00 0.000000000000000000e+00 1.000000000000000000e+00 1.000000000000000000e+10 0.000000000000000000e+00 0.000000000000000000e+00 0.000000000000000000e+00 1.000000000000000000e+10
2.399246661262133540e-01 1.125392085952494199e+03 4.025662404726933801e+02 3.991319192314223301e+02 1.698770469795335969e-01 1.082901153262914931e+03 4.903760908409561883e-27 3.327548851244254891e-27 2.244637116975089507e-27 3.197483153589658622e-01 3.941596479151899671e-27 1.000000000000000000e+00 0.000000000000000000e+00 0.000000000000000000e+00 0.000000000000000000e+00 1.000000000000000000e+00 1.000000000000000000e+10 0.000000000000000000e+00 0.000000000000000000e+00 0.000000000000000000e+00 1.000000000000000000e+10
2.767025104385807399e-01 8.398342799787300237e+02 2.467279318742246232e+02 3.534418397173443509e+02 1.613674325226708561e-01 8.531175028876702982e+02 3.269980496229801759e-27 1.866722460261602683e-27 1.997635800072727965e-27 3.206162624265262440e-01 3.014277478103022565e-27 1.000000000000000000e+00 0.000000000000000000e+00 0.000000000000000000e+00 0.000000000000000000e+00 1.000000000000000000e+00 1.000000000000000000e+10 0.000000000000000000e+00 0.000000000000000000e+00 0.000000000000000000e+00 1.000000000000000000e+10
3.191179986585286343e-01 6.253798393666450011e+02 2.206875336762111601e+02 2.508104992081018167e+02 1.624331912406674627e-01 6.246297842899203943e+02 2.136789976109144449e-27 1.930990255596152921e-27 9.229285513234096704e-28 3.296461426563448982e-01 1.596159917692307271e-27 1.000000000000000000e+00 0.000000000000000000e+00 0.000000000000000000e+00 0.000000000000000000e+00 1.000000000000000000e+00 1.000000000000000000e+10 0.000000000000000000e+00 0.000000000000000000e+00 0.000000000000000000e+00 1.000000000000000000e+10
3.680353203388414540e-01 4.645442754632286437e+02 2.245144081859287439e+02 1.131952894188945606e+02 1.636752196869012410e-01 4.159826053629276998e+02 1.494306841297843082e-27 1.496870286550737800e-27 5.015662088966267271e-28 3.495176855280960337e-01 9.378604073363461585e-28 1.000000000000000000e+00 0.000000000000000000e+00 0.000000000000000000e+00 0.000000000000000000e+00 1.000000000000000000e+00 1.000000000000000000e+10 0.000000000000000000e+00 0.000000000000000000e+00 0.000000000000000000e+00 1.000000000000000000e+10
4.244511359005219142e-01 3.456787666446797402e+02 1.887792562301252701e+02 5.976804676274528560e+01 1.653633379303176554e-01 2.888315328857179338e+02 1.107305906445952204e-27 1.359068662024963365e-27 3.554877303412465985e-28 3.777854510676529332e-01 6.645992920742602279e-28 1.000000000000000000e+00 0.000000000000000000e+00 0.000000000000000000e+00 0.000000000000000000e+00 1.000000000000000000e+00 1.000000000000000000e+10 0.000000000000000000e+00 0.000000000000000000e+00 0.000000000000000000e+00 1.000000000000000000e+10
4.895148829774688681e-01 2.694192951550280668e+02 1.876934510233316473e+02 6.212940092713569129e+01 1.783470474196677258e-01 2.269043406371994251e+02 8.198858644772690966e-28 1.059488811697416118e-27 2.589929861141090613e-28 4.037947253734238684e-01 4.570650613868588043e-28 1.000000000000000000e+00 0.000000000000000000e+00 0.000000000000000000e+00 0.000000000000000000e+00 1.000000000000000000e+00 1.000000000000000000e+10 0.000000000000000000e+00 0.000000000000000000e+00 0.000000000000000000e+00 1.000000000000000000e+10
5.645521955031491679e-01 2.049898022035969234e+02 1.350138049718736397e+02 4.865307702706337523e+01 1.946977682159766188e-01 1.684660148299352045e+02 5.945504894305523355e-28 9.738116234396725121e-28 1.606489393043621176e-28 4.311014789108534861e-01 2.947288888807846569e-28 1.000000000000000000e+00 0.000000000000000000e+00 0.000000000000000000e+00 0.000000000000000000e+00 1.000000000000000000e+00 1.000000000000000000e+10 0.000000000000000000e+00 0.000000000000000000e+00 0.000000000000000000e+00 1.000000000000000000e+10
6.510919126887823039e-01 1.515760692807299961e+02 1.100952018251745983e+02 3.686509023088703429e+01 1.915539192062185037e-01 1.258068245026445595e+02 4.307364509927566086e-28 6.555711295692565936e-28 1.015684681787161245e-28 4.611894414840717604e-01 1.885268791066449669e-28 1.000000000000000000e+00 0.000000000000000000e+00 0.000000000000000000e+00 0.000000000000000000e+00 1.000000000000000000e+00 1.000000000000000000e+10 0.000000000000000000e+00 0.000000000000000000e+00 0.000000000000000000e+00 1.000000000000000000e+10
7.508972281844089602e-01 1.298070020483794167e+02 1.011511340807620911e+02 3.490353754518667984e+01 2.305334302665679458e-01 1.031462069131464716e+02 3.372612495562539262e-28 4.906944238542883774e-28 6.023022284147562457e-29 5.041500176580928638e-01 1.155365285512590719e-28 1.000000000000000000e+00 0.000000000000000000e+00 0.000000000000000000e+00 0.000000000000000000e+00 1.000000000000000000e+00 1.000000000000000000e+10 0.000000000000000000e+00 0.000000000000000000e+00 0.000000000000000000e+00 1.000000000000000000e+10
8.660016140678794550e-01 1.021034059755832146e+02 8.135605815607728175e+01 2.771810588355990035e+01 2.198806013955457994e-01 8.277708820496771125e+01 2.581208850082875192e-28 3.951944179706534440e-28 5.496613800235614867e-29 5.154733319063834474e-01 9.257172454165670660e-29 1.000000000000000000e+00 0.000000000000000000e+00 0.000000000000000000e+00 0.000000000000000000e+00 1.000000000000000000e+00 1.000000000000000000e+10 0.000000000000000000e+00 0.000000000000000000e+00 0.000000000000000000e+00 1.000000000000000000e+10
9.987502515910116063e-01 8.628170373919562053e+01 4.693757968915424783e+01 2.840995593131890473e+01 2.154305239899474422e-01 7.334418612022973605e+01 2.322326656578921993e-28 2.553105336660390788e-28 5.016854668815291995e-29 5.350948393943041337e-01 8.457973216177560744e-29 1.000000000000000000e+00 0.000000000000000000e+00 0.000000000000000000e+00 0.000000000000000000e+00 1.000000000000000000e+00 1.000000000000000000e+10 0.000000000000000000e+00 0.000000000000000000e+00 0.000000000000000000e+00 1.000000000000000000e+10
1.151847812808953542e+00 7.432932199114750915e+01 5.093769397749999683e+01 2.336270540589367073e+01 2.104274642792512973e-01 6.275298729888836391e+01 2.258218648468631184e-28 2.365954812857443851e-28 5.743852442799358062e-29 5.602379990935475451e-01 8.151662828618198585e-29 1.000000000000000000e+00 0.000000000000000000e+00 0.000000000000000000e+00 0.000000000000000000e+00 1.000000000000000000e+00 1.000000000000000000e+10 0.000000000000000000e+00 0.000000000000000000e+00 0.000000000000000000e+00 1.000000000000000000e+10
1.328413566614123908e+00 6.151497295358144157e+01 3.513810892908511363e+01 1.551008085441078777e+01 2.173252157185018574e-01 5.068880291260062876e+01 2.427349106457232228e-28 1.728299295174805548e-28 2.407631423456012712e-29 6.111508459669341420e-01 4.239251870020097292e-29 1.000000000000000000e+00 0.000000000000000000e+00 0.000000000000000000e+00 0.000000000000000000e+00 1.000000000000000000e+00 1.000000000000000000e+10 0.000000000000000000e+00 0.000000000000000000e+00 0.000000000000000000e+00 1.000000000000000000e+10
1.532044931926391351e+00 5.182471398762046988e+01 2.571614244324257470e+01 1.083437317941991296e+01 2.087395838490314348e-01 4.301010846703374568e+01 2.699325542637324805e-28 1.380012619120908731e-28 2.503116885148808145e-29 6.349406038477288794e-01 4.004051283036046719e-29 1.000000000000000000e+00 0.000000000000000000e+00 0.000000000000000000e+00 0.000000000000000000e+00 1.000000000000000000e+00 1.000000000000000000e+10 0.000000000000000000e+00 0.000000000000000000e+00 0.000000000000000000e+00 1.000000000000000000e+10
1.766890772896739126e+00 4.618128218604752533e+01 1.793808832885071780e+01 1.035649850978941799e+01 2.233957299721148759e-01 3.638985616297388503e+01 5.017677502048980821e-28 6.417164854432312133e-29 1.852962269116911612e-29 7.044913784191193518e-01 2.853095532449547249e-29 1.000000000000000000e+00 0.000000000000000000e+00 0.000000000000000000e+00 0.000000000000000000e+00 1.000000000000000000e+00 1.000000000000000000e+10 0.000000000000000000e+00 0.000000000000000000e+00 0.000000000000000000e+00 1.000000000000000000e+10
2.037735929469222107e+00 5.022083261060869575e+01 2.373210124842812263e+01 9.148424261449846995e+00 2.793443602767965439e-01 3.186873455728330384e+01 8.842253529003986948e-28 8.670291577702588423e-29 1.254596524876631986e-29 8.284874056992580504e-01 2.157474029438457618e-29 1.000000000000000000e+00 0.000000000000000000e+00 0.000000000000000000e+00 0.000000000000000000e+00 1.000000000000000000e+00 1.000000000000000000e+10 0.000000000000000000e+00 0.000000000000000000e+00 0.000000000000000000e+00 1.000000000000000000e+10
2.350098705559579226e+00 4.972584243577421859e+01 2.102569612232217722e+01 1.061139754220496556e+01 3.001235870121943816e-01 3.059640754397152662e+01 1.033899110771118062e-27 5.973211052547062333e-29 1.475809955702924885e-29 8.723692803705849208e-01 2.161523434527289026e-29 1.000000000000000000e+00 0.000000000000000000e+00 0.000000000000000000e+00 0.000000000000000000e+00 1.000000000000000000e+00 1.000000000000000000e+10 0.000000000000000000e+00 0.000000000000000000e+00 0.000000000000000000e+00 1.000000000000000000e+10
