# R (Mpc), mean rho (Msol/kpc^3), errup (Msol/kpc^3), errlow, std, median rho (Msol/kpc^3), mean pth (Msol/kpc/s^2), errup(Msol/kpc/s^2), errlow, std, median pth (Msol/kpc/s^2), mean gas-mass-weighted metal (fraction), errup, errlow, std, median metal, mean gas-mass-weighted temp (K), errup, errlow, std, median temp  
#  nprofs 195, mean mh 212056853913.871521, median mh 200444052248.167358 
#  Mass range 11.00 - 11.5
1.040961082911032697e-02 2.095708047372422880e+05 1.174113545649359876e+05 8.907330275015415100e+04 2.400725754442503967e-01 1.919812172951153188e+05 8.206807934104945303e-26 7.950358565179012838e-26 1.546425584809262731e-26 4.380840166146350856e-01 3.352094449877217072e-26 1.000000000000000000e+00 0.000000000000000000e+00 0.000000000000000000e+00 0.000000000000000000e+00 1.000000000000000000e+00 1.000000000000000000e+10 0.000000000000000000e+00 0.000000000000000000e+00 0.000000000000000000e+00 1.000000000000000000e+10
1.200529105910367808e-02 1.680438181012831628e+05 1.215736937971346779e+05 5.855095109737102757e+04 2.578038198283118532e-01 1.432962485869214870e+05 1.005853882959382112e-25 2.089458802183828275e-25 1.671359573963913541e-26 5.066048663228873705e-01 3.317548289963523366e-26 1.000000000000000000e+00 0.000000000000000000e+00 0.000000000000000000e+00 0.000000000000000000e+00 1.000000000000000000e+00 1.000000000000000000e+10 0.000000000000000000e+00 0.000000000000000000e+00 0.000000000000000000e+00 1.000000000000000000e+10
1.384557172980430476e-02 1.305804867863446998e+05 8.345745597138615267e+04 5.099102658148606861e+04 2.467056189034193270e-01 1.158657873216221487e+05 9.118153422424096879e-26 1.402862966104565811e-25 2.042554655333862733e-26 4.684766359756639686e-01 3.760969711019925426e-26 1.000000000000000000e+00 0.000000000000000000e+00 0.000000000000000000e+00 0.000000000000000000e+00 1.000000000000000000e+00 1.000000000000000000e+10 0.000000000000000000e+00 0.000000000000000000e+00 0.000000000000000000e+00 1.000000000000000000e+10
1.596794743096121086e-02 9.743743088273561443e+04 6.540888609780371189e+04 4.224013535197501915e+04 2.820683173695965884e-01 8.759220412508695154e+04 7.466790341087832676e-26 9.978947022105474118e-26 2.423894573966951606e-26 4.068429191423859059e-01 4.135925737298746266e-26 1.000000000000000000e+00 0.000000000000000000e+00 0.000000000000000000e+00 0.000000000000000000e+00 1.000000000000000000e+00 1.000000000000000000e+10 0.000000000000000000e+00 0.000000000000000000e+00 0.000000000000000000e+00 1.000000000000000000e+10
1.841566026551830909e-02 7.318439211800885096e+04 5.010300733328931528e+04 3.147449023499180475e+04 2.853965638825208817e-01 6.547233527864632924e+04 6.816577577545311721e-26 7.497191878516773451e-26 2.505445701305993413e-26 3.799137090981692388e-01 4.396881084254647854e-26 1.000000000000000000e+00 0.000000000000000000e+00 0.000000000000000000e+00 0.000000000000000000e+00 1.000000000000000000e+00 1.000000000000000000e+10 0.000000000000000000e+00 0.000000000000000000e+00 0.000000000000000000e+00 1.000000000000000000e+10
2.123858088093512342e-02 5.278771113346904895e+04 4.381387649582688755e+04 2.021187666163271570e+04 2.867951244071866301e-01 4.436659205123801075e+04 5.705504816954739788e-26 5.563054342295198822e-26 2.012372442564020753e-26 3.584367978765481411e-01 3.744462330085872570e-26 1.000000000000000000e+00 0.000000000000000000e+00 0.000000000000000000e+00 0.000000000000000000e+00 1.000000000000000000e+00 1.000000000000000000e+10 0.000000000000000000e+00 0.000000000000000000e+00 0.000000000000000000e+00 1.000000000000000000e+10
2.449422455303571639e-02 3.615558674635487114e+04 2.867544848969919622e+04 1.561755029542763623e+04 3.172497470714260026e-01 3.056102664935085704e+04 4.359739870668197979e-26 3.577149092219577635e-26 1.554099438213541857e-26 3.001551356913994550e-01 3.232786176303901396e-26 1.000000000000000000e+00 0.000000000000000000e+00 0.000000000000000000e+00 0.000000000000000000e+00 1.000000000000000000e+00 1.000000000000000000e+10 0.000000000000000000e+00 0.000000000000000000e+00 0.000000000000000000e+00 1.000000000000000000e+10
2.824892302447100725e-02 2.444010539136236912e+04 1.764707950728313517e+04 1.059102221901912162e+04 2.911585041474190616e-01 2.089440442263803925e+04 3.568053436008551497e-26 2.957297927166981144e-26 1.154442135539089131e-26 2.980168390994930583e-01 2.623404504385459777e-26 1.000000000000000000e+00 0.000000000000000000e+00 0.000000000000000000e+00 0.000000000000000000e+00 1.000000000000000000e+00 1.000000000000000000e+10 0.000000000000000000e+00 0.000000000000000000e+00 0.000000000000000000e+00 1.000000000000000000e+10
3.257917597328415654e-02 1.512935316574910939e+04 9.236880046589079939e+03 6.248234604897850659e+03 3.032529344680817696e-01 1.308392549620435057e+04 2.819383600918704413e-26 2.191226827765610218e-26 9.956445565937458749e-27 2.797387096611412827e-01 2.181833946222399793e-26 1.000000000000000000e+00 0.000000000000000000e+00 0.000000000000000000e+00 0.000000000000000000e+00 1.000000000000000000e+00 1.000000000000000000e+10 0.000000000000000000e+00 0.000000000000000000e+00 0.000000000000000000e+00 1.000000000000000000e+10
3.757320964692217186e-02 9.587524362519696297e+03 5.917878108221132607e+03 3.106449339846652947e+03 2.691743479188257737e-01 7.854127098140405906e+03 2.473757756927271650e-26 1.385537856414971266e-26 9.828584350779959694e-27 2.767036597387589891e-01 2.025507237288584808e-26 1.000000000000000000e+00 0.000000000000000000e+00 0.000000000000000000e+00 0.000000000000000000e+00 1.000000000000000000e+00 1.000000000000000000e+10 0.000000000000000000e+00 0.000000000000000000e+00 0.000000000000000000e+00 1.000000000000000000e+10
4.333277441790538143e-02 5.986140075218233505e+03 3.677386176667446307e+03 1.689437897459858959e+03 2.546697668885459787e-01 4.937895326429442321e+03 1.970758051533464159e-26 1.034559802985322653e-26 7.341774731292001932e-27 2.693807145896028876e-01 1.580762465649291602e-26 1.000000000000000000e+00 0.000000000000000000e+00 0.000000000000000000e+00 0.000000000000000000e+00 1.000000000000000000e+00 1.000000000000000000e+10 0.000000000000000000e+00 0.000000000000000000e+00 0.000000000000000000e+00 1.000000000000000000e+10
4.997521788524898756e-02 4.110597259826939990e+03 2.362024207662165281e+03 1.038848087810769357e+03 2.130852925855624969e-01 3.515630558118051340e+03 1.580558223306582189e-26 9.135422908510887386e-27 5.971236882609074305e-27 2.684369209897537467e-01 1.273299184915507467e-26 1.000000000000000000e+00 0.000000000000000000e+00 0.000000000000000000e+00 0.000000000000000000e+00 1.000000000000000000e+00 1.000000000000000000e+10 0.000000000000000000e+00 0.000000000000000000e+00 0.000000000000000000e+00 1.000000000000000000e+10
5.763587575980636674e-02 3.062702597944179161e+03 1.412409149767373492e+03 9.416733669498839845e+02 1.869906967150093968e-01 2.835326455682374217e+03 1.272818718626975854e-26 8.745319032680948859e-27 3.668410269802042900e-27 2.614519130957710380e-01 9.499984867028806639e-27 1.000000000000000000e+00 0.000000000000000000e+00 0.000000000000000000e+00 0.000000000000000000e+00 1.000000000000000000e+00 1.000000000000000000e+10 0.000000000000000000e+00 0.000000000000000000e+00 0.000000000000000000e+00 1.000000000000000000e+10
6.647082924635627776e-02 2.311290372280067459e+03 1.203327828013029830e+03 7.422601600390507883e+02 1.906774979771940215e-01 2.127346070454068467e+03 9.869699825783089102e-27 6.341838907973199359e-27 2.548007806187917330e-27 2.705352244747470936e-01 6.929665314831548582e-27 1.000000000000000000e+00 0.000000000000000000e+00 0.000000000000000000e+00 0.000000000000000000e+00 1.000000000000000000e+00 1.000000000000000000e+10 0.000000000000000000e+00 0.000000000000000000e+00 0.000000000000000000e+00 1.000000000000000000e+10
7.666008510240249207e-02 1.817105440108533230e+03 7.215097588322689717e+02 5.850255528525060527e+02 1.609157707939687376e-01 1.736605825330033213e+03 8.121661905763046791e-27 5.151433528093232921e-27 2.107164431720232679e-27 2.773902936478082060e-01 5.544563619025063139e-27 1.000000000000000000e+00 0.000000000000000000e+00 0.000000000000000000e+00 0.000000000000000000e+00 1.000000000000000000e+00 1.000000000000000000e+10 0.000000000000000000e+00 0.000000000000000000e+00 0.000000000000000000e+00 1.000000000000000000e+10
8.841124316543315376e-02 1.411282143858948530e+03 5.781297534399022879e+02 3.530764700932587630e+02 1.558616191385779337e-01 1.309850153330167359e+03 6.392030481492017481e-27 3.851418477008207653e-27 1.424800621257352829e-27 2.944145494601815294e-01 3.891517154514342653e-27 1.000000000000000000e+00 0.000000000000000000e+00 0.000000000000000000e+00 0.000000000000000000e+00 1.000000000000000000e+00 1.000000000000000000e+10 0.000000000000000000e+00 0.000000000000000000e+00 0.000000000000000000e+00 1.000000000000000000e+10
1.019637260722580097e-01 1.122653497760138180e+03 3.402708160055551616e+02 3.687140514130576321e+02 1.608644666154490366e-01 1.081641464676401483e+03 5.104682072493782571e-27 2.501579934849333181e-27 1.321019950846238634e-27 3.195081261746181012e-01 3.113676207040433598e-27 1.000000000000000000e+00 0.000000000000000000e+00 0.000000000000000000e+00 0.000000000000000000e+00 1.000000000000000000e+00 1.000000000000000000e+10 0.000000000000000000e+00 0.000000000000000000e+00 0.000000000000000000e+00 1.000000000000000000e+10
1.175936573483598035e-01 8.759574558288747994e+02 3.460946905825160229e+02 2.638605897353693308e+02 1.643786768923243269e-01 8.183312849826124875e+02 4.194903436665551698e-27 2.106936926697936370e-27 9.800717325500523060e-28 3.502246297768565886e-01 2.225754562607084549e-27 1.000000000000000000e+00 0.000000000000000000e+00 0.000000000000000000e+00 0.000000000000000000e+00 1.000000000000000000e+00 1.000000000000000000e+10 0.000000000000000000e+00 0.000000000000000000e+00 0.000000000000000000e+00 1.000000000000000000e+10
1.356194872553388164e-01 6.857023959137637803e+02 2.668738729032229458e+02 1.967071061518831243e+02 1.577752686898773460e-01 6.313541767363293502e+02 3.580559313253324960e-27 1.686542738915250548e-27 6.649041434621794953e-28 3.805655268800129387e-01 1.567915961481678892e-27 1.000000000000000000e+00 0.000000000000000000e+00 0.000000000000000000e+00 0.000000000000000000e+00 1.000000000000000000e+00 1.000000000000000000e+10 0.000000000000000000e+00 0.000000000000000000e+00 0.000000000000000000e+00 1.000000000000000000e+10
1.564084810196403053e-01 5.535607543770321399e+02 2.337111383934462197e+02 1.577519770280426314e+02 1.750023949006574986e-01 4.950471964133229790e+02 2.996823020563630959e-27 1.350564649078070828e-27 5.866845315481714339e-28 4.125988500404723647e-01 1.190182014788103938e-27 1.000000000000000000e+00 0.000000000000000000e+00 0.000000000000000000e+00 0.000000000000000000e+00 1.000000000000000000e+00 1.000000000000000000e+10 0.000000000000000000e+00 0.000000000000000000e+00 0.000000000000000000e+00 1.000000000000000000e+10
1.803842016362447453e-01 4.197931060946894490e+02 1.761602644182293034e+02 1.130736004410833857e+02 1.718612672879607506e-01 3.747130041131584903e+02 2.622410294489444640e-27 1.150822044076301059e-27 3.910745513492309618e-28 4.535193527939360147e-01 7.783297376130165240e-28 1.000000000000000000e+00 0.000000000000000000e+00 0.000000000000000000e+00 0.000000000000000000e+00 1.000000000000000000e+00 1.000000000000000000e+10 0.000000000000000000e+00 0.000000000000000000e+00 0.000000000000000000e+00 1.000000000000000000e+10
2.080351397048574025e-01 3.302771135040412105e+02 1.780200261989843398e+02 8.265727915408726290e+01 1.852869941508298868e-01 2.814911445745100309e+02 2.351933548309167208e-27 1.116311465173311349e-27 2.552444518669521990e-28 4.973058474016384678e-01 5.220440834020930159e-28 1.000000000000000000e+00 0.000000000000000000e+00 0.000000000000000000e+00 0.000000000000000000e+00 1.000000000000000000e+00 1.000000000000000000e+10 0.000000000000000000e+00 0.000000000000000000e+00 0.000000000000000000e+00 1.000000000000000000e+10
2.399246661262133540e-01 2.663911415531013063e+02 1.663772012735892076e+02 5.943236887874340368e+01 2.066948671704655904e-01 2.126444868868615572e+02 2.132326304391202090e-27 8.698976368169929791e-28 1.883984911010856661e-28 5.389612523261056998e-01 3.740657029806717171e-28 1.000000000000000000e+00 0.000000000000000000e+00 0.000000000000000000e+00 0.000000000000000000e+00 1.000000000000000000e+00 1.000000000000000000e+10 0.000000000000000000e+00 0.000000000000000000e+00 0.000000000000000000e+00 1.000000000000000000e+10
2.767025104385807399e-01 2.143285818637614284e+02 1.638694822008837093e+02 5.611325570127206674e+01 2.258772463404988273e-01 1.653738352894127104e+02 2.039526034904219450e-27 7.994114742212342178e-28 1.509962459529233305e-28 5.897071967295495210e-01 2.709057505082674386e-28 1.000000000000000000e+00 0.000000000000000000e+00 0.000000000000000000e+00 0.000000000000000000e+00 1.000000000000000000e+00 1.000000000000000000e+10 0.000000000000000000e+00 0.000000000000000000e+00 0.000000000000000000e+00 1.000000000000000000e+10
3.191179986585286343e-01 1.798748373636403528e+02 1.137965947833124005e+02 4.259674448570123673e+01 2.590241181844733509e-01 1.286448462745714778e+02 2.016595226065339303e-27 7.837631310094648051e-28 1.467873699792095272e-28 6.443498062034467289e-01 2.245454680924640991e-28 1.000000000000000000e+00 0.000000000000000000e+00 0.000000000000000000e+00 0.000000000000000000e+00 1.000000000000000000e+00 1.000000000000000000e+10 0.000000000000000000e+00 0.000000000000000000e+00 0.000000000000000000e+00 1.000000000000000000e+10
3.680353203388414540e-01 1.510291148087796387e+02 1.388481736020754624e+02 3.524019962368319625e+01 2.825032317605600252e-01 1.005729259290317970e+02 2.045855933018975768e-27 9.581864445783726092e-28 1.124053052187165366e-28 6.996873608804522471e-01 1.625391903206974817e-28 1.000000000000000000e+00 0.000000000000000000e+00 0.000000000000000000e+00 0.000000000000000000e+00 1.000000000000000000e+00 1.000000000000000000e+10 0.000000000000000000e+00 0.000000000000000000e+00 0.000000000000000000e+00 1.000000000000000000e+10
4.244511359005219142e-01 1.263919781233488067e+02 1.240335197297130634e+02 2.663588806518357188e+01 3.048545724091625830e-01 7.567718381340667122e+01 2.138977008458779724e-27 9.187954315548908538e-28 9.106413061008347049e-29 7.553843143184028053e-01 1.239701070533272945e-28 1.000000000000000000e+00 0.000000000000000000e+00 0.000000000000000000e+00 0.000000000000000000e+00 1.000000000000000000e+00 1.000000000000000000e+10 0.000000000000000000e+00 0.000000000000000000e+00 0.000000000000000000e+00 1.000000000000000000e+10
4.895148829774688681e-01 1.098901858231181166e+02 1.137543855545134477e+02 2.300327082032890047e+01 3.302733057938229688e-01 6.104060415609119872e+01 2.475495762093999091e-27 7.519823109598717538e-28 7.151523678568325752e-29 8.096987604294981766e-01 9.671265228310077204e-29 1.000000000000000000e+00 0.000000000000000000e+00 0.000000000000000000e+00 0.000000000000000000e+00 1.000000000000000000e+00 1.000000000000000000e+10 0.000000000000000000e+00 0.000000000000000000e+00 0.000000000000000000e+00 1.000000000000000000e+10
5.645521955031491679e-01 9.929614654796219497e+01 9.537252915369295181e+01 1.832976376083284364e+01 3.605368184004115184e-01 4.962936728468095282e+01 2.977467125506235249e-27 8.867694050676287913e-28 6.872719627509987432e-29 8.767315274367936118e-01 8.692861658373600661e-29 1.000000000000000000e+00 0.000000000000000000e+00 0.000000000000000000e+00 0.000000000000000000e+00 1.000000000000000000e+00 1.000000000000000000e+10 0.000000000000000000e+00 0.000000000000000000e+00 0.000000000000000000e+00 1.000000000000000000e+10
6.510919126887823039e-01 8.905066888686131676e+01 7.897087781144514906e+01 1.891860825485323261e+01 3.828964224889168100e-01 4.208716155306326101e+01 3.384491789214358178e-27 7.291742960624583898e-28 5.962384785722301344e-29 9.402502222156906564e-01 7.177947394052483717e-29 1.000000000000000000e+00 0.000000000000000000e+00 0.000000000000000000e+00 0.000000000000000000e+00 1.000000000000000000e+00 1.000000000000000000e+10 0.000000000000000000e+00 0.000000000000000000e+00 0.000000000000000000e+00 1.000000000000000000e+10
7.508972281844089602e-01 8.155121883768191537e+01 6.915465119621532608e+01 1.889165045800598364e+01 3.936575285462183826e-01 3.907230250867571897e+01 3.889852376754385188e-27 6.859080782627329179e-28 5.143662677683755335e-29 9.858037460948718689e-01 6.094392107020512648e-29 1.000000000000000000e+00 0.000000000000000000e+00 0.000000000000000000e+00 0.000000000000000000e+00 1.000000000000000000e+00 1.000000000000000000e+10 0.000000000000000000e+00 0.000000000000000000e+00 0.000000000000000000e+00 1.000000000000000000e+10
8.660016140678794550e-01 7.934194852051265912e+01 6.225893135883379159e+01 1.766003750210056467e+01 4.138112191921781147e-01 3.498919908784017707e+01 5.031780512446052513e-27 8.322028767870696827e-28 4.791456354916070477e-29 1.033980380474985861e+00 5.632325783362193841e-29 1.000000000000000000e+00 0.000000000000000000e+00 0.000000000000000000e+00 0.000000000000000000e+00 1.000000000000000000e+00 1.000000000000000000e+10 0.000000000000000000e+00 0.000000000000000000e+00 0.000000000000000000e+00 1.000000000000000000e+10
9.987502515910116063e-01 7.884360571189458256e+01 6.218354313811190082e+01 1.789560790402699553e+01 4.284720164932216413e-01 3.346493493627426119e+01 6.772475160189270369e-27 9.003803192127969789e-28 5.474538501837035481e-29 1.068959818721938237e+00 6.148305113355551780e-29 1.000000000000000000e+00 0.000000000000000000e+00 0.000000000000000000e+00 0.000000000000000000e+00 1.000000000000000000e+00 1.000000000000000000e+10 0.000000000000000000e+00 0.000000000000000000e+00 0.000000000000000000e+00 1.000000000000000000e+10
1.151847812808953542e+00 7.702708065403908222e+01 5.189029323973644381e+01 1.848454764697627439e+01 4.291938580318455654e-01 3.213702369938291525e+01 8.572586741923760672e-27 7.054460350865128973e-28 5.763346007898532120e-29 1.067626146978270407e+00 6.437598990284149069e-29 1.000000000000000000e+00 0.000000000000000000e+00 0.000000000000000000e+00 0.000000000000000000e+00 1.000000000000000000e+00 1.000000000000000000e+10 0.000000000000000000e+00 0.000000000000000000e+00 0.000000000000000000e+00 1.000000000000000000e+10
1.328413566614123908e+00 7.016855427626850883e+01 4.802671670868768672e+01 1.602751907002108567e+01 4.141590810191511651e-01 2.998974494484321340e+01 7.201848888668060747e-27 7.427002633876812592e-28 6.203869391831624627e-29 1.039353299718335233e+00 6.968615965205186194e-29 1.000000000000000000e+00 0.000000000000000000e+00 0.000000000000000000e+00 0.000000000000000000e+00 1.000000000000000000e+00 1.000000000000000000e+10 0.000000000000000000e+00 0.000000000000000000e+00 0.000000000000000000e+00 1.000000000000000000e+10
1.532044931926391351e+00 5.813105753413404386e+01 3.904109060394364406e+01 1.580991969577623379e+01 3.901821035585134601e-01 3.029856785387798723e+01 4.627666922563068192e-27 6.628059565514140637e-28 5.833377692762836696e-29 1.002759309853434644e+00 6.743694545054411621e-29 1.000000000000000000e+00 0.000000000000000000e+00 0.000000000000000000e+00 0.000000000000000000e+00 1.000000000000000000e+00 1.000000000000000000e+10 0.000000000000000000e+00 0.000000000000000000e+00 0.000000000000000000e+00 1.000000000000000000e+10
1.766890772896739126e+00 4.539801398280742006e+01 3.114098227011648845e+01 1.462595094046507427e+01 3.600600676227007080e-01 2.776607788725308978e+01 2.475407920334140722e-27 5.328291912612329602e-28 7.880423040417500768e-29 9.616593710374946591e-01 8.758514654167055985e-29 1.000000000000000000e+00 0.000000000000000000e+00 0.000000000000000000e+00 0.000000000000000000e+00 1.000000000000000000e+00 1.000000000000000000e+10 0.000000000000000000e+00 0.000000000000000000e+00 0.000000000000000000e+00 1.000000000000000000e+10
2.037735929469222107e+00 3.691074854864727683e+01 2.751366397438571809e+01 1.338596441225972633e+01 3.307557797115213694e-01 2.545915110507093360e+01 1.055316576383532231e-27 4.759684940681077819e-28 6.873688296985784740e-29 9.214182737963897418e-01 7.877769068299952441e-29 1.000000000000000000e+00 0.000000000000000000e+00 0.000000000000000000e+00 0.000000000000000000e+00 1.000000000000000000e+00 1.000000000000000000e+10 0.000000000000000000e+00 0.000000000000000000e+00 0.000000000000000000e+00 1.000000000000000000e+10
2.350098705559579226e+00 3.162816452480799967e+01 2.734303323171532440e+01 1.210343700337743300e+01 2.965703921261325093e-01 2.418053220582281426e+01 5.045965681824442584e-28 5.083303542340380114e-28 8.643753512655458544e-29 8.584696226965529142e-01 9.594420583427512305e-29 1.000000000000000000e+00 0.000000000000000000e+00 0.000000000000000000e+00 0.000000000000000000e+00 1.000000000000000000e+00 1.000000000000000000e+10 0.000000000000000000e+00 0.000000000000000000e+00 0.000000000000000000e+00 1.000000000000000000e+10
