# R (Mpc), mean rho (Msol/kpc^3), errup (Msol/kpc^3), errlow, std, median rho (Msol/kpc^3), mean pth (Msol/kpc/s^2), errup(Msol/kpc/s^2), errlow, std, median pth (Msol/kpc/s^2), mean gas-mass-weighted metal (fraction), errup, errlow, std, median metal, mean gas-mass-weighted temp (K), errup, errlow, std, median temp  
#  nprofs 326, mean mh 212913868224.019043, median mh 205885971414.938049 
#  Mass range 11.00 - 11.5
1.040961082911032697e-02 1.399745588615701708e+05 7.475898480349735473e+04 5.007000950440997258e+04 2.172357757252600108e-01 1.270251831317892065e+05 9.164649771291540208e-26 1.397810451303186791e-25 9.499786691015359196e-27 5.031678099820032779e-01 2.568815974288253881e-26 1.000000000000000000e+00 0.000000000000000000e+00 0.000000000000000000e+00 0.000000000000000000e+00 1.000000000000000000e+00 1.000000000000000000e+10 0.000000000000000000e+00 0.000000000000000000e+00 0.000000000000000000e+00 1.000000000000000000e+10
1.200529105910367808e-02 1.071417425572779757e+05 5.776937298680777894e+04 3.806101140740799747e+04 2.279243052014111037e-01 9.365123328568786383e+04 7.597394517193915999e-26 1.158298069270981760e-25 1.840273642449796570e-26 4.461669281828291034e-01 3.362373215416392803e-26 1.000000000000000000e+00 0.000000000000000000e+00 0.000000000000000000e+00 0.000000000000000000e+00 1.000000000000000000e+00 1.000000000000000000e+10 0.000000000000000000e+00 0.000000000000000000e+00 0.000000000000000000e+00 1.000000000000000000e+10
1.384557172980430476e-02 8.062415060024500417e+04 4.855656140236054489e+04 3.390018946722868714e+04 2.516671075855853035e-01 7.246395846025750507e+04 6.749643838351274937e-26 9.487774667093663495e-26 2.148109380435691979e-26 4.372644058851599125e-01 3.509341048831113990e-26 1.000000000000000000e+00 0.000000000000000000e+00 0.000000000000000000e+00 0.000000000000000000e+00 1.000000000000000000e+00 1.000000000000000000e+10 0.000000000000000000e+00 0.000000000000000000e+00 0.000000000000000000e+00 1.000000000000000000e+10
1.596794743096121086e-02 5.976010974633830483e+04 3.819423028262919252e+04 2.759178090931406405e+04 2.774265362630056186e-01 5.392436524146181910e+04 5.767782568254685221e-26 5.943622613232117926e-26 2.241974876537884250e-26 4.090052548353348971e-01 3.700342789205150457e-26 1.000000000000000000e+00 0.000000000000000000e+00 0.000000000000000000e+00 0.000000000000000000e+00 1.000000000000000000e+00 1.000000000000000000e+10 0.000000000000000000e+00 0.000000000000000000e+00 0.000000000000000000e+00 1.000000000000000000e+10
1.841566026551830909e-02 4.599632351720600855e+04 3.187460587384185055e+04 1.923675887589138802e+04 2.785672986498074488e-01 3.862875951541193353e+04 4.951696676309053121e-26 5.048429529497618578e-26 1.804343813436463793e-26 3.251146532111063858e-01 3.569358380584632293e-26 1.000000000000000000e+00 0.000000000000000000e+00 0.000000000000000000e+00 0.000000000000000000e+00 1.000000000000000000e+00 1.000000000000000000e+10 0.000000000000000000e+00 0.000000000000000000e+00 0.000000000000000000e+00 1.000000000000000000e+10
2.123858088093512342e-02 3.140183225472964114e+04 2.174666780103655037e+04 1.470820182632948672e+04 3.075420237439798199e-01 2.744712963343095907e+04 4.177287455659275956e-26 3.636726761090987639e-26 1.825138479415628005e-26 3.298383021022900374e-01 3.314731504193916003e-26 1.000000000000000000e+00 0.000000000000000000e+00 0.000000000000000000e+00 0.000000000000000000e+00 1.000000000000000000e+00 1.000000000000000000e+10 0.000000000000000000e+00 0.000000000000000000e+00 0.000000000000000000e+00 1.000000000000000000e+10
2.449422455303571639e-02 2.137074158235207506e+04 1.719971593276201020e+04 9.375970890919059457e+03 3.074838760859190390e-01 1.757003934043428308e+04 3.516212999154542998e-26 2.787336840252416043e-26 1.358885693654021140e-26 2.938209533328870471e-01 2.827002357075249335e-26 1.000000000000000000e+00 0.000000000000000000e+00 0.000000000000000000e+00 0.000000000000000000e+00 1.000000000000000000e+00 1.000000000000000000e+10 0.000000000000000000e+00 0.000000000000000000e+00 0.000000000000000000e+00 1.000000000000000000e+10
2.824892302447100725e-02 1.368151410839196978e+04 1.070236322223458774e+04 5.495512137192449700e+03 2.993351080044148738e-01 1.118366860138113771e+04 2.825070838338923711e-26 2.179066837754471666e-26 1.022456392650134874e-26 2.734515448550060013e-01 2.259873205057579824e-26 1.000000000000000000e+00 0.000000000000000000e+00 0.000000000000000000e+00 0.000000000000000000e+00 1.000000000000000000e+00 1.000000000000000000e+10 0.000000000000000000e+00 0.000000000000000000e+00 0.000000000000000000e+00 1.000000000000000000e+10
3.257917597328415654e-02 9.078895469359300478e+03 6.379539936526734891e+03 3.506412670523169709e+03 2.651978017510811525e-01 7.545648965394040715e+03 2.360442669599901219e-26 1.396666584067442946e-26 8.775684197456935353e-27 2.407563775989493005e-01 2.056128838190884748e-26 1.000000000000000000e+00 0.000000000000000000e+00 0.000000000000000000e+00 0.000000000000000000e+00 1.000000000000000000e+00 1.000000000000000000e+10 0.000000000000000000e+00 0.000000000000000000e+00 0.000000000000000000e+00 1.000000000000000000e+10
3.757320964692217186e-02 5.768925220010146404e+03 3.271212402819272029e+03 1.905088996482897528e+03 2.194574714580419250e-01 4.987797768653719686e+03 1.939421414838092861e-26 1.292791447438092940e-26 6.533140127367415727e-27 2.280290264919713761e-01 1.643056972546305955e-26 1.000000000000000000e+00 0.000000000000000000e+00 0.000000000000000000e+00 0.000000000000000000e+00 1.000000000000000000e+00 1.000000000000000000e+10 0.000000000000000000e+00 0.000000000000000000e+00 0.000000000000000000e+00 1.000000000000000000e+10
4.333277441790538143e-02 4.142715913067338079e+03 2.162121363812019808e+03 1.389661762217006981e+03 2.183585507543399917e-01 3.642882501608766688e+03 1.643378237382934430e-26 9.598725424442261284e-27 6.208184320165973394e-27 2.374015798109033459e-01 1.453585490644041477e-26 1.000000000000000000e+00 0.000000000000000000e+00 0.000000000000000000e+00 0.000000000000000000e+00 1.000000000000000000e+00 1.000000000000000000e+10 0.000000000000000000e+00 0.000000000000000000e+00 0.000000000000000000e+00 1.000000000000000000e+10
4.997521788524898756e-02 3.174112841267111435e+03 1.520896530362077556e+03 8.287132231326779674e+02 1.788215391609380145e-01 2.843326422747349625e+03 1.358338450705298686e-26 7.752761950899494112e-27 4.903326454567430797e-27 2.215117930994549844e-01 1.194221802769068232e-26 1.000000000000000000e+00 0.000000000000000000e+00 0.000000000000000000e+00 0.000000000000000000e+00 1.000000000000000000e+00 1.000000000000000000e+10 0.000000000000000000e+00 0.000000000000000000e+00 0.000000000000000000e+00 1.000000000000000000e+10
5.763587575980636674e-02 2.387723488750448723e+03 1.059036911966781645e+03 6.413498039299793163e+02 1.750337025496290222e-01 2.163994154965708276e+03 1.072461300900892093e-26 6.408193977841313928e-27 3.345480509367803352e-27 2.276995397215717254e-01 8.948517876543597166e-27 1.000000000000000000e+00 0.000000000000000000e+00 0.000000000000000000e+00 0.000000000000000000e+00 1.000000000000000000e+00 1.000000000000000000e+10 0.000000000000000000e+00 0.000000000000000000e+00 0.000000000000000000e+00 1.000000000000000000e+10
6.647082924635627776e-02 1.927369003442721350e+03 7.772226557232843334e+02 5.489068467347110527e+02 1.739802216456868833e-01 1.790094558944422715e+03 8.663016892443679081e-27 5.454436966726176642e-27 2.931628775048772966e-27 2.402459064665829758e-01 7.243520719605533797e-27 1.000000000000000000e+00 0.000000000000000000e+00 0.000000000000000000e+00 0.000000000000000000e+00 1.000000000000000000e+00 1.000000000000000000e+10 0.000000000000000000e+00 0.000000000000000000e+00 0.000000000000000000e+00 1.000000000000000000e+10
7.666008510240249207e-02 1.550799099690844969e+03 6.486306358069655289e+02 4.662357809286476140e+02 1.612124210248612188e-01 1.468813611627027058e+03 6.825579694930876339e-27 4.759807569844899313e-27 2.212988371004628218e-27 2.461889725437373666e-01 5.538526663826665259e-27 1.000000000000000000e+00 0.000000000000000000e+00 0.000000000000000000e+00 0.000000000000000000e+00 1.000000000000000000e+00 1.000000000000000000e+10 0.000000000000000000e+00 0.000000000000000000e+00 0.000000000000000000e+00 1.000000000000000000e+10
8.841124316543315376e-02 1.240967369415254552e+03 4.953949739658880844e+02 3.507487395582973022e+02 1.546489751203105056e-01 1.176938647059722371e+03 5.280621906238937685e-27 3.803779986067380129e-27 1.678614601669205810e-27 2.599895257222031852e-01 4.164746931984971998e-27 1.000000000000000000e+00 0.000000000000000000e+00 0.000000000000000000e+00 0.000000000000000000e+00 1.000000000000000000e+00 1.000000000000000000e+10 0.000000000000000000e+00 0.000000000000000000e+00 0.000000000000000000e+00 1.000000000000000000e+10
1.019637260722580097e-01 9.766318241836842162e+02 4.256852937929575091e+02 2.891855372879125525e+02 1.549062276442517427e-01 9.260583632785662758e+02 4.039739216899405645e-27 2.843524585069360338e-27 1.479436136438876366e-27 2.790373736880030764e-01 3.208762498258365705e-27 1.000000000000000000e+00 0.000000000000000000e+00 0.000000000000000000e+00 0.000000000000000000e+00 1.000000000000000000e+00 1.000000000000000000e+10 0.000000000000000000e+00 0.000000000000000000e+00 0.000000000000000000e+00 1.000000000000000000e+10
1.175936573483598035e-01 7.681010422332117287e+02 2.858726034182052445e+02 2.247087139396844009e+02 1.551810225951426037e-01 7.271575295708869362e+02 3.096737123580101434e-27 2.797899644043664738e-27 1.063882174729664363e-27 3.048742034046243998e-01 2.232666151028716833e-27 1.000000000000000000e+00 0.000000000000000000e+00 0.000000000000000000e+00 0.000000000000000000e+00 1.000000000000000000e+00 1.000000000000000000e+10 0.000000000000000000e+00 0.000000000000000000e+00 0.000000000000000000e+00 1.000000000000000000e+10
1.356194872553388164e-01 6.076220009637999055e+02 2.371084783377193617e+02 1.794727273207734015e+02 1.597817188039062641e-01 5.721596209631411512e+02 2.440045263570557725e-27 1.908786632732107934e-27 8.008025066203856126e-28 3.348172063687056554e-01 1.627908287158701888e-27 1.000000000000000000e+00 0.000000000000000000e+00 0.000000000000000000e+00 0.000000000000000000e+00 1.000000000000000000e+00 1.000000000000000000e+10 0.000000000000000000e+00 0.000000000000000000e+00 0.000000000000000000e+00 1.000000000000000000e+10
1.564084810196403053e-01 4.696832766414586331e+02 1.953776580424173517e+02 1.321479798547712221e+02 1.637503245887697856e-01 4.281695112826087097e+02 1.916076453105598929e-27 1.780165877907538558e-27 5.427733567642414304e-28 3.700572826006950922e-01 1.110720748527884860e-27 1.000000000000000000e+00 0.000000000000000000e+00 0.000000000000000000e+00 0.000000000000000000e+00 1.000000000000000000e+00 1.000000000000000000e+10 0.000000000000000000e+00 0.000000000000000000e+00 0.000000000000000000e+00 1.000000000000000000e+10
1.803842016362447453e-01 3.698438827156512048e+02 1.741140857861185509e+02 1.048325973899197834e+02 1.756420994158788551e-01 3.313246048562812121e+02 1.583596386658470583e-27 1.665820797371501941e-27 3.695693344531948478e-28 4.147119530633474604e-01 7.436554480440146953e-28 1.000000000000000000e+00 0.000000000000000000e+00 0.000000000000000000e+00 0.000000000000000000e+00 1.000000000000000000e+00 1.000000000000000000e+10 0.000000000000000000e+00 0.000000000000000000e+00 0.000000000000000000e+00 1.000000000000000000e+10
2.080351397048574025e-01 2.891658689596508225e+02 1.489565773575152434e+02 8.205848474298144879e+01 1.885153977423330018e-01 2.520833618526764326e+02 1.334769584495809743e-27 1.521331779384334372e-27 2.780953374242496548e-28 4.608295555003483202e-01 5.171253540791768711e-28 1.000000000000000000e+00 0.000000000000000000e+00 0.000000000000000000e+00 0.000000000000000000e+00 1.000000000000000000e+00 1.000000000000000000e+10 0.000000000000000000e+00 0.000000000000000000e+00 0.000000000000000000e+00 1.000000000000000000e+10
2.399246661262133540e-01 2.333303528905378812e+02 1.154791656909132485e+02 6.741299792677196479e+01 2.088928950529687634e-01 1.977063632051919058e+02 1.191793105125478641e-27 1.409248935997177429e-27 2.304534839409515793e-28 5.104628701407242231e-01 3.919892212736227259e-28 1.000000000000000000e+00 0.000000000000000000e+00 0.000000000000000000e+00 0.000000000000000000e+00 1.000000000000000000e+00 1.000000000000000000e+10 0.000000000000000000e+00 0.000000000000000000e+00 0.000000000000000000e+00 1.000000000000000000e+10
2.767025104385807399e-01 1.867786601685961330e+02 1.129295082013476872e+02 4.958298371614424127e+01 2.227893305013536607e-01 1.485058474634944332e+02 1.111351688380725073e-27 1.304489707472720104e-27 1.833192746551874240e-28 5.605936134734458287e-01 2.938602112769794524e-28 1.000000000000000000e+00 0.000000000000000000e+00 0.000000000000000000e+00 0.000000000000000000e+00 1.000000000000000000e+00 1.000000000000000000e+10 0.000000000000000000e+00 0.000000000000000000e+00 0.000000000000000000e+00 1.000000000000000000e+10
3.191179986585286343e-01 1.591306889316293791e+02 1.282421516234116439e+02 3.906483166348070313e+01 2.525141270508989289e-01 1.159493786865777878e+02 1.080326789187168830e-27 1.348235166732091874e-27 1.502080016603376627e-28 6.158552956295469949e-01 2.264960252449404255e-28 1.000000000000000000e+00 0.000000000000000000e+00 0.000000000000000000e+00 0.000000000000000000e+00 1.000000000000000000e+00 1.000000000000000000e+10 0.000000000000000000e+00 0.000000000000000000e+00 0.000000000000000000e+00 1.000000000000000000e+10
3.680353203388414540e-01 1.363381059440950480e+02 1.155099187255790980e+02 2.959111311521942866e+01 2.891953460432320488e-01 8.697744638763066405e+01 1.047003533180347837e-27 1.154497828664375951e-27 1.015845116366605063e-28 6.748810430530224336e-01 1.537543455185627419e-28 1.000000000000000000e+00 0.000000000000000000e+00 0.000000000000000000e+00 0.000000000000000000e+00 1.000000000000000000e+00 1.000000000000000000e+10 0.000000000000000000e+00 0.000000000000000000e+00 0.000000000000000000e+00 1.000000000000000000e+10
4.244511359005219142e-01 1.123290759068524522e+02 1.057054501830860005e+02 2.527697053025370622e+01 3.068725292565078755e-01 6.844081304381269604e+01 1.016765172365311237e-27 1.110560627707588358e-27 8.803435091478693672e-29 7.343529419388885593e-01 1.246801948992232418e-28 1.000000000000000000e+00 0.000000000000000000e+00 0.000000000000000000e+00 0.000000000000000000e+00 1.000000000000000000e+00 1.000000000000000000e+10 0.000000000000000000e+00 0.000000000000000000e+00 0.000000000000000000e+00 1.000000000000000000e+10
4.895148829774688681e-01 9.672257512972667826e+01 9.515911995135486734e+01 2.424836052128720354e+01 3.281644937916477489e-01 5.742379120554532790e+01 9.749857758315980193e-28 9.027919957289526660e-28 8.071627390678684024e-29 7.903081531902612644e-01 1.041756716607683281e-28 1.000000000000000000e+00 0.000000000000000000e+00 0.000000000000000000e+00 0.000000000000000000e+00 1.000000000000000000e+00 1.000000000000000000e+10 0.000000000000000000e+00 0.000000000000000000e+00 0.000000000000000000e+00 1.000000000000000000e+10
5.645521955031491679e-01 8.382838468983028690e+01 7.804724241877707414e+01 2.401390031887680010e+01 3.448368386603872238e-01 5.123548215959678487e+01 9.198375218502805892e-28 9.476902750918584622e-28 8.585137365065510330e-29 8.481620353141382518e-01 1.020409592558766657e-28 1.000000000000000000e+00 0.000000000000000000e+00 0.000000000000000000e+00 0.000000000000000000e+00 1.000000000000000000e+00 1.000000000000000000e+10 0.000000000000000000e+00 0.000000000000000000e+00 0.000000000000000000e+00 1.000000000000000000e+10
6.510919126887823039e-01 7.296496929665265441e+01 8.385994545782905618e+01 1.898279922703494904e+01 3.559326317066105472e-01 4.137035371572584097e+01 9.351450328589007183e-28 9.772489273176616071e-28 7.017210567691937569e-29 9.081689159953093560e-01 8.214072108118165821e-29 1.000000000000000000e+00 0.000000000000000000e+00 0.000000000000000000e+00 0.000000000000000000e+00 1.000000000000000000e+00 1.000000000000000000e+10 0.000000000000000000e+00 0.000000000000000000e+00 0.000000000000000000e+00 1.000000000000000000e+10
7.508972281844089602e-01 6.811743115023722339e+01 7.808899650528024949e+01 2.056014148723174273e+01 3.702873055579876671e-01 3.928756246415987619e+01 1.027749853609370321e-27 9.404828861549191544e-28 6.504936496187102893e-29 9.529969506984775629e-01 7.502448209477570453e-29 1.000000000000000000e+00 0.000000000000000000e+00 0.000000000000000000e+00 0.000000000000000000e+00 1.000000000000000000e+00 1.000000000000000000e+10 0.000000000000000000e+00 0.000000000000000000e+00 0.000000000000000000e+00 1.000000000000000000e+10
8.660016140678794550e-01 6.238993101611739434e+01 6.729795774867048408e+01 1.890924025574600265e+01 3.728840583892028548e-01 3.564671292928808555e+01 1.097237115937825200e-27 1.009083312281714948e-27 7.145555115113564157e-29 9.740031548939536155e-01 7.996206853556116425e-29 1.000000000000000000e+00 0.000000000000000000e+00 0.000000000000000000e+00 0.000000000000000000e+00 1.000000000000000000e+00 1.000000000000000000e+10 0.000000000000000000e+00 0.000000000000000000e+00 0.000000000000000000e+00 1.000000000000000000e+10
9.987502515910116063e-01 5.616108857171406754e+01 6.049437746056366905e+01 1.760916146016872830e+01 3.725354693203100087e-01 3.307035214479610374e+01 1.144518695976276402e-27 8.726627367281392207e-28 6.933508544808179191e-29 9.876099065683449085e-01 7.817431061314915265e-29 1.000000000000000000e+00 0.000000000000000000e+00 0.000000000000000000e+00 0.000000000000000000e+00 1.000000000000000000e+00 1.000000000000000000e+10 0.000000000000000000e+00 0.000000000000000000e+00 0.000000000000000000e+00 1.000000000000000000e+10
1.151847812808953542e+00 5.183912011808693165e+01 5.594620215870443047e+01 1.816679211611012335e+01 3.650883425298519502e-01 3.255934186529913887e+01 1.330620791294514920e-27 8.909197311498416132e-28 7.100843994470417555e-29 9.831197606308007542e-01 7.927643803967407168e-29 1.000000000000000000e+00 0.000000000000000000e+00 0.000000000000000000e+00 0.000000000000000000e+00 1.000000000000000000e+00 1.000000000000000000e+10 0.000000000000000000e+00 0.000000000000000000e+00 0.000000000000000000e+00 1.000000000000000000e+10
1.328413566614123908e+00 4.890754404399595501e+01 4.930384421411545759e+01 1.764935062956879719e+01 3.527116401735156392e-01 3.234707195843522243e+01 1.715346092362102135e-27 9.917094551373622673e-28 8.323963864213032660e-29 9.567496383886877620e-01 9.370416449520497328e-29 1.000000000000000000e+00 0.000000000000000000e+00 0.000000000000000000e+00 0.000000000000000000e+00 1.000000000000000000e+00 1.000000000000000000e+10 0.000000000000000000e+00 0.000000000000000000e+00 0.000000000000000000e+00 1.000000000000000000e+10
1.532044931926391351e+00 4.687295963934714393e+01 4.066989764411247421e+01 1.520131730292543892e+01 3.449396501420510242e-01 2.958109460474336316e+01 2.495212723726110813e-27 7.985538984313964817e-28 7.869866556923098911e-29 9.573581862156033129e-01 8.910962074403684567e-29 1.000000000000000000e+00 0.000000000000000000e+00 0.000000000000000000e+00 0.000000000000000000e+00 1.000000000000000000e+00 1.000000000000000000e+10 0.000000000000000000e+00 0.000000000000000000e+00 0.000000000000000000e+00 1.000000000000000000e+10
1.766890772896739126e+00 4.437345095455544453e+01 3.269375595182290795e+01 1.314068216654595922e+01 3.384153803494111545e-01 2.729005255284955211e+01 2.738286897577119862e-27 7.434038916876336704e-28 9.006886155242339618e-29 9.644433340963498580e-01 1.014095572666751000e-28 1.000000000000000000e+00 0.000000000000000000e+00 0.000000000000000000e+00 0.000000000000000000e+00 1.000000000000000000e+00 1.000000000000000000e+10 0.000000000000000000e+00 0.000000000000000000e+00 0.000000000000000000e+00 1.000000000000000000e+10
2.037735929469222107e+00 3.952209836090163009e+01 2.299217302860948564e+01 1.458983670861666937e+01 3.245590929333065922e-01 2.765289118207334695e+01 2.388908510249159516e-27 4.892307105964459109e-28 9.819945039888297096e-29 9.285750076290518740e-01 1.104557638163601880e-28 1.000000000000000000e+00 0.000000000000000000e+00 0.000000000000000000e+00 0.000000000000000000e+00 1.000000000000000000e+00 1.000000000000000000e+10 0.000000000000000000e+00 0.000000000000000000e+00 0.000000000000000000e+00 1.000000000000000000e+10
2.350098705559579226e+00 3.598222286624637434e+01 2.487849176400688123e+01 1.148713374939870846e+01 3.122302759950753570e-01 2.457224036720539573e+01 2.011596605309189825e-27 5.355287690096817742e-28 8.599449801350071366e-29 9.062156379359398439e-01 9.962283986325196861e-29 1.000000000000000000e+00 0.000000000000000000e+00 0.000000000000000000e+00 0.000000000000000000e+00 1.000000000000000000e+00 1.000000000000000000e+10 0.000000000000000000e+00 0.000000000000000000e+00 0.000000000000000000e+00 1.000000000000000000e+10
