# R (Mpc), mean rho (Msol/kpc^3), errup (Msol/kpc^3), errlow, std, median rho (Msol/kpc^3), mean pth (Msol/kpc/s^2), errup(Msol/kpc/s^2), errlow, std, median pth (Msol/kpc/s^2), mean gas-mass-weighted metal (fraction), errup, errlow, std, median metal, mean gas-mass-weighted temp (K), errup, errlow, std, median temp  
#  nprofs 187, mean mh 209010431527.412598, median mh 196361158061.464508 
#  Mass range 11.00 - 11.5
1.040961082911032697e-02 2.920115479899392813e+05 2.244315182296545827e+05 1.301484060616216448e+05 3.076852861596930944e-01 2.534340643174682045e+05 9.413416921296172263e-26 1.504733763674328796e-25 2.223129998914673388e-26 4.490126374801064468e-01 4.178479247381183904e-26 1.000000000000000000e+00 0.000000000000000000e+00 0.000000000000000000e+00 0.000000000000000000e+00 1.000000000000000000e+00 1.000000000000000000e+10 0.000000000000000000e+00 0.000000000000000000e+00 0.000000000000000000e+00 1.000000000000000000e+10
1.200529105910367808e-02 2.271271804865080630e+05 1.772008837536985520e+05 1.034971548109348660e+05 2.947703113667717867e-01 1.931915360158591648e+05 1.154919335874118957e-25 1.609638376468023877e-25 4.086635914404603351e-26 4.661961419496708503e-01 6.358829178812762815e-26 1.000000000000000000e+00 0.000000000000000000e+00 0.000000000000000000e+00 0.000000000000000000e+00 1.000000000000000000e+00 1.000000000000000000e+10 0.000000000000000000e+00 0.000000000000000000e+00 0.000000000000000000e+00 1.000000000000000000e+10
1.384557172980430476e-02 1.688712770904338395e+05 1.317125770457649487e+05 6.853988189097135910e+04 3.201225137753762051e-01 1.390622922152942629e+05 9.786761683193585385e-26 1.197600254960496686e-25 3.705077174280656032e-26 4.422795520593788554e-01 5.764324658944708362e-26 1.000000000000000000e+00 0.000000000000000000e+00 0.000000000000000000e+00 0.000000000000000000e+00 1.000000000000000000e+00 1.000000000000000000e+10 0.000000000000000000e+00 0.000000000000000000e+00 0.000000000000000000e+00 1.000000000000000000e+10
1.596794743096121086e-02 1.190229402157577424e+05 9.373672586437004793e+04 5.213178741125595116e+04 2.904373695278083534e-01 1.012669886578181322e+05 7.785141055914406901e-26 7.795946680060588453e-26 3.609425948962138779e-26 3.608309284585306531e-01 5.698757233301369086e-26 1.000000000000000000e+00 0.000000000000000000e+00 0.000000000000000000e+00 0.000000000000000000e+00 1.000000000000000000e+00 1.000000000000000000e+10 0.000000000000000000e+00 0.000000000000000000e+00 0.000000000000000000e+00 1.000000000000000000e+10
1.841566026551830909e-02 8.179587646638508886e+04 5.301705125600837346e+04 3.545080557887281611e+04 2.801403854075914523e-01 7.063054334791770088e+04 6.505263335466878524e-26 5.930588826215541155e-26 2.473973508817073656e-26 3.577951028506778375e-01 4.620030910405101983e-26 1.000000000000000000e+00 0.000000000000000000e+00 0.000000000000000000e+00 0.000000000000000000e+00 1.000000000000000000e+00 1.000000000000000000e+10 0.000000000000000000e+00 0.000000000000000000e+00 0.000000000000000000e+00 1.000000000000000000e+10
2.123858088093512342e-02 5.537726741896929161e+04 4.291894585290882969e+04 2.155149173762603095e+04 2.672942052522018774e-01 4.642161055676669639e+04 5.483681656881377028e-26 4.625218855994252567e-26 2.181411318934074011e-26 3.278089718071115488e-01 4.117457858945723899e-26 1.000000000000000000e+00 0.000000000000000000e+00 0.000000000000000000e+00 0.000000000000000000e+00 1.000000000000000000e+00 1.000000000000000000e+10 0.000000000000000000e+00 0.000000000000000000e+00 0.000000000000000000e+00 1.000000000000000000e+10
2.449422455303571639e-02 3.704600529478240060e+04 2.419429664081504598e+04 1.586993311894970248e+04 2.620223753254101173e-01 3.278450655376894429e+04 4.456673522734882677e-26 3.705955853449347700e-26 1.805243122330871278e-26 3.014655255039422888e-01 3.521563625475045888e-26 1.000000000000000000e+00 0.000000000000000000e+00 0.000000000000000000e+00 0.000000000000000000e+00 1.000000000000000000e+00 1.000000000000000000e+10 0.000000000000000000e+00 0.000000000000000000e+00 0.000000000000000000e+00 1.000000000000000000e+10
2.824892302447100725e-02 2.364326551769555226e+04 1.545595253151873112e+04 1.045179425865154190e+04 2.536618067479792793e-01 2.090533475195005667e+04 3.499538754154088109e-26 2.431693223337637423e-26 1.390555707561558292e-26 2.623736125291906696e-01 3.041717987354279570e-26 1.000000000000000000e+00 0.000000000000000000e+00 0.000000000000000000e+00 0.000000000000000000e+00 1.000000000000000000e+00 1.000000000000000000e+10 0.000000000000000000e+00 0.000000000000000000e+00 0.000000000000000000e+00 1.000000000000000000e+10
3.257917597328415654e-02 1.510181984927725898e+04 9.005141949020826360e+03 5.342359490072691187e+03 2.375889918892659658e-01 1.296775478473778094e+04 2.835106486339819131e-26 1.779719273681134993e-26 1.041680442336860112e-26 2.644179619998529018e-01 2.357515392969534389e-26 1.000000000000000000e+00 0.000000000000000000e+00 0.000000000000000000e+00 0.000000000000000000e+00 1.000000000000000000e+00 1.000000000000000000e+10 0.000000000000000000e+00 0.000000000000000000e+00 0.000000000000000000e+00 1.000000000000000000e+10
3.757320964692217186e-02 9.966806754744591672e+03 5.183180739896879459e+03 3.378711788693149174e+03 2.184031707015871016e-01 8.905383170757853804e+03 2.291275002338363225e-26 1.247561934305398020e-26 8.019812675660173686e-27 2.417521681502981246e-01 1.927212713316053320e-26 1.000000000000000000e+00 0.000000000000000000e+00 0.000000000000000000e+00 0.000000000000000000e+00 1.000000000000000000e+00 1.000000000000000000e+10 0.000000000000000000e+00 0.000000000000000000e+00 0.000000000000000000e+00 1.000000000000000000e+10
4.333277441790538143e-02 6.968055596644359866e+03 3.382749154142035877e+03 2.292175072351519248e+03 1.905216900144053316e-01 6.314124966472044434e+03 1.911357534992667300e-26 1.192823187484864478e-26 6.115738284454325962e-27 2.331652021720239665e-01 1.609987088615106448e-26 1.000000000000000000e+00 0.000000000000000000e+00 0.000000000000000000e+00 0.000000000000000000e+00 1.000000000000000000e+00 1.000000000000000000e+10 0.000000000000000000e+00 0.000000000000000000e+00 0.000000000000000000e+00 1.000000000000000000e+10
4.997521788524898756e-02 4.932791163352430885e+03 2.533453438147886118e+03 1.530281390857479437e+03 1.771798006983439644e-01 4.534642030077272466e+03 1.520582665235001249e-26 1.008206104186014713e-26 5.676879260050494950e-27 2.301408447483448139e-01 1.294935189848454132e-26 1.000000000000000000e+00 0.000000000000000000e+00 0.000000000000000000e+00 0.000000000000000000e+00 1.000000000000000000e+00 1.000000000000000000e+10 0.000000000000000000e+00 0.000000000000000000e+00 0.000000000000000000e+00 1.000000000000000000e+10
5.763587575980636674e-02 3.748048890750748342e+03 1.553717849024884345e+03 1.080217881393978132e+03 1.577284095939269770e-01 3.509578145329649487e+03 1.203266591607458825e-26 7.929193736697187580e-27 3.060011029150308636e-27 2.065617712745751178e-01 9.925505402312219950e-27 1.000000000000000000e+00 0.000000000000000000e+00 0.000000000000000000e+00 0.000000000000000000e+00 1.000000000000000000e+00 1.000000000000000000e+10 0.000000000000000000e+00 0.000000000000000000e+00 0.000000000000000000e+00 1.000000000000000000e+10
6.647082924635627776e-02 2.907257771613076329e+03 1.278946920189419416e+03 7.525378420266979447e+02 1.530894505240882331e-01 2.690380995591058763e+03 9.237043633870192022e-27 5.303408715648495640e-27 3.144214398044910709e-27 2.036834697733251043e-01 8.354526520518018023e-27 1.000000000000000000e+00 0.000000000000000000e+00 0.000000000000000000e+00 0.000000000000000000e+00 1.000000000000000000e+00 1.000000000000000000e+10 0.000000000000000000e+00 0.000000000000000000e+00 0.000000000000000000e+00 1.000000000000000000e+10
7.666008510240249207e-02 2.260920507697419453e+03 8.944618880379516668e+02 6.559240283173717216e+02 1.550713293717529695e-01 2.133547543525100082e+03 6.884615945876088811e-27 3.873387833492758908e-27 2.385294317560520635e-27 2.061478549855703668e-01 6.141974507689988907e-27 1.000000000000000000e+00 0.000000000000000000e+00 0.000000000000000000e+00 0.000000000000000000e+00 1.000000000000000000e+00 1.000000000000000000e+10 0.000000000000000000e+00 0.000000000000000000e+00 0.000000000000000000e+00 1.000000000000000000e+10
8.841124316543315376e-02 1.690484603060783002e+03 5.197159292711417038e+02 4.930412247723850214e+02 1.471260025780805336e-01 1.631532151345287275e+03 5.062621311194049363e-27 2.692811518797381306e-27 1.966891499425042032e-27 2.110095895591193871e-01 4.642325892098355809e-27 1.000000000000000000e+00 0.000000000000000000e+00 0.000000000000000000e+00 0.000000000000000000e+00 1.000000000000000000e+00 1.000000000000000000e+10 0.000000000000000000e+00 0.000000000000000000e+00 0.000000000000000000e+00 1.000000000000000000e+10
1.019637260722580097e-01 1.267564918834910713e+03 4.811083230939468649e+02 3.289163440996701411e+02 1.475706870193004838e-01 1.193062347976850333e+03 3.680554032445509889e-27 1.932095889914174930e-27 1.557846703630578582e-27 2.197589509897602822e-01 3.424515243545460689e-27 1.000000000000000000e+00 0.000000000000000000e+00 0.000000000000000000e+00 0.000000000000000000e+00 1.000000000000000000e+00 1.000000000000000000e+10 0.000000000000000000e+00 0.000000000000000000e+00 0.000000000000000000e+00 1.000000000000000000e+10
1.175936573483598035e-01 9.746917399430910791e+02 4.154131604305163137e+02 2.739149496074687704e+02 1.537043048311668991e-01 9.050029631712133096e+02 2.733249527817563944e-27 1.561812647024654735e-27 1.112869008080494277e-27 2.388050640865505281e-01 2.452461687271273000e-27 1.000000000000000000e+00 0.000000000000000000e+00 0.000000000000000000e+00 0.000000000000000000e+00 1.000000000000000000e+00 1.000000000000000000e+10 0.000000000000000000e+00 0.000000000000000000e+00 0.000000000000000000e+00 1.000000000000000000e+10
1.356194872553388164e-01 7.282750367261139672e+02 2.843924250355057666e+02 1.773334304558620147e+02 1.498862070141318559e-01 6.667811990739976409e+02 1.988014967633372861e-27 1.264221324634141713e-27 6.998211025177232612e-28 2.581808890704811454e-01 1.604900395603794599e-27 1.000000000000000000e+00 0.000000000000000000e+00 0.000000000000000000e+00 0.000000000000000000e+00 1.000000000000000000e+00 1.000000000000000000e+10 0.000000000000000000e+00 0.000000000000000000e+00 0.000000000000000000e+00 1.000000000000000000e+10
1.564084810196403053e-01 5.464786525166439333e+02 2.485405337249353011e+02 1.303349339644748284e+02 1.499025388406885761e-01 4.965474531664717119e+02 1.433523553675798167e-27 1.104029188513773743e-27 4.813779669146411145e-28 2.779764064961733339e-01 1.090161704506697937e-27 1.000000000000000000e+00 0.000000000000000000e+00 0.000000000000000000e+00 0.000000000000000000e+00 1.000000000000000000e+00 1.000000000000000000e+10 0.000000000000000000e+00 0.000000000000000000e+00 0.000000000000000000e+00 1.000000000000000000e+10
1.803842016362447453e-01 4.055426832551519283e+02 1.934018136483393846e+02 7.970186010661990395e+01 1.447473402459326652e-01 3.625789964686338180e+02 1.077096759875740881e-27 8.788022225859804743e-28 3.071308904133175345e-28 3.094369306110353324e-01 7.254178665982709056e-28 1.000000000000000000e+00 0.000000000000000000e+00 0.000000000000000000e+00 0.000000000000000000e+00 1.000000000000000000e+00 1.000000000000000000e+10 0.000000000000000000e+00 0.000000000000000000e+00 0.000000000000000000e+00 1.000000000000000000e+10
2.080351397048574025e-01 3.102441580898182565e+02 1.299154534679275912e+02 7.117652465424910702e+01 1.539598552192160130e-01 2.744176496135070238e+02 8.252143394988396555e-28 6.542177644513134226e-28 2.279702199408149449e-28 3.471107677861487995e-01 4.882318133077363947e-28 1.000000000000000000e+00 0.000000000000000000e+00 0.000000000000000000e+00 0.000000000000000000e+00 1.000000000000000000e+00 1.000000000000000000e+10 0.000000000000000000e+00 0.000000000000000000e+00 0.000000000000000000e+00 1.000000000000000000e+10
2.399246661262133540e-01 2.382610939285328584e+02 1.149180544855219068e+02 5.712986775568583653e+01 1.653358533826060905e-01 2.080063071694677319e+02 6.835861728834538544e-28 5.292047912626523025e-28 1.940609046224880908e-28 3.976719306143850496e-01 3.628504280349796572e-28 1.000000000000000000e+00 0.000000000000000000e+00 0.000000000000000000e+00 0.000000000000000000e+00 1.000000000000000000e+00 1.000000000000000000e+10 0.000000000000000000e+00 0.000000000000000000e+00 0.000000000000000000e+00 1.000000000000000000e+10
2.767025104385807399e-01 1.896822070761240298e+02 9.700185434319152478e+01 4.711792535106692981e+01 1.806497074357308885e-01 1.596868062289233592e+02 5.878139391369279534e-28 4.676243500395802199e-28 1.494766001234811856e-28 4.404805743752324143e-01 2.638716104678334174e-28 1.000000000000000000e+00 0.000000000000000000e+00 0.000000000000000000e+00 0.000000000000000000e+00 1.000000000000000000e+00 1.000000000000000000e+10 0.000000000000000000e+00 0.000000000000000000e+00 0.000000000000000000e+00 1.000000000000000000e+10
3.191179986585286343e-01 1.502338248243327712e+02 9.810090025240245382e+01 4.127544475239804456e+01 1.906233902930839219e-01 1.275202250968875717e+02 5.117706856495306714e-28 4.640696581590572685e-28 1.233553770910327040e-28 4.855877166798037714e-01 2.008191895234458161e-28 1.000000000000000000e+00 0.000000000000000000e+00 0.000000000000000000e+00 0.000000000000000000e+00 1.000000000000000000e+00 1.000000000000000000e+10 0.000000000000000000e+00 0.000000000000000000e+00 0.000000000000000000e+00 1.000000000000000000e+10
3.680353203388414540e-01 1.277916095180924998e+02 7.616722839503766807e+01 3.379245765050646355e+01 2.158932702254826308e-01 1.017517717241052111e+02 4.858976500724286452e-28 5.124550204220917043e-28 9.268931122628629822e-29 5.364895409869429033e-01 1.485085588040348104e-28 1.000000000000000000e+00 0.000000000000000000e+00 0.000000000000000000e+00 0.000000000000000000e+00 1.000000000000000000e+00 1.000000000000000000e+10 0.000000000000000000e+00 0.000000000000000000e+00 0.000000000000000000e+00 1.000000000000000000e+10
4.244511359005219142e-01 1.120523168746229317e+02 7.316149916287143640e+01 2.551226522950074127e+01 2.444935005182740095e-01 8.114115087503519419e+01 5.134051333558791399e-28 4.197282021173199588e-28 7.507772127822549025e-29 5.963683367211174424e-01 1.140465809981380760e-28 1.000000000000000000e+00 0.000000000000000000e+00 0.000000000000000000e+00 0.000000000000000000e+00 1.000000000000000000e+00 1.000000000000000000e+10 0.000000000000000000e+00 0.000000000000000000e+00 0.000000000000000000e+00 1.000000000000000000e+10
4.895148829774688681e-01 9.148618652296656251e+01 6.058828690188741461e+01 2.258755296640163124e+01 2.554778644715491320e-01 6.561376821724795150e+01 4.693050073922978106e-28 3.016703543042030469e-28 6.321100267066136133e-29 6.458455088676848810e-01 8.959435461238859728e-29 1.000000000000000000e+00 0.000000000000000000e+00 0.000000000000000000e+00 0.000000000000000000e+00 1.000000000000000000e+00 1.000000000000000000e+10 0.000000000000000000e+00 0.000000000000000000e+00 0.000000000000000000e+00 1.000000000000000000e+10
5.645521955031491679e-01 8.258199001423842844e+01 5.023369121217068312e+01 2.111906341126644548e+01 2.840088420910888978e-01 5.503714476355203544e+01 4.584041946139538205e-28 3.880909111428152098e-28 5.965749309276358127e-29 6.959950948826121309e-01 7.838544083690541887e-29 1.000000000000000000e+00 0.000000000000000000e+00 0.000000000000000000e+00 0.000000000000000000e+00 1.000000000000000000e+00 1.000000000000000000e+10 0.000000000000000000e+00 0.000000000000000000e+00 0.000000000000000000e+00 1.000000000000000000e+10
6.510919126887823039e-01 6.462433299641644169e+01 4.756121338844884860e+01 1.814287406640372069e+01 2.794333795614977745e-01 4.570747946990896082e+01 3.988118604329361119e-28 3.621958509931042664e-28 5.591082655519285403e-29 7.335634025227929511e-01 7.004126981184960676e-29 1.000000000000000000e+00 0.000000000000000000e+00 0.000000000000000000e+00 0.000000000000000000e+00 1.000000000000000000e+00 1.000000000000000000e+10 0.000000000000000000e+00 0.000000000000000000e+00 0.000000000000000000e+00 1.000000000000000000e+10
7.508972281844089602e-01 5.646593239624008476e+01 4.630758474517394063e+01 1.577529294090902923e+01 2.879602158182050786e-01 3.951321184419208521e+01 3.794812287880230987e-28 4.012419969595416796e-28 4.658101979979599281e-29 7.803365163461524201e-01 5.928414938207940500e-29 1.000000000000000000e+00 0.000000000000000000e+00 0.000000000000000000e+00 0.000000000000000000e+00 1.000000000000000000e+00 1.000000000000000000e+10 0.000000000000000000e+00 0.000000000000000000e+00 0.000000000000000000e+00 1.000000000000000000e+10
8.660016140678794550e-01 5.553932327638172950e+01 6.543426588847844982e+01 1.283480007032378367e+01 3.245451205911629167e-01 3.373647271185411967e+01 4.176727356575941979e-28 4.508822068497918124e-28 4.165008362089163142e-29 8.460067275322926683e-01 5.073464313770962284e-29 1.000000000000000000e+00 0.000000000000000000e+00 0.000000000000000000e+00 0.000000000000000000e+00 1.000000000000000000e+00 1.000000000000000000e+10 0.000000000000000000e+00 0.000000000000000000e+00 0.000000000000000000e+00 1.000000000000000000e+10
9.987502515910116063e-01 4.883922346150979621e+01 5.210723666771841067e+01 1.314596817803663598e+01 3.209242711828437788e-01 3.071659107281044854e+01 4.063806995999048676e-28 4.727869469221227728e-28 3.905813328076890306e-29 8.716221603035682053e-01 4.668992789117743135e-29 1.000000000000000000e+00 0.000000000000000000e+00 0.000000000000000000e+00 0.000000000000000000e+00 1.000000000000000000e+00 1.000000000000000000e+10 0.000000000000000000e+00 0.000000000000000000e+00 0.000000000000000000e+00 1.000000000000000000e+10
1.151847812808953542e+00 4.333978703493483664e+01 4.441453021419813751e+01 1.370709003968944728e+01 3.121018229676362221e-01 2.995801499611294716e+01 4.271571009169655353e-28 4.438307654587632639e-28 4.575592304631477940e-29 8.681430718588374340e-01 5.266906995476720493e-29 1.000000000000000000e+00 0.000000000000000000e+00 0.000000000000000000e+00 0.000000000000000000e+00 1.000000000000000000e+00 1.000000000000000000e+10 0.000000000000000000e+00 0.000000000000000000e+00 0.000000000000000000e+00 1.000000000000000000e+10
1.328413566614123908e+00 3.958855998294205847e+01 2.994033574176253865e+01 1.325720906550526657e+01 2.993564866180906670e-01 2.912602848535122035e+01 4.936421586030579088e-28 3.817608556602904268e-28 4.320831065376681523e-29 8.462285351510923093e-01 5.090406679162844781e-29 1.000000000000000000e+00 0.000000000000000000e+00 0.000000000000000000e+00 0.000000000000000000e+00 1.000000000000000000e+00 1.000000000000000000e+10 0.000000000000000000e+00 0.000000000000000000e+00 0.000000000000000000e+00 1.000000000000000000e+10
1.532044931926391351e+00 3.822590832789060045e+01 3.188517345838219086e+01 1.316043936215420018e+01 2.991980953410173782e-01 2.802445241695615152e+01 6.483952675657702686e-28 4.151212247791228753e-28 3.815506654165887119e-29 8.442703451862095809e-01 4.592619154581522159e-29 1.000000000000000000e+00 0.000000000000000000e+00 0.000000000000000000e+00 0.000000000000000000e+00 1.000000000000000000e+00 1.000000000000000000e+10 0.000000000000000000e+00 0.000000000000000000e+00 0.000000000000000000e+00 1.000000000000000000e+10
1.766890772896739126e+00 3.646265737065423451e+01 2.661797016307654573e+01 1.121251282277089700e+01 2.907827679983256419e-01 2.583118553408011664e+01 1.049601007938425099e-27 3.186974459422162562e-28 4.614592522557033227e-29 8.483022441761810528e-01 5.365726608386707611e-29 1.000000000000000000e+00 0.000000000000000000e+00 0.000000000000000000e+00 0.000000000000000000e+00 1.000000000000000000e+00 1.000000000000000000e+10 0.000000000000000000e+00 0.000000000000000000e+00 0.000000000000000000e+00 1.000000000000000000e+10
2.037735929469222107e+00 3.599407233746348567e+01 2.264672277762809571e+01 1.189197720975331585e+01 2.942758014075585460e-01 2.553491167111382865e+01 1.379457996265163177e-27 2.632668633659054244e-28 5.864877010598474958e-29 8.356209141751078651e-01 6.668373987941648668e-29 1.000000000000000000e+00 0.000000000000000000e+00 0.000000000000000000e+00 0.000000000000000000e+00 1.000000000000000000e+00 1.000000000000000000e+10 0.000000000000000000e+00 0.000000000000000000e+00 0.000000000000000000e+00 1.000000000000000000e+10
2.350098705559579226e+00 3.170865533480074916e+01 2.116931742020029006e+01 1.160811360015558336e+01 2.759821932517745879e-01 2.475030540460418038e+01 9.128533359404569838e-28 2.654582185303741403e-28 5.638923112085472064e-29 8.175235111382256337e-01 6.602199563253179730e-29 1.000000000000000000e+00 0.000000000000000000e+00 0.000000000000000000e+00 0.000000000000000000e+00 1.000000000000000000e+00 1.000000000000000000e+10 0.000000000000000000e+00 0.000000000000000000e+00 0.000000000000000000e+00 1.000000000000000000e+10
