# R (Mpc), mean rho (Msol/kpc^3), errup (Msol/kpc^3), errlow, std, median rho (Msol/kpc^3), mean pth (Msol/kpc/s^2), errup(Msol/kpc/s^2), errlow, std, median pth (Msol/kpc/s^2), mean gas-mass-weighted metal (fraction), errup, errlow, std, median metal, mean gas-mass-weighted temp (K), errup, errlow, std, median temp  
#  nprofs 197, mean mh 208263827315.100800, median mh 194213081624.749115 
#  Mass range 11.00 - 11.5
1.040961082911032697e-02 2.859310574345307541e+05 2.029928086474869924e+05 9.710277750365878455e+04 2.676908096184155150e-01 2.456570400958332175e+05 1.011864197523572430e-25 1.247479993005401638e-25 1.993059492424505863e-26 4.497826054343148638e-01 4.190562342251891893e-26 1.000000000000000000e+00 0.000000000000000000e+00 0.000000000000000000e+00 0.000000000000000000e+00 1.000000000000000000e+00 1.000000000000000000e+10 0.000000000000000000e+00 0.000000000000000000e+00 0.000000000000000000e+00 1.000000000000000000e+10
1.200529105910367808e-02 2.202057185894521535e+05 1.438291463061976538e+05 8.325510248643686646e+04 2.674030844073642110e-01 1.880468165252938343e+05 1.013605132816670478e-25 1.447354121996227585e-25 2.980571265941455698e-26 4.430379662275488184e-01 5.037888777141852730e-26 1.000000000000000000e+00 0.000000000000000000e+00 0.000000000000000000e+00 0.000000000000000000e+00 1.000000000000000000e+00 1.000000000000000000e+10 0.000000000000000000e+00 0.000000000000000000e+00 0.000000000000000000e+00 1.000000000000000000e+10
1.384557172980430476e-02 1.619551587204971875e+05 1.221533649291257025e+05 5.896217064251485863e+04 2.757815322152781801e-01 1.335156100716979126e+05 1.007801593291301553e-25 1.263050745249365989e-25 3.475265583766693555e-26 4.436663303406771508e-01 5.464327673265717911e-26 1.000000000000000000e+00 0.000000000000000000e+00 0.000000000000000000e+00 0.000000000000000000e+00 1.000000000000000000e+00 1.000000000000000000e+10 0.000000000000000000e+00 0.000000000000000000e+00 0.000000000000000000e+00 1.000000000000000000e+10
1.596794743096121086e-02 1.162249995097649371e+05 9.322347653622123471e+04 4.782199721134368883e+04 2.713259001719955377e-01 9.700480914359165763e+04 8.318519191084900445e-26 6.990250035931150267e-26 3.980424070621855301e-26 3.912473986611004761e-01 6.144399033237731524e-26 1.000000000000000000e+00 0.000000000000000000e+00 0.000000000000000000e+00 0.000000000000000000e+00 1.000000000000000000e+00 1.000000000000000000e+10 0.000000000000000000e+00 0.000000000000000000e+00 0.000000000000000000e+00 1.000000000000000000e+10
1.841566026551830909e-02 7.825306170946222846e+04 5.989973810866873828e+04 3.422357135191002453e+04 2.745113764718729032e-01 6.753858336712497112e+04 6.735767469960477341e-26 4.578381123747383333e-26 2.775734357471426337e-26 3.298185899400833954e-01 5.158720448549849341e-26 1.000000000000000000e+00 0.000000000000000000e+00 0.000000000000000000e+00 0.000000000000000000e+00 1.000000000000000000e+00 1.000000000000000000e+10 0.000000000000000000e+00 0.000000000000000000e+00 0.000000000000000000e+00 1.000000000000000000e+10
2.123858088093512342e-02 5.299278700650067185e+04 3.707095678802725160e+04 2.123630727536491759e+04 2.536551807759773181e-01 4.542589131935437035e+04 5.901042813435825873e-26 4.456913880675686825e-26 1.817742110025141267e-26 3.206697703289134727e-01 4.109369795197099767e-26 1.000000000000000000e+00 0.000000000000000000e+00 0.000000000000000000e+00 0.000000000000000000e+00 1.000000000000000000e+00 1.000000000000000000e+10 0.000000000000000000e+00 0.000000000000000000e+00 0.000000000000000000e+00 1.000000000000000000e+10
2.449422455303571639e-02 3.536779268267829320e+04 2.194696617537887869e+04 1.266772547872123323e+04 2.540780929418888223e-01 2.934387563091654374e+04 4.533255043141038751e-26 3.428985353667307787e-26 1.614021676527140685e-26 2.890441078774516614e-01 3.380261491008185234e-26 1.000000000000000000e+00 0.000000000000000000e+00 0.000000000000000000e+00 0.000000000000000000e+00 1.000000000000000000e+00 1.000000000000000000e+10 0.000000000000000000e+00 0.000000000000000000e+00 0.000000000000000000e+00 1.000000000000000000e+10
2.824892302447100725e-02 2.395968325197079321e+04 1.432603792027314194e+04 9.002030722285340744e+03 2.443225552995058336e-01 2.037502833560831641e+04 3.710356299620125900e-26 2.363730250608621031e-26 1.255646871968994796e-26 2.534917039545419026e-01 2.966069011596431045e-26 1.000000000000000000e+00 0.000000000000000000e+00 0.000000000000000000e+00 0.000000000000000000e+00 1.000000000000000000e+00 1.000000000000000000e+10 0.000000000000000000e+00 0.000000000000000000e+00 0.000000000000000000e+00 1.000000000000000000e+10
3.257917597328415654e-02 1.530773964381231599e+04 1.058944648079934450e+04 5.206712690559970724e+03 2.357388834339242956e-01 1.293451642128315689e+04 3.042445688508942853e-26 1.603744524955626877e-26 9.733203748280296227e-27 2.509057652584874010e-01 2.513002220863123449e-26 1.000000000000000000e+00 0.000000000000000000e+00 0.000000000000000000e+00 0.000000000000000000e+00 1.000000000000000000e+00 1.000000000000000000e+10 0.000000000000000000e+00 0.000000000000000000e+00 0.000000000000000000e+00 1.000000000000000000e+10
3.757320964692217186e-02 9.592936354936100543e+03 5.057638615307856526e+03 3.087848528579889717e+03 1.903759986363872392e-01 8.782118582995188262e+03 2.391910125068803234e-26 1.488212351276895303e-26 8.035682961863472373e-27 2.308489961559211656e-01 2.091946639021324130e-26 1.000000000000000000e+00 0.000000000000000000e+00 0.000000000000000000e+00 0.000000000000000000e+00 1.000000000000000000e+00 1.000000000000000000e+10 0.000000000000000000e+00 0.000000000000000000e+00 0.000000000000000000e+00 1.000000000000000000e+10
4.333277441790538143e-02 6.828246134661478209e+03 3.714234889611144354e+03 2.230524457318384520e+03 1.893064359283478382e-01 6.189359908596933565e+03 1.922987524523388347e-26 1.046774501482185404e-26 7.365297931977506758e-27 2.223606659209507175e-01 1.715564300864585390e-26 1.000000000000000000e+00 0.000000000000000000e+00 0.000000000000000000e+00 0.000000000000000000e+00 1.000000000000000000e+00 1.000000000000000000e+10 0.000000000000000000e+00 0.000000000000000000e+00 0.000000000000000000e+00 1.000000000000000000e+10
4.997521788524898756e-02 4.947669241464891456e+03 2.334346726300570481e+03 1.161733917362253578e+03 1.598560630332552801e-01 4.441381328481301352e+03 1.500525838674792820e-26 8.769815522791808589e-27 5.119862588251459848e-27 2.078132961645735299e-01 1.333443685762576512e-26 1.000000000000000000e+00 0.000000000000000000e+00 0.000000000000000000e+00 0.000000000000000000e+00 1.000000000000000000e+00 1.000000000000000000e+10 0.000000000000000000e+00 0.000000000000000000e+00 0.000000000000000000e+00 1.000000000000000000e+10
5.763587575980636674e-02 3.865380826816902754e+03 1.602272129042219149e+03 1.038314002754372723e+03 1.603268794108427819e-01 3.559427385617726486e+03 1.215550515548202264e-26 5.809980162002854434e-27 4.714120439216189219e-27 2.078371765870608290e-01 1.122768773051277482e-26 1.000000000000000000e+00 0.000000000000000000e+00 0.000000000000000000e+00 0.000000000000000000e+00 1.000000000000000000e+00 1.000000000000000000e+10 0.000000000000000000e+00 0.000000000000000000e+00 0.000000000000000000e+00 1.000000000000000000e+10
6.647082924635627776e-02 2.960528317440369847e+03 1.083284534549392902e+03 8.425508869062473423e+02 1.526398582970459050e-01 2.796397472975109849e+03 9.256398385953411529e-27 5.650731310723067937e-27 3.355249024557474486e-27 2.059618021022780188e-01 8.357445284942401866e-27 1.000000000000000000e+00 0.000000000000000000e+00 0.000000000000000000e+00 0.000000000000000000e+00 1.000000000000000000e+00 1.000000000000000000e+10 0.000000000000000000e+00 0.000000000000000000e+00 0.000000000000000000e+00 1.000000000000000000e+10
7.666008510240249207e-02 2.302062943781007107e+03 8.071071124941800008e+02 6.422486608167641862e+02 1.518732817468229079e-01 2.165913520239163972e+03 7.066782857535067088e-27 4.737666933945542688e-27 2.379437989751960177e-27 2.123742501006329886e-01 6.119526377957507287e-27 1.000000000000000000e+00 0.000000000000000000e+00 0.000000000000000000e+00 0.000000000000000000e+00 1.000000000000000000e+00 1.000000000000000000e+10 0.000000000000000000e+00 0.000000000000000000e+00 0.000000000000000000e+00 1.000000000000000000e+10
8.841124316543315376e-02 1.737876734938187155e+03 6.032117402740987018e+02 4.196994087663535993e+02 1.464875401431210700e-01 1.596220504750047894e+03 5.281165160239624184e-27 3.542753155810476481e-27 1.848264995275242274e-27 2.194612899962437857e-01 4.551604362109535520e-27 1.000000000000000000e+00 0.000000000000000000e+00 0.000000000000000000e+00 0.000000000000000000e+00 1.000000000000000000e+00 1.000000000000000000e+10 0.000000000000000000e+00 0.000000000000000000e+00 0.000000000000000000e+00 1.000000000000000000e+10
1.019637260722580097e-01 1.305256585664772274e+03 5.600637569442426411e+02 3.047181079004393496e+02 1.499777411537800698e-01 1.208776078838173362e+03 4.041094486043035491e-27 2.833780477573364833e-27 1.337753701405150189e-27 2.500242415657767392e-01 3.295168754498111961e-27 1.000000000000000000e+00 0.000000000000000000e+00 0.000000000000000000e+00 0.000000000000000000e+00 1.000000000000000000e+00 1.000000000000000000e+10 0.000000000000000000e+00 0.000000000000000000e+00 0.000000000000000000e+00 1.000000000000000000e+10
1.175936573483598035e-01 1.003533577675940592e+03 3.670921210661881560e+02 2.960130216056495556e+02 1.546067891344052314e-01 9.341165269411901591e+02 2.993401463870785217e-27 1.968056568798016704e-27 1.091638512851527507e-27 2.650788967696084408e-01 2.433079450884444464e-27 1.000000000000000000e+00 0.000000000000000000e+00 0.000000000000000000e+00 0.000000000000000000e+00 1.000000000000000000e+00 1.000000000000000000e+10 0.000000000000000000e+00 0.000000000000000000e+00 0.000000000000000000e+00 1.000000000000000000e+10
1.356194872553388164e-01 7.494694539148496233e+02 2.505880107957343625e+02 1.658734827585591347e+02 1.429641989787259204e-01 6.973926070217771667e+02 2.214172827965225768e-27 1.250453715753657046e-27 7.116307827787952935e-28 2.843641282303556173e-01 1.685398123552841858e-27 1.000000000000000000e+00 0.000000000000000000e+00 0.000000000000000000e+00 0.000000000000000000e+00 1.000000000000000000e+00 1.000000000000000000e+10 0.000000000000000000e+00 0.000000000000000000e+00 0.000000000000000000e+00 1.000000000000000000e+10
1.564084810196403053e-01 5.688882206082846551e+02 2.354701714416581808e+02 1.300064198949094703e+02 1.477147211468364252e-01 5.185790680593962634e+02 1.692766762116538075e-27 1.124147453353506961e-27 5.400549789207190389e-28 3.195927211856138261e-01 1.186020617496714291e-27 1.000000000000000000e+00 0.000000000000000000e+00 0.000000000000000000e+00 0.000000000000000000e+00 1.000000000000000000e+00 1.000000000000000000e+10 0.000000000000000000e+00 0.000000000000000000e+00 0.000000000000000000e+00 1.000000000000000000e+10
1.803842016362447453e-01 4.288160139908301858e+02 1.802080976419697436e+02 1.050779086307187526e+02 1.599210844561217149e-01 3.875706447251448026e+02 1.305836888509009399e-27 8.441823232114620981e-28 3.906863526884249359e-28 3.580199126160828471e-01 7.989203112385699567e-28 1.000000000000000000e+00 0.000000000000000000e+00 0.000000000000000000e+00 0.000000000000000000e+00 1.000000000000000000e+00 1.000000000000000000e+10 0.000000000000000000e+00 0.000000000000000000e+00 0.000000000000000000e+00 1.000000000000000000e+10
2.080351397048574025e-01 3.363241746392940854e+02 1.622708993915529163e+02 7.532849336299327092e+01 1.776461129889582713e-01 2.913570673488643479e+02 1.038917062313918760e-27 8.787861013508780846e-28 2.387992996808304937e-28 4.033565345171768457e-01 5.079095498940073329e-28 1.000000000000000000e+00 0.000000000000000000e+00 0.000000000000000000e+00 0.000000000000000000e+00 1.000000000000000000e+00 1.000000000000000000e+10 0.000000000000000000e+00 0.000000000000000000e+00 0.000000000000000000e+00 1.000000000000000000e+10
2.399246661262133540e-01 2.557304364078283641e+02 1.398854377238586721e+02 6.162198227409299989e+01 1.889881149371998581e-01 2.151318001423474584e+02 8.417443806507459542e-28 8.319064190421593643e-28 1.902967590153225532e-28 4.485773574730122504e-01 3.580278873770847753e-28 1.000000000000000000e+00 0.000000000000000000e+00 0.000000000000000000e+00 0.000000000000000000e+00 1.000000000000000000e+00 1.000000000000000000e+10 0.000000000000000000e+00 0.000000000000000000e+00 0.000000000000000000e+00 1.000000000000000000e+10
2.767025104385807399e-01 2.078386742349728422e+02 1.030782541628618389e+02 4.520772839651650088e+01 2.134675635666834770e-01 1.634991140154557741e+02 7.262745397715740459e-28 8.037435859043333774e-28 1.331299615842870392e-28 4.942777874449951758e-01 2.412842828847661352e-28 1.000000000000000000e+00 0.000000000000000000e+00 0.000000000000000000e+00 0.000000000000000000e+00 1.000000000000000000e+00 1.000000000000000000e+10 0.000000000000000000e+00 0.000000000000000000e+00 0.000000000000000000e+00 1.000000000000000000e+10
3.191179986585286343e-01 1.704989761650079458e+02 1.025444675160286891e+02 4.037610133526321476e+01 2.298625329921474003e-01 1.272112539217934710e+02 6.449099962470279166e-28 6.951610364541321937e-28 1.025752046317622216e-28 5.378375406729448693e-01 1.808967805440000069e-28 1.000000000000000000e+00 0.000000000000000000e+00 0.000000000000000000e+00 0.000000000000000000e+00 1.000000000000000000e+00 1.000000000000000000e+10 0.000000000000000000e+00 0.000000000000000000e+00 0.000000000000000000e+00 1.000000000000000000e+10
3.680353203388414540e-01 1.415550661475569711e+02 8.347029174963795128e+01 3.417544993743130988e+01 2.452110171452455412e-01 1.030624247284563495e+02 6.096731766641436564e-28 6.111393850448036180e-28 8.079106277293925442e-29 5.884200445750151776e-01 1.361407804879037904e-28 1.000000000000000000e+00 0.000000000000000000e+00 0.000000000000000000e+00 0.000000000000000000e+00 1.000000000000000000e+00 1.000000000000000000e+10 0.000000000000000000e+00 0.000000000000000000e+00 0.000000000000000000e+00 1.000000000000000000e+10
4.244511359005219142e-01 1.234106510724814569e+02 9.031716923733198144e+01 2.780927388543543799e+01 2.735020304390134438e-01 8.193807587865153153e+01 5.949415498025917692e-28 7.440308725818163129e-28 6.480511415696645128e-29 6.435545493906953407e-01 1.035855790237530158e-28 1.000000000000000000e+00 0.000000000000000000e+00 0.000000000000000000e+00 0.000000000000000000e+00 1.000000000000000000e+00 1.000000000000000000e+10 0.000000000000000000e+00 0.000000000000000000e+00 0.000000000000000000e+00 1.000000000000000000e+10
4.895148829774688681e-01 1.003896840721107822e+02 7.671351293661354021e+01 2.665615018320247742e+01 2.812370970412016447e-01 6.920082071735183149e+01 5.529662776399083674e-28 4.885732313164423851e-28 5.663374135499327659e-29 6.880565297587913909e-01 8.316477902956308616e-29 1.000000000000000000e+00 0.000000000000000000e+00 0.000000000000000000e+00 0.000000000000000000e+00 1.000000000000000000e+00 1.000000000000000000e+10 0.000000000000000000e+00 0.000000000000000000e+00 0.000000000000000000e+00 1.000000000000000000e+10
5.645521955031491679e-01 8.724700652838882320e+01 7.287092513689938755e+01 2.227663728991289105e+01 3.011017990276486089e-01 5.634121794036693132e+01 5.541521644072821551e-28 4.924343530843066017e-28 5.194950284912496544e-29 7.371379539755824606e-01 7.136573963209871419e-29 1.000000000000000000e+00 0.000000000000000000e+00 0.000000000000000000e+00 0.000000000000000000e+00 1.000000000000000000e+00 1.000000000000000000e+10 0.000000000000000000e+00 0.000000000000000000e+00 0.000000000000000000e+00 1.000000000000000000e+10
6.510919126887823039e-01 6.989258268179791855e+01 5.735380372386103431e+01 1.851221634295056973e+01 3.022974600858903127e-01 4.563892763755823978e+01 5.123117076897629846e-28 4.625528274962939992e-28 4.696004092741457458e-29 7.809819967384519224e-01 6.153422560807423005e-29 1.000000000000000000e+00 0.000000000000000000e+00 0.000000000000000000e+00 0.000000000000000000e+00 1.000000000000000000e+00 1.000000000000000000e+10 0.000000000000000000e+00 0.000000000000000000e+00 0.000000000000000000e+00 1.000000000000000000e+10
7.508972281844089602e-01 6.166794385919323673e+01 5.586808264358984388e+01 1.601424115607739651e+01 3.095821823651217497e-01 3.970817617962885038e+01 5.283526654180624054e-28 4.582622300693135544e-28 3.878558293806593907e-29 8.213239582339273426e-01 5.064344040448595858e-29 1.000000000000000000e+00 0.000000000000000000e+00 0.000000000000000000e+00 0.000000000000000000e+00 1.000000000000000000e+00 1.000000000000000000e+10 0.000000000000000000e+00 0.000000000000000000e+00 0.000000000000000000e+00 1.000000000000000000e+10
8.660016140678794550e-01 5.712126362307724037e+01 6.326300645812434453e+01 1.412289497820918172e+01 3.293964153557627506e-01 3.508732788687986925e+01 4.847178827470027880e-28 5.638957841331032927e-28 4.137739845323354897e-29 8.660371032947129510e-01 5.071085425904861043e-29 1.000000000000000000e+00 0.000000000000000000e+00 0.000000000000000000e+00 0.000000000000000000e+00 1.000000000000000000e+00 1.000000000000000000e+10 0.000000000000000000e+00 0.000000000000000000e+00 0.000000000000000000e+00 1.000000000000000000e+10
9.987502515910116063e-01 5.045258106412137522e+01 5.202574042450613234e+01 1.505338831122142196e+01 3.262989858850975367e-01 3.247383357689609085e+01 4.189915884604570319e-28 5.679848200129252071e-28 4.579621741898181174e-29 8.894628319853520315e-01 5.315296137008951752e-29 1.000000000000000000e+00 0.000000000000000000e+00 0.000000000000000000e+00 0.000000000000000000e+00 1.000000000000000000e+00 1.000000000000000000e+10 0.000000000000000000e+00 0.000000000000000000e+00 0.000000000000000000e+00 1.000000000000000000e+10
1.151847812808953542e+00 4.451736305603569832e+01 4.677284976188134635e+01 1.480748485209370102e+01 3.166935361503048219e-01 3.118988830746869567e+01 3.943539007463010472e-28 4.666341559211641694e-28 4.043816814935043218e-29 8.810386392761154761e-01 4.690261228300735722e-29 1.000000000000000000e+00 0.000000000000000000e+00 0.000000000000000000e+00 0.000000000000000000e+00 1.000000000000000000e+00 1.000000000000000000e+10 0.000000000000000000e+00 0.000000000000000000e+00 0.000000000000000000e+00 1.000000000000000000e+10
1.328413566614123908e+00 4.097887622138804886e+01 3.343497632254448604e+01 1.341643505684946902e+01 3.051554674669442191e-01 2.932019064033375955e+01 4.628029391272508655e-28 3.906772051411637152e-28 3.676550513380832034e-29 8.589367995844255921e-01 4.377944880157181402e-29 1.000000000000000000e+00 0.000000000000000000e+00 0.000000000000000000e+00 0.000000000000000000e+00 1.000000000000000000e+00 1.000000000000000000e+10 0.000000000000000000e+00 0.000000000000000000e+00 0.000000000000000000e+00 1.000000000000000000e+10
1.532044931926391351e+00 4.006767268886183331e+01 3.648945402484745415e+01 1.356266291680911884e+01 3.109544111164743718e-01 2.834588729507444071e+01 7.084430199806543585e-28 4.077444627808596404e-28 3.513020643339888312e-29 8.795026404961765465e-01 4.169247994009235351e-29 1.000000000000000000e+00 0.000000000000000000e+00 0.000000000000000000e+00 0.000000000000000000e+00 1.000000000000000000e+00 1.000000000000000000e+10 0.000000000000000000e+00 0.000000000000000000e+00 0.000000000000000000e+00 1.000000000000000000e+10
1.766890772896739126e+00 3.831136210669387765e+01 2.879197061548554615e+01 1.120476428310681705e+01 3.041866611780524865e-01 2.554056536684298351e+01 1.113892147006155263e-27 3.478970936185753980e-28 4.120843512423904767e-29 8.747297384977901213e-01 4.787631403198543553e-29 1.000000000000000000e+00 0.000000000000000000e+00 0.000000000000000000e+00 0.000000000000000000e+00 1.000000000000000000e+00 1.000000000000000000e+10 0.000000000000000000e+00 0.000000000000000000e+00 0.000000000000000000e+00 1.000000000000000000e+10
2.037735929469222107e+00 3.830889311648167705e+01 2.673925245837164510e+01 1.310701301114234241e+01 3.069607752296266701e-01 2.665721409937707875e+01 1.564830484939093322e-27 2.433953254506549610e-28 6.655626234826854493e-29 8.599398752238208710e-01 7.428150383641367163e-29 1.000000000000000000e+00 0.000000000000000000e+00 0.000000000000000000e+00 0.000000000000000000e+00 1.000000000000000000e+00 1.000000000000000000e+10 0.000000000000000000e+00 0.000000000000000000e+00 0.000000000000000000e+00 1.000000000000000000e+10
2.350098705559579226e+00 3.364404179850352961e+01 2.116292631444679273e+01 1.184792673366977311e+01 2.909349825650227594e-01 2.492290677701243595e+01 1.187913666164291086e-27 2.374827059274679571e-28 6.035065072758968160e-29 8.720253479428291543e-01 6.834819252088366322e-29 1.000000000000000000e+00 0.000000000000000000e+00 0.000000000000000000e+00 0.000000000000000000e+00 1.000000000000000000e+00 1.000000000000000000e+10 0.000000000000000000e+00 0.000000000000000000e+00 0.000000000000000000e+00 1.000000000000000000e+10
