# R (Mpc), mean rho (Msol/kpc^3), errup (Msol/kpc^3), errlow, std, median rho (Msol/kpc^3), mean pth (Msol/kpc/s^2), errup(Msol/kpc/s^2), errlow, std, median pth (Msol/kpc/s^2), mean gas-mass-weighted metal (fraction), errup, errlow, std, median metal, mean gas-mass-weighted temp (K), errup, errlow, std, median temp  
#  nprofs 174, mean mh 541133636846.032349, median mh 496059486503.981934 
#  Mass range 11.50 - 12.0
1.040961082911032697e-02 3.065429117673108121e+05 1.651696671368234092e+05 1.269618285125607217e+05 2.462897891477152379e-01 2.777814792790713254e+05 2.149567928146788677e-25 4.210526098257573248e-25 4.210024116904314247e-26 5.520917674736045555e-01 6.958258036900191234e-26 1.000000000000000000e+00 0.000000000000000000e+00 0.000000000000000000e+00 0.000000000000000000e+00 1.000000000000000000e+00 1.000000000000000000e+10 0.000000000000000000e+00 0.000000000000000000e+00 0.000000000000000000e+00 1.000000000000000000e+10
1.200529105910367808e-02 2.418097939329310029e+05 1.492616361078256741e+05 1.081149768600386742e+05 2.581166536642376941e-01 2.223384681899250718e+05 2.337378807845080697e-25 3.304138717674461799e-25 7.213087714524238597e-26 5.289501310516160348e-01 1.044596593891031788e-25 1.000000000000000000e+00 0.000000000000000000e+00 0.000000000000000000e+00 0.000000000000000000e+00 1.000000000000000000e+00 1.000000000000000000e+10 0.000000000000000000e+00 0.000000000000000000e+00 0.000000000000000000e+00 1.000000000000000000e+10
1.384557172980430476e-02 1.828789210545727110e+05 1.007904967235374497e+05 8.016012631917350518e+04 2.553296944746412667e-01 1.669400493417032412e+05 2.613083433780836942e-25 2.888347632164686047e-25 9.140372011121904568e-26 4.266910849115809756e-01 1.519605341181956971e-25 1.000000000000000000e+00 0.000000000000000000e+00 0.000000000000000000e+00 0.000000000000000000e+00 1.000000000000000000e+00 1.000000000000000000e+10 0.000000000000000000e+00 0.000000000000000000e+00 0.000000000000000000e+00 1.000000000000000000e+10
1.596794743096121086e-02 1.351467016171380528e+05 8.606902940414068871e+04 4.632779671039181994e+04 2.669093141150982174e-01 1.144646274848131579e+05 2.339747965567526767e-25 2.686374629483601224e-25 1.218265598377756772e-25 4.433211299093022251e-01 1.722079413237261096e-25 1.000000000000000000e+00 0.000000000000000000e+00 0.000000000000000000e+00 0.000000000000000000e+00 1.000000000000000000e+00 1.000000000000000000e+10 0.000000000000000000e+00 0.000000000000000000e+00 0.000000000000000000e+00 1.000000000000000000e+10
1.841566026551830909e-02 1.001219059641975327e+05 7.517621669444566942e+04 3.722187244407307298e+04 2.733548599825554315e-01 8.374253182519663824e+04 2.197517244681779959e-25 2.102639276928862889e-25 8.243943697835984750e-26 3.763259020051979986e-01 1.476494958123108281e-25 1.000000000000000000e+00 0.000000000000000000e+00 0.000000000000000000e+00 0.000000000000000000e+00 1.000000000000000000e+00 1.000000000000000000e+10 0.000000000000000000e+00 0.000000000000000000e+00 0.000000000000000000e+00 1.000000000000000000e+10
2.123858088093512342e-02 6.893215444521211612e+04 5.325300635638472158e+04 2.907461054969174438e+04 2.839960876806806866e-01 5.829606042520015035e+04 1.901917606276128127e-25 1.710867029042286229e-25 8.183461722250132542e-26 3.552430351220694504e-01 1.434686718957722999e-25 1.000000000000000000e+00 0.000000000000000000e+00 0.000000000000000000e+00 0.000000000000000000e+00 1.000000000000000000e+00 1.000000000000000000e+10 0.000000000000000000e+00 0.000000000000000000e+00 0.000000000000000000e+00 1.000000000000000000e+10
2.449422455303571639e-02 4.804276096237285674e+04 3.475193604239649721e+04 1.972959323543886785e+04 2.759723985811297076e-01 3.983406299405438767e+04 1.540123390428529912e-25 1.186740718813546162e-25 7.199395758015995480e-26 3.189229882370705482e-01 1.224479357761175150e-25 1.000000000000000000e+00 0.000000000000000000e+00 0.000000000000000000e+00 0.000000000000000000e+00 1.000000000000000000e+00 1.000000000000000000e+10 0.000000000000000000e+00 0.000000000000000000e+00 0.000000000000000000e+00 1.000000000000000000e+10
2.824892302447100725e-02 3.323450632267444598e+04 2.563877712989052816e+04 1.191344916426227792e+04 2.797309298377139153e-01 2.675555352893713280e+04 1.302722600518959966e-25 1.091212970292669440e-25 5.734078517454400218e-26 3.247319136187230559e-01 1.027549096875921233e-25 1.000000000000000000e+00 0.000000000000000000e+00 0.000000000000000000e+00 0.000000000000000000e+00 1.000000000000000000e+00 1.000000000000000000e+10 0.000000000000000000e+00 0.000000000000000000e+00 0.000000000000000000e+00 1.000000000000000000e+10
3.257917597328415654e-02 2.333751420199017957e+04 1.851430520752759185e+04 8.131071695445509249e+03 2.522853114730381208e-01 1.900374629625533998e+04 1.090129437920385696e-25 8.124631370910108373e-26 4.088703412514250429e-26 2.901131884765494884e-01 8.679273349015288987e-26 1.000000000000000000e+00 0.000000000000000000e+00 0.000000000000000000e+00 0.000000000000000000e+00 1.000000000000000000e+00 1.000000000000000000e+10 0.000000000000000000e+00 0.000000000000000000e+00 0.000000000000000000e+00 1.000000000000000000e+10
3.757320964692217186e-02 1.687146392105306586e+04 1.395100102012922434e+04 5.063678111879886274e+03 2.411884205987854246e-01 1.335677901533119802e+04 9.161440860715503031e-26 7.157227507846783401e-26 3.353069140099529257e-26 2.835933272352384460e-01 7.308534578037981887e-26 1.000000000000000000e+00 0.000000000000000000e+00 0.000000000000000000e+00 0.000000000000000000e+00 1.000000000000000000e+00 1.000000000000000000e+10 0.000000000000000000e+00 0.000000000000000000e+00 0.000000000000000000e+00 1.000000000000000000e+10
4.333277441790538143e-02 1.248739187117342772e+04 6.693598359949690348e+03 4.178459065628406279e+03 2.076975724611622165e-01 1.107829878388380166e+04 7.787882355228347137e-26 6.787730343147370102e-26 3.055382483716281962e-26 2.799814114159479006e-01 6.217195459512400865e-26 1.000000000000000000e+00 0.000000000000000000e+00 0.000000000000000000e+00 0.000000000000000000e+00 1.000000000000000000e+00 1.000000000000000000e+10 0.000000000000000000e+00 0.000000000000000000e+00 0.000000000000000000e+00 1.000000000000000000e+10
4.997521788524898756e-02 9.301061360642990621e+03 5.000449208921880199e+03 2.800053189261589068e+03 1.891145195779870558e-01 8.286895809064837522e+03 6.368975239158347876e-26 4.696961251478692424e-26 2.738062481020408056e-26 2.782404875846163916e-01 5.371686263854755754e-26 1.000000000000000000e+00 0.000000000000000000e+00 0.000000000000000000e+00 0.000000000000000000e+00 1.000000000000000000e+00 1.000000000000000000e+10 0.000000000000000000e+00 0.000000000000000000e+00 0.000000000000000000e+00 1.000000000000000000e+10
5.763587575980636674e-02 7.251136132235846162e+03 3.490052429610419495e+03 2.137642437844733649e+03 1.740258174180236983e-01 6.542909297491749385e+03 5.286957593282723428e-26 3.812187908098202848e-26 2.122197311650890107e-26 2.665012041323721603e-01 4.457431183752687934e-26 1.000000000000000000e+00 0.000000000000000000e+00 0.000000000000000000e+00 0.000000000000000000e+00 1.000000000000000000e+00 1.000000000000000000e+10 0.000000000000000000e+00 0.000000000000000000e+00 0.000000000000000000e+00 1.000000000000000000e+10
6.647082924635627776e-02 5.886037381284799267e+03 3.157188078718128054e+03 1.704003984737298197e+03 1.758060352771149415e-01 5.314542092247133951e+03 4.226185710836984814e-26 3.473614072589752352e-26 1.703354315575362738e-26 2.647573899110122753e-01 3.444645467121189508e-26 1.000000000000000000e+00 0.000000000000000000e+00 0.000000000000000000e+00 0.000000000000000000e+00 1.000000000000000000e+00 1.000000000000000000e+10 0.000000000000000000e+00 0.000000000000000000e+00 0.000000000000000000e+00 1.000000000000000000e+10
7.666008510240249207e-02 4.674578350366458835e+03 1.923395763257825820e+03 1.313155883135803379e+03 1.617406954002135189e-01 4.380736258258396447e+03 3.316144737859853649e-26 2.459738194242958768e-26 1.266914605652444538e-26 2.680194524244384757e-01 2.677968910557513529e-26 1.000000000000000000e+00 0.000000000000000000e+00 0.000000000000000000e+00 0.000000000000000000e+00 1.000000000000000000e+00 1.000000000000000000e+10 0.000000000000000000e+00 0.000000000000000000e+00 0.000000000000000000e+00 1.000000000000000000e+10
8.841124316543315376e-02 3.722969090849557233e+03 1.542271698734749407e+03 9.140056982932169376e+02 1.649654669313032063e-01 3.315635372342522714e+03 2.572789135256777339e-26 2.182361300829007884e-26 9.131762238404140867e-27 2.702228985496610281e-01 1.963263005531524661e-26 1.000000000000000000e+00 0.000000000000000000e+00 0.000000000000000000e+00 0.000000000000000000e+00 1.000000000000000000e+00 1.000000000000000000e+10 0.000000000000000000e+00 0.000000000000000000e+00 0.000000000000000000e+00 1.000000000000000000e+10
1.019637260722580097e-01 2.958162468115379852e+03 1.682588146003187831e+03 8.234962940865868859e+02 1.742872132767334381e-01 2.653506793750655561e+03 1.928758355800004427e-26 1.618525735277049749e-26 6.896779459276439253e-27 2.844233858544563676e-01 1.472722777891609791e-26 1.000000000000000000e+00 0.000000000000000000e+00 0.000000000000000000e+00 0.000000000000000000e+00 1.000000000000000000e+00 1.000000000000000000e+10 0.000000000000000000e+00 0.000000000000000000e+00 0.000000000000000000e+00 1.000000000000000000e+10
1.175936573483598035e-01 2.308689858848336826e+03 1.370704206717404304e+03 7.175054909620128001e+02 1.821321879679083378e-01 2.034928016754578493e+03 1.443230494148388471e-26 1.179645365307435610e-26 5.601437177397675759e-27 3.033893621122665807e-01 1.085714312787575129e-26 1.000000000000000000e+00 0.000000000000000000e+00 0.000000000000000000e+00 0.000000000000000000e+00 1.000000000000000000e+00 1.000000000000000000e+10 0.000000000000000000e+00 0.000000000000000000e+00 0.000000000000000000e+00 1.000000000000000000e+10
1.356194872553388164e-01 1.776363678753510385e+03 9.986691549914562529e+02 5.989392951734513417e+02 1.873333026416534597e-01 1.605933855621106886e+03 1.040158494419983383e-26 8.211122788491545198e-27 4.169858188052433204e-27 3.192557181507241215e-01 7.663561783687100301e-27 1.000000000000000000e+00 0.000000000000000000e+00 0.000000000000000000e+00 0.000000000000000000e+00 1.000000000000000000e+00 1.000000000000000000e+10 0.000000000000000000e+00 0.000000000000000000e+00 0.000000000000000000e+00 1.000000000000000000e+10
1.564084810196403053e-01 1.336226695831999905e+03 6.759264796200234287e+02 4.432778911311223737e+02 1.853450820327074700e-01 1.221692287449634023e+03 7.198455062442171452e-27 5.476823980732280032e-27 2.860707880280516633e-27 3.262249498525963687e-01 5.233094609375735306e-27 1.000000000000000000e+00 0.000000000000000000e+00 0.000000000000000000e+00 0.000000000000000000e+00 1.000000000000000000e+00 1.000000000000000000e+10 0.000000000000000000e+00 0.000000000000000000e+00 0.000000000000000000e+00 1.000000000000000000e+10
1.803842016362447453e-01 1.003140475529823107e+03 4.957382214525075597e+02 3.282585025928666482e+02 1.840569402385713316e-01 9.148022845851628517e+02 4.956723821457112531e-27 4.088577231181974169e-27 2.024453118561459218e-27 3.347259716403878649e-01 3.696076079666725427e-27 1.000000000000000000e+00 0.000000000000000000e+00 0.000000000000000000e+00 0.000000000000000000e+00 1.000000000000000000e+00 1.000000000000000000e+10 0.000000000000000000e+00 0.000000000000000000e+00 0.000000000000000000e+00 1.000000000000000000e+10
2.080351397048574025e-01 7.447336125646666005e+02 3.692848608964399091e+02 2.853931101490226183e+02 1.829773929269411237e-01 7.184310426727480490e+02 3.466381032329270686e-27 3.174140404167726936e-27 1.547845271649237265e-27 3.509194834235841998e-01 2.601756424720277450e-27 1.000000000000000000e+00 0.000000000000000000e+00 0.000000000000000000e+00 0.000000000000000000e+00 1.000000000000000000e+00 1.000000000000000000e+10 0.000000000000000000e+00 0.000000000000000000e+00 0.000000000000000000e+00 1.000000000000000000e+10
2.399246661262133540e-01 5.622348215018356541e+02 3.051619993208581718e+02 1.626151392624593655e+02 1.873585242585301958e-01 5.010691271202922508e+02 2.453285162740751840e-27 2.360685282187081009e-27 9.509928874856486384e-28 3.704431537201670066e-01 1.693947004204862111e-27 1.000000000000000000e+00 0.000000000000000000e+00 0.000000000000000000e+00 0.000000000000000000e+00 1.000000000000000000e+00 1.000000000000000000e+10 0.000000000000000000e+00 0.000000000000000000e+00 0.000000000000000000e+00 1.000000000000000000e+10
2.767025104385807399e-01 4.109212578853740752e+02 2.115245534082325776e+02 1.329122615262451177e+02 1.894192768511497593e-01 3.764683421790487046e+02 1.737005239425937179e-27 1.284020282075294313e-27 7.032876870633123351e-28 3.926798772779616087e-01 1.143693859057436399e-27 1.000000000000000000e+00 0.000000000000000000e+00 0.000000000000000000e+00 0.000000000000000000e+00 1.000000000000000000e+00 1.000000000000000000e+10 0.000000000000000000e+00 0.000000000000000000e+00 0.000000000000000000e+00 1.000000000000000000e+10
3.191179986585286343e-01 2.961749240364810589e+02 1.514297003912971604e+02 9.695548163410035158e+01 1.954127027129047567e-01 2.592848690695047935e+02 1.282345600212518501e-27 9.365186500051915230e-28 4.439154136123746679e-28 4.231576979251382986e-01 6.995386472608425614e-28 1.000000000000000000e+00 0.000000000000000000e+00 0.000000000000000000e+00 0.000000000000000000e+00 1.000000000000000000e+00 1.000000000000000000e+10 0.000000000000000000e+00 0.000000000000000000e+00 0.000000000000000000e+00 1.000000000000000000e+10
3.680353203388414540e-01 2.179996708859110015e+02 1.168906016105577237e+02 6.160675591466031165e+01 1.996045316489174770e-01 1.834760299469999723e+02 1.017839301269537554e-27 8.079204653298317419e-28 2.787942154081780984e-28 4.563838139320806064e-01 4.410093080531226764e-28 1.000000000000000000e+00 0.000000000000000000e+00 0.000000000000000000e+00 0.000000000000000000e+00 1.000000000000000000e+00 1.000000000000000000e+10 0.000000000000000000e+00 0.000000000000000000e+00 0.000000000000000000e+00 1.000000000000000000e+10
4.244511359005219142e-01 1.679758320892483709e+02 8.290692387471921165e+01 4.555767895951892399e+01 2.118813198101158479e-01 1.372946882904876702e+02 8.477382780052725327e-28 6.263335117134247141e-28 1.859678232138957319e-28 4.899398634460887525e-01 2.960524692141683071e-28 1.000000000000000000e+00 0.000000000000000000e+00 0.000000000000000000e+00 0.000000000000000000e+00 1.000000000000000000e+00 1.000000000000000000e+10 0.000000000000000000e+00 0.000000000000000000e+00 0.000000000000000000e+00 1.000000000000000000e+10
4.895148829774688681e-01 1.281923348287365343e+02 7.144454367421164420e+01 3.734603421387741662e+01 2.203460410276373571e-01 1.041010996891034495e+02 7.094078759768455413e-28 5.897491576214527470e-28 1.338049733994788852e-28 5.292325748794721729e-01 2.056496166979721730e-28 1.000000000000000000e+00 0.000000000000000000e+00 0.000000000000000000e+00 0.000000000000000000e+00 1.000000000000000000e+00 1.000000000000000000e+10 0.000000000000000000e+00 0.000000000000000000e+00 0.000000000000000000e+00 1.000000000000000000e+10
5.645521955031491679e-01 1.036271312380960268e+02 7.052589552172216258e+01 3.234867505053299652e+01 2.421290932526391770e-01 8.190558294074273249e+01 6.835620416162456421e-28 5.065328981694245679e-28 1.005382842465223372e-28 5.951665807018141630e-01 1.461419687422321038e-28 1.000000000000000000e+00 0.000000000000000000e+00 0.000000000000000000e+00 0.000000000000000000e+00 1.000000000000000000e+00 1.000000000000000000e+10 0.000000000000000000e+00 0.000000000000000000e+00 0.000000000000000000e+00 1.000000000000000000e+10
6.510919126887823039e-01 9.336126337124798624e+01 7.962409566334483202e+01 2.573184672060562406e+01 2.895345719908622995e-01 6.355319353101506863e+01 7.696064993646717232e-28 5.687512060134080120e-28 6.693780140149116436e-29 6.925482828838661620e-01 9.520277239715282028e-29 1.000000000000000000e+00 0.000000000000000000e+00 0.000000000000000000e+00 0.000000000000000000e+00 1.000000000000000000e+00 1.000000000000000000e+10 0.000000000000000000e+00 0.000000000000000000e+00 0.000000000000000000e+00 1.000000000000000000e+10
7.508972281844089602e-01 8.305495536829771197e+01 8.255904065550622306e+01 1.924791033076541780e+01 3.222379976477709462e-01 4.982782881836020294e+01 9.055000395930041299e-28 5.274599758778780846e-28 5.749653806329925165e-29 7.639586047795702273e-01 7.551156815011959559e-29 1.000000000000000000e+00 0.000000000000000000e+00 0.000000000000000000e+00 0.000000000000000000e+00 1.000000000000000000e+00 1.000000000000000000e+10 0.000000000000000000e+00 0.000000000000000000e+00 0.000000000000000000e+00 1.000000000000000000e+10
8.660016140678794550e-01 7.066387514501602141e+01 5.899071844795100361e+01 1.794131881567633258e+01 3.177850936695375550e-01 4.416882170742768920e+01 9.558451061221346397e-28 3.892942398358587563e-28 4.576996877935577722e-29 7.873452670626528427e-01 6.280854128725747322e-29 1.000000000000000000e+00 0.000000000000000000e+00 0.000000000000000000e+00 0.000000000000000000e+00 1.000000000000000000e+00 1.000000000000000000e+10 0.000000000000000000e+00 0.000000000000000000e+00 0.000000000000000000e+00 1.000000000000000000e+10
9.987502515910116063e-01 6.081089664339190648e+01 5.140465087118433019e+01 1.823047343825248134e+01 3.109901605643031197e-01 4.046295821194482301e+01 1.256027206087663892e-27 3.892709670125174898e-28 4.241422801656927299e-29 8.151882322273201753e-01 5.382261353772588069e-29 1.000000000000000000e+00 0.000000000000000000e+00 0.000000000000000000e+00 0.000000000000000000e+00 1.000000000000000000e+00 1.000000000000000000e+10 0.000000000000000000e+00 0.000000000000000000e+00 0.000000000000000000e+00 1.000000000000000000e+10
1.151847812808953542e+00 5.743538591749316424e+01 4.136249789293923129e+01 1.556295987454005214e+01 3.251953167947777001e-01 3.543626690552711977e+01 1.867169322044950112e-27 4.078264294114321667e-28 4.131047856751366144e-29 8.541291932492275363e-01 5.115856072020591963e-29 1.000000000000000000e+00 0.000000000000000000e+00 0.000000000000000000e+00 0.000000000000000000e+00 1.000000000000000000e+00 1.000000000000000000e+10 0.000000000000000000e+00 0.000000000000000000e+00 0.000000000000000000e+00 1.000000000000000000e+10
1.328413566614123908e+00 5.461483577136721124e+01 4.720796348064619252e+01 1.267638728877555465e+01 3.248749714644422193e-01 3.099766142946814540e+01 2.377998329171564353e-27 4.463968325657892892e-28 3.136212175641372293e-29 8.680169472288030708e-01 4.111486177016985856e-29 1.000000000000000000e+00 0.000000000000000000e+00 0.000000000000000000e+00 0.000000000000000000e+00 1.000000000000000000e+00 1.000000000000000000e+10 0.000000000000000000e+00 0.000000000000000000e+00 0.000000000000000000e+00 1.000000000000000000e+10
1.532044931926391351e+00 5.000403239314882597e+01 4.649857322192829656e+01 1.312272078849271395e+01 3.205430594196577165e-01 3.006309374098383103e+01 1.925673502497688915e-27 3.758073365338015074e-28 2.817208557866935252e-29 8.473246882216207698e-01 3.772512356001565022e-29 1.000000000000000000e+00 0.000000000000000000e+00 0.000000000000000000e+00 0.000000000000000000e+00 1.000000000000000000e+00 1.000000000000000000e+10 0.000000000000000000e+00 0.000000000000000000e+00 0.000000000000000000e+00 1.000000000000000000e+10
1.766890772896739126e+00 4.121703693272744573e+01 2.717210127944543530e+01 1.195183911568857837e+01 2.890263928626372048e-01 2.827193558439598320e+01 1.103188369464007304e-27 3.131676605455974320e-28 3.925916352162988510e-29 7.934530295822577184e-01 4.925835260620968323e-29 1.000000000000000000e+00 0.000000000000000000e+00 0.000000000000000000e+00 0.000000000000000000e+00 1.000000000000000000e+00 1.000000000000000000e+10 0.000000000000000000e+00 0.000000000000000000e+00 0.000000000000000000e+00 1.000000000000000000e+10
2.037735929469222107e+00 3.365572924764069995e+01 2.612224986750586453e+01 9.697234158980089447e+00 2.566768959418633256e-01 2.560958229088104332e+01 4.318547341085994450e-28 2.447312624131996922e-28 2.734438489615757129e-29 7.356646641238907547e-01 3.880542069562823004e-29 1.000000000000000000e+00 0.000000000000000000e+00 0.000000000000000000e+00 0.000000000000000000e+00 1.000000000000000000e+00 1.000000000000000000e+10 0.000000000000000000e+00 0.000000000000000000e+00 0.000000000000000000e+00 1.000000000000000000e+10
2.350098705559579226e+00 3.104776834541747732e+01 2.623032737336333753e+01 7.846382873244506229e+00 2.471810592670473095e-01 2.341595982837895917e+01 2.812134812507718613e-28 2.299350255966849577e-28 3.498825338528405678e-29 7.126336166492841517e-01 4.632960563143600804e-29 1.000000000000000000e+00 0.000000000000000000e+00 0.000000000000000000e+00 0.000000000000000000e+00 1.000000000000000000e+00 1.000000000000000000e+10 0.000000000000000000e+00 0.000000000000000000e+00 0.000000000000000000e+00 1.000000000000000000e+10
