# R (Mpc), mean rho (Msol/kpc^3), errup (Msol/kpc^3), errlow, std, median rho (Msol/kpc^3), mean pth (Msol/kpc/s^2), errup(Msol/kpc/s^2), errlow, std, median pth (Msol/kpc/s^2), mean gas-mass-weighted metal (fraction), errup, errlow, std, median metal, mean gas-mass-weighted temp (K), errup, errlow, std, median temp  
#  nprofs 198, mean mh 209342886253.539032, median mh 200017563295.939880 
#  Mass range 11.00 - 11.5
1.040961082911032697e-02 2.202531857647123688e+05 1.270887252358686528e+05 9.056084679866039369e+04 2.378091715783802740e-01 2.005317255297672236e+05 1.028616949322433886e-25 1.494562305978511953e-25 1.464943683223732019e-26 4.571266604655817578e-01 3.592449878682595859e-26 1.000000000000000000e+00 0.000000000000000000e+00 0.000000000000000000e+00 0.000000000000000000e+00 1.000000000000000000e+00 1.000000000000000000e+10 0.000000000000000000e+00 0.000000000000000000e+00 0.000000000000000000e+00 1.000000000000000000e+10
1.200529105910367808e-02 1.688221467565871135e+05 1.119588796088926319e+05 5.734486541156114254e+04 2.373166183184949873e-01 1.445784846483511501e+05 1.056546335912352494e-25 1.829314179784274384e-25 2.273507688276338586e-26 4.860087482340978982e-01 4.134214727102071380e-26 1.000000000000000000e+00 0.000000000000000000e+00 0.000000000000000000e+00 0.000000000000000000e+00 1.000000000000000000e+00 1.000000000000000000e+10 0.000000000000000000e+00 0.000000000000000000e+00 0.000000000000000000e+00 1.000000000000000000e+10
1.384557172980430476e-02 1.288501444698427222e+05 8.974003519074161886e+04 4.981844919324923831e+04 2.640838250534443543e-01 1.147354984280339268e+05 8.381094194162088694e-26 9.877205155789796902e-26 2.682075299472363254e-26 4.186633217589610378e-01 4.570379604625194625e-26 1.000000000000000000e+00 0.000000000000000000e+00 0.000000000000000000e+00 0.000000000000000000e+00 1.000000000000000000e+00 1.000000000000000000e+10 0.000000000000000000e+00 0.000000000000000000e+00 0.000000000000000000e+00 1.000000000000000000e+10
1.596794743096121086e-02 9.354163408987183357e+04 5.990447344222269021e+04 3.669523054145227070e+04 2.470993872773664946e-01 8.296979470257731737e+04 7.404354798957304888e-26 8.687540236418713693e-26 2.871731932832692266e-26 3.946009761186526910e-01 4.692325310527923373e-26 1.000000000000000000e+00 0.000000000000000000e+00 0.000000000000000000e+00 0.000000000000000000e+00 1.000000000000000000e+00 1.000000000000000000e+10 0.000000000000000000e+00 0.000000000000000000e+00 0.000000000000000000e+00 1.000000000000000000e+10
1.841566026551830909e-02 6.677883128217364720e+04 4.457684547407669743e+04 2.776235225426187026e+04 2.655358655482634722e-01 5.889888852292394586e+04 6.229773077764890457e-26 5.686856389330194794e-26 2.412503797259003329e-26 3.618978102987534529e-01 4.271367195570892766e-26 1.000000000000000000e+00 0.000000000000000000e+00 0.000000000000000000e+00 0.000000000000000000e+00 1.000000000000000000e+00 1.000000000000000000e+10 0.000000000000000000e+00 0.000000000000000000e+00 0.000000000000000000e+00 1.000000000000000000e+10
2.123858088093512342e-02 4.537301017934164702e+04 2.966512965682681534e+04 1.840053163978590601e+04 2.585434566739356899e-01 3.992539728235748771e+04 5.128763517298060086e-26 4.478769012947456605e-26 2.163751436763131372e-26 3.278412495300137564e-01 3.914923690010282557e-26 1.000000000000000000e+00 0.000000000000000000e+00 0.000000000000000000e+00 0.000000000000000000e+00 1.000000000000000000e+00 1.000000000000000000e+10 0.000000000000000000e+00 0.000000000000000000e+00 0.000000000000000000e+00 1.000000000000000000e+10
2.449422455303571639e-02 3.102548895981820533e+04 2.501714417525579483e+04 1.245409149206503389e+04 2.713162845295312708e-01 2.656351338917373505e+04 4.345241791534957860e-26 3.259242112983424381e-26 1.740494918051602031e-26 2.893162340514566222e-01 3.569981078167853708e-26 1.000000000000000000e+00 0.000000000000000000e+00 0.000000000000000000e+00 0.000000000000000000e+00 1.000000000000000000e+00 1.000000000000000000e+10 0.000000000000000000e+00 0.000000000000000000e+00 0.000000000000000000e+00 1.000000000000000000e+10
2.824892302447100725e-02 2.013989560117322253e+04 1.634970526952956061e+04 6.244591821842290301e+03 2.555529885109905641e-01 1.621026742938557436e+04 3.313197095355008851e-26 2.452570478027341683e-26 1.358634972698914025e-26 2.669861411467079337e-01 2.782320956568508555e-26 1.000000000000000000e+00 0.000000000000000000e+00 0.000000000000000000e+00 0.000000000000000000e+00 1.000000000000000000e+00 1.000000000000000000e+10 0.000000000000000000e+00 0.000000000000000000e+00 0.000000000000000000e+00 1.000000000000000000e+10
3.257917597328415654e-02 1.375760642426444247e+04 1.003327180386838518e+04 4.867332643625797573e+03 2.446534162832390280e-01 1.175914132746476389e+04 2.922315420696758360e-26 1.935583544930909272e-26 1.158140734404945625e-26 2.647209363889036493e-01 2.512011625125641620e-26 1.000000000000000000e+00 0.000000000000000000e+00 0.000000000000000000e+00 0.000000000000000000e+00 1.000000000000000000e+00 1.000000000000000000e+10 0.000000000000000000e+00 0.000000000000000000e+00 0.000000000000000000e+00 1.000000000000000000e+10
3.757320964692217186e-02 9.032298443442676216e+03 6.305281429469809154e+03 3.441158892606646077e+03 2.355875680156593044e-01 7.949972512398151594e+03 2.195227611233620258e-26 1.553925961677446386e-26 6.564084683113259647e-27 2.275970866308762164e-01 1.782101054403808338e-26 1.000000000000000000e+00 0.000000000000000000e+00 0.000000000000000000e+00 0.000000000000000000e+00 1.000000000000000000e+00 1.000000000000000000e+10 0.000000000000000000e+00 0.000000000000000000e+00 0.000000000000000000e+00 1.000000000000000000e+10
4.333277441790538143e-02 6.199974632571408620e+03 3.119000602898177021e+03 2.149463163979030469e+03 1.894821400404382017e-01 5.701935107487186542e+03 1.805989190411598852e-26 1.090979095615600874e-26 6.131973348427466349e-27 2.164120434064400467e-01 1.556489094924796910e-26 1.000000000000000000e+00 0.000000000000000000e+00 0.000000000000000000e+00 0.000000000000000000e+00 1.000000000000000000e+00 1.000000000000000000e+10 0.000000000000000000e+00 0.000000000000000000e+00 0.000000000000000000e+00 1.000000000000000000e+10
4.997521788524898756e-02 4.600779894152055022e+03 2.480666178804282026e+03 1.348862058885772058e+03 1.920759937300290376e-01 4.021962325231025716e+03 1.474587837617929236e-26 9.943480875333003342e-27 4.418519112450102956e-27 2.102958506730874533e-01 1.277746840141756000e-26 1.000000000000000000e+00 0.000000000000000000e+00 0.000000000000000000e+00 0.000000000000000000e+00 1.000000000000000000e+00 1.000000000000000000e+10 0.000000000000000000e+00 0.000000000000000000e+00 0.000000000000000000e+00 1.000000000000000000e+10
5.763587575980636674e-02 3.599538615681554347e+03 1.635034531416857135e+03 1.200219279902158632e+03 1.768290598278126902e-01 3.320219874842383433e+03 1.194907406434328324e-26 7.650791775275506416e-27 3.514767305523422138e-27 2.126878874014127008e-01 1.006258980090315155e-26 1.000000000000000000e+00 0.000000000000000000e+00 0.000000000000000000e+00 0.000000000000000000e+00 1.000000000000000000e+00 1.000000000000000000e+10 0.000000000000000000e+00 0.000000000000000000e+00 0.000000000000000000e+00 1.000000000000000000e+10
6.647082924635627776e-02 2.743920302731562970e+03 1.126378610767749706e+03 7.953481091091186954e+02 1.672756764852926514e-01 2.526538490489189826e+03 9.163263017688068228e-27 4.741033034273290393e-27 3.348422789018129805e-27 2.065068269909629273e-01 8.249369074169729181e-27 1.000000000000000000e+00 0.000000000000000000e+00 0.000000000000000000e+00 0.000000000000000000e+00 1.000000000000000000e+00 1.000000000000000000e+10 0.000000000000000000e+00 0.000000000000000000e+00 0.000000000000000000e+00 1.000000000000000000e+10
7.666008510240249207e-02 2.162914281355978801e+03 7.355938930733241250e+02 6.854061930128527820e+02 1.631069844748563036e-01 2.061137840696337662e+03 7.178402461921422180e-27 3.452135133182302781e-27 2.813384330357427600e-27 2.152170750186270520e-01 6.451746725036354002e-27 1.000000000000000000e+00 0.000000000000000000e+00 0.000000000000000000e+00 0.000000000000000000e+00 1.000000000000000000e+00 1.000000000000000000e+10 0.000000000000000000e+00 0.000000000000000000e+00 0.000000000000000000e+00 1.000000000000000000e+10
8.841124316543315376e-02 1.683777473781508888e+03 7.316955910708791180e+02 4.386336619827679897e+02 1.514299712878216242e-01 1.550559395850578539e+03 5.428955598176004169e-27 3.045794578282854336e-27 2.066991821735064797e-27 2.178762389113849118e-01 4.740056845605998217e-27 1.000000000000000000e+00 0.000000000000000000e+00 0.000000000000000000e+00 0.000000000000000000e+00 1.000000000000000000e+00 1.000000000000000000e+10 0.000000000000000000e+00 0.000000000000000000e+00 0.000000000000000000e+00 1.000000000000000000e+10
1.019637260722580097e-01 1.307423900050694328e+03 5.132666240829416893e+02 3.674484535184245715e+02 1.589931926708565701e-01 1.214056671830897812e+03 4.053471925974574780e-27 2.452103076988262415e-27 1.574648557544388075e-27 2.407591011867156461e-01 3.507730339799260959e-27 1.000000000000000000e+00 0.000000000000000000e+00 0.000000000000000000e+00 0.000000000000000000e+00 1.000000000000000000e+00 1.000000000000000000e+10 0.000000000000000000e+00 0.000000000000000000e+00 0.000000000000000000e+00 1.000000000000000000e+10
1.175936573483598035e-01 1.015286961630784958e+03 4.273750908441168121e+02 2.567011815062254527e+02 1.563591021505970624e-01 9.353148225952172652e+02 2.967283548371444456e-27 1.729527164496301729e-27 1.151792623323920020e-27 2.493351877844884323e-01 2.580739571621224523e-27 1.000000000000000000e+00 0.000000000000000000e+00 0.000000000000000000e+00 0.000000000000000000e+00 1.000000000000000000e+00 1.000000000000000000e+10 0.000000000000000000e+00 0.000000000000000000e+00 0.000000000000000000e+00 1.000000000000000000e+10
1.356194872553388164e-01 7.744459643641059756e+02 3.160754373154604764e+02 2.085060633227357698e+02 1.578888191915122086e-01 7.139753636653078956e+02 2.179009117185347222e-27 1.503494424817171039e-27 8.189585709360228362e-28 2.709530618766105015e-01 1.754761003813345807e-27 1.000000000000000000e+00 0.000000000000000000e+00 0.000000000000000000e+00 0.000000000000000000e+00 1.000000000000000000e+00 1.000000000000000000e+10 0.000000000000000000e+00 0.000000000000000000e+00 0.000000000000000000e+00 1.000000000000000000e+10
1.564084810196403053e-01 5.908968042362062079e+02 2.613426081470304325e+02 1.406387878335131632e+02 1.572191581328843402e-01 5.285289374272203986e+02 1.610135852051719974e-27 1.136213985227193508e-27 5.515836332641967599e-28 2.925962266498295383e-01 1.215741093057310651e-27 1.000000000000000000e+00 0.000000000000000000e+00 0.000000000000000000e+00 0.000000000000000000e+00 1.000000000000000000e+00 1.000000000000000000e+10 0.000000000000000000e+00 0.000000000000000000e+00 0.000000000000000000e+00 1.000000000000000000e+10
1.803842016362447453e-01 4.508773663405182219e+02 1.992068583143354772e+02 1.164529563440161155e+02 1.611509003761193715e-01 4.064189540930019575e+02 1.201955334348272691e-27 9.975004898066559738e-28 3.868972388150445237e-28 3.242987289708896825e-01 8.260135980508886880e-28 1.000000000000000000e+00 0.000000000000000000e+00 0.000000000000000000e+00 0.000000000000000000e+00 1.000000000000000000e+00 1.000000000000000000e+10 0.000000000000000000e+00 0.000000000000000000e+00 0.000000000000000000e+00 1.000000000000000000e+10
2.080351397048574025e-01 3.565163278414284491e+02 1.891248954431644620e+02 9.233943046234628582e+01 1.815543782460088962e-01 3.090236525148031888e+02 9.420797997153018123e-28 7.757077708798328877e-28 2.562161170541479499e-28 3.652186553645355716e-01 5.551020747186878824e-28 1.000000000000000000e+00 0.000000000000000000e+00 0.000000000000000000e+00 0.000000000000000000e+00 1.000000000000000000e+00 1.000000000000000000e+10 0.000000000000000000e+00 0.000000000000000000e+00 0.000000000000000000e+00 1.000000000000000000e+10
2.399246661262133540e-01 2.715966287934851380e+02 1.590845233023646301e+02 7.951346354343820622e+01 1.872819582771322600e-01 2.375926504952839764e+02 7.603922595045104049e-28 6.761816785555335483e-28 1.998532649916618823e-28 4.083556529112543076e-01 3.814697510158594083e-28 1.000000000000000000e+00 0.000000000000000000e+00 0.000000000000000000e+00 0.000000000000000000e+00 1.000000000000000000e+00 1.000000000000000000e+10 0.000000000000000000e+00 0.000000000000000000e+00 0.000000000000000000e+00 1.000000000000000000e+10
2.767025104385807399e-01 2.152694174668329765e+02 1.149971616854635386e+02 6.014356936374156248e+01 2.019579061771906714e-01 1.825148736827721905e+02 6.306825696059830491e-28 6.223162662730291686e-28 1.516478798998344408e-28 4.464963258414930691e-01 2.783123155643270915e-28 1.000000000000000000e+00 0.000000000000000000e+00 0.000000000000000000e+00 0.000000000000000000e+00 1.000000000000000000e+00 1.000000000000000000e+10 0.000000000000000000e+00 0.000000000000000000e+00 0.000000000000000000e+00 1.000000000000000000e+10
3.191179986585286343e-01 1.750682885942401015e+02 1.036608413910294075e+02 4.648109329364073972e+01 2.182606805660157745e-01 1.384701780706483021e+02 5.538027584989310114e-28 5.241438308164829763e-28 1.199213485509221752e-28 4.841600093068687549e-01 2.047408397773292101e-28 1.000000000000000000e+00 0.000000000000000000e+00 0.000000000000000000e+00 0.000000000000000000e+00 1.000000000000000000e+00 1.000000000000000000e+10 0.000000000000000000e+00 0.000000000000000000e+00 0.000000000000000000e+00 1.000000000000000000e+10
3.680353203388414540e-01 1.431896136467289580e+02 9.175331092389393461e+01 3.499589062033086861e+01 2.328545714108337661e-01 1.081386992048113314e+02 5.178879846020752984e-28 4.111785057921423263e-28 9.236233152059109543e-29 5.270980988833731118e-01 1.529497363936142727e-28 1.000000000000000000e+00 0.000000000000000000e+00 0.000000000000000000e+00 0.000000000000000000e+00 1.000000000000000000e+00 1.000000000000000000e+10 0.000000000000000000e+00 0.000000000000000000e+00 0.000000000000000000e+00 1.000000000000000000e+10
4.244511359005219142e-01 1.193418125093969309e+02 6.548739205247517248e+01 3.105856277095536910e+01 2.510272485104290130e-01 8.769540045767158176e+01 5.263012479631139355e-28 3.156516959637606324e-28 7.059723681633209262e-29 5.824193362050038569e-01 1.129971613405707364e-28 1.000000000000000000e+00 0.000000000000000000e+00 0.000000000000000000e+00 0.000000000000000000e+00 1.000000000000000000e+00 1.000000000000000000e+10 0.000000000000000000e+00 0.000000000000000000e+00 0.000000000000000000e+00 1.000000000000000000e+10
4.895148829774688681e-01 9.729967239462186512e+01 6.269258437060716460e+01 2.579622964049377032e+01 2.659130342108345091e-01 6.949158258227876672e+01 5.006458294592596572e-28 3.307826030568474592e-28 6.065431090680061852e-29 6.385859305884687975e-01 8.910030038527743546e-29 1.000000000000000000e+00 0.000000000000000000e+00 0.000000000000000000e+00 0.000000000000000000e+00 1.000000000000000000e+00 1.000000000000000000e+10 0.000000000000000000e+00 0.000000000000000000e+00 0.000000000000000000e+00 1.000000000000000000e+10
5.645521955031491679e-01 8.614343672151899511e+01 6.029271623011791803e+01 2.137825161779392857e+01 2.929782436180478622e-01 5.580451610448488964e+01 5.031025515212320908e-28 3.742558804118883404e-28 4.272372511238871080e-29 6.998277531990839684e-01 6.404087798404046983e-29 1.000000000000000000e+00 0.000000000000000000e+00 0.000000000000000000e+00 0.000000000000000000e+00 1.000000000000000000e+00 1.000000000000000000e+10 0.000000000000000000e+00 0.000000000000000000e+00 0.000000000000000000e+00 1.000000000000000000e+10
6.510919126887823039e-01 7.201061801742159219e+01 5.701541112423799973e+01 1.677793794801758764e+01 3.070265504230415554e-01 4.555740384275397048e+01 4.900805242723743143e-28 3.872777306966792722e-28 3.779998413048916509e-29 7.593356558843887827e-01 5.278057664409412013e-29 1.000000000000000000e+00 0.000000000000000000e+00 0.000000000000000000e+00 0.000000000000000000e+00 1.000000000000000000e+00 1.000000000000000000e+10 0.000000000000000000e+00 0.000000000000000000e+00 0.000000000000000000e+00 1.000000000000000000e+10
7.508972281844089602e-01 6.411523653945317847e+01 5.908444292546639076e+01 1.436264121239327451e+01 3.174537155466241045e-01 3.847602574112087837e+01 4.848096765133618100e-28 4.654722611760157759e-28 3.778698328234402762e-29 8.117266342160526227e-01 4.982910230494307562e-29 1.000000000000000000e+00 0.000000000000000000e+00 0.000000000000000000e+00 0.000000000000000000e+00 1.000000000000000000e+00 1.000000000000000000e+10 0.000000000000000000e+00 0.000000000000000000e+00 0.000000000000000000e+00 1.000000000000000000e+10
8.660016140678794550e-01 5.783549026391661840e+01 6.416340525227226976e+01 1.456629005965742252e+01 3.348088241423065048e-01 3.541371912690096480e+01 4.342572388364195802e-28 5.897378134270324337e-28 3.608762053695577579e-29 8.665529343524867034e-01 4.510342732831343602e-29 1.000000000000000000e+00 0.000000000000000000e+00 0.000000000000000000e+00 0.000000000000000000e+00 1.000000000000000000e+00 1.000000000000000000e+10 0.000000000000000000e+00 0.000000000000000000e+00 0.000000000000000000e+00 1.000000000000000000e+10
9.987502515910116063e-01 5.086575155897971001e+01 5.847590228664691381e+01 1.529344750227512506e+01 3.290847355960251908e-01 3.299800485761250002e+01 4.056976684614776355e-28 5.211280776629954741e-28 3.246092545078879058e-29 8.862923861984887131e-01 3.971978033290294829e-29 1.000000000000000000e+00 0.000000000000000000e+00 0.000000000000000000e+00 0.000000000000000000e+00 1.000000000000000000e+00 1.000000000000000000e+10 0.000000000000000000e+00 0.000000000000000000e+00 0.000000000000000000e+00 1.000000000000000000e+10
1.151847812808953542e+00 4.569601986460413201e+01 4.975408461369660529e+01 1.481138018711589766e+01 3.220920277388168440e-01 3.121291789885901835e+01 3.867672298292197795e-28 4.570887230754611551e-28 2.401340391011380821e-29 8.715026682417621462e-01 3.073093615762469348e-29 1.000000000000000000e+00 0.000000000000000000e+00 0.000000000000000000e+00 0.000000000000000000e+00 1.000000000000000000e+00 1.000000000000000000e+10 0.000000000000000000e+00 0.000000000000000000e+00 0.000000000000000000e+00 1.000000000000000000e+10
1.328413566614123908e+00 4.109883660126329374e+01 3.076729559537891134e+01 1.383429744524366711e+01 3.054741069162978939e-01 2.965055699988340621e+01 4.333612716354781285e-28 3.404688726728312686e-28 3.540282584417822921e-29 8.497717930193282587e-01 4.255582028117849791e-29 1.000000000000000000e+00 0.000000000000000000e+00 0.000000000000000000e+00 0.000000000000000000e+00 1.000000000000000000e+00 1.000000000000000000e+10 0.000000000000000000e+00 0.000000000000000000e+00 0.000000000000000000e+00 1.000000000000000000e+10
1.532044931926391351e+00 4.009599570379575795e+01 3.511870556972646540e+01 1.298220940306207360e+01 3.105389617365716393e-01 2.764957927482958411e+01 6.630946542567435791e-28 3.897538733736833746e-28 3.153222103309983632e-29 8.763996278042683885e-01 3.798269988683772326e-29 1.000000000000000000e+00 0.000000000000000000e+00 0.000000000000000000e+00 0.000000000000000000e+00 1.000000000000000000e+00 1.000000000000000000e+10 0.000000000000000000e+00 0.000000000000000000e+00 0.000000000000000000e+00 1.000000000000000000e+10
1.766890772896739126e+00 3.823277730737093805e+01 2.847342021247836641e+01 1.244957359969045996e+01 3.027364416574235828e-01 2.651068492941711696e+01 1.077240570141799224e-27 3.404677978616443500e-28 3.482645890248700379e-29 8.697861650074510953e-01 4.128060054954807112e-29 1.000000000000000000e+00 0.000000000000000000e+00 0.000000000000000000e+00 0.000000000000000000e+00 1.000000000000000000e+00 1.000000000000000000e+10 0.000000000000000000e+00 0.000000000000000000e+00 0.000000000000000000e+00 1.000000000000000000e+10
2.037735929469222107e+00 3.767912886523675553e+01 2.722842763800654708e+01 1.239167033374903504e+01 3.040558411889934809e-01 2.594966784861322040e+01 1.491499177141878755e-27 2.647042845618821002e-28 5.073330416821484033e-29 8.730106735255716011e-01 5.670528489782810860e-29 1.000000000000000000e+00 0.000000000000000000e+00 0.000000000000000000e+00 0.000000000000000000e+00 1.000000000000000000e+00 1.000000000000000000e+10 0.000000000000000000e+00 0.000000000000000000e+00 0.000000000000000000e+00 1.000000000000000000e+10
2.350098705559579226e+00 3.294720385981392496e+01 2.217448161860993849e+01 1.117384103918403682e+01 2.860141576723936319e-01 2.425818269539080774e+01 9.447900181889328339e-28 2.485018054436700080e-28 4.778487810123767160e-29 8.821134842915454577e-01 5.410933428688319140e-29 1.000000000000000000e+00 0.000000000000000000e+00 0.000000000000000000e+00 0.000000000000000000e+00 1.000000000000000000e+00 1.000000000000000000e+10 0.000000000000000000e+00 0.000000000000000000e+00 0.000000000000000000e+00 1.000000000000000000e+10
