# R (Mpc), mean rho (Msol/kpc^3), errup (Msol/kpc^3), errlow, std, median rho (Msol/kpc^3), mean pth (Msol/kpc/s^2), errup(Msol/kpc/s^2), errlow, std, median pth (Msol/kpc/s^2), mean gas-mass-weighted metal (fraction), errup, errlow, std, median metal, mean gas-mass-weighted temp (K), errup, errlow, std, median temp  
#  nprofs 197, mean mh 208020692002.326569, median mh 195948524458.044922 
#  Mass range 11.00 - 11.5
1.040961082911032697e-02 2.063241257187769515e+05 1.193808393231086084e+05 7.925755081876408076e+04 2.438401578768473466e-01 1.836944958856467274e+05 1.026525348505056412e-25 2.194633409639222676e-25 1.492525385532961036e-26 4.944656830411680026e-01 3.330947751924649332e-26 1.000000000000000000e+00 0.000000000000000000e+00 0.000000000000000000e+00 0.000000000000000000e+00 1.000000000000000000e+00 1.000000000000000000e+10 0.000000000000000000e+00 0.000000000000000000e+00 0.000000000000000000e+00 1.000000000000000000e+10
1.200529105910367808e-02 1.602524121247930452e+05 1.002701735674678348e+05 7.222449702422205883e+04 2.593218375854340341e-01 1.416131649751288933e+05 8.677720552257298243e-26 1.199374607870738318e-25 2.143412179057804125e-26 4.468227045269573816e-01 3.900548817471926282e-26 1.000000000000000000e+00 0.000000000000000000e+00 0.000000000000000000e+00 0.000000000000000000e+00 1.000000000000000000e+00 1.000000000000000000e+10 0.000000000000000000e+00 0.000000000000000000e+00 0.000000000000000000e+00 1.000000000000000000e+10
1.384557172980430476e-02 1.253850690885317745e+05 8.559386805275635561e+04 5.814033927650628902e+04 2.775282530084704491e-01 1.110939248273693083e+05 7.795998374926102918e-26 1.070663294607803303e-25 2.213382674097280466e-26 4.411030464182571498e-01 3.897518877987317735e-26 1.000000000000000000e+00 0.000000000000000000e+00 0.000000000000000000e+00 0.000000000000000000e+00 1.000000000000000000e+00 1.000000000000000000e+10 0.000000000000000000e+00 0.000000000000000000e+00 0.000000000000000000e+00 1.000000000000000000e+10
1.596794743096121086e-02 9.513712631973609678e+04 6.941466442126093898e+04 3.691747836738322803e+04 2.733954159914386284e-01 7.948516639458134887e+04 6.346337507689487178e-26 6.527237489392616517e-26 2.431571350715426975e-26 3.834678652539397214e-01 4.081716635617669779e-26 1.000000000000000000e+00 0.000000000000000000e+00 0.000000000000000000e+00 0.000000000000000000e+00 1.000000000000000000e+00 1.000000000000000000e+10 0.000000000000000000e+00 0.000000000000000000e+00 0.000000000000000000e+00 1.000000000000000000e+10
1.841566026551830909e-02 6.944751586239594326e+04 5.169815676369199355e+04 3.090025064617918542e+04 2.772208450448852002e-01 5.969115208182677452e+04 5.702337408661254720e-26 5.926621323052155666e-26 2.229936395563288967e-26 3.679856439943361979e-01 3.926740289147776914e-26 1.000000000000000000e+00 0.000000000000000000e+00 0.000000000000000000e+00 0.000000000000000000e+00 1.000000000000000000e+00 1.000000000000000000e+10 0.000000000000000000e+00 0.000000000000000000e+00 0.000000000000000000e+00 1.000000000000000000e+10
2.123858088093512342e-02 4.952590494676031813e+04 4.218282103169533366e+04 2.030223730971046461e+04 2.806934333308085949e-01 4.128862039122916758e+04 4.808542785969248054e-26 3.863472688925921694e-26 1.649592782669418808e-26 3.033610534862961616e-01 3.552296297127116181e-26 1.000000000000000000e+00 0.000000000000000000e+00 0.000000000000000000e+00 0.000000000000000000e+00 1.000000000000000000e+00 1.000000000000000000e+10 0.000000000000000000e+00 0.000000000000000000e+00 0.000000000000000000e+00 1.000000000000000000e+10
2.449422455303571639e-02 3.287002113541228755e+04 2.567659895141082234e+04 1.198514134433470463e+04 2.732223444616306840e-01 2.634021662383630610e+04 3.972420544965970107e-26 3.005073660511578532e-26 1.551856671994436486e-26 3.009417436144787850e-01 3.079410265683376131e-26 1.000000000000000000e+00 0.000000000000000000e+00 0.000000000000000000e+00 0.000000000000000000e+00 1.000000000000000000e+00 1.000000000000000000e+10 0.000000000000000000e+00 0.000000000000000000e+00 0.000000000000000000e+00 1.000000000000000000e+10
2.824892302447100725e-02 2.104579605086611627e+04 1.804045835032846298e+04 6.804831195900771490e+03 2.541531658533228155e-01 1.693976328009601639e+04 3.229660253282843124e-26 2.385425497859104772e-26 1.240101729098504959e-26 2.709554733118780812e-01 2.575617993367628552e-26 1.000000000000000000e+00 0.000000000000000000e+00 0.000000000000000000e+00 0.000000000000000000e+00 1.000000000000000000e+00 1.000000000000000000e+10 0.000000000000000000e+00 0.000000000000000000e+00 0.000000000000000000e+00 1.000000000000000000e+10
3.257917597328415654e-02 1.353728450324925325e+04 9.209491748883769105e+03 5.148120154663745780e+03 2.429924235973877911e-01 1.142032904923795468e+04 2.653620403273791963e-26 1.551317824766893337e-26 1.014786062451996302e-26 2.511622456328987396e-01 2.225960761671530045e-26 1.000000000000000000e+00 0.000000000000000000e+00 0.000000000000000000e+00 0.000000000000000000e+00 1.000000000000000000e+00 1.000000000000000000e+10 0.000000000000000000e+00 0.000000000000000000e+00 0.000000000000000000e+00 1.000000000000000000e+10
3.757320964692217186e-02 8.985866226581771116e+03 6.628636676752036692e+03 2.866488712559656960e+03 2.261934216646880602e-01 7.710710148009679870e+03 2.178123103202441310e-26 1.400998893649345787e-26 7.271670368052891442e-27 2.367353638837822183e-01 1.845528413633864789e-26 1.000000000000000000e+00 0.000000000000000000e+00 0.000000000000000000e+00 0.000000000000000000e+00 1.000000000000000000e+00 1.000000000000000000e+10 0.000000000000000000e+00 0.000000000000000000e+00 0.000000000000000000e+00 1.000000000000000000e+10
4.333277441790538143e-02 6.401650050439176994e+03 4.005996963507449436e+03 1.855843894060993080e+03 2.114711770481675079e-01 5.395941421350104974e+03 1.839206247741588720e-26 9.298940513952169814e-27 6.476314882162187263e-27 2.122027330636440667e-01 1.619261770479019444e-26 1.000000000000000000e+00 0.000000000000000000e+00 0.000000000000000000e+00 0.000000000000000000e+00 1.000000000000000000e+00 1.000000000000000000e+10 0.000000000000000000e+00 0.000000000000000000e+00 0.000000000000000000e+00 1.000000000000000000e+10
4.997521788524898756e-02 4.538445238194211925e+03 2.407790986744680140e+03 1.331651936749611195e+03 1.842755444234698281e-01 4.029415537038899402e+03 1.490803002814840368e-26 7.410841215628473195e-27 4.870568494049717255e-27 2.154322101687155266e-01 1.314581983894309700e-26 1.000000000000000000e+00 0.000000000000000000e+00 0.000000000000000000e+00 0.000000000000000000e+00 1.000000000000000000e+00 1.000000000000000000e+10 0.000000000000000000e+00 0.000000000000000000e+00 0.000000000000000000e+00 1.000000000000000000e+10
5.763587575980636674e-02 3.466374897550746482e+03 1.656453213339995273e+03 8.304485788873112142e+02 1.753408486199992677e-01 3.075638530681352677e+03 1.184842970675336107e-26 7.584313403054999911e-27 3.427265357382088936e-27 2.210769931583339010e-01 9.888587919029094250e-27 1.000000000000000000e+00 0.000000000000000000e+00 0.000000000000000000e+00 0.000000000000000000e+00 1.000000000000000000e+00 1.000000000000000000e+10 0.000000000000000000e+00 0.000000000000000000e+00 0.000000000000000000e+00 1.000000000000000000e+10
6.647082924635627776e-02 2.705715331844689445e+03 1.068954953000268233e+03 8.252149514182199255e+02 1.689659598757951853e-01 2.532859222042146484e+03 9.274894376118236406e-27 5.742194404153982423e-27 2.602675741684062087e-27 2.150860557563266662e-01 7.751139948236538108e-27 1.000000000000000000e+00 0.000000000000000000e+00 0.000000000000000000e+00 0.000000000000000000e+00 1.000000000000000000e+00 1.000000000000000000e+10 0.000000000000000000e+00 0.000000000000000000e+00 0.000000000000000000e+00 1.000000000000000000e+10
7.666008510240249207e-02 2.105813457415331413e+03 1.037108598690910412e+03 5.362596501501157036e+02 1.709377787228426038e-01 1.880530057589502803e+03 7.027268713764822264e-27 3.952197061472503749e-27 2.093879984446711440e-27 2.242178418663813011e-01 5.901268673178258618e-27 1.000000000000000000e+00 0.000000000000000000e+00 0.000000000000000000e+00 0.000000000000000000e+00 1.000000000000000000e+00 1.000000000000000000e+10 0.000000000000000000e+00 0.000000000000000000e+00 0.000000000000000000e+00 1.000000000000000000e+10
8.841124316543315376e-02 1.647778954562853642e+03 6.595539782071941772e+02 4.531225676070455393e+02 1.593858085361607724e-01 1.531526846761139495e+03 5.239306380176820439e-27 2.616727501646046825e-27 1.943021994245379726e-27 2.193345774875113119e-01 4.679714585671466096e-27 1.000000000000000000e+00 0.000000000000000000e+00 0.000000000000000000e+00 0.000000000000000000e+00 1.000000000000000000e+00 1.000000000000000000e+10 0.000000000000000000e+00 0.000000000000000000e+00 0.000000000000000000e+00 1.000000000000000000e+10
1.019637260722580097e-01 1.275157337017353711e+03 6.178347247658175547e+02 3.641613098972884472e+02 1.592474989030721044e-01 1.185488023499674000e+03 3.895209035861900885e-27 2.235213047577990458e-27 1.413595936040272285e-27 2.298775083408108599e-01 3.368451196932908423e-27 1.000000000000000000e+00 0.000000000000000000e+00 0.000000000000000000e+00 0.000000000000000000e+00 1.000000000000000000e+00 1.000000000000000000e+10 0.000000000000000000e+00 0.000000000000000000e+00 0.000000000000000000e+00 1.000000000000000000e+10
1.175936573483598035e-01 1.005394300165393702e+03 4.624844881233552769e+02 2.786935905640503961e+02 1.647617069239014909e-01 9.228921078820651474e+02 2.913902890086876445e-27 2.086535080611460570e-27 1.000546164461384159e-27 2.485203630461068069e-01 2.404460733325490260e-27 1.000000000000000000e+00 0.000000000000000000e+00 0.000000000000000000e+00 0.000000000000000000e+00 1.000000000000000000e+00 1.000000000000000000e+10 0.000000000000000000e+00 0.000000000000000000e+00 0.000000000000000000e+00 1.000000000000000000e+10
1.356194872553388164e-01 7.678835856098235126e+02 3.062187516595547550e+02 1.912755568576026235e+02 1.557436231032585106e-01 7.050612323935562245e+02 2.180784011900157380e-27 1.257754336029997200e-27 7.666744888997921806e-28 2.678043025518117570e-01 1.758038153875596434e-27 1.000000000000000000e+00 0.000000000000000000e+00 0.000000000000000000e+00 0.000000000000000000e+00 1.000000000000000000e+00 1.000000000000000000e+10 0.000000000000000000e+00 0.000000000000000000e+00 0.000000000000000000e+00 1.000000000000000000e+10
1.564084810196403053e-01 5.929788729490085188e+02 2.445340872687386309e+02 1.631614463247232152e+02 1.579666295597977888e-01 5.446793196267697112e+02 1.646310631661125779e-27 1.159570284297550278e-27 5.761004245556233983e-28 2.949033953316783641e-01 1.229655169234923452e-27 1.000000000000000000e+00 0.000000000000000000e+00 0.000000000000000000e+00 0.000000000000000000e+00 1.000000000000000000e+00 1.000000000000000000e+10 0.000000000000000000e+00 0.000000000000000000e+00 0.000000000000000000e+00 1.000000000000000000e+10
1.803842016362447453e-01 4.444895188242139739e+02 1.868886208889423983e+02 1.041133819687810842e+02 1.632115835632771128e-01 4.008775813041909828e+02 1.211815231299957154e-27 8.280532735908930217e-28 4.193550018220660418e-28 3.235961760650165053e-01 8.511315823455883909e-28 1.000000000000000000e+00 0.000000000000000000e+00 0.000000000000000000e+00 0.000000000000000000e+00 1.000000000000000000e+00 1.000000000000000000e+10 0.000000000000000000e+00 0.000000000000000000e+00 0.000000000000000000e+00 1.000000000000000000e+10
2.080351397048574025e-01 3.435206988681705411e+02 1.605619248297891204e+02 9.242100518846808654e+01 1.682902111870567263e-01 3.077932799782632287e+02 9.296362970424885201e-28 7.434463524589167929e-28 2.722488393311558999e-28 3.563223306147939029e-01 5.744185891835418747e-28 1.000000000000000000e+00 0.000000000000000000e+00 0.000000000000000000e+00 0.000000000000000000e+00 1.000000000000000000e+00 1.000000000000000000e+10 0.000000000000000000e+00 0.000000000000000000e+00 0.000000000000000000e+00 1.000000000000000000e+10
2.399246661262133540e-01 2.664284866149841946e+02 1.235678650955409807e+02 7.637898875552124878e+01 1.740466510900916253e-01 2.391220803574112210e+02 7.319791578761403559e-28 6.875297184881689181e-28 2.112335419858681529e-28 3.912703602917540491e-01 3.974747904355994910e-28 1.000000000000000000e+00 0.000000000000000000e+00 0.000000000000000000e+00 0.000000000000000000e+00 1.000000000000000000e+00 1.000000000000000000e+10 0.000000000000000000e+00 0.000000000000000000e+00 0.000000000000000000e+00 1.000000000000000000e+10
2.767025104385807399e-01 2.062054992619414122e+02 1.057997897013054853e+02 5.401137455547991806e+01 1.866397786730018271e-01 1.760479256575018212e+02 6.056380786456845656e-28 5.444942391559020743e-28 1.549494226710623821e-28 4.358296812155414424e-01 2.760985334071020100e-28 1.000000000000000000e+00 0.000000000000000000e+00 0.000000000000000000e+00 0.000000000000000000e+00 1.000000000000000000e+00 1.000000000000000000e+10 0.000000000000000000e+00 0.000000000000000000e+00 0.000000000000000000e+00 1.000000000000000000e+10
3.191179986585286343e-01 1.682697139280119245e+02 9.086761384617938120e+01 4.159809201837724402e+01 2.011161711910359751e-01 1.375392086933418057e+02 5.244708246782770870e-28 5.567752610004604996e-28 1.174444215059139421e-28 4.723146226900051259e-01 2.073309404043495051e-28 1.000000000000000000e+00 0.000000000000000000e+00 0.000000000000000000e+00 0.000000000000000000e+00 1.000000000000000000e+00 1.000000000000000000e+10 0.000000000000000000e+00 0.000000000000000000e+00 0.000000000000000000e+00 1.000000000000000000e+10
3.680353203388414540e-01 1.393887329922067693e+02 8.594788054434383184e+01 3.595567914770244045e+01 2.213384463115384837e-01 1.095312384245071939e+02 4.819099549875793987e-28 4.663321979463883449e-28 8.319045284113593775e-29 5.186145312754422143e-01 1.463759754583086744e-28 1.000000000000000000e+00 0.000000000000000000e+00 0.000000000000000000e+00 0.000000000000000000e+00 1.000000000000000000e+00 1.000000000000000000e+10 0.000000000000000000e+00 0.000000000000000000e+00 0.000000000000000000e+00 1.000000000000000000e+10
4.244511359005219142e-01 1.193200818295812553e+02 6.829501515518572319e+01 2.589023566808844379e+01 2.493737132535342460e-01 8.493249385960268683e+01 4.963440910781086599e-28 4.186858119698212257e-28 6.405313029829761865e-29 5.811418557860358325e-01 1.089865066263941149e-28 1.000000000000000000e+00 0.000000000000000000e+00 0.000000000000000000e+00 0.000000000000000000e+00 1.000000000000000000e+00 1.000000000000000000e+10 0.000000000000000000e+00 0.000000000000000000e+00 0.000000000000000000e+00 1.000000000000000000e+10
4.895148829774688681e-01 1.010144180964429381e+02 6.601404786895437837e+01 2.452106150761116510e+01 2.704380743770717910e-01 6.907389646322673116e+01 4.979146410559237389e-28 4.140380145373707008e-28 5.433471518155571201e-29 6.403909891213561689e-01 8.517825242715663614e-29 1.000000000000000000e+00 0.000000000000000000e+00 0.000000000000000000e+00 0.000000000000000000e+00 1.000000000000000000e+00 1.000000000000000000e+10 0.000000000000000000e+00 0.000000000000000000e+00 0.000000000000000000e+00 1.000000000000000000e+10
5.645521955031491679e-01 8.708456321809946132e+01 5.445113445098979810e+01 2.367702706631709475e+01 2.920554906883562341e-01 5.797619656982510605e+01 4.826617161341437127e-28 3.894490314691605639e-28 4.434454252063745922e-29 7.007451310099664932e-01 6.496750393588477469e-29 1.000000000000000000e+00 0.000000000000000000e+00 0.000000000000000000e+00 0.000000000000000000e+00 1.000000000000000000e+00 1.000000000000000000e+10 0.000000000000000000e+00 0.000000000000000000e+00 0.000000000000000000e+00 1.000000000000000000e+10
6.510919126887823039e-01 7.186483690095191434e+01 5.605781857513188982e+01 1.867943206642880583e+01 3.026758257343641345e-01 4.662148964634802439e+01 4.522961540449672284e-28 4.195625735626599391e-28 4.286926570523152773e-29 7.526595459542219091e-01 5.665340101886486270e-29 1.000000000000000000e+00 0.000000000000000000e+00 0.000000000000000000e+00 0.000000000000000000e+00 1.000000000000000000e+00 1.000000000000000000e+10 0.000000000000000000e+00 0.000000000000000000e+00 0.000000000000000000e+00 1.000000000000000000e+10
7.508972281844089602e-01 6.297337425645176978e+01 5.486219900315251863e+01 1.590191196169359245e+01 3.127234506177096196e-01 3.948821403378574502e+01 4.532971702058656933e-28 3.791291745497212638e-28 3.895456054179140972e-29 8.060358496188583244e-01 5.056350341466605303e-29 1.000000000000000000e+00 0.000000000000000000e+00 0.000000000000000000e+00 0.000000000000000000e+00 1.000000000000000000e+00 1.000000000000000000e+10 0.000000000000000000e+00 0.000000000000000000e+00 0.000000000000000000e+00 1.000000000000000000e+10
8.660016140678794550e-01 5.783050911110899506e+01 6.082425657252796469e+01 1.643095315142505797e+01 3.301072035333609267e-01 3.740523456151708359e+01 4.258854046976333400e-28 5.377488053860087891e-28 3.871876223302418290e-29 8.568294751760021644e-01 4.812629551264915420e-29 1.000000000000000000e+00 0.000000000000000000e+00 0.000000000000000000e+00 0.000000000000000000e+00 1.000000000000000000e+00 1.000000000000000000e+10 0.000000000000000000e+00 0.000000000000000000e+00 0.000000000000000000e+00 1.000000000000000000e+10
9.987502515910116063e-01 5.063790045763337844e+01 5.409160960762502413e+01 1.583141417334072543e+01 3.253819225482513233e-01 3.339125673387798798e+01 4.112743420031756159e-28 4.775430753459236306e-28 3.331211341800113583e-29 8.916714542920955999e-01 4.063465795569774843e-29 1.000000000000000000e+00 0.000000000000000000e+00 0.000000000000000000e+00 0.000000000000000000e+00 1.000000000000000000e+00 1.000000000000000000e+10 0.000000000000000000e+00 0.000000000000000000e+00 0.000000000000000000e+00 1.000000000000000000e+10
1.151847812808953542e+00 4.597403192621034407e+01 4.815981559256107403e+01 1.492877770647928770e+01 3.226668564807093076e-01 3.158044134218604881e+01 4.070051255085388767e-28 4.272207363666380199e-28 2.790452357895397308e-29 8.813439221531021994e-01 3.485044035800756809e-29 1.000000000000000000e+00 0.000000000000000000e+00 0.000000000000000000e+00 0.000000000000000000e+00 1.000000000000000000e+00 1.000000000000000000e+10 0.000000000000000000e+00 0.000000000000000000e+00 0.000000000000000000e+00 1.000000000000000000e+10
1.328413566614123908e+00 4.151637576326202606e+01 3.156783876167767389e+01 1.457436575673565393e+01 3.076299307939427408e-01 3.043897444722906087e+01 4.519358249254491300e-28 3.711402407247629950e-28 3.807593426998743395e-29 8.557906930953368407e-01 4.517737660246610130e-29 1.000000000000000000e+00 0.000000000000000000e+00 0.000000000000000000e+00 0.000000000000000000e+00 1.000000000000000000e+00 1.000000000000000000e+10 0.000000000000000000e+00 0.000000000000000000e+00 0.000000000000000000e+00 1.000000000000000000e+10
1.532044931926391351e+00 4.045967138198379587e+01 3.242548954017522078e+01 1.362240330715985337e+01 3.099857454637510723e-01 2.858768559236596829e+01 6.956229951739508835e-28 3.646729231069957678e-28 3.540636033132136820e-29 8.724614372205070634e-01 4.231128995337091270e-29 1.000000000000000000e+00 0.000000000000000000e+00 0.000000000000000000e+00 0.000000000000000000e+00 1.000000000000000000e+00 1.000000000000000000e+10 0.000000000000000000e+00 0.000000000000000000e+00 0.000000000000000000e+00 1.000000000000000000e+10
1.766890772896739126e+00 3.918893476973246237e+01 2.738275119910866806e+01 1.250376601532468257e+01 3.066472812799759251e-01 2.701398621904141351e+01 1.190752027756296838e-27 3.147362552301485499e-28 4.126965505069312330e-29 8.768753581908962369e-01 4.843448281146152610e-29 1.000000000000000000e+00 0.000000000000000000e+00 0.000000000000000000e+00 0.000000000000000000e+00 1.000000000000000000e+00 1.000000000000000000e+10 0.000000000000000000e+00 0.000000000000000000e+00 0.000000000000000000e+00 1.000000000000000000e+10
2.037735929469222107e+00 3.918352715316783019e+01 2.759614188304557558e+01 1.285735222360525931e+01 3.111576166557228351e-01 2.642972408387146999e+01 1.688725325990035791e-27 2.697771270788887480e-28 5.367202624106732466e-29 8.885287491869690024e-01 6.056073499977462827e-29 1.000000000000000000e+00 0.000000000000000000e+00 0.000000000000000000e+00 0.000000000000000000e+00 1.000000000000000000e+00 1.000000000000000000e+10 0.000000000000000000e+00 0.000000000000000000e+00 0.000000000000000000e+00 1.000000000000000000e+10
2.350098705559579226e+00 3.459709987768042083e+01 2.230697944748150618e+01 1.223175470414537536e+01 2.973971814927591772e-01 2.535092054362057823e+01 1.253894217869992396e-27 2.341547272060353632e-28 5.339162725150082301e-29 8.976573202170636812e-01 6.055995024724794351e-29 1.000000000000000000e+00 0.000000000000000000e+00 0.000000000000000000e+00 0.000000000000000000e+00 1.000000000000000000e+00 1.000000000000000000e+10 0.000000000000000000e+00 0.000000000000000000e+00 0.000000000000000000e+00 1.000000000000000000e+10
