# R (Mpc), mean rho (Msol/kpc^3), errup (Msol/kpc^3), errlow, std, median rho (Msol/kpc^3), mean pth (Msol/kpc/s^2), errup(Msol/kpc/s^2), errlow, std, median pth (Msol/kpc/s^2), mean gas-mass-weighted metal (fraction), errup, errlow, std, median metal, mean gas-mass-weighted temp (K), errup, errlow, std, median temp  
#  nprofs 216, mean mh 560758312507.048706, median mh 508945216686.355103 
#  Mass range 11.50 - 12.0
1.040961082911032697e-02 3.809274049506815500e+05 2.194037980231265537e+05 1.332989821591861546e+05 2.340833437781603132e-01 3.399152669199863449e+05 2.399398465385906639e-25 3.128425441786791137e-25 4.848994391898368748e-26 4.923295777430880538e-01 8.954778312293419362e-26 1.000000000000000000e+00 0.000000000000000000e+00 0.000000000000000000e+00 0.000000000000000000e+00 1.000000000000000000e+00 1.000000000000000000e+10 0.000000000000000000e+00 0.000000000000000000e+00 0.000000000000000000e+00 1.000000000000000000e+10
1.200529105910367808e-02 2.907978430377944605e+05 1.802336646271358768e+05 8.345253749225681531e+04 2.200955052624458397e-01 2.527484858466539590e+05 2.376737228471307965e-25 4.000165822395807281e-25 6.818471049214543430e-26 4.922493103395806369e-01 1.067250310664073010e-25 1.000000000000000000e+00 0.000000000000000000e+00 0.000000000000000000e+00 0.000000000000000000e+00 1.000000000000000000e+00 1.000000000000000000e+10 0.000000000000000000e+00 0.000000000000000000e+00 0.000000000000000000e+00 1.000000000000000000e+10
1.384557172980430476e-02 2.190872061670610274e+05 1.245011768654155603e+05 8.372168587060191203e+04 2.428730175204674713e-01 1.976518786507731129e+05 2.106271199678003481e-25 2.729716969602106099e-25 7.291116339611680960e-26 4.558020500494984750e-01 1.141276881541210994e-25 1.000000000000000000e+00 0.000000000000000000e+00 0.000000000000000000e+00 0.000000000000000000e+00 1.000000000000000000e+00 1.000000000000000000e+10 0.000000000000000000e+00 0.000000000000000000e+00 0.000000000000000000e+00 1.000000000000000000e+10
1.596794743096121086e-02 1.562671096721715003e+05 9.533509512464902946e+04 6.550270139929812285e+04 2.574198920412503200e-01 1.437770169483785285e+05 2.294606066811108964e-25 2.517420838351713294e-25 9.060968604609112918e-26 4.141749105001982789e-01 1.443421697615772138e-25 1.000000000000000000e+00 0.000000000000000000e+00 0.000000000000000000e+00 0.000000000000000000e+00 1.000000000000000000e+00 1.000000000000000000e+10 0.000000000000000000e+00 0.000000000000000000e+00 0.000000000000000000e+00 1.000000000000000000e+10
1.841566026551830909e-02 1.119221167221343931e+05 8.003915298028229154e+04 4.443905780248968222e+04 2.680624116014768687e-01 9.748970136413699947e+04 2.153856191552376151e-25 2.103591743562819391e-25 7.151855334197648585e-26 3.623306603767873502e-01 1.444988165931262509e-25 1.000000000000000000e+00 0.000000000000000000e+00 0.000000000000000000e+00 0.000000000000000000e+00 1.000000000000000000e+00 1.000000000000000000e+10 0.000000000000000000e+00 0.000000000000000000e+00 0.000000000000000000e+00 1.000000000000000000e+10
2.123858088093512342e-02 7.542573054802604020e+04 5.686611293610438588e+04 2.893474064250114316e+04 2.756211054514914327e-01 6.224708318909911031e+04 1.875323107074050454e-25 1.810258574187513787e-25 8.693381974263251934e-26 3.541495650941439144e-01 1.401478117271668902e-25 1.000000000000000000e+00 0.000000000000000000e+00 0.000000000000000000e+00 0.000000000000000000e+00 1.000000000000000000e+00 1.000000000000000000e+10 0.000000000000000000e+00 0.000000000000000000e+00 0.000000000000000000e+00 1.000000000000000000e+10
2.449422455303571639e-02 5.135886913441866636e+04 4.172989093456257251e+04 1.843805291054988993e+04 2.762400121550071530e-01 4.101040163205795398e+04 1.601373036499789261e-25 1.494927895321236672e-25 5.502803990428261601e-26 3.219972431733733043e-01 1.201718746866269482e-25 1.000000000000000000e+00 0.000000000000000000e+00 0.000000000000000000e+00 0.000000000000000000e+00 1.000000000000000000e+00 1.000000000000000000e+10 0.000000000000000000e+00 0.000000000000000000e+00 0.000000000000000000e+00 1.000000000000000000e+10
2.824892302447100725e-02 3.384755869778674969e+04 2.693406260571129314e+04 1.231001721995997286e+04 2.775079638544863947e-01 2.611729647499886414e+04 1.313651473022641749e-25 1.007327711786026079e-25 4.740612142891195662e-26 2.986176577127090948e-01 9.944904164696190011e-26 1.000000000000000000e+00 0.000000000000000000e+00 0.000000000000000000e+00 0.000000000000000000e+00 1.000000000000000000e+00 1.000000000000000000e+10 0.000000000000000000e+00 0.000000000000000000e+00 0.000000000000000000e+00 1.000000000000000000e+10
3.257917597328415654e-02 2.228673144973421950e+04 1.501108495594366832e+04 7.243128656370123281e+03 2.546906476460318869e-01 1.783334202315897710e+04 1.090737629503222161e-25 8.643413859782796079e-26 3.811620166438657918e-26 2.827957505774394420e-01 8.282913475695776973e-26 1.000000000000000000e+00 0.000000000000000000e+00 0.000000000000000000e+00 0.000000000000000000e+00 1.000000000000000000e+00 1.000000000000000000e+10 0.000000000000000000e+00 0.000000000000000000e+00 0.000000000000000000e+00 1.000000000000000000e+10
3.757320964692217186e-02 1.499918640187819074e+04 7.202802931841717509e+03 5.634093348004939799e+03 2.324833369197454591e-01 1.323274022823210180e+04 9.477808910816746818e-26 8.426887889521468316e-26 3.403573633173028260e-26 2.959301426436923288e-01 7.169025044018811546e-26 1.000000000000000000e+00 0.000000000000000000e+00 0.000000000000000000e+00 0.000000000000000000e+00 1.000000000000000000e+00 1.000000000000000000e+10 0.000000000000000000e+00 0.000000000000000000e+00 0.000000000000000000e+00 1.000000000000000000e+10
4.333277441790538143e-02 1.080199369031422430e+04 5.955332417192714274e+03 3.666231637103700450e+03 2.132316811251639133e-01 9.404830741299403599e+03 7.987380219886232306e-26 6.789620856135214413e-26 2.359429282315574548e-26 2.844266126100086778e-01 5.755725687231480773e-26 1.000000000000000000e+00 0.000000000000000000e+00 0.000000000000000000e+00 0.000000000000000000e+00 1.000000000000000000e+00 1.000000000000000000e+10 0.000000000000000000e+00 0.000000000000000000e+00 0.000000000000000000e+00 1.000000000000000000e+10
4.997521788524898756e-02 8.104685281237144409e+03 4.319209336546053237e+03 2.953520868855264780e+03 1.997405989206827437e-01 7.463078496939975594e+03 6.606674002660203458e-26 5.668557706655142534e-26 2.285402735799081418e-26 2.829470177729281333e-01 4.961101273520676834e-26 1.000000000000000000e+00 0.000000000000000000e+00 0.000000000000000000e+00 0.000000000000000000e+00 1.000000000000000000e+00 1.000000000000000000e+10 0.000000000000000000e+00 0.000000000000000000e+00 0.000000000000000000e+00 1.000000000000000000e+10
5.763587575980636674e-02 6.330114586548151237e+03 3.962302030540173291e+03 1.761248204619084390e+03 1.926752295634229228e-01 5.542050810685459510e+03 5.321899963071212950e-26 4.663838970610874809e-26 1.857013709531006424e-26 2.875837871207578278e-01 4.034520227865195332e-26 1.000000000000000000e+00 0.000000000000000000e+00 0.000000000000000000e+00 0.000000000000000000e+00 1.000000000000000000e+00 1.000000000000000000e+10 0.000000000000000000e+00 0.000000000000000000e+00 0.000000000000000000e+00 1.000000000000000000e+10
6.647082924635627776e-02 5.056005532638977456e+03 2.528300994121323129e+03 1.567246362767342362e+03 1.850116094539778766e-01 4.627426911407974330e+03 4.175368292453028410e-26 3.706249298818665349e-26 1.372116449651392894e-26 2.791270315113806855e-01 3.127752998834182737e-26 1.000000000000000000e+00 0.000000000000000000e+00 0.000000000000000000e+00 0.000000000000000000e+00 1.000000000000000000e+00 1.000000000000000000e+10 0.000000000000000000e+00 0.000000000000000000e+00 0.000000000000000000e+00 1.000000000000000000e+10
7.666008510240249207e-02 4.076047523607337098e+03 1.965399700779289560e+03 1.211428771183797835e+03 1.846647427804292141e-01 3.694905709387870957e+03 3.210584637945523595e-26 3.116808060732177472e-26 1.056982889184106036e-26 2.821989491351210022e-01 2.414785600818460599e-26 1.000000000000000000e+00 0.000000000000000000e+00 0.000000000000000000e+00 0.000000000000000000e+00 1.000000000000000000e+00 1.000000000000000000e+10 0.000000000000000000e+00 0.000000000000000000e+00 0.000000000000000000e+00 1.000000000000000000e+10
8.841124316543315376e-02 3.252337340587467679e+03 1.778208211187577945e+03 9.351834630059761366e+02 1.745844285441851274e-01 2.910959831608154673e+03 2.397443862617518473e-26 2.350984217017228007e-26 7.987765183860435898e-27 2.816516387103824570e-01 1.800877925316002675e-26 1.000000000000000000e+00 0.000000000000000000e+00 0.000000000000000000e+00 0.000000000000000000e+00 1.000000000000000000e+00 1.000000000000000000e+10 0.000000000000000000e+00 0.000000000000000000e+00 0.000000000000000000e+00 1.000000000000000000e+10
1.019637260722580097e-01 2.540722740131096089e+03 1.294660363310530556e+03 7.760261477461983759e+02 1.717831575872219574e-01 2.347057029925643292e+03 1.752554684158958352e-26 1.870206202906335853e-26 5.698312064260758061e-27 2.816324905465933393e-01 1.303712320273596737e-26 1.000000000000000000e+00 0.000000000000000000e+00 0.000000000000000000e+00 0.000000000000000000e+00 1.000000000000000000e+00 1.000000000000000000e+10 0.000000000000000000e+00 0.000000000000000000e+00 0.000000000000000000e+00 1.000000000000000000e+10
1.175936573483598035e-01 1.953643496602549931e+03 9.099889256080882660e+02 6.374282618026829823e+02 1.670656501390511972e-01 1.834711322732937333e+03 1.245351934137415431e-26 1.297589161544423703e-26 4.388330839520515385e-27 2.857577527033046128e-01 9.529389691031391394e-27 1.000000000000000000e+00 0.000000000000000000e+00 0.000000000000000000e+00 0.000000000000000000e+00 1.000000000000000000e+00 1.000000000000000000e+10 0.000000000000000000e+00 0.000000000000000000e+00 0.000000000000000000e+00 1.000000000000000000e+10
1.356194872553388164e-01 1.475827273378330574e+03 7.338093303908690359e+02 4.383899212983744746e+02 1.684975057653101405e-01 1.332037506169146582e+03 8.676837497123689312e-27 7.183592310561702140e-27 3.672619011793454032e-27 2.947363519197694903e-01 6.999836498392220084e-27 1.000000000000000000e+00 0.000000000000000000e+00 0.000000000000000000e+00 0.000000000000000000e+00 1.000000000000000000e+00 1.000000000000000000e+10 0.000000000000000000e+00 0.000000000000000000e+00 0.000000000000000000e+00 1.000000000000000000e+10
1.564084810196403053e-01 1.083058731031932439e+03 5.323641037138679621e+02 3.257713452078743330e+02 1.681931208567630509e-01 9.938481195417723484e+02 5.979050260709665885e-27 5.281233586903414977e-27 2.189324521029125735e-27 3.089542166922738531e-01 4.451934966114091031e-27 1.000000000000000000e+00 0.000000000000000000e+00 0.000000000000000000e+00 0.000000000000000000e+00 1.000000000000000000e+00 1.000000000000000000e+10 0.000000000000000000e+00 0.000000000000000000e+00 0.000000000000000000e+00 1.000000000000000000e+10
1.803842016362447453e-01 7.865737690830035262e+02 3.901306094675617260e+02 2.305284147299997812e+02 1.690897900269064391e-01 7.161546447334910681e+02 4.039684972718336409e-27 3.912918238144421448e-27 1.498768587706557890e-27 3.252757466511457252e-01 2.973967322303407814e-27 1.000000000000000000e+00 0.000000000000000000e+00 0.000000000000000000e+00 0.000000000000000000e+00 1.000000000000000000e+00 1.000000000000000000e+10 0.000000000000000000e+00 0.000000000000000000e+00 0.000000000000000000e+00 1.000000000000000000e+10
2.080351397048574025e-01 5.731230037822688246e+02 3.180858673685119129e+02 1.382496705917048985e+02 1.797382494421483901e-01 4.985138053819478046e+02 2.748206503832754389e-27 2.822283998227884456e-27 8.887365761198240567e-28 3.449528040808935159e-01 1.812792335301008107e-27 1.000000000000000000e+00 0.000000000000000000e+00 0.000000000000000000e+00 0.000000000000000000e+00 1.000000000000000000e+00 1.000000000000000000e+10 0.000000000000000000e+00 0.000000000000000000e+00 0.000000000000000000e+00 1.000000000000000000e+10
2.399246661262133540e-01 4.083273355523281225e+02 2.294420559910738007e+02 1.004899482476616583e+02 1.818971700089731525e-01 3.498506087765148891e+02 1.901111167351254287e-27 2.073056869983739458e-27 5.278547433131906975e-28 3.686329619100985888e-01 1.107605274421135019e-27 1.000000000000000000e+00 0.000000000000000000e+00 0.000000000000000000e+00 0.000000000000000000e+00 1.000000000000000000e+00 1.000000000000000000e+10 0.000000000000000000e+00 0.000000000000000000e+00 0.000000000000000000e+00 1.000000000000000000e+10
2.767025104385807399e-01 2.918911391355773048e+02 1.437145784094058740e+02 6.987085909461890765e+01 1.841337472314434343e-01 2.490219317892742765e+02 1.347583443873287603e-27 1.497571589706410037e-27 3.715874287700218183e-28 3.919903970048996822e-01 7.347096868577994161e-28 1.000000000000000000e+00 0.000000000000000000e+00 0.000000000000000000e+00 0.000000000000000000e+00 1.000000000000000000e+00 1.000000000000000000e+10 0.000000000000000000e+00 0.000000000000000000e+00 0.000000000000000000e+00 1.000000000000000000e+10
3.191179986585286343e-01 2.132371051136436790e+02 1.124462212498575582e+02 4.518266372294544908e+01 1.855839612280274498e-01 1.759397735176568176e+02 1.021127342301351297e-27 1.030310519276904452e-27 2.720714209072493887e-28 4.243059063614538773e-01 5.063469843285065891e-28 1.000000000000000000e+00 0.000000000000000000e+00 0.000000000000000000e+00 0.000000000000000000e+00 1.000000000000000000e+00 1.000000000000000000e+10 0.000000000000000000e+00 0.000000000000000000e+00 0.000000000000000000e+00 1.000000000000000000e+10
3.680353203388414540e-01 1.586013861645735403e+02 9.128803936779078754e+01 3.939159475150705703e+01 2.005931140497118903e-01 1.296851526716208127e+02 8.339724743179986584e-28 7.301621840512963404e-28 1.932275814961548970e-28 4.673535896176148619e-01 3.400231825508373682e-28 1.000000000000000000e+00 0.000000000000000000e+00 0.000000000000000000e+00 0.000000000000000000e+00 1.000000000000000000e+00 1.000000000000000000e+10 0.000000000000000000e+00 0.000000000000000000e+00 0.000000000000000000e+00 1.000000000000000000e+10
4.244511359005219142e-01 1.277057561377571631e+02 7.340229569836066048e+01 3.182525931864475410e+01 2.342509663977229706e-01 9.789358106533379100e+01 7.840814444665599394e-28 5.794055470350001175e-28 1.458496646005989801e-28 5.323142625099223091e-01 2.400360262965142251e-28 1.000000000000000000e+00 0.000000000000000000e+00 0.000000000000000000e+00 0.000000000000000000e+00 1.000000000000000000e+00 1.000000000000000000e+10 0.000000000000000000e+00 0.000000000000000000e+00 0.000000000000000000e+00 1.000000000000000000e+10
4.895148829774688681e-01 1.085444028322949492e+02 6.715845383197269314e+01 2.841353723402624354e+01 2.705476215012379559e-01 7.644308377368598428e+01 7.677541460082351049e-28 6.151731762467140887e-28 9.442775111586870659e-29 6.076984652686684418e-01 1.555956497585152736e-28 1.000000000000000000e+00 0.000000000000000000e+00 0.000000000000000000e+00 0.000000000000000000e+00 1.000000000000000000e+00 1.000000000000000000e+10 0.000000000000000000e+00 0.000000000000000000e+00 0.000000000000000000e+00 1.000000000000000000e+10
5.645521955031491679e-01 9.271093981730825817e+01 8.483209213367824475e+01 2.533494625802180877e+01 2.981113959666385482e-01 6.241977158161726891e+01 7.376619100001147648e-28 8.434431414947098644e-28 7.572721805229260105e-29 6.820430983174785577e-01 1.125594134647189816e-28 1.000000000000000000e+00 0.000000000000000000e+00 0.000000000000000000e+00 0.000000000000000000e+00 1.000000000000000000e+00 1.000000000000000000e+10 0.000000000000000000e+00 0.000000000000000000e+00 0.000000000000000000e+00 1.000000000000000000e+10
6.510919126887823039e-01 7.998803634239563110e+01 7.623738083773585572e+01 2.256645923328111536e+01 3.174446415333548321e-01 5.140004700635449808e+01 7.683286242509094405e-28 8.321814339420374231e-28 6.556681810879873042e-29 7.432721298652125164e-01 9.159442469199066173e-29 1.000000000000000000e+00 0.000000000000000000e+00 0.000000000000000000e+00 0.000000000000000000e+00 1.000000000000000000e+00 1.000000000000000000e+10 0.000000000000000000e+00 0.000000000000000000e+00 0.000000000000000000e+00 1.000000000000000000e+10
7.508972281844089602e-01 7.002484140074062680e+01 7.736576431517997321e+01 1.824607280432470802e+01 3.296571017698503581e-01 4.315630352129474545e+01 8.215083141163772996e-28 7.722364380973927432e-28 5.385826632407331349e-29 7.928831676940629736e-01 7.242083441510391761e-29 1.000000000000000000e+00 0.000000000000000000e+00 0.000000000000000000e+00 0.000000000000000000e+00 1.000000000000000000e+00 1.000000000000000000e+10 0.000000000000000000e+00 0.000000000000000000e+00 0.000000000000000000e+00 1.000000000000000000e+10
8.660016140678794550e-01 5.865075439003511093e+01 5.129803101549922673e+01 1.644674778069140686e+01 3.141400512792713040e-01 3.792372149784325330e+01 8.234794496378679600e-28 5.116292945862142869e-28 5.994790387532826987e-29 8.048848090314196790e-01 7.462255961669019304e-29 1.000000000000000000e+00 0.000000000000000000e+00 0.000000000000000000e+00 0.000000000000000000e+00 1.000000000000000000e+00 1.000000000000000000e+10 0.000000000000000000e+00 0.000000000000000000e+00 0.000000000000000000e+00 1.000000000000000000e+10
9.987502515910116063e-01 5.123947230203719982e+01 4.574625086399040441e+01 1.555976055587352391e+01 3.092958189409120706e-01 3.493443910040559075e+01 8.566659355554726979e-28 5.274148810584204702e-28 5.629136989229468602e-29 8.139310986101204737e-01 6.831464469600488768e-29 1.000000000000000000e+00 0.000000000000000000e+00 0.000000000000000000e+00 0.000000000000000000e+00 1.000000000000000000e+00 1.000000000000000000e+10 0.000000000000000000e+00 0.000000000000000000e+00 0.000000000000000000e+00 1.000000000000000000e+10
1.151847812808953542e+00 4.771981430009719105e+01 4.338643508543365357e+01 1.479203450648337892e+01 3.162249363811628355e-01 3.158066275580925009e+01 1.133549614937083429e-27 4.964691138674651207e-28 4.948132420233944526e-29 8.464745779563658257e-01 5.995104195726108174e-29 1.000000000000000000e+00 0.000000000000000000e+00 0.000000000000000000e+00 0.000000000000000000e+00 1.000000000000000000e+00 1.000000000000000000e+10 0.000000000000000000e+00 0.000000000000000000e+00 0.000000000000000000e+00 1.000000000000000000e+10
1.328413566614123908e+00 4.510075890531485499e+01 4.036555741949874943e+01 1.391281707455359395e+01 3.129093913520650805e-01 2.997871796308051984e+01 1.434440764085620514e-27 4.626376321712549332e-28 4.606004900654766326e-29 8.427850294420196064e-01 5.712803563252752260e-29 1.000000000000000000e+00 0.000000000000000000e+00 0.000000000000000000e+00 0.000000000000000000e+00 1.000000000000000000e+00 1.000000000000000000e+10 0.000000000000000000e+00 0.000000000000000000e+00 0.000000000000000000e+00 1.000000000000000000e+10
1.532044931926391351e+00 4.090088933023186257e+01 3.372981033796150996e+01 1.226370345181643984e+01 2.953696602428206863e-01 2.781047177781668012e+01 1.485974207006193681e-27 4.945393737897920430e-28 5.100820407428573394e-29 8.162785321837028318e-01 6.305641846797128071e-29 1.000000000000000000e+00 0.000000000000000000e+00 0.000000000000000000e+00 0.000000000000000000e+00 1.000000000000000000e+00 1.000000000000000000e+10 0.000000000000000000e+00 0.000000000000000000e+00 0.000000000000000000e+00 1.000000000000000000e+10
1.766890772896739126e+00 3.867771444283290805e+01 2.912634232789946509e+01 1.289899323696951683e+01 2.939969231253790616e-01 2.723087571318074396e+01 1.294652330092910446e-27 5.214702959984001066e-28 7.415858327437298625e-29 8.237392516718815560e-01 8.447705607995730256e-29 1.000000000000000000e+00 0.000000000000000000e+00 0.000000000000000000e+00 0.000000000000000000e+00 1.000000000000000000e+00 1.000000000000000000e+10 0.000000000000000000e+00 0.000000000000000000e+00 0.000000000000000000e+00 1.000000000000000000e+10
2.037735929469222107e+00 3.453628461180631604e+01 2.581041586603753046e+01 1.245828532055065452e+01 2.789566298751403606e-01 2.644294479739972559e+01 9.330821406063835618e-28 4.806251776704842811e-28 6.512669713168311127e-29 8.070393474467674189e-01 7.717803974872086900e-29 1.000000000000000000e+00 0.000000000000000000e+00 0.000000000000000000e+00 0.000000000000000000e+00 1.000000000000000000e+00 1.000000000000000000e+10 0.000000000000000000e+00 0.000000000000000000e+00 0.000000000000000000e+00 1.000000000000000000e+10
2.350098705559579226e+00 3.135466010844688967e+01 2.395906680141582257e+01 1.044688782612186984e+01 2.612132201283192678e-01 2.461267342818500481e+01 6.088247494893418628e-28 3.662165577997420972e-28 8.647689344002549951e-29 7.727330728797714432e-01 9.886668454586814293e-29 1.000000000000000000e+00 0.000000000000000000e+00 0.000000000000000000e+00 0.000000000000000000e+00 1.000000000000000000e+00 1.000000000000000000e+10 0.000000000000000000e+00 0.000000000000000000e+00 0.000000000000000000e+00 1.000000000000000000e+10
