# R (Mpc), mean rho (Msol/kpc^3), errup (Msol/kpc^3), errlow, std, median rho (Msol/kpc^3), mean pth (Msol/kpc/s^2), errup(Msol/kpc/s^2), errlow, std, median pth (Msol/kpc/s^2), mean gas-mass-weighted metal (fraction), errup, errlow, std, median metal, mean gas-mass-weighted temp (K), errup, errlow, std, median temp  
#  nprofs 194, mean mh 548345562142.158997, median mh 489496058562.245605 
#  Mass range 11.50 - 12.0
1.040961082911032697e-02 5.329343763684907462e+05 2.824512560242203763e+05 2.252039252948067733e+05 3.069046167492872068e-01 4.823300677405871684e+05 2.403273418210547078e-25 2.408978221225438621e-25 9.005453032131425110e-26 4.344287268669250746e-01 1.372910320680998564e-25 1.000000000000000000e+00 0.000000000000000000e+00 0.000000000000000000e+00 0.000000000000000000e+00 1.000000000000000000e+00 1.000000000000000000e+10 0.000000000000000000e+00 0.000000000000000000e+00 0.000000000000000000e+00 1.000000000000000000e+10
1.200529105910367808e-02 4.095811786140262848e+05 2.234991467520545120e+05 1.581606521141290141e+05 3.342231688243679222e-01 3.745915028667332954e+05 2.404383098071366300e-25 2.118252216684014110e-25 8.921327544361100697e-26 4.473856979196793038e-01 1.351936484718281785e-25 1.000000000000000000e+00 0.000000000000000000e+00 0.000000000000000000e+00 0.000000000000000000e+00 1.000000000000000000e+00 1.000000000000000000e+10 0.000000000000000000e+00 0.000000000000000000e+00 0.000000000000000000e+00 1.000000000000000000e+10
1.384557172980430476e-02 3.103036639906272176e+05 1.550966581515696016e+05 1.198715409812429280e+05 3.543125395564502567e-01 2.900837492227572948e+05 2.319881621665065588e-25 2.422351469300116711e-25 1.146491272536134130e-25 4.341722660911516152e-01 1.609219779067785695e-25 1.000000000000000000e+00 0.000000000000000000e+00 0.000000000000000000e+00 0.000000000000000000e+00 1.000000000000000000e+00 1.000000000000000000e+10 0.000000000000000000e+00 0.000000000000000000e+00 0.000000000000000000e+00 1.000000000000000000e+10
1.596794743096121086e-02 2.242548123843016219e+05 1.089975463468598609e+05 1.022166124971209210e+05 3.237246775090927287e-01 2.139968291131367732e+05 2.030297111187174380e-25 1.795026573728681746e-25 1.043692825937696791e-25 3.967836747565676725e-01 1.513160689150614096e-25 1.000000000000000000e+00 0.000000000000000000e+00 0.000000000000000000e+00 0.000000000000000000e+00 1.000000000000000000e+00 1.000000000000000000e+10 0.000000000000000000e+00 0.000000000000000000e+00 0.000000000000000000e+00 1.000000000000000000e+10
1.841566026551830909e-02 1.629409416994779021e+05 8.692251549045686261e+04 7.663887267874796817e+04 3.252946920007624976e-01 1.545622868388603092e+05 1.847388381134470372e-25 1.508238226424666029e-25 8.950761776271245780e-26 3.738602684684015354e-01 1.379103303661464346e-25 1.000000000000000000e+00 0.000000000000000000e+00 0.000000000000000000e+00 0.000000000000000000e+00 1.000000000000000000e+00 1.000000000000000000e+10 0.000000000000000000e+00 0.000000000000000000e+00 0.000000000000000000e+00 1.000000000000000000e+10
2.123858088093512342e-02 1.154847049264983943e+05 6.522307422529351606e+04 5.304554089164180186e+04 3.244081602706411216e-01 1.090782292282568669e+05 1.736749572757047639e-25 1.682359503666713988e-25 7.615223867247706006e-26 3.643214339202748286e-01 1.259888081373881658e-25 1.000000000000000000e+00 0.000000000000000000e+00 0.000000000000000000e+00 0.000000000000000000e+00 1.000000000000000000e+00 1.000000000000000000e+10 0.000000000000000000e+00 0.000000000000000000e+00 0.000000000000000000e+00 1.000000000000000000e+10
2.449422455303571639e-02 7.721665691584907472e+04 5.645609683339367621e+04 3.357309745784256666e+04 3.079261934361617881e-01 6.574792494499811437e+04 1.495648634429560876e-25 1.320951472307281233e-25 6.085567966152124134e-26 3.120197525275251182e-01 1.172283688460801382e-25 1.000000000000000000e+00 0.000000000000000000e+00 0.000000000000000000e+00 0.000000000000000000e+00 1.000000000000000000e+00 1.000000000000000000e+10 0.000000000000000000e+00 0.000000000000000000e+00 0.000000000000000000e+00 1.000000000000000000e+10
2.824892302447100725e-02 5.130850733489648701e+04 3.832160366578614048e+04 2.029015051052120180e+04 3.177068304207615324e-01 4.237346146983385552e+04 1.248199392630957001e-25 1.023089347808000180e-25 6.092685780490131724e-26 3.164737581217352269e-01 1.024589549378309716e-25 1.000000000000000000e+00 0.000000000000000000e+00 0.000000000000000000e+00 0.000000000000000000e+00 1.000000000000000000e+00 1.000000000000000000e+10 0.000000000000000000e+00 0.000000000000000000e+00 0.000000000000000000e+00 1.000000000000000000e+10
3.257917597328415654e-02 3.178447684259607922e+04 2.392602819842068857e+04 1.228173828820167910e+04 2.844357979789582935e-01 2.579436386176324595e+04 1.028263490303005789e-25 7.719643733690648233e-26 3.705995255997734949e-26 3.087972571469300154e-01 7.789610179692119173e-26 1.000000000000000000e+00 0.000000000000000000e+00 0.000000000000000000e+00 0.000000000000000000e+00 1.000000000000000000e+00 1.000000000000000000e+10 0.000000000000000000e+00 0.000000000000000000e+00 0.000000000000000000e+00 1.000000000000000000e+10
3.757320964692217186e-02 2.058933563110052637e+04 1.647825041842215796e+04 6.338524436354358841e+03 2.514520107877383226e-01 1.626236766865360914e+04 9.024491647239399551e-26 7.111267801836957428e-26 3.494846541486546639e-26 2.943581587822838297e-01 7.145230780580987005e-26 1.000000000000000000e+00 0.000000000000000000e+00 0.000000000000000000e+00 0.000000000000000000e+00 1.000000000000000000e+00 1.000000000000000000e+10 0.000000000000000000e+00 0.000000000000000000e+00 0.000000000000000000e+00 1.000000000000000000e+10
4.333277441790538143e-02 1.416441326056352591e+04 8.647285525044875612e+03 3.919709941493508268e+03 2.330807440417420051e-01 1.155855797318670557e+04 7.564721336539831112e-26 5.776339950453420698e-26 2.816497745072864480e-26 2.823516308857620949e-01 5.932224433160701720e-26 1.000000000000000000e+00 0.000000000000000000e+00 0.000000000000000000e+00 0.000000000000000000e+00 1.000000000000000000e+00 1.000000000000000000e+10 0.000000000000000000e+00 0.000000000000000000e+00 0.000000000000000000e+00 1.000000000000000000e+10
4.997521788524898756e-02 9.993286123304822468e+03 4.843056446935363056e+03 3.087877748941568825e+03 2.212759373924329531e-01 8.545340804712046520e+03 6.134925537111985622e-26 4.449665977387240289e-26 2.011275426094055080e-26 2.782364675698803524e-01 4.698017859290976246e-26 1.000000000000000000e+00 0.000000000000000000e+00 0.000000000000000000e+00 0.000000000000000000e+00 1.000000000000000000e+00 1.000000000000000000e+10 0.000000000000000000e+00 0.000000000000000000e+00 0.000000000000000000e+00 1.000000000000000000e+10
5.763587575980636674e-02 7.274705800655180610e+03 2.972271458380484546e+03 2.222457300820497949e+03 1.971640983736701602e-01 6.530494509368885701e+03 5.072779378322495332e-26 3.663685295965234812e-26 1.625753070716984325e-26 2.760126653898952176e-01 3.774917899584915799e-26 1.000000000000000000e+00 0.000000000000000000e+00 0.000000000000000000e+00 0.000000000000000000e+00 1.000000000000000000e+00 1.000000000000000000e+10 0.000000000000000000e+00 0.000000000000000000e+00 0.000000000000000000e+00 1.000000000000000000e+10
6.647082924635627776e-02 5.500175410293260938e+03 2.689237587058973986e+03 1.561230305713987491e+03 1.892487583077715196e-01 5.035272763765231502e+03 3.971940286900001402e-26 2.555464156331075317e-26 1.338110427708905786e-26 2.673897928428224380e-01 3.068781713415952685e-26 1.000000000000000000e+00 0.000000000000000000e+00 0.000000000000000000e+00 0.000000000000000000e+00 1.000000000000000000e+00 1.000000000000000000e+10 0.000000000000000000e+00 0.000000000000000000e+00 0.000000000000000000e+00 1.000000000000000000e+10
7.666008510240249207e-02 4.175108996260039021e+03 2.129379616183757207e+03 1.197087176340062342e+03 1.830102479398893478e-01 3.782430742545253452e+03 2.950693181264493219e-26 2.188794160852795192e-26 9.421280311546836169e-27 2.646157186787603255e-01 2.281004185124005218e-26 1.000000000000000000e+00 0.000000000000000000e+00 0.000000000000000000e+00 0.000000000000000000e+00 1.000000000000000000e+00 1.000000000000000000e+10 0.000000000000000000e+00 0.000000000000000000e+00 0.000000000000000000e+00 1.000000000000000000e+10
8.841124316543315376e-02 3.415464107541750309e+03 1.542515659242084439e+03 9.503066232491146366e+02 1.917218304211475433e-01 2.971023363982394585e+03 2.220148046225242328e-26 1.916812406797934402e-26 7.460175119467191288e-27 2.640547578805126916e-01 1.715310617276242452e-26 1.000000000000000000e+00 0.000000000000000000e+00 0.000000000000000000e+00 0.000000000000000000e+00 1.000000000000000000e+00 1.000000000000000000e+10 0.000000000000000000e+00 0.000000000000000000e+00 0.000000000000000000e+00 1.000000000000000000e+10
1.019637260722580097e-01 2.645955235934028224e+03 1.179463675082727150e+03 7.719193291579369998e+02 1.931021401126555015e-01 2.342228316881514729e+03 1.627533310279718715e-26 1.403796467879810027e-26 6.068066708478550609e-27 2.765507962511594142e-01 1.274294384715803859e-26 1.000000000000000000e+00 0.000000000000000000e+00 0.000000000000000000e+00 0.000000000000000000e+00 1.000000000000000000e+00 1.000000000000000000e+10 0.000000000000000000e+00 0.000000000000000000e+00 0.000000000000000000e+00 1.000000000000000000e+10
1.175936573483598035e-01 1.948203966098342562e+03 9.146714730525050072e+02 5.930239978655213235e+02 1.834959658051228959e-01 1.769620156861801206e+03 1.199544357220845675e-26 9.297075402454403876e-27 4.526640292997247307e-27 2.967221359584720775e-01 9.335184885720310039e-27 1.000000000000000000e+00 0.000000000000000000e+00 0.000000000000000000e+00 0.000000000000000000e+00 1.000000000000000000e+00 1.000000000000000000e+10 0.000000000000000000e+00 0.000000000000000000e+00 0.000000000000000000e+00 1.000000000000000000e+10
1.356194872553388164e-01 1.475717464775081680e+03 6.542535194104966649e+02 4.811336490187854906e+02 1.876987577753729264e-01 1.362083438270619126e+03 8.651682996535529888e-27 6.908477780392387129e-27 3.276436373676604125e-27 3.131050882009055458e-01 6.585349308710178523e-27 1.000000000000000000e+00 0.000000000000000000e+00 0.000000000000000000e+00 0.000000000000000000e+00 1.000000000000000000e+00 1.000000000000000000e+10 0.000000000000000000e+00 0.000000000000000000e+00 0.000000000000000000e+00 1.000000000000000000e+10
1.564084810196403053e-01 1.105679895055528050e+03 5.297341196924436417e+02 3.523739102940369321e+02 1.827360300334373022e-01 1.000868169475800073e+03 6.261253880796029254e-27 4.379075381426052795e-27 2.505072562474189950e-27 3.283510753520010317e-01 4.704382933316083061e-27 1.000000000000000000e+00 0.000000000000000000e+00 0.000000000000000000e+00 0.000000000000000000e+00 1.000000000000000000e+00 1.000000000000000000e+10 0.000000000000000000e+00 0.000000000000000000e+00 0.000000000000000000e+00 1.000000000000000000e+10
1.803842016362447453e-01 8.188483684104782014e+02 3.768765694864428042e+02 2.691021811954528289e+02 1.856466569602926997e-01 7.470856806694384886e+02 4.481230093890386040e-27 3.476296879518242744e-27 1.533889574587098096e-27 3.499207845920137561e-01 2.982400469340863382e-27 1.000000000000000000e+00 0.000000000000000000e+00 0.000000000000000000e+00 0.000000000000000000e+00 1.000000000000000000e+00 1.000000000000000000e+10 0.000000000000000000e+00 0.000000000000000000e+00 0.000000000000000000e+00 1.000000000000000000e+10
2.080351397048574025e-01 5.986407409645837561e+02 3.256474778372895571e+02 2.007695291846748091e+02 1.844916240523493400e-01 5.422344193959231688e+02 3.146546339641742123e-27 2.557319548926043340e-27 1.071334844824372175e-27 3.635983551135461012e-01 1.983543852889196431e-27 1.000000000000000000e+00 0.000000000000000000e+00 0.000000000000000000e+00 0.000000000000000000e+00 1.000000000000000000e+00 1.000000000000000000e+10 0.000000000000000000e+00 0.000000000000000000e+00 0.000000000000000000e+00 1.000000000000000000e+10
2.399246661262133540e-01 4.493113517829594343e+02 2.300229124354683563e+02 1.406564165193370286e+02 1.915262561928154639e-01 3.977171447958637600e+02 2.236258663152389129e-27 1.960240693807418252e-27 7.980704372012649260e-28 3.849552069806599364e-01 1.353619940862254317e-27 1.000000000000000000e+00 0.000000000000000000e+00 0.000000000000000000e+00 0.000000000000000000e+00 1.000000000000000000e+00 1.000000000000000000e+10 0.000000000000000000e+00 0.000000000000000000e+00 0.000000000000000000e+00 1.000000000000000000e+10
2.767025104385807399e-01 3.421949792578450911e+02 1.819783072638446129e+02 1.137627744033315480e+02 2.075273106796247380e-01 2.939360340207526860e+02 1.655448631457180091e-27 1.406674405233192244e-27 6.010001680478558958e-28 4.187766176853126576e-01 9.207420727595264886e-28 1.000000000000000000e+00 0.000000000000000000e+00 0.000000000000000000e+00 0.000000000000000000e+00 1.000000000000000000e+00 1.000000000000000000e+10 0.000000000000000000e+00 0.000000000000000000e+00 0.000000000000000000e+00 1.000000000000000000e+10
3.191179986585286343e-01 2.488898601239931736e+02 1.608989477508864638e+02 7.791809918906241705e+01 2.132499940083440182e-01 2.081453573181460683e+02 1.219473089354875977e-27 1.197570872559056678e-27 3.735370984852153626e-28 4.531540547146888365e-01 5.913822156246816964e-28 1.000000000000000000e+00 0.000000000000000000e+00 0.000000000000000000e+00 0.000000000000000000e+00 1.000000000000000000e+00 1.000000000000000000e+10 0.000000000000000000e+00 0.000000000000000000e+00 0.000000000000000000e+00 1.000000000000000000e+10
3.680353203388414540e-01 1.905902968096552001e+02 1.293234752678920643e+02 5.588021728008372691e+01 2.275627494630935166e-01 1.515202797120431057e+02 9.508521525891513324e-28 9.305389106914674915e-28 2.591060606708209665e-28 4.849230775185266462e-01 4.055060258883787063e-28 1.000000000000000000e+00 0.000000000000000000e+00 0.000000000000000000e+00 0.000000000000000000e+00 1.000000000000000000e+00 1.000000000000000000e+10 0.000000000000000000e+00 0.000000000000000000e+00 0.000000000000000000e+00 1.000000000000000000e+10
4.244511359005219142e-01 1.478126384874669554e+02 8.967080921415808348e+01 3.941255750699554028e+01 2.329686461099747530e-01 1.147613681887187340e+02 8.067821715085713392e-28 8.002408245341694388e-28 1.827991595197817360e-28 5.178765818902023588e-01 2.845782020354526370e-28 1.000000000000000000e+00 0.000000000000000000e+00 0.000000000000000000e+00 0.000000000000000000e+00 1.000000000000000000e+00 1.000000000000000000e+10 0.000000000000000000e+00 0.000000000000000000e+00 0.000000000000000000e+00 1.000000000000000000e+10
4.895148829774688681e-01 1.155563444655830239e+02 8.386108325422267740e+01 3.307889043286999708e+01 2.492987769226837347e-01 8.786730645780977511e+01 6.814990016227458113e-28 7.318151259687603718e-28 1.240454005539847135e-28 5.632063380989027479e-01 1.924298746528337988e-28 1.000000000000000000e+00 0.000000000000000000e+00 0.000000000000000000e+00 0.000000000000000000e+00 1.000000000000000000e+00 1.000000000000000000e+10 0.000000000000000000e+00 0.000000000000000000e+00 0.000000000000000000e+00 1.000000000000000000e+10
5.645521955031491679e-01 9.514816419236154843e+01 6.266043494301356986e+01 2.934859389658746665e+01 2.614536323440475041e-01 7.179084868988067569e+01 6.340033318202471469e-28 7.020992513828965856e-28 8.948825695681473119e-29 6.251387560532495336e-01 1.341757952073421882e-28 1.000000000000000000e+00 0.000000000000000000e+00 0.000000000000000000e+00 0.000000000000000000e+00 1.000000000000000000e+00 1.000000000000000000e+10 0.000000000000000000e+00 0.000000000000000000e+00 0.000000000000000000e+00 1.000000000000000000e+10
6.510919126887823039e-01 8.584415590984362154e+01 7.734925877218577739e+01 2.651106594793496640e+01 2.911335337981240667e-01 6.097905725859675385e+01 6.795504663068517428e-28 6.606021162097530024e-28 7.154731630461488887e-29 7.027302785139150076e-01 1.012300968349116720e-28 1.000000000000000000e+00 0.000000000000000000e+00 0.000000000000000000e+00 0.000000000000000000e+00 1.000000000000000000e+00 1.000000000000000000e+10 0.000000000000000000e+00 0.000000000000000000e+00 0.000000000000000000e+00 1.000000000000000000e+10
7.508972281844089602e-01 7.527987170433702602e+01 6.482447583557588189e+01 1.925175014312968713e+01 3.053525148853696858e-01 4.924934788981209977e+01 6.459062638642231434e-28 5.749874232579353991e-28 5.947382706900368357e-29 7.454996376272686742e-01 8.314558065429225845e-29 1.000000000000000000e+00 0.000000000000000000e+00 0.000000000000000000e+00 0.000000000000000000e+00 1.000000000000000000e+00 1.000000000000000000e+10 0.000000000000000000e+00 0.000000000000000000e+00 0.000000000000000000e+00 1.000000000000000000e+10
8.660016140678794550e-01 6.192209769560280819e+01 5.369200004962026185e+01 1.696804033557610936e+01 2.867115049111682579e-01 4.343038401750636979e+01 5.349991992001469728e-28 5.336861792507548188e-28 5.378263998618364406e-29 7.484361364253233617e-01 7.263026057062425986e-29 1.000000000000000000e+00 0.000000000000000000e+00 0.000000000000000000e+00 0.000000000000000000e+00 1.000000000000000000e+00 1.000000000000000000e+10 0.000000000000000000e+00 0.000000000000000000e+00 0.000000000000000000e+00 1.000000000000000000e+10
9.987502515910116063e-01 5.326276787752219377e+01 4.069154420299072683e+01 1.523332789000207654e+01 2.794353004133923180e-01 3.792369046527231546e+01 5.729407116457412294e-28 4.305841070867149463e-28 5.236265970533089990e-29 7.601589590879198610e-01 6.552950045333546888e-29 1.000000000000000000e+00 0.000000000000000000e+00 0.000000000000000000e+00 0.000000000000000000e+00 1.000000000000000000e+00 1.000000000000000000e+10 0.000000000000000000e+00 0.000000000000000000e+00 0.000000000000000000e+00 1.000000000000000000e+10
1.151847812808953542e+00 4.948315715640084278e+01 3.899258759953896458e+01 1.561521204785327654e+01 2.917901361527789894e-01 3.558887238345558046e+01 7.028178055523095353e-28 4.307167887349815235e-28 5.114160606765293397e-29 7.880748299241145949e-01 6.265479601710558566e-29 1.000000000000000000e+00 0.000000000000000000e+00 0.000000000000000000e+00 0.000000000000000000e+00 1.000000000000000000e+00 1.000000000000000000e+10 0.000000000000000000e+00 0.000000000000000000e+00 0.000000000000000000e+00 1.000000000000000000e+10
1.328413566614123908e+00 4.574130095211786085e+01 3.529339662634004071e+01 1.573762955480916403e+01 2.845314792745151089e-01 3.441318259369471377e+01 8.024638406054501621e-28 4.427854671174895411e-28 5.518961540338244364e-29 7.769729942344546503e-01 6.786482222418179547e-29 1.000000000000000000e+00 0.000000000000000000e+00 0.000000000000000000e+00 0.000000000000000000e+00 1.000000000000000000e+00 1.000000000000000000e+10 0.000000000000000000e+00 0.000000000000000000e+00 0.000000000000000000e+00 1.000000000000000000e+10
1.532044931926391351e+00 4.288753889042233425e+01 4.014642131167734362e+01 1.370250555803497505e+01 2.808089328009674146e-01 3.125824642393664021e+01 9.504128621170235453e-28 4.102380308970524568e-28 6.230445851269521610e-29 7.656727202819979539e-01 7.423390257006687734e-29 1.000000000000000000e+00 0.000000000000000000e+00 0.000000000000000000e+00 0.000000000000000000e+00 1.000000000000000000e+00 1.000000000000000000e+10 0.000000000000000000e+00 0.000000000000000000e+00 0.000000000000000000e+00 1.000000000000000000e+10
1.766890772896739126e+00 3.744832097146091598e+01 2.419668110737202937e+01 1.385933785041973465e+01 2.589206778953047072e-01 2.999068881751153981e+01 7.226105400074660826e-28 3.552611045232449203e-28 6.142504644755787317e-29 7.240243329054611987e-01 7.400818022186426341e-29 1.000000000000000000e+00 0.000000000000000000e+00 0.000000000000000000e+00 0.000000000000000000e+00 1.000000000000000000e+00 1.000000000000000000e+10 0.000000000000000000e+00 0.000000000000000000e+00 0.000000000000000000e+00 1.000000000000000000e+10
2.037735929469222107e+00 3.233043890218043259e+01 2.364691655305138340e+01 1.129808862224208177e+01 2.387791433511581296e-01 2.689676792297839114e+01 3.705834593126789664e-28 3.243901510639433422e-28 5.040252942110910089e-29 6.793671924292062902e-01 6.801807561507929727e-29 1.000000000000000000e+00 0.000000000000000000e+00 0.000000000000000000e+00 0.000000000000000000e+00 1.000000000000000000e+00 1.000000000000000000e+10 0.000000000000000000e+00 0.000000000000000000e+00 0.000000000000000000e+00 1.000000000000000000e+10
2.350098705559579226e+00 3.033597675868995935e+01 2.155069190681250291e+01 8.379668538638931352e+00 2.325190290118945291e-01 2.399374664498597554e+01 3.018047996142051338e-28 2.532044856297970174e-28 5.121763800251669447e-29 6.555546517446382282e-01 6.932876055562132410e-29 1.000000000000000000e+00 0.000000000000000000e+00 0.000000000000000000e+00 0.000000000000000000e+00 1.000000000000000000e+00 1.000000000000000000e+10 0.000000000000000000e+00 0.000000000000000000e+00 0.000000000000000000e+00 1.000000000000000000e+10
