# R (Mpc), mean rho (Msol/kpc^3), errup (Msol/kpc^3), errlow, std, median rho (Msol/kpc^3), mean pth (Msol/kpc/s^2), errup(Msol/kpc/s^2), errlow, std, median pth (Msol/kpc/s^2), mean gas-mass-weighted metal (fraction), errup, errlow, std, median metal, mean gas-mass-weighted temp (K), errup, errlow, std, median temp  
#  nprofs 210, mean mh 558873604848.783081, median mh 495431633149.080078 
#  Mass range 11.50 - 12.0
1.040961082911032697e-02 5.092106484830731060e+05 3.130395315409750910e+05 2.623642293753075646e+05 5.128834796072129221e-01 4.749606050641424954e+05 2.646673860452030055e-25 2.219633248685681207e-25 1.080976302334009192e-25 4.207221827793295454e-01 1.692050531419506669e-25 1.000000000000000000e+00 0.000000000000000000e+00 0.000000000000000000e+00 0.000000000000000000e+00 1.000000000000000000e+00 1.000000000000000000e+10 0.000000000000000000e+00 0.000000000000000000e+00 0.000000000000000000e+00 1.000000000000000000e+10
1.200529105910367808e-02 3.815813165637146449e+05 1.993134935524640023e+05 2.543126369030411297e+05 5.256483784911165635e-01 3.842696155802212306e+05 2.435608343418091825e-25 2.508791226345730549e-25 1.006865905087716112e-25 4.334245714583407905e-01 1.543170143628571175e-25 1.000000000000000000e+00 0.000000000000000000e+00 0.000000000000000000e+00 0.000000000000000000e+00 1.000000000000000000e+00 1.000000000000000000e+10 0.000000000000000000e+00 0.000000000000000000e+00 0.000000000000000000e+00 1.000000000000000000e+10
1.384557172980430476e-02 2.894496010101884021e+05 1.644371585913684685e+05 1.908737678467339429e+05 5.130677060894938135e-01 2.933047216631795745e+05 2.199778343820084478e-25 2.689893317077386495e-25 1.029329527043492959e-25 4.768448959201821435e-01 1.443741953316077537e-25 1.000000000000000000e+00 0.000000000000000000e+00 0.000000000000000000e+00 0.000000000000000000e+00 1.000000000000000000e+00 1.000000000000000000e+10 0.000000000000000000e+00 0.000000000000000000e+00 0.000000000000000000e+00 1.000000000000000000e+10
1.596794743096121086e-02 2.127677712545278773e+05 1.245523127433590998e+05 1.554570231923967076e+05 5.494350571899947466e-01 2.130412089414712682e+05 1.737923411419894605e-25 1.705812524760284743e-25 8.041200597451513848e-26 4.191170745728850511e-01 1.258934756493809120e-25 1.000000000000000000e+00 0.000000000000000000e+00 0.000000000000000000e+00 0.000000000000000000e+00 1.000000000000000000e+00 1.000000000000000000e+10 0.000000000000000000e+00 0.000000000000000000e+00 0.000000000000000000e+00 1.000000000000000000e+10
1.841566026551830909e-02 1.520685735253816238e+05 9.051454077967532794e+04 1.084477732217785669e+05 5.173510827579448357e-01 1.556999586461777799e+05 1.596064223664729553e-25 1.431733598695385030e-25 7.595745665979804626e-26 4.338345022314761268e-01 1.157925999271716559e-25 1.000000000000000000e+00 0.000000000000000000e+00 0.000000000000000000e+00 0.000000000000000000e+00 1.000000000000000000e+00 1.000000000000000000e+10 0.000000000000000000e+00 0.000000000000000000e+00 0.000000000000000000e+00 1.000000000000000000e+10
2.123858088093512342e-02 1.063771443474680273e+05 6.435560337924560008e+04 7.625392976950414595e+04 4.658419468249199724e-01 1.038090181410615769e+05 1.470704413055204709e-25 1.268790438298505294e-25 6.323073753982531160e-26 3.650740527609233621e-01 1.094387750143603282e-25 1.000000000000000000e+00 0.000000000000000000e+00 0.000000000000000000e+00 0.000000000000000000e+00 1.000000000000000000e+00 1.000000000000000000e+10 0.000000000000000000e+00 0.000000000000000000e+00 0.000000000000000000e+00 1.000000000000000000e+10
2.449422455303571639e-02 7.059726828257479065e+04 5.716250743292791594e+04 4.269813127746144164e+04 4.540176001117316451e-01 6.187745883464484359e+04 1.223666776311091400e-25 1.038596743074370308e-25 5.842420700529805263e-26 3.952004714735538604e-01 9.100833005665518864e-26 1.000000000000000000e+00 0.000000000000000000e+00 0.000000000000000000e+00 0.000000000000000000e+00 1.000000000000000000e+00 1.000000000000000000e+10 0.000000000000000000e+00 0.000000000000000000e+00 0.000000000000000000e+00 1.000000000000000000e+10
2.824892302447100725e-02 4.497798895228120091e+04 3.369751541463310423e+04 2.619172154544190926e+04 4.153033515702388989e-01 3.963929740754778322e+04 1.099629971002589440e-25 9.214480617011178935e-26 4.633046572728323366e-26 3.544930669037463788e-01 8.420704361269497493e-26 1.000000000000000000e+00 0.000000000000000000e+00 0.000000000000000000e+00 0.000000000000000000e+00 1.000000000000000000e+00 1.000000000000000000e+10 0.000000000000000000e+00 0.000000000000000000e+00 0.000000000000000000e+00 1.000000000000000000e+10
3.257917597328415654e-02 2.777942323127687996e+04 2.160338711305056495e+04 1.325455279316380074e+04 3.637383789103261211e-01 2.321236739624509937e+04 8.673818576630003032e-26 6.722162090348055876e-26 3.685632966103420642e-26 3.265307995653197182e-01 7.037649375923497836e-26 1.000000000000000000e+00 0.000000000000000000e+00 0.000000000000000000e+00 0.000000000000000000e+00 1.000000000000000000e+00 1.000000000000000000e+10 0.000000000000000000e+00 0.000000000000000000e+00 0.000000000000000000e+00 1.000000000000000000e+10
3.757320964692217186e-02 1.807270656798886193e+04 1.452416387579150614e+04 7.881215359378052199e+03 3.454723522957116044e-01 1.486869760089763440e+04 7.338520592515160665e-26 5.899705360864560926e-26 2.823449152729448792e-26 3.207055879062996606e-01 5.774655983665979102e-26 1.000000000000000000e+00 0.000000000000000000e+00 0.000000000000000000e+00 0.000000000000000000e+00 1.000000000000000000e+00 1.000000000000000000e+10 0.000000000000000000e+00 0.000000000000000000e+00 0.000000000000000000e+00 1.000000000000000000e+10
4.333277441790538143e-02 1.215579463561894590e+04 9.881864407966622821e+03 4.791513391758447142e+03 3.159886886476929724e-01 1.028090007278644043e+04 6.087094891040466485e-26 4.678419040939995094e-26 2.488134660939879314e-26 3.375439631871746671e-01 4.936866914360509155e-26 1.000000000000000000e+00 0.000000000000000000e+00 0.000000000000000000e+00 0.000000000000000000e+00 1.000000000000000000e+00 1.000000000000000000e+10 0.000000000000000000e+00 0.000000000000000000e+00 0.000000000000000000e+00 1.000000000000000000e+10
4.997521788524898756e-02 8.555762488000837038e+03 5.517401773308294651e+03 2.955276067727958434e+03 2.901691108399584995e-01 7.157833714540385699e+03 5.186831459928682155e-26 4.279337361097750047e-26 1.792739828295360068e-26 3.110311963801083435e-01 4.111059559798223415e-26 1.000000000000000000e+00 0.000000000000000000e+00 0.000000000000000000e+00 0.000000000000000000e+00 1.000000000000000000e+00 1.000000000000000000e+10 0.000000000000000000e+00 0.000000000000000000e+00 0.000000000000000000e+00 1.000000000000000000e+10
5.763587575980636674e-02 6.239259019135527524e+03 3.349489491016642205e+03 2.097895233695546267e+03 2.736503704006945092e-01 5.381716891739726634e+03 4.178454014781144893e-26 3.642609550552840242e-26 1.399684876202937387e-26 3.157462574104011876e-01 3.202884727704663425e-26 1.000000000000000000e+00 0.000000000000000000e+00 0.000000000000000000e+00 0.000000000000000000e+00 1.000000000000000000e+00 1.000000000000000000e+10 0.000000000000000000e+00 0.000000000000000000e+00 0.000000000000000000e+00 1.000000000000000000e+10
6.647082924635627776e-02 4.836995723224757057e+03 3.008559638935854309e+03 1.547107636230217850e+03 2.617845568430756664e-01 4.175723605249704633e+03 3.410073556510843125e-26 2.593993071137494858e-26 1.256210423734459103e-26 3.084886839324724739e-01 2.723811127497276900e-26 1.000000000000000000e+00 0.000000000000000000e+00 0.000000000000000000e+00 0.000000000000000000e+00 1.000000000000000000e+00 1.000000000000000000e+10 0.000000000000000000e+00 0.000000000000000000e+00 0.000000000000000000e+00 1.000000000000000000e+10
7.666008510240249207e-02 3.790794469247052348e+03 1.938862612896412884e+03 1.300763058946136653e+03 2.600298611034626006e-01 3.321416442546967573e+03 2.660943814017858509e-26 2.143647943505705176e-26 1.033687101921165034e-26 3.071174477721353435e-01 2.102989718147959344e-26 1.000000000000000000e+00 0.000000000000000000e+00 0.000000000000000000e+00 0.000000000000000000e+00 1.000000000000000000e+00 1.000000000000000000e+10 0.000000000000000000e+00 0.000000000000000000e+00 0.000000000000000000e+00 1.000000000000000000e+10
8.841124316543315376e-02 2.980884865452321264e+03 1.465988464840539564e+03 1.038271266957223588e+03 2.497696175609850633e-01 2.667894605250153290e+03 2.025755940874114023e-26 1.619587493239823268e-26 8.012527120272036018e-27 2.967596548930650502e-01 1.617914218349650670e-26 1.000000000000000000e+00 0.000000000000000000e+00 0.000000000000000000e+00 0.000000000000000000e+00 1.000000000000000000e+00 1.000000000000000000e+10 0.000000000000000000e+00 0.000000000000000000e+00 0.000000000000000000e+00 1.000000000000000000e+10
1.019637260722580097e-01 2.278018402005244297e+03 1.073818374256271909e+03 7.788289911201682116e+02 2.460751915949275503e-01 2.020707846434145722e+03 1.541734999202865496e-26 1.313078991912995333e-26 5.852530784478983478e-27 3.082966413877875067e-01 1.186525662296033863e-26 1.000000000000000000e+00 0.000000000000000000e+00 0.000000000000000000e+00 0.000000000000000000e+00 1.000000000000000000e+00 1.000000000000000000e+10 0.000000000000000000e+00 0.000000000000000000e+00 0.000000000000000000e+00 1.000000000000000000e+10
1.175936573483598035e-01 1.705061645089101603e+03 8.409336452800607731e+02 5.533052816486190295e+02 2.386924132482933780e-01 1.523862481491061317e+03 1.148106973381614468e-26 1.103299441224828714e-26 4.063134454650352569e-27 3.157104175672631463e-01 8.377329722927455825e-27 1.000000000000000000e+00 0.000000000000000000e+00 0.000000000000000000e+00 0.000000000000000000e+00 1.000000000000000000e+00 1.000000000000000000e+10 0.000000000000000000e+00 0.000000000000000000e+00 0.000000000000000000e+00 1.000000000000000000e+10
1.356194872553388164e-01 1.290798766575375112e+03 7.456729978730040784e+02 3.762153709086882145e+02 2.315576414781155834e-01 1.114451549073436581e+03 8.613723734363754191e-27 7.770641120705696249e-27 3.536120848340507211e-27 3.301809737209707718e-01 6.414287926757250706e-27 1.000000000000000000e+00 0.000000000000000000e+00 0.000000000000000000e+00 0.000000000000000000e+00 1.000000000000000000e+00 1.000000000000000000e+10 0.000000000000000000e+00 0.000000000000000000e+00 0.000000000000000000e+00 1.000000000000000000e+10
1.564084810196403053e-01 9.612635732218374187e+02 6.187337924476737498e+02 2.857609217656215606e+02 2.267976480822140872e-01 8.409514936752927952e+02 6.320994136958188577e-27 5.359070285675847543e-27 2.452830953052937668e-27 3.533959421958288161e-01 4.406261592295423510e-27 1.000000000000000000e+00 0.000000000000000000e+00 0.000000000000000000e+00 0.000000000000000000e+00 1.000000000000000000e+00 1.000000000000000000e+10 0.000000000000000000e+00 0.000000000000000000e+00 0.000000000000000000e+00 1.000000000000000000e+10
1.803842016362447453e-01 7.287671518647122184e+02 4.691880306769153322e+02 1.832877709562657742e+02 2.202601216943529949e-01 6.007147410268778458e+02 4.616883852780939997e-27 4.456361073796255106e-27 1.881564152829306476e-27 3.766323773419758547e-01 3.183931060082092083e-27 1.000000000000000000e+00 0.000000000000000000e+00 0.000000000000000000e+00 0.000000000000000000e+00 1.000000000000000000e+00 1.000000000000000000e+10 0.000000000000000000e+00 0.000000000000000000e+00 0.000000000000000000e+00 1.000000000000000000e+10
2.080351397048574025e-01 5.356430577035100669e+02 3.073655621931934547e+02 1.771494005207395617e+02 2.135182466607564722e-01 4.788506780294286500e+02 3.349132730769820648e-27 3.689341552087591813e-27 1.426799440387097830e-27 4.044752035077802121e-01 2.195957966402651774e-27 1.000000000000000000e+00 0.000000000000000000e+00 0.000000000000000000e+00 0.000000000000000000e+00 1.000000000000000000e+00 1.000000000000000000e+10 0.000000000000000000e+00 0.000000000000000000e+00 0.000000000000000000e+00 1.000000000000000000e+10
2.399246661262133540e-01 4.148815551634977510e+02 2.368009222483151461e+02 1.507394107027649852e+02 2.189960330024597335e-01 3.647667252483590801e+02 2.508909631037177975e-27 2.701946950754099568e-27 1.053923497052586153e-27 4.356138377793113414e-01 1.553044640402545824e-27 1.000000000000000000e+00 0.000000000000000000e+00 0.000000000000000000e+00 0.000000000000000000e+00 1.000000000000000000e+00 1.000000000000000000e+10 0.000000000000000000e+00 0.000000000000000000e+00 0.000000000000000000e+00 1.000000000000000000e+10
2.767025104385807399e-01 3.214377886103421815e+02 1.952657046727190959e+02 1.077579202395707512e+02 2.305480159353586189e-01 2.714010281519555292e+02 1.917081186538545390e-27 1.937401163905833803e-27 7.485210675638140350e-28 4.708580129762809929e-01 1.052538593034516167e-27 1.000000000000000000e+00 0.000000000000000000e+00 0.000000000000000000e+00 0.000000000000000000e+00 1.000000000000000000e+00 1.000000000000000000e+10 0.000000000000000000e+00 0.000000000000000000e+00 0.000000000000000000e+00 1.000000000000000000e+10
3.191179986585286343e-01 2.356773878037237751e+02 1.699381004548129113e+02 7.536481321613433693e+01 2.296777811390774138e-01 1.925082317118692004e+02 1.488207426579727100e-27 1.591458553582570163e-27 4.748290165500610611e-28 5.087936690038988852e-01 6.812186281095297608e-28 1.000000000000000000e+00 0.000000000000000000e+00 0.000000000000000000e+00 0.000000000000000000e+00 1.000000000000000000e+00 1.000000000000000000e+10 0.000000000000000000e+00 0.000000000000000000e+00 0.000000000000000000e+00 1.000000000000000000e+10
3.680353203388414540e-01 1.814424901315900058e+02 1.375481251585856626e+02 5.262836452455007930e+01 2.430521846613154513e-01 1.398862808682292780e+02 1.206987232206902176e-27 1.267587498880105573e-27 3.167428032324025004e-28 5.455572163994552026e-01 4.517743178919014208e-28 1.000000000000000000e+00 0.000000000000000000e+00 0.000000000000000000e+00 0.000000000000000000e+00 1.000000000000000000e+00 1.000000000000000000e+10 0.000000000000000000e+00 0.000000000000000000e+00 0.000000000000000000e+00 1.000000000000000000e+10
4.244511359005219142e-01 1.427896475742375628e+02 1.110739370006649978e+02 4.227223015186052635e+01 2.458384641941441240e-01 1.096346220635076492e+02 1.017373380041335520e-27 1.075228614977282824e-27 2.565552842201484997e-28 5.821518185529106493e-01 3.448114658034526124e-28 1.000000000000000000e+00 0.000000000000000000e+00 0.000000000000000000e+00 0.000000000000000000e+00 1.000000000000000000e+00 1.000000000000000000e+10 0.000000000000000000e+00 0.000000000000000000e+00 0.000000000000000000e+00 1.000000000000000000e+10
4.895148829774688681e-01 1.129932601716609639e+02 7.993120814247279782e+01 3.318940811711659933e+01 2.517205853470526611e-01 8.754884699699388761e+01 8.830461876926885669e-28 9.090597490315137701e-28 1.686119980619637127e-28 6.263403023525311308e-01 2.229646151127874886e-28 1.000000000000000000e+00 0.000000000000000000e+00 0.000000000000000000e+00 0.000000000000000000e+00 1.000000000000000000e+00 1.000000000000000000e+10 0.000000000000000000e+00 0.000000000000000000e+00 0.000000000000000000e+00 1.000000000000000000e+10
5.645521955031491679e-01 9.380525302201583315e+01 6.927742618138501030e+01 2.878148234597662736e+01 2.611457833186533462e-01 7.019306494411682706e+01 8.302431810412419813e-28 9.491246490856318916e-28 1.297273003302520937e-28 6.816246147270116351e-01 1.700596444107799907e-28 1.000000000000000000e+00 0.000000000000000000e+00 0.000000000000000000e+00 0.000000000000000000e+00 1.000000000000000000e+00 1.000000000000000000e+10 0.000000000000000000e+00 0.000000000000000000e+00 0.000000000000000000e+00 1.000000000000000000e+10
6.510919126887823039e-01 8.478822615057690371e+01 6.963325667889246517e+01 2.872303871335765280e+01 2.848368626285856520e-01 6.284358442009418866e+01 8.355688268650811497e-28 7.669866863022711227e-28 1.136070537943237016e-28 7.344740066553406832e-01 1.434817890543438351e-28 1.000000000000000000e+00 0.000000000000000000e+00 0.000000000000000000e+00 0.000000000000000000e+00 1.000000000000000000e+00 1.000000000000000000e+10 0.000000000000000000e+00 0.000000000000000000e+00 0.000000000000000000e+00 1.000000000000000000e+10
7.508972281844089602e-01 7.379546330596404857e+01 6.537345451555401610e+01 2.270133423452022114e+01 2.973648428547865930e-01 5.198433137705694662e+01 8.726742445685484690e-28 6.330044986087084732e-28 9.987849896328133264e-29 7.703479785687622483e-01 1.219505726931714080e-28 1.000000000000000000e+00 0.000000000000000000e+00 0.000000000000000000e+00 0.000000000000000000e+00 1.000000000000000000e+00 1.000000000000000000e+10 0.000000000000000000e+00 0.000000000000000000e+00 0.000000000000000000e+00 1.000000000000000000e+10
8.660016140678794550e-01 6.412784723513269114e+01 4.611280422544760427e+01 1.998284564906319360e+01 2.867791005171840824e-01 4.700523955071581383e+01 9.573496230926652344e-28 5.080343505098321072e-28 9.790737043845724601e-29 7.823531654506781230e-01 1.161229749733435774e-28 1.000000000000000000e+00 0.000000000000000000e+00 0.000000000000000000e+00 0.000000000000000000e+00 1.000000000000000000e+00 1.000000000000000000e+10 0.000000000000000000e+00 0.000000000000000000e+00 0.000000000000000000e+00 1.000000000000000000e+10
9.987502515910116063e-01 5.574469010973673022e+01 4.001312308755474589e+01 1.811255545621495955e+01 2.785400974544330888e-01 4.139534132983349934e+01 1.137784736050483845e-27 5.445907678321163488e-28 9.804533079134078847e-29 7.903708164396842095e-01 1.127430612127609325e-28 1.000000000000000000e+00 0.000000000000000000e+00 0.000000000000000000e+00 0.000000000000000000e+00 1.000000000000000000e+00 1.000000000000000000e+10 0.000000000000000000e+00 0.000000000000000000e+00 0.000000000000000000e+00 1.000000000000000000e+10
1.151847812808953542e+00 5.263211114624238718e+01 3.555942251787386965e+01 1.693614183181910704e+01 2.926967478537590428e-01 3.707652477199926011e+01 1.487382784076143511e-27 4.434282981457217528e-28 1.204242589542927749e-28 8.009697385514039647e-01 1.327668420617460813e-28 1.000000000000000000e+00 0.000000000000000000e+00 0.000000000000000000e+00 0.000000000000000000e+00 1.000000000000000000e+00 1.000000000000000000e+10 0.000000000000000000e+00 0.000000000000000000e+00 0.000000000000000000e+00 1.000000000000000000e+10
1.328413566614123908e+00 4.843856426815515448e+01 3.385142900279227263e+01 1.510004416559741358e+01 2.845557359157391275e-01 3.449456742560839473e+01 1.705032796842854908e-27 4.285728802220972899e-28 1.111892678630454438e-28 7.941556054479073090e-01 1.248621126425520748e-28 1.000000000000000000e+00 0.000000000000000000e+00 0.000000000000000000e+00 0.000000000000000000e+00 1.000000000000000000e+00 1.000000000000000000e+10 0.000000000000000000e+00 0.000000000000000000e+00 0.000000000000000000e+00 1.000000000000000000e+10
1.532044931926391351e+00 4.445817080688775036e+01 3.668153364140797379e+01 1.260375795424809908e+01 2.810858664584739985e-01 3.098357987417154646e+01 1.417155681453420299e-27 4.982607722956368673e-28 9.381411097575884073e-29 7.722699020430523476e-01 1.091679857213598814e-28 1.000000000000000000e+00 0.000000000000000000e+00 0.000000000000000000e+00 0.000000000000000000e+00 1.000000000000000000e+00 1.000000000000000000e+10 0.000000000000000000e+00 0.000000000000000000e+00 0.000000000000000000e+00 1.000000000000000000e+10
1.766890772896739126e+00 3.815170931820690470e+01 2.265146731614984077e+01 1.369834340779721771e+01 2.571805480532431964e-01 3.018413411457461137e+01 8.980927424375501448e-28 3.573396500436248028e-28 8.845808308511992058e-29 7.093263219971770450e-01 1.045736232127451536e-28 1.000000000000000000e+00 0.000000000000000000e+00 0.000000000000000000e+00 0.000000000000000000e+00 1.000000000000000000e+00 1.000000000000000000e+10 0.000000000000000000e+00 0.000000000000000000e+00 0.000000000000000000e+00 1.000000000000000000e+10
2.037735929469222107e+00 3.285092238126134134e+01 2.097981928123816431e+01 1.053572744809330786e+01 2.347478335309955422e-01 2.693844813815208994e+01 4.623996583284872183e-28 2.869794681002437080e-28 7.332391832269777553e-29 6.583680021762142731e-01 9.401822510397895601e-29 1.000000000000000000e+00 0.000000000000000000e+00 0.000000000000000000e+00 0.000000000000000000e+00 1.000000000000000000e+00 1.000000000000000000e+10 0.000000000000000000e+00 0.000000000000000000e+00 0.000000000000000000e+00 1.000000000000000000e+10
2.350098705559579226e+00 3.052381190010972745e+01 1.961533614894905853e+01 8.281974522513856130e+00 2.222490546414649659e-01 2.455599730102406042e+01 3.416090613282889959e-28 2.003561676086799430e-28 7.445398759666557987e-29 6.220416983561735114e-01 9.737919769215867906e-29 1.000000000000000000e+00 0.000000000000000000e+00 0.000000000000000000e+00 0.000000000000000000e+00 1.000000000000000000e+00 1.000000000000000000e+10 0.000000000000000000e+00 0.000000000000000000e+00 0.000000000000000000e+00 1.000000000000000000e+10
