# R (Mpc), mean rho (Msol/kpc^3), errup (Msol/kpc^3), errlow, std, median rho (Msol/kpc^3), mean pth (Msol/kpc/s^2), errup(Msol/kpc/s^2), errlow, std, median pth (Msol/kpc/s^2), mean gas-mass-weighted metal (fraction), errup, errlow, std, median metal, mean gas-mass-weighted temp (K), errup, errlow, std, median temp  
#  nprofs 197, mean mh 211942000541.473663, median mh 203761036963.385376 
#  Mass range 11.00 - 11.5
1.040961082911032697e-02 1.405895638104102400e+05 8.796198847616433341e+04 5.577776560609154694e+04 2.599789347130080919e-01 1.233590367744320683e+05 1.082079649831225051e-25 1.613500121237673528e-25 1.930120156593696765e-26 5.325376855919899954e-01 3.437869406578684669e-26 1.000000000000000000e+00 0.000000000000000000e+00 0.000000000000000000e+00 0.000000000000000000e+00 1.000000000000000000e+00 1.000000000000000000e+10 0.000000000000000000e+00 0.000000000000000000e+00 0.000000000000000000e+00 1.000000000000000000e+10
1.200529105910367808e-02 1.070417819031883555e+05 6.242881467963568866e+04 4.678516237756799092e+04 2.538731177251319360e-01 9.733617415063601220e+04 1.191732195205911266e-25 2.051682693438150630e-25 2.852279412470886065e-26 5.090436595654845853e-01 4.712771251922979014e-26 1.000000000000000000e+00 0.000000000000000000e+00 0.000000000000000000e+00 0.000000000000000000e+00 1.000000000000000000e+00 1.000000000000000000e+10 0.000000000000000000e+00 0.000000000000000000e+00 0.000000000000000000e+00 1.000000000000000000e+10
1.384557172980430476e-02 7.838045773088336864e+04 4.581171994461644499e+04 3.483783705359577289e+04 2.941651045157385735e-01 7.388261590084820637e+04 9.668014810950524776e-26 1.260251029074423777e-25 3.847525415687277285e-26 4.819422209255525003e-01 5.729518667791415102e-26 1.000000000000000000e+00 0.000000000000000000e+00 0.000000000000000000e+00 0.000000000000000000e+00 1.000000000000000000e+00 1.000000000000000000e+10 0.000000000000000000e+00 0.000000000000000000e+00 0.000000000000000000e+00 1.000000000000000000e+10
1.596794743096121086e-02 5.676577757669934363e+04 3.542206023890887445e+04 2.270963027609503479e+04 2.712660179443147079e-01 4.794957993323847768e+04 8.541610220365159223e-26 7.850814968964119219e-26 3.157162565399672725e-26 4.190481797834876843e-01 5.140944339028026698e-26 1.000000000000000000e+00 0.000000000000000000e+00 0.000000000000000000e+00 0.000000000000000000e+00 1.000000000000000000e+00 1.000000000000000000e+10 0.000000000000000000e+00 0.000000000000000000e+00 0.000000000000000000e+00 1.000000000000000000e+10
1.841566026551830909e-02 4.386989503482820146e+04 3.436663277451356407e+04 1.980616767097381671e+04 3.005543390778161461e-01 3.755445028703562275e+04 6.954723288365699665e-26 5.940615690996344069e-26 2.489731561954686480e-26 3.884033452793038133e-01 4.480368346934410388e-26 1.000000000000000000e+00 0.000000000000000000e+00 0.000000000000000000e+00 0.000000000000000000e+00 1.000000000000000000e+00 1.000000000000000000e+10 0.000000000000000000e+00 0.000000000000000000e+00 0.000000000000000000e+00 1.000000000000000000e+10
2.123858088093512342e-02 3.215733198923100281e+04 2.508980335445945821e+04 1.142944201655037250e+04 2.960948855117471190e-01 2.601044425250642234e+04 5.386214420503430981e-26 4.462113452741191655e-26 2.575330935047788756e-26 3.706539161177864194e-01 4.148270056075784482e-26 1.000000000000000000e+00 0.000000000000000000e+00 0.000000000000000000e+00 0.000000000000000000e+00 1.000000000000000000e+00 1.000000000000000000e+10 0.000000000000000000e+00 0.000000000000000000e+00 0.000000000000000000e+00 1.000000000000000000e+10
2.449422455303571639e-02 2.342172385814148583e+04 1.887613022437503969e+04 9.044026850100384763e+03 3.058716742272052369e-01 1.832075120162921667e+04 4.336194089516919177e-26 3.752628010807294850e-26 1.752590339019679239e-26 3.310362048947829150e-01 3.163136833960352359e-26 1.000000000000000000e+00 0.000000000000000000e+00 0.000000000000000000e+00 0.000000000000000000e+00 1.000000000000000000e+00 1.000000000000000000e+10 0.000000000000000000e+00 0.000000000000000000e+00 0.000000000000000000e+00 1.000000000000000000e+10
2.824892302447100725e-02 1.709447736706971409e+04 1.346811659074311865e+04 6.549484740276314369e+03 2.942468272681340591e-01 1.343473828850552127e+04 3.482755527040620632e-26 1.896650668920596618e-26 1.443001863780289743e-26 2.933508454272201749e-01 2.884916628713188622e-26 1.000000000000000000e+00 0.000000000000000000e+00 0.000000000000000000e+00 0.000000000000000000e+00 1.000000000000000000e+00 1.000000000000000000e+10 0.000000000000000000e+00 0.000000000000000000e+00 0.000000000000000000e+00 1.000000000000000000e+10
3.257917597328415654e-02 1.210768733093444098e+04 9.606788755221179599e+03 3.956064721667098638e+03 2.723972454319625314e-01 9.405532384562946390e+03 2.893628743568136437e-26 2.314309697743638285e-26 9.733447669577294967e-27 2.746239431733105696e-01 2.231869927136031114e-26 1.000000000000000000e+00 0.000000000000000000e+00 0.000000000000000000e+00 0.000000000000000000e+00 1.000000000000000000e+00 1.000000000000000000e+10 0.000000000000000000e+00 0.000000000000000000e+00 0.000000000000000000e+00 1.000000000000000000e+10
3.757320964692217186e-02 8.211300222671139636e+03 5.299240916062014549e+03 2.777895274481426895e+03 2.641648304978050921e-01 6.708029288848066244e+03 2.239380606874172781e-26 1.521085800597845003e-26 7.672609439456675500e-27 2.470847711019130699e-01 1.856610536748410782e-26 1.000000000000000000e+00 0.000000000000000000e+00 0.000000000000000000e+00 0.000000000000000000e+00 1.000000000000000000e+00 1.000000000000000000e+10 0.000000000000000000e+00 0.000000000000000000e+00 0.000000000000000000e+00 1.000000000000000000e+10
4.333277441790538143e-02 5.899820887190609028e+03 3.674802144020001833e+03 1.924807543315117073e+03 2.151051610612497167e-01 5.167861297079877659e+03 1.962808625383960208e-26 1.142498421183486512e-26 6.581686784716787054e-27 2.495184177860542973e-01 1.581765292047527009e-26 1.000000000000000000e+00 0.000000000000000000e+00 0.000000000000000000e+00 0.000000000000000000e+00 1.000000000000000000e+00 1.000000000000000000e+10 0.000000000000000000e+00 0.000000000000000000e+00 0.000000000000000000e+00 1.000000000000000000e+10
4.997521788524898756e-02 4.433238986783712789e+03 2.371829111709624613e+03 1.369647279659670858e+03 1.888294397809091030e-01 3.985228216281032019e+03 1.610642397769909746e-26 1.235389223279548431e-26 5.194868083251684116e-27 2.388605854720117494e-01 1.312078416880077427e-26 1.000000000000000000e+00 0.000000000000000000e+00 0.000000000000000000e+00 0.000000000000000000e+00 1.000000000000000000e+00 1.000000000000000000e+10 0.000000000000000000e+00 0.000000000000000000e+00 0.000000000000000000e+00 1.000000000000000000e+10
5.763587575980636674e-02 3.511524009089454921e+03 1.895370095286821652e+03 1.007386872368617333e+03 1.733562331264633938e-01 3.136360022310215300e+03 1.292231794639536023e-26 8.084233024819810637e-27 4.608333040088778465e-27 2.263354002549500255e-01 1.106155076960600163e-26 1.000000000000000000e+00 0.000000000000000000e+00 0.000000000000000000e+00 0.000000000000000000e+00 1.000000000000000000e+00 1.000000000000000000e+10 0.000000000000000000e+00 0.000000000000000000e+00 0.000000000000000000e+00 1.000000000000000000e+10
6.647082924635627776e-02 2.725123155986354959e+03 1.299446151982530409e+03 7.508166672208278669e+02 1.724157335082729114e-01 2.483088798811146262e+03 1.026170509047845558e-26 7.877240366606424376e-27 2.662493054648525632e-27 2.330228482203219043e-01 7.990086101335401815e-27 1.000000000000000000e+00 0.000000000000000000e+00 0.000000000000000000e+00 0.000000000000000000e+00 1.000000000000000000e+00 1.000000000000000000e+10 0.000000000000000000e+00 0.000000000000000000e+00 0.000000000000000000e+00 1.000000000000000000e+10
7.666008510240249207e-02 2.150319246651698904e+03 1.107409491328829063e+03 5.602313457421460043e+02 1.643170124408071808e-01 1.932593124085401996e+03 7.965043744399143888e-27 6.000349205559679605e-27 2.500933503194898340e-27 2.355047866007102253e-01 6.545329508079763528e-27 1.000000000000000000e+00 0.000000000000000000e+00 0.000000000000000000e+00 0.000000000000000000e+00 1.000000000000000000e+00 1.000000000000000000e+10 0.000000000000000000e+00 0.000000000000000000e+00 0.000000000000000000e+00 1.000000000000000000e+10
8.841124316543315376e-02 1.728777111622272059e+03 7.161372730336515815e+02 4.607607803640569273e+02 1.688992812589405201e-01 1.572570284272539539e+03 6.075940830413482992e-27 4.537915784415852993e-27 2.174076713188812453e-27 2.462429171927194016e-01 5.040932524046936584e-27 1.000000000000000000e+00 0.000000000000000000e+00 0.000000000000000000e+00 0.000000000000000000e+00 1.000000000000000000e+00 1.000000000000000000e+10 0.000000000000000000e+00 0.000000000000000000e+00 0.000000000000000000e+00 1.000000000000000000e+10
1.019637260722580097e-01 1.338434157247118719e+03 6.716457767372442049e+02 3.724787959523479230e+02 1.645393499862080888e-01 1.203591985875538967e+03 4.452383329889106891e-27 3.005439563060030269e-27 1.675936005429458993e-27 2.497252223518503234e-01 3.705864110638392791e-27 1.000000000000000000e+00 0.000000000000000000e+00 0.000000000000000000e+00 0.000000000000000000e+00 1.000000000000000000e+00 1.000000000000000000e+10 0.000000000000000000e+00 0.000000000000000000e+00 0.000000000000000000e+00 1.000000000000000000e+10
1.175936573483598035e-01 1.035701227551293869e+03 4.656977109633442069e+02 3.439440614041135404e+02 1.598051078188072183e-01 9.903577864184628652e+02 3.315427766674859853e-27 2.400040048460237612e-27 1.261217731545711941e-27 2.690373991466159520e-01 2.719070202467646096e-27 1.000000000000000000e+00 0.000000000000000000e+00 0.000000000000000000e+00 0.000000000000000000e+00 1.000000000000000000e+00 1.000000000000000000e+10 0.000000000000000000e+00 0.000000000000000000e+00 0.000000000000000000e+00 1.000000000000000000e+10
1.356194872553388164e-01 8.060370965661956006e+02 3.010249072747263881e+02 2.557414358819252698e+02 1.571930956254607714e-01 7.677399317093141917e+02 2.424280724575617769e-27 1.721579522347500796e-27 8.567909681667543926e-28 2.783210629228004551e-01 1.910322810074005963e-27 1.000000000000000000e+00 0.000000000000000000e+00 0.000000000000000000e+00 0.000000000000000000e+00 1.000000000000000000e+00 1.000000000000000000e+10 0.000000000000000000e+00 0.000000000000000000e+00 0.000000000000000000e+00 1.000000000000000000e+10
1.564084810196403053e-01 6.164843884616375362e+02 2.538268359524644211e+02 1.727870072776224788e+02 1.568797664235098976e-01 5.752798273148805492e+02 1.761469182420058234e-27 1.463762693493084304e-27 5.467987920430311670e-28 2.933857089267388751e-01 1.298099443675620548e-27 1.000000000000000000e+00 0.000000000000000000e+00 0.000000000000000000e+00 0.000000000000000000e+00 1.000000000000000000e+00 1.000000000000000000e+10 0.000000000000000000e+00 0.000000000000000000e+00 0.000000000000000000e+00 1.000000000000000000e+10
1.803842016362447453e-01 4.782102412348920666e+02 2.378889987879865089e+02 1.203216945979402794e+02 1.640632343605963883e-01 4.224759640847495916e+02 1.288113406510136712e-27 9.754276067899111619e-28 4.187700153147499739e-28 3.159393374743664218e-01 9.037609068954892755e-28 1.000000000000000000e+00 0.000000000000000000e+00 0.000000000000000000e+00 0.000000000000000000e+00 1.000000000000000000e+00 1.000000000000000000e+10 0.000000000000000000e+00 0.000000000000000000e+00 0.000000000000000000e+00 1.000000000000000000e+10
2.080351397048574025e-01 3.707375327853520162e+02 1.834507782663593503e+02 9.914274601491706562e+01 1.771847866050234033e-01 3.242336441044113258e+02 9.778227162382585346e-28 7.270710811884334440e-28 3.209488174876395953e-28 3.515278292589637532e-01 6.286937694119908637e-28 1.000000000000000000e+00 0.000000000000000000e+00 0.000000000000000000e+00 0.000000000000000000e+00 1.000000000000000000e+00 1.000000000000000000e+10 0.000000000000000000e+00 0.000000000000000000e+00 0.000000000000000000e+00 1.000000000000000000e+10
2.399246661262133540e-01 2.871206599972396134e+02 1.704346328021190118e+02 7.730180163023180739e+01 1.879093395619729490e-01 2.462690107741662757e+02 7.625508288765889555e-28 6.287495046367971583e-28 2.451487748013878001e-28 3.915974299831908589e-01 4.369595239493021163e-28 1.000000000000000000e+00 0.000000000000000000e+00 0.000000000000000000e+00 0.000000000000000000e+00 1.000000000000000000e+00 1.000000000000000000e+10 0.000000000000000000e+00 0.000000000000000000e+00 0.000000000000000000e+00 1.000000000000000000e+10
2.767025104385807399e-01 2.227268435267315851e+02 1.350730539935798618e+02 5.937969264212703990e+01 1.989865663560457243e-01 1.864439975257035087e+02 6.099169380268736416e-28 5.297561451959921689e-28 1.655112842868521699e-28 4.275686971465582076e-01 2.989181024342295675e-28 1.000000000000000000e+00 0.000000000000000000e+00 0.000000000000000000e+00 0.000000000000000000e+00 1.000000000000000000e+00 1.000000000000000000e+10 0.000000000000000000e+00 0.000000000000000000e+00 0.000000000000000000e+00 1.000000000000000000e+10
3.191179986585286343e-01 1.793711959486537069e+02 1.181518292219587067e+02 4.605037391569605632e+01 2.149408546724773938e-01 1.406515605734924463e+02 5.285620060820465668e-28 4.489156874086965633e-28 1.199167102253412069e-28 4.659549284402970670e-01 2.083420511196886366e-28 1.000000000000000000e+00 0.000000000000000000e+00 0.000000000000000000e+00 0.000000000000000000e+00 1.000000000000000000e+00 1.000000000000000000e+10 0.000000000000000000e+00 0.000000000000000000e+00 0.000000000000000000e+00 1.000000000000000000e+10
3.680353203388414540e-01 1.472560950370460375e+02 7.390638274385626971e+01 3.900208787353201956e+01 2.293520023361972915e-01 1.138823759336529662e+02 4.951045577853484995e-28 3.334882899816559034e-28 1.002933146978559903e-28 5.077649850078372884e-01 1.631900232897123386e-28 1.000000000000000000e+00 0.000000000000000000e+00 0.000000000000000000e+00 0.000000000000000000e+00 1.000000000000000000e+00 1.000000000000000000e+10 0.000000000000000000e+00 0.000000000000000000e+00 0.000000000000000000e+00 1.000000000000000000e+10
4.244511359005219142e-01 1.246625386602950698e+02 6.023759578782848223e+01 2.943740270442581419e+01 2.496718544986310240e-01 8.943342090491670149e+01 4.953986056268479874e-28 2.688955587129589244e-28 6.977847316527782998e-29 5.566923813876117899e-01 1.130577138257544590e-28 1.000000000000000000e+00 0.000000000000000000e+00 0.000000000000000000e+00 0.000000000000000000e+00 1.000000000000000000e+00 1.000000000000000000e+10 0.000000000000000000e+00 0.000000000000000000e+00 0.000000000000000000e+00 1.000000000000000000e+10
4.895148829774688681e-01 1.029037569638448417e+02 5.428678078201372159e+01 2.520786461284091473e+01 2.651760228292122656e-01 7.262328090376863088e+01 5.007410367996412645e-28 2.684705637637104357e-28 5.409554366906645972e-29 6.092987036236418019e-01 8.528872350775973292e-29 1.000000000000000000e+00 0.000000000000000000e+00 0.000000000000000000e+00 0.000000000000000000e+00 1.000000000000000000e+00 1.000000000000000000e+10 0.000000000000000000e+00 0.000000000000000000e+00 0.000000000000000000e+00 1.000000000000000000e+10
5.645521955031491679e-01 9.044156616385113523e+01 5.822805906798379993e+01 1.830540187733988944e+01 2.925146755654369768e-01 5.616239386108875209e+01 5.258116386207512677e-28 2.772495582622800015e-28 3.860491448999393383e-29 6.703527728575094935e-01 6.302852778717764150e-29 1.000000000000000000e+00 0.000000000000000000e+00 0.000000000000000000e+00 0.000000000000000000e+00 1.000000000000000000e+00 1.000000000000000000e+10 0.000000000000000000e+00 0.000000000000000000e+00 0.000000000000000000e+00 1.000000000000000000e+10
6.510919126887823039e-01 7.733928953936909068e+01 5.788911641549052689e+01 1.718122970344288447e+01 3.134770899490758600e-01 4.663736960917577079e+01 5.234480014802397895e-28 3.385636099897454339e-28 3.760661988036378699e-29 7.358681180023384227e-01 5.369022004665919939e-29 1.000000000000000000e+00 0.000000000000000000e+00 0.000000000000000000e+00 0.000000000000000000e+00 1.000000000000000000e+00 1.000000000000000000e+10 0.000000000000000000e+00 0.000000000000000000e+00 0.000000000000000000e+00 1.000000000000000000e+10
7.508972281844089602e-01 6.745297773013902543e+01 5.738915201319711912e+01 1.501381614531765507e+01 3.228647720166635815e-01 3.949995092395050733e+01 5.312848666033682896e-28 3.323402430359381920e-28 3.446714653733995412e-29 7.924688184329086171e-01 4.531040416015570230e-29 1.000000000000000000e+00 0.000000000000000000e+00 0.000000000000000000e+00 0.000000000000000000e+00 1.000000000000000000e+00 1.000000000000000000e+10 0.000000000000000000e+00 0.000000000000000000e+00 0.000000000000000000e+00 1.000000000000000000e+10
8.660016140678794550e-01 6.050125233373869804e+01 5.764826243900380831e+01 1.635874276228211244e+01 3.397770818759165978e-01 3.692092731923845150e+01 4.764123425417452539e-28 4.260028777789291440e-28 3.880019054850753270e-29 8.499133330954310450e-01 4.802540773808672088e-29 1.000000000000000000e+00 0.000000000000000000e+00 0.000000000000000000e+00 0.000000000000000000e+00 1.000000000000000000e+00 1.000000000000000000e+10 0.000000000000000000e+00 0.000000000000000000e+00 0.000000000000000000e+00 1.000000000000000000e+10
9.987502515910116063e-01 5.496223525416603195e+01 4.779001721827902571e+01 1.437752492257574133e+01 3.438775671046946925e-01 3.195710673290336246e+01 5.311049416951910338e-28 3.393160689892524838e-28 2.947461378340978334e-29 8.869322585890330179e-01 3.664137450657277196e-29 1.000000000000000000e+00 0.000000000000000000e+00 0.000000000000000000e+00 0.000000000000000000e+00 1.000000000000000000e+00 1.000000000000000000e+10 0.000000000000000000e+00 0.000000000000000000e+00 0.000000000000000000e+00 1.000000000000000000e+10
1.151847812808953542e+00 4.808611698309569960e+01 5.030899030335886835e+01 1.464611366031409290e+01 3.305637658692329728e-01 3.128809812224514175e+01 4.343080371208163115e-28 3.890582280965599821e-28 2.745378432797013462e-29 8.738630007772029140e-01 3.445521493190584929e-29 1.000000000000000000e+00 0.000000000000000000e+00 0.000000000000000000e+00 0.000000000000000000e+00 1.000000000000000000e+00 1.000000000000000000e+10 0.000000000000000000e+00 0.000000000000000000e+00 0.000000000000000000e+00 1.000000000000000000e+10
1.328413566614123908e+00 4.272774159069744115e+01 3.277035351253952911e+01 1.472547776929240371e+01 3.089731200043289716e-01 3.102348839984323092e+01 4.206219503701183116e-28 2.777771386052311516e-28 3.444958971671918860e-29 8.419670906956082668e-01 4.221113786851359654e-29 1.000000000000000000e+00 0.000000000000000000e+00 0.000000000000000000e+00 0.000000000000000000e+00 1.000000000000000000e+00 1.000000000000000000e+10 0.000000000000000000e+00 0.000000000000000000e+00 0.000000000000000000e+00 1.000000000000000000e+10
1.532044931926391351e+00 4.171123257285043451e+01 3.599300983871959403e+01 1.400551670837526963e+01 3.132357380509293576e-01 2.954161768898949703e+01 6.251533866212589129e-28 3.667189009372465395e-28 3.289504843941522066e-29 8.608829902037762327e-01 3.963352581031132250e-29 1.000000000000000000e+00 0.000000000000000000e+00 0.000000000000000000e+00 0.000000000000000000e+00 1.000000000000000000e+00 1.000000000000000000e+10 0.000000000000000000e+00 0.000000000000000000e+00 0.000000000000000000e+00 1.000000000000000000e+10
1.766890772896739126e+00 3.997120912056693243e+01 2.879875239943130794e+01 1.326274526166827705e+01 3.086099968334407029e-01 2.741278579194281662e+01 9.507616046251071063e-28 3.298946554386646493e-28 3.521409388678198295e-29 8.608387225230139661e-01 4.220793264890719255e-29 1.000000000000000000e+00 0.000000000000000000e+00 0.000000000000000000e+00 0.000000000000000000e+00 1.000000000000000000e+00 1.000000000000000000e+10 0.000000000000000000e+00 0.000000000000000000e+00 0.000000000000000000e+00 1.000000000000000000e+10
2.037735929469222107e+00 3.904263749614732149e+01 2.840070957134103224e+01 1.353094631308579565e+01 3.096866975643945419e-01 2.725282323962356656e+01 1.200236615286609342e-27 3.098783833473577881e-28 3.624636648793476516e-29 8.753348036305061974e-01 4.283627497883691825e-29 1.000000000000000000e+00 0.000000000000000000e+00 0.000000000000000000e+00 0.000000000000000000e+00 1.000000000000000000e+00 1.000000000000000000e+10 0.000000000000000000e+00 0.000000000000000000e+00 0.000000000000000000e+00 1.000000000000000000e+10
2.350098705559579226e+00 3.335971740114454320e+01 2.444208893145332340e+01 1.171836817710850553e+01 2.873431007773774581e-01 2.496390487746954179e+01 6.324426130768553214e-28 2.644015039644469572e-28 4.220997222978568252e-29 8.724337429402680977e-01 4.836458984201932338e-29 1.000000000000000000e+00 0.000000000000000000e+00 0.000000000000000000e+00 0.000000000000000000e+00 1.000000000000000000e+00 1.000000000000000000e+10 0.000000000000000000e+00 0.000000000000000000e+00 0.000000000000000000e+00 1.000000000000000000e+10
