# R (Mpc), mean rho (Msol/kpc^3), errup (Msol/kpc^3), errlow, std, median rho (Msol/kpc^3), mean pth (Msol/kpc/s^2), errup(Msol/kpc/s^2), errlow, std, median pth (Msol/kpc/s^2), mean gas-mass-weighted metal (fraction), errup, errlow, std, median metal, mean gas-mass-weighted temp (K), errup, errlow, std, median temp  
#  nprofs 176, mean mh 547122789639.423218, median mh 497972320433.860901 
#  Mass range 11.50 - 12.0
1.040961082911032697e-02 4.786688686248706072e+05 2.571666478938126238e+05 1.751892238214290701e+05 2.388451766582100622e-01 4.175259290073821321e+05 2.647796451813666522e-25 3.938106750609119285e-25 7.455522258338823757e-26 4.760236328685871765e-01 1.226385123069099327e-25 1.000000000000000000e+00 0.000000000000000000e+00 0.000000000000000000e+00 0.000000000000000000e+00 1.000000000000000000e+00 1.000000000000000000e+10 0.000000000000000000e+00 0.000000000000000000e+00 0.000000000000000000e+00 1.000000000000000000e+10
1.200529105910367808e-02 3.583328456029481604e+05 1.933686877519086702e+05 1.313525051568943600e+05 2.378672402594121660e-01 3.181467530294230673e+05 2.963842563961517501e-25 3.351355374238024980e-25 7.897932577665198352e-26 4.997044545492725365e-01 1.240917886138096875e-25 1.000000000000000000e+00 0.000000000000000000e+00 0.000000000000000000e+00 0.000000000000000000e+00 1.000000000000000000e+00 1.000000000000000000e+10 0.000000000000000000e+00 0.000000000000000000e+00 0.000000000000000000e+00 1.000000000000000000e+10
1.384557172980430476e-02 2.693086752288297284e+05 1.509059706158683111e+05 1.102557799083467398e+05 2.392168475592172106e-01 2.466358972045337141e+05 2.745110699409716295e-25 2.910440594024643416e-25 1.173460375561349023e-25 4.667560827397438383e-01 1.691048164923808677e-25 1.000000000000000000e+00 0.000000000000000000e+00 0.000000000000000000e+00 0.000000000000000000e+00 1.000000000000000000e+00 1.000000000000000000e+10 0.000000000000000000e+00 0.000000000000000000e+00 0.000000000000000000e+00 1.000000000000000000e+10
1.596794743096121086e-02 1.983676639715100464e+05 1.121664461334063380e+05 8.571366940196559881e+04 2.342708246175604914e-01 1.821168521689955087e+05 2.675060333546000358e-25 2.622206782276752375e-25 1.159319164701103744e-25 3.862325988730458959e-01 1.867711390661688348e-25 1.000000000000000000e+00 0.000000000000000000e+00 0.000000000000000000e+00 0.000000000000000000e+00 1.000000000000000000e+00 1.000000000000000000e+10 0.000000000000000000e+00 0.000000000000000000e+00 0.000000000000000000e+00 1.000000000000000000e+10
1.841566026551830909e-02 1.357742869830674026e+05 8.038662836270002299e+04 5.752385067108467047e+04 2.404152558058494926e-01 1.242126254060599604e+05 2.380348702466915957e-25 2.365275488538446299e-25 8.437471489487795939e-26 3.885556000181531466e-01 1.550515883910489520e-25 1.000000000000000000e+00 0.000000000000000000e+00 0.000000000000000000e+00 0.000000000000000000e+00 1.000000000000000000e+00 1.000000000000000000e+10 0.000000000000000000e+00 0.000000000000000000e+00 0.000000000000000000e+00 1.000000000000000000e+10
2.123858088093512342e-02 9.047565426570858108e+04 5.478958451304236951e+04 4.336774129838526278e+04 2.501048003964257416e-01 8.296495832940393302e+04 2.011680999503407765e-25 1.642474748378365730e-25 9.876363485030819972e-26 3.511780059846371094e-01 1.594694315136192233e-25 1.000000000000000000e+00 0.000000000000000000e+00 0.000000000000000000e+00 0.000000000000000000e+00 1.000000000000000000e+00 1.000000000000000000e+10 0.000000000000000000e+00 0.000000000000000000e+00 0.000000000000000000e+00 1.000000000000000000e+10
2.449422455303571639e-02 5.895557552037922869e+04 3.584418009282618004e+04 2.329326034969394095e+04 2.389877815011179629e-01 5.240841764444092405e+04 1.695832599142888275e-25 1.374186805197182504e-25 6.791133391628509986e-26 3.214163933462712008e-01 1.304461714999365138e-25 1.000000000000000000e+00 0.000000000000000000e+00 0.000000000000000000e+00 0.000000000000000000e+00 1.000000000000000000e+00 1.000000000000000000e+10 0.000000000000000000e+00 0.000000000000000000e+00 0.000000000000000000e+00 1.000000000000000000e+10
2.824892302447100725e-02 3.928217447030130279e+04 2.819598439670094376e+04 1.313724134140237584e+04 2.379599530280299413e-01 3.253438700151518424e+04 1.459941091760443757e-25 1.263202479906154060e-25 5.782278088969518382e-26 3.045385127442141182e-01 1.157024021692660366e-25 1.000000000000000000e+00 0.000000000000000000e+00 0.000000000000000000e+00 0.000000000000000000e+00 1.000000000000000000e+00 1.000000000000000000e+10 0.000000000000000000e+00 0.000000000000000000e+00 0.000000000000000000e+00 1.000000000000000000e+10
3.257917597328415654e-02 2.617318861237734018e+04 1.932372065732526607e+04 9.242469553152048320e+03 2.348240719186580616e-01 2.239066726349907913e+04 1.186188454417440125e-25 1.010569909595965963e-25 4.102324956482200952e-26 2.844972920227630264e-01 9.025863337381528341e-26 1.000000000000000000e+00 0.000000000000000000e+00 0.000000000000000000e+00 0.000000000000000000e+00 1.000000000000000000e+00 1.000000000000000000e+10 0.000000000000000000e+00 0.000000000000000000e+00 0.000000000000000000e+00 1.000000000000000000e+10
3.757320964692217186e-02 1.811478864183125552e+04 1.154452671831956104e+04 5.638980539265210609e+03 2.241549087845700894e-01 1.539972417090260933e+04 9.608371125711089429e-26 8.515503500912354184e-26 3.573744937383762069e-26 2.755015706091422101e-01 7.576405225625765623e-26 1.000000000000000000e+00 0.000000000000000000e+00 0.000000000000000000e+00 0.000000000000000000e+00 1.000000000000000000e+00 1.000000000000000000e+10 0.000000000000000000e+00 0.000000000000000000e+00 0.000000000000000000e+00 1.000000000000000000e+10
4.333277441790538143e-02 1.255369400667559057e+04 5.522320328531352061e+03 3.966182757130870414e+03 1.929504302896013213e-01 1.146417498848501964e+04 7.973258591769627073e-26 6.389474275562333981e-26 2.567668426132792682e-26 2.617570562221745445e-01 6.143274220556538002e-26 1.000000000000000000e+00 0.000000000000000000e+00 0.000000000000000000e+00 0.000000000000000000e+00 1.000000000000000000e+00 1.000000000000000000e+10 0.000000000000000000e+00 0.000000000000000000e+00 0.000000000000000000e+00 1.000000000000000000e+10
4.997521788524898756e-02 9.570278829783022957e+03 4.146460318186724180e+03 2.719155480587343845e+03 1.704823053814899514e-01 8.749806657585755602e+03 6.672592868253223105e-26 4.762755551879674747e-26 2.344458106612848421e-26 2.598511229965711489e-01 5.328518481012978891e-26 1.000000000000000000e+00 0.000000000000000000e+00 0.000000000000000000e+00 0.000000000000000000e+00 1.000000000000000000e+00 1.000000000000000000e+10 0.000000000000000000e+00 0.000000000000000000e+00 0.000000000000000000e+00 1.000000000000000000e+10
5.763587575980636674e-02 7.650483706755074309e+03 3.463692492476619009e+03 2.277382810029923348e+03 1.738014355938882483e-01 6.876803649772749850e+03 5.339360339410995742e-26 3.734446770185372893e-26 1.750769799731963174e-26 2.586612455543808031e-01 4.178394559806036593e-26 1.000000000000000000e+00 0.000000000000000000e+00 0.000000000000000000e+00 0.000000000000000000e+00 1.000000000000000000e+00 1.000000000000000000e+10 0.000000000000000000e+00 0.000000000000000000e+00 0.000000000000000000e+00 1.000000000000000000e+10
6.647082924635627776e-02 5.988664974327024538e+03 2.644539155277857390e+03 1.795084411863994319e+03 1.654222434369353456e-01 5.537731150765612256e+03 4.264669477799225052e-26 3.265860792706759928e-26 1.448724130525123659e-26 2.571387243567017089e-01 3.342554614043206861e-26 1.000000000000000000e+00 0.000000000000000000e+00 0.000000000000000000e+00 0.000000000000000000e+00 1.000000000000000000e+00 1.000000000000000000e+10 0.000000000000000000e+00 0.000000000000000000e+00 0.000000000000000000e+00 1.000000000000000000e+10
7.666008510240249207e-02 4.790893507174290789e+03 1.678437021254473621e+03 1.635345338886886566e+03 1.665005209008511566e-01 4.600588661470935222e+03 3.277698180017364776e-26 2.707408545744535293e-26 9.902571499706689326e-27 2.645855897740920226e-01 2.423677050990893801e-26 1.000000000000000000e+00 0.000000000000000000e+00 0.000000000000000000e+00 0.000000000000000000e+00 1.000000000000000000e+00 1.000000000000000000e+10 0.000000000000000000e+00 0.000000000000000000e+00 0.000000000000000000e+00 1.000000000000000000e+10
8.841124316543315376e-02 3.879629083657730007e+03 1.951860552846558221e+03 1.030704676678210944e+03 1.824450261659975592e-01 3.451312428588159946e+03 2.502642171410419760e-26 2.042094226960859245e-26 9.580963685141334125e-27 2.751183373529791365e-01 1.951603487597943597e-26 1.000000000000000000e+00 0.000000000000000000e+00 0.000000000000000000e+00 0.000000000000000000e+00 1.000000000000000000e+00 1.000000000000000000e+10 0.000000000000000000e+00 0.000000000000000000e+00 0.000000000000000000e+00 1.000000000000000000e+10
1.019637260722580097e-01 2.930736871454027096e+03 1.502669704132602419e+03 8.768048407090168439e+02 1.823830389185946421e-01 2.625898506295809966e+03 1.874136095091742683e-26 1.573741823131873773e-26 7.794699346155708861e-27 2.921679566895130087e-01 1.477971704790487585e-26 1.000000000000000000e+00 0.000000000000000000e+00 0.000000000000000000e+00 0.000000000000000000e+00 1.000000000000000000e+00 1.000000000000000000e+10 0.000000000000000000e+00 0.000000000000000000e+00 0.000000000000000000e+00 1.000000000000000000e+10
1.175936573483598035e-01 2.224721756073781762e+03 1.001228342298583811e+03 7.615716310704583520e+02 1.760003735491425247e-01 2.073833004932297627e+03 1.362954754787422538e-26 1.042727894616799166e-26 5.994041156006797538e-27 2.985772307606210374e-01 1.092651332264331892e-26 1.000000000000000000e+00 0.000000000000000000e+00 0.000000000000000000e+00 0.000000000000000000e+00 1.000000000000000000e+00 1.000000000000000000e+10 0.000000000000000000e+00 0.000000000000000000e+00 0.000000000000000000e+00 1.000000000000000000e+10
1.356194872553388164e-01 1.717378564213356867e+03 8.662324956258000839e+02 6.395397747960500965e+02 1.858582361608503708e-01 1.621294963609226897e+03 9.502389151047573725e-27 8.289080646701061419e-27 4.643383704633637828e-27 3.106754644813510824e-01 7.804664527420551016e-27 1.000000000000000000e+00 0.000000000000000000e+00 0.000000000000000000e+00 0.000000000000000000e+00 1.000000000000000000e+00 1.000000000000000000e+10 0.000000000000000000e+00 0.000000000000000000e+00 0.000000000000000000e+00 1.000000000000000000e+10
1.564084810196403053e-01 1.279519594726576315e+03 5.509160792374862012e+02 4.850590237116709886e+02 1.776628993170301651e-01 1.225278919084303652e+03 6.560716799105376149e-27 6.022833005632104681e-27 3.293830953123597994e-27 3.143496175146699434e-01 5.502760893420984224e-27 1.000000000000000000e+00 0.000000000000000000e+00 0.000000000000000000e+00 0.000000000000000000e+00 1.000000000000000000e+00 1.000000000000000000e+10 0.000000000000000000e+00 0.000000000000000000e+00 0.000000000000000000e+00 1.000000000000000000e+10
1.803842016362447453e-01 9.417600502262655482e+02 4.567694298167023135e+02 3.208316754502620824e+02 1.851305875126078304e-01 8.715317815285191045e+02 4.450292385757946988e-27 4.111902306793057574e-27 2.185584840952666631e-27 3.301866286991074761e-01 3.567727906447451309e-27 1.000000000000000000e+00 0.000000000000000000e+00 0.000000000000000000e+00 0.000000000000000000e+00 1.000000000000000000e+00 1.000000000000000000e+10 0.000000000000000000e+00 0.000000000000000000e+00 0.000000000000000000e+00 1.000000000000000000e+10
2.080351397048574025e-01 6.777052009699251585e+02 2.987952385243027038e+02 2.350212564633913530e+02 1.771314906017052992e-01 6.408890586430588883e+02 3.013995289247492901e-27 2.468267054059541584e-27 1.375727899800841397e-27 3.402515124117821421e-01 2.313788504938226875e-27 1.000000000000000000e+00 0.000000000000000000e+00 0.000000000000000000e+00 0.000000000000000000e+00 1.000000000000000000e+00 1.000000000000000000e+10 0.000000000000000000e+00 0.000000000000000000e+00 0.000000000000000000e+00 1.000000000000000000e+10
2.399246661262133540e-01 4.922597726236623430e+02 2.335150136417460089e+02 1.610159999607430450e+02 1.775168563323222537e-01 4.507442646881725068e+02 2.057257129009095446e-27 1.812989184978627367e-27 8.872035108993080782e-28 3.597189049687113394e-01 1.459093394162323780e-27 1.000000000000000000e+00 0.000000000000000000e+00 0.000000000000000000e+00 0.000000000000000000e+00 1.000000000000000000e+00 1.000000000000000000e+10 0.000000000000000000e+00 0.000000000000000000e+00 0.000000000000000000e+00 1.000000000000000000e+10
2.767025104385807399e-01 3.723283750833609247e+02 1.922783931056721940e+02 1.190027824022116363e+02 1.955486563922108623e-01 3.297660628425829827e+02 1.441156762708334715e-27 1.348383040862575249e-27 6.429038252847944293e-28 3.850807130585613969e-01 9.615866131595351853e-28 1.000000000000000000e+00 0.000000000000000000e+00 0.000000000000000000e+00 0.000000000000000000e+00 1.000000000000000000e+00 1.000000000000000000e+10 0.000000000000000000e+00 0.000000000000000000e+00 0.000000000000000000e+00 1.000000000000000000e+10
3.191179986585286343e-01 2.682086154345332716e+02 1.272709415351639279e+02 9.152871530471310280e+01 1.960526461032584544e-01 2.408900062272194020e+02 1.044727622900716098e-27 1.004090610223212250e-27 3.769501979317627421e-28 4.126534743350032675e-01 6.025170609865740552e-28 1.000000000000000000e+00 0.000000000000000000e+00 0.000000000000000000e+00 0.000000000000000000e+00 1.000000000000000000e+00 1.000000000000000000e+10 0.000000000000000000e+00 0.000000000000000000e+00 0.000000000000000000e+00 1.000000000000000000e+10
3.680353203388414540e-01 1.963373287133887288e+02 1.019949047230155088e+02 5.087288665609300153e+01 1.979429650747916991e-01 1.660758603296474121e+02 8.326264681939196392e-28 7.669984644701685482e-28 2.518126986127057203e-28 4.434532899016856433e-01 4.052327592095121395e-28 1.000000000000000000e+00 0.000000000000000000e+00 0.000000000000000000e+00 0.000000000000000000e+00 1.000000000000000000e+00 1.000000000000000000e+10 0.000000000000000000e+00 0.000000000000000000e+00 0.000000000000000000e+00 1.000000000000000000e+10
4.244511359005219142e-01 1.518270991645443360e+02 8.462655615927646124e+01 4.197803807182197033e+01 2.135640933272444641e-01 1.252912642948678723e+02 6.932864959000447722e-28 5.861768252328992424e-28 1.656824430324233043e-28 4.808775487481182220e-01 2.719753184129287410e-28 1.000000000000000000e+00 0.000000000000000000e+00 0.000000000000000000e+00 0.000000000000000000e+00 1.000000000000000000e+00 1.000000000000000000e+10 0.000000000000000000e+00 0.000000000000000000e+00 0.000000000000000000e+00 1.000000000000000000e+10
4.895148829774688681e-01 1.182433365973538457e+02 6.930366156384961585e+01 3.220461443501314847e+01 2.283952637420291754e-01 9.426252453808119469e+01 6.307703407514204208e-28 5.351556724993307112e-28 1.194212939111162028e-28 5.283635168930035375e-01 1.861674663761118694e-28 1.000000000000000000e+00 0.000000000000000000e+00 0.000000000000000000e+00 0.000000000000000000e+00 1.000000000000000000e+00 1.000000000000000000e+10 0.000000000000000000e+00 0.000000000000000000e+00 0.000000000000000000e+00 1.000000000000000000e+10
5.645521955031491679e-01 9.771328551187666278e+01 6.912405643497629626e+01 2.724830268015234935e+01 2.506939735646138145e-01 7.307935293242726971e+01 6.191230194818182595e-28 4.954491755615543983e-28 8.563104400170602929e-29 5.989034672560930028e-01 1.272983877849962971e-28 1.000000000000000000e+00 0.000000000000000000e+00 0.000000000000000000e+00 0.000000000000000000e+00 1.000000000000000000e+00 1.000000000000000000e+10 0.000000000000000000e+00 0.000000000000000000e+00 0.000000000000000000e+00 1.000000000000000000e+10
6.510919126887823039e-01 9.108872995889019819e+01 8.370884347760082278e+01 2.278312806900536458e+01 2.990088722981892322e-01 5.916189914241051184e+01 6.758713914423180702e-28 5.705632520895483098e-28 6.126472150597467317e-29 6.932043992903867968e-01 8.934256410710430637e-29 1.000000000000000000e+00 0.000000000000000000e+00 0.000000000000000000e+00 0.000000000000000000e+00 1.000000000000000000e+00 1.000000000000000000e+10 0.000000000000000000e+00 0.000000000000000000e+00 0.000000000000000000e+00 1.000000000000000000e+10
7.508972281844089602e-01 7.866685644859644810e+01 7.919192963758001724e+01 1.952081802490647178e+01 3.162573459921719787e-01 4.923882836513553229e+01 6.194030373028781338e-28 6.010804994402950165e-28 4.576458615206497332e-29 7.460988214920976080e-01 6.727499061668442875e-29 1.000000000000000000e+00 0.000000000000000000e+00 0.000000000000000000e+00 0.000000000000000000e+00 1.000000000000000000e+00 1.000000000000000000e+10 0.000000000000000000e+00 0.000000000000000000e+00 0.000000000000000000e+00 1.000000000000000000e+10
8.660016140678794550e-01 6.495046788024325224e+01 6.114586120144297610e+01 1.604076910490638497e+01 3.015666106697676985e-01 4.190566191246214345e+01 5.273715184648067951e-28 4.392300128234262959e-28 4.330177803598544683e-29 7.565586450798053031e-01 6.084869464904729568e-29 1.000000000000000000e+00 0.000000000000000000e+00 0.000000000000000000e+00 0.000000000000000000e+00 1.000000000000000000e+00 1.000000000000000000e+10 0.000000000000000000e+00 0.000000000000000000e+00 0.000000000000000000e+00 1.000000000000000000e+10
9.987502515910116063e-01 5.408996018648657156e+01 5.039225708001333004e+01 1.509682796201373378e+01 2.884207131509053945e-01 3.762867750863629368e+01 5.448159475207777337e-28 4.138584584611941148e-28 4.034416507392732363e-29 7.704583086692373683e-01 5.212854167066406923e-29 1.000000000000000000e+00 0.000000000000000000e+00 0.000000000000000000e+00 0.000000000000000000e+00 1.000000000000000000e+00 1.000000000000000000e+10 0.000000000000000000e+00 0.000000000000000000e+00 0.000000000000000000e+00 1.000000000000000000e+10
1.151847812808953542e+00 4.936172586311235477e+01 4.024885162966078411e+01 1.581649680409801562e+01 2.969867072761298576e-01 3.560465454055147205e+01 6.807746266938854798e-28 4.072576939108536620e-28 4.067686506145670277e-29 8.024994625035237750e-01 5.009346628874417300e-29 1.000000000000000000e+00 0.000000000000000000e+00 0.000000000000000000e+00 0.000000000000000000e+00 1.000000000000000000e+00 1.000000000000000000e+10 0.000000000000000000e+00 0.000000000000000000e+00 0.000000000000000000e+00 1.000000000000000000e+10
1.328413566614123908e+00 4.586505307820619493e+01 4.082437385032120858e+01 1.367225901968332025e+01 2.943191747136162939e-01 3.182206678289533031e+01 7.913731091407049184e-28 3.945952355393822493e-28 3.177817581010008653e-29 8.042391808050134427e-01 4.137566281200286152e-29 1.000000000000000000e+00 0.000000000000000000e+00 0.000000000000000000e+00 0.000000000000000000e+00 1.000000000000000000e+00 1.000000000000000000e+10 0.000000000000000000e+00 0.000000000000000000e+00 0.000000000000000000e+00 1.000000000000000000e+10
1.532044931926391351e+00 4.330637119140898506e+01 4.278284922895888798e+01 1.283820374162944589e+01 2.922554266887319452e-01 3.003392371398832239e+01 9.943001275974964997e-28 3.837756021464362540e-28 3.329589027734673910e-29 7.873924386586872437e-01 4.317578677973311636e-29 1.000000000000000000e+00 0.000000000000000000e+00 0.000000000000000000e+00 0.000000000000000000e+00 1.000000000000000000e+00 1.000000000000000000e+10 0.000000000000000000e+00 0.000000000000000000e+00 0.000000000000000000e+00 1.000000000000000000e+10
1.766890772896739126e+00 3.788387790271428912e+01 2.547865807851870557e+01 1.197652385516337326e+01 2.686388459976498666e-01 2.785093578057693264e+01 7.874608760939407885e-28 2.675425982768050237e-28 3.763495707372521726e-29 7.430894351479071513e-01 4.877029276809085912e-29 1.000000000000000000e+00 0.000000000000000000e+00 0.000000000000000000e+00 0.000000000000000000e+00 1.000000000000000000e+00 1.000000000000000000e+10 0.000000000000000000e+00 0.000000000000000000e+00 0.000000000000000000e+00 1.000000000000000000e+10
2.037735929469222107e+00 3.252288902841058160e+01 2.473136272919058598e+01 9.721753486239174791e+00 2.457774056915294214e-01 2.556990341050705950e+01 3.904789436220063948e-28 2.251841818946227154e-28 3.436525999046963542e-29 7.050632010884292367e-01 4.723148517515281737e-29 1.000000000000000000e+00 0.000000000000000000e+00 0.000000000000000000e+00 0.000000000000000000e+00 1.000000000000000000e+00 1.000000000000000000e+10 0.000000000000000000e+00 0.000000000000000000e+00 0.000000000000000000e+00 1.000000000000000000e+10
2.350098705559579226e+00 3.012666839250468698e+01 2.577409146114479199e+01 7.681469190310936668e+00 2.370829044904999572e-01 2.308292725788776778e+01 2.713881238381650775e-28 2.002355853620787092e-28 3.952904476173192247e-29 6.784714958468087698e-01 5.280886020391859448e-29 1.000000000000000000e+00 0.000000000000000000e+00 0.000000000000000000e+00 0.000000000000000000e+00 1.000000000000000000e+00 1.000000000000000000e+10 0.000000000000000000e+00 0.000000000000000000e+00 0.000000000000000000e+00 1.000000000000000000e+10
