# R (Mpc), mean rho (Msol/kpc^3), errup (Msol/kpc^3), errlow, std, median rho (Msol/kpc^3), mean pth (Msol/kpc/s^2), errup(Msol/kpc/s^2), errlow, std, median pth (Msol/kpc/s^2), mean gas-mass-weighted metal (fraction), errup, errlow, std, median metal, mean gas-mass-weighted temp (K), errup, errlow, std, median temp  
#  nprofs 200, mean mh 212386531173.303589, median mh 201355705778.496826 
#  Mass range 11.00 - 11.5
1.040961082911032697e-02 2.157782516737483384e+05 1.179870595006447984e+05 9.161898513678349264e+04 2.546582254933705269e-01 1.931425333428439917e+05 8.462135495558162015e-26 1.010389512395617894e-25 1.204472110038863286e-26 4.457091706635511463e-01 3.028723874005133101e-26 1.000000000000000000e+00 0.000000000000000000e+00 0.000000000000000000e+00 0.000000000000000000e+00 1.000000000000000000e+00 1.000000000000000000e+10 0.000000000000000000e+00 0.000000000000000000e+00 0.000000000000000000e+00 1.000000000000000000e+10
1.200529105910367808e-02 1.735650516878462513e+05 1.130120676423067343e+05 8.707223563962121261e+04 2.786743565911467546e-01 1.610915774900056422e+05 8.531351287460508241e-26 1.120646650473050966e-25 1.864627312023926601e-26 4.476437470547301456e-01 3.599494138956274689e-26 1.000000000000000000e+00 0.000000000000000000e+00 0.000000000000000000e+00 0.000000000000000000e+00 1.000000000000000000e+00 1.000000000000000000e+10 0.000000000000000000e+00 0.000000000000000000e+00 0.000000000000000000e+00 1.000000000000000000e+10
1.384557172980430476e-02 1.326636715238436882e+05 8.157081413328609779e+04 6.639349990137846908e+04 2.988175391393125824e-01 1.230794249639510526e+05 8.229307197261036100e-26 1.127003942139260942e-25 2.412220655783210563e-26 4.491238146695831768e-01 4.168520210415818855e-26 1.000000000000000000e+00 0.000000000000000000e+00 0.000000000000000000e+00 0.000000000000000000e+00 1.000000000000000000e+00 1.000000000000000000e+10 0.000000000000000000e+00 0.000000000000000000e+00 0.000000000000000000e+00 1.000000000000000000e+10
1.596794743096121086e-02 1.035831574963583407e+05 6.743035736685217125e+04 4.571083583721877221e+04 2.798754715199942011e-01 9.061720220262065413e+04 7.299799291463265046e-26 9.409528075044794198e-26 2.172702922259291434e-26 4.160345305054423681e-01 4.024341564911755109e-26 1.000000000000000000e+00 0.000000000000000000e+00 0.000000000000000000e+00 0.000000000000000000e+00 1.000000000000000000e+00 1.000000000000000000e+10 0.000000000000000000e+00 0.000000000000000000e+00 0.000000000000000000e+00 1.000000000000000000e+10
1.841566026551830909e-02 7.073710395812256320e+04 4.817996083878664649e+04 3.121719544372132805e+04 2.812123982149413171e-01 6.158137878819796606e+04 6.237149515747611589e-26 6.374587889336995534e-26 1.945523016623070950e-26 3.490043541689126227e-01 3.937329502296930815e-26 1.000000000000000000e+00 0.000000000000000000e+00 0.000000000000000000e+00 0.000000000000000000e+00 1.000000000000000000e+00 1.000000000000000000e+10 0.000000000000000000e+00 0.000000000000000000e+00 0.000000000000000000e+00 1.000000000000000000e+10
2.123858088093512342e-02 4.820337841527886485e+04 3.785548867759123095e+04 2.202438701791390849e+04 2.887548547940557708e-01 4.187526617311871087e+04 5.291723428789274358e-26 4.680881211547962125e-26 2.062243932151017335e-26 3.437830595755776986e-01 3.814700560537585081e-26 1.000000000000000000e+00 0.000000000000000000e+00 0.000000000000000000e+00 0.000000000000000000e+00 1.000000000000000000e+00 1.000000000000000000e+10 0.000000000000000000e+00 0.000000000000000000e+00 0.000000000000000000e+00 1.000000000000000000e+10
2.449422455303571639e-02 3.187142596694573876e+04 2.963034691571047006e+04 1.178005084971480755e+04 2.829517651853726834e-01 2.543645833602610219e+04 4.062067565183233037e-26 3.081088449498896354e-26 1.599993209901330015e-26 2.949964283697829037e-01 3.212352248015822075e-26 1.000000000000000000e+00 0.000000000000000000e+00 0.000000000000000000e+00 0.000000000000000000e+00 1.000000000000000000e+00 1.000000000000000000e+10 0.000000000000000000e+00 0.000000000000000000e+00 0.000000000000000000e+00 1.000000000000000000e+10
2.824892302447100725e-02 2.065165110812485364e+04 1.816886026676150504e+04 6.595333653760928428e+03 2.593561641380324745e-01 1.627735477995334804e+04 3.479207120822190750e-26 2.506294768881723375e-26 1.165255081365596574e-26 2.557086234359861598e-01 2.807317063430717155e-26 1.000000000000000000e+00 0.000000000000000000e+00 0.000000000000000000e+00 0.000000000000000000e+00 1.000000000000000000e+00 1.000000000000000000e+10 0.000000000000000000e+00 0.000000000000000000e+00 0.000000000000000000e+00 1.000000000000000000e+10
3.257917597328415654e-02 1.362374667075302386e+04 9.370135020863386671e+03 5.180182588340695474e+03 2.548316517106122281e-01 1.150334673322795970e+04 2.864584465745059054e-26 1.859358139620035236e-26 1.123008329444824940e-26 2.484546717737307342e-01 2.451787915683765349e-26 1.000000000000000000e+00 0.000000000000000000e+00 0.000000000000000000e+00 0.000000000000000000e+00 1.000000000000000000e+00 1.000000000000000000e+10 0.000000000000000000e+00 0.000000000000000000e+00 0.000000000000000000e+00 1.000000000000000000e+10
3.757320964692217186e-02 9.095645137905215961e+03 6.237178868942549343e+03 3.073855825938353519e+03 2.261502295265067630e-01 7.796488652931738216e+03 2.374247093082519796e-26 1.523022231133248086e-26 7.662369442052353853e-27 2.513546962344737623e-01 1.931219714335137606e-26 1.000000000000000000e+00 0.000000000000000000e+00 0.000000000000000000e+00 0.000000000000000000e+00 1.000000000000000000e+00 1.000000000000000000e+10 0.000000000000000000e+00 0.000000000000000000e+00 0.000000000000000000e+00 1.000000000000000000e+10
4.333277441790538143e-02 6.250087433559949204e+03 3.387340766971281482e+03 2.119889526553531596e+03 2.185530110583414065e-01 5.432762269704668142e+03 1.850648999903450545e-26 1.304823714039007637e-26 6.055991148492057622e-27 2.465569937493313213e-01 1.522042203121379854e-26 1.000000000000000000e+00 0.000000000000000000e+00 0.000000000000000000e+00 0.000000000000000000e+00 1.000000000000000000e+00 1.000000000000000000e+10 0.000000000000000000e+00 0.000000000000000000e+00 0.000000000000000000e+00 1.000000000000000000e+10
4.997521788524898756e-02 4.570094572752672320e+03 2.587823938572330917e+03 1.328561267326601865e+03 1.829009005835802448e-01 4.139767597988113266e+03 1.542450884500385433e-26 9.730934687712001760e-27 5.275862395267679849e-27 2.238577401543399847e-01 1.296245865861066637e-26 1.000000000000000000e+00 0.000000000000000000e+00 0.000000000000000000e+00 0.000000000000000000e+00 1.000000000000000000e+00 1.000000000000000000e+10 0.000000000000000000e+00 0.000000000000000000e+00 0.000000000000000000e+00 1.000000000000000000e+10
5.763587575980636674e-02 3.429809760150619695e+03 1.267895955571853847e+03 1.011408385206553703e+03 1.613706273582396211e-01 3.253569056773504599e+03 1.229347896968225122e-26 9.376525853626735402e-27 3.741612341551630597e-27 2.205502697338107276e-01 1.024661652233848890e-26 1.000000000000000000e+00 0.000000000000000000e+00 0.000000000000000000e+00 0.000000000000000000e+00 1.000000000000000000e+00 1.000000000000000000e+10 0.000000000000000000e+00 0.000000000000000000e+00 0.000000000000000000e+00 1.000000000000000000e+10
6.647082924635627776e-02 2.710883714713208519e+03 1.071903701119746529e+03 8.518674224951307679e+02 1.537761454286322715e-01 2.571910608931783827e+03 9.573247769499189145e-27 7.042435064453362891e-27 2.937782380336190983e-27 2.232239385076064953e-01 7.807856888769311809e-27 1.000000000000000000e+00 0.000000000000000000e+00 0.000000000000000000e+00 0.000000000000000000e+00 1.000000000000000000e+00 1.000000000000000000e+10 0.000000000000000000e+00 0.000000000000000000e+00 0.000000000000000000e+00 1.000000000000000000e+10
7.666008510240249207e-02 2.141421076627125331e+03 8.615650298318469140e+02 5.978109214939695448e+02 1.550641576754413220e-01 2.000744749061587299e+03 7.455996179634316626e-27 5.568235808038293395e-27 2.143948516497329441e-27 2.369836899511610917e-01 5.889631423744677022e-27 1.000000000000000000e+00 0.000000000000000000e+00 0.000000000000000000e+00 0.000000000000000000e+00 1.000000000000000000e+00 1.000000000000000000e+10 0.000000000000000000e+00 0.000000000000000000e+00 0.000000000000000000e+00 1.000000000000000000e+10
8.841124316543315376e-02 1.696214661022213704e+03 8.252033334871148327e+02 4.174726784507640787e+02 1.566473391206603394e-01 1.527320876520946968e+03 5.724085712781065230e-27 4.115800632598828769e-27 1.694208900817007647e-27 2.435605147765725342e-01 4.495933393208918439e-27 1.000000000000000000e+00 0.000000000000000000e+00 0.000000000000000000e+00 0.000000000000000000e+00 1.000000000000000000e+00 1.000000000000000000e+10 0.000000000000000000e+00 0.000000000000000000e+00 0.000000000000000000e+00 1.000000000000000000e+10
1.019637260722580097e-01 1.317546507622265381e+03 5.268221410501466835e+02 3.685513653527141287e+02 1.556453821023256467e-01 1.218163258447933458e+03 4.360722769702033864e-27 3.455084490961116277e-27 1.293071635003717882e-27 2.573993558149078598e-01 3.433886688206391670e-27 1.000000000000000000e+00 0.000000000000000000e+00 0.000000000000000000e+00 0.000000000000000000e+00 1.000000000000000000e+00 1.000000000000000000e+10 0.000000000000000000e+00 0.000000000000000000e+00 0.000000000000000000e+00 1.000000000000000000e+10
1.175936573483598035e-01 1.038949481210946942e+03 3.805075641466107754e+02 2.930159396051848262e+02 1.613764145973604902e-01 9.694671560764741116e+02 3.315607361727432352e-27 2.507128933778588046e-27 9.838616231825067218e-28 2.745273979408077714e-01 2.483029035038781458e-27 1.000000000000000000e+00 0.000000000000000000e+00 0.000000000000000000e+00 0.000000000000000000e+00 1.000000000000000000e+00 1.000000000000000000e+10 0.000000000000000000e+00 0.000000000000000000e+00 0.000000000000000000e+00 1.000000000000000000e+10
1.356194872553388164e-01 7.949949427866232554e+02 3.208479745913668921e+02 2.134552625087856086e+02 1.608881343546007536e-01 7.256752718660939081e+02 2.488188009258477958e-27 2.246775226677693601e-27 7.864162545743116174e-28 2.981428554199992975e-01 1.795107813403651546e-27 1.000000000000000000e+00 0.000000000000000000e+00 0.000000000000000000e+00 0.000000000000000000e+00 1.000000000000000000e+00 1.000000000000000000e+10 0.000000000000000000e+00 0.000000000000000000e+00 0.000000000000000000e+00 1.000000000000000000e+10
1.564084810196403053e-01 6.020384772010448842e+02 2.875149522441939780e+02 1.446355067853336891e+02 1.572413237497499172e-01 5.385194237530633927e+02 1.830494131860390644e-27 1.626005056370780569e-27 5.532007818278186698e-28 3.170012429877060445e-01 1.250042284387611729e-27 1.000000000000000000e+00 0.000000000000000000e+00 0.000000000000000000e+00 0.000000000000000000e+00 1.000000000000000000e+00 1.000000000000000000e+10 0.000000000000000000e+00 0.000000000000000000e+00 0.000000000000000000e+00 1.000000000000000000e+10
1.803842016362447453e-01 4.563325150454820118e+02 2.103086884964812953e+02 9.996365022963169622e+01 1.629225823810431240e-01 4.049467179607299840e+02 1.379187929497932779e-27 9.849710028622102547e-28 4.149218477886538321e-28 3.468008761833731857e-01 8.756745629608754033e-28 1.000000000000000000e+00 0.000000000000000000e+00 0.000000000000000000e+00 0.000000000000000000e+00 1.000000000000000000e+00 1.000000000000000000e+10 0.000000000000000000e+00 0.000000000000000000e+00 0.000000000000000000e+00 1.000000000000000000e+10
2.080351397048574025e-01 3.592987599386929105e+02 1.515535832938942349e+02 1.000429740499811544e+02 1.748998686967020433e-01 3.196985709056623932e+02 1.066956149621210715e-27 7.336414472681371995e-28 3.403309416368037069e-28 3.775182678909125844e-01 6.368340127049024873e-28 1.000000000000000000e+00 0.000000000000000000e+00 0.000000000000000000e+00 0.000000000000000000e+00 1.000000000000000000e+00 1.000000000000000000e+10 0.000000000000000000e+00 0.000000000000000000e+00 0.000000000000000000e+00 1.000000000000000000e+10
2.399246661262133540e-01 2.777058552654184496e+02 1.147768949713662892e+02 8.090797282856416928e+01 1.880319848818426121e-01 2.422828569660031235e+02 8.480086693302550407e-28 6.176955375267482778e-28 2.352963152008840924e-28 4.171000186662776610e-01 4.259709254152618999e-28 1.000000000000000000e+00 0.000000000000000000e+00 0.000000000000000000e+00 0.000000000000000000e+00 1.000000000000000000e+00 1.000000000000000000e+10 0.000000000000000000e+00 0.000000000000000000e+00 0.000000000000000000e+00 1.000000000000000000e+10
2.767025104385807399e-01 2.195565496563279169e+02 1.032516675057275393e+02 6.190690866366878709e+01 2.047075724389785800e-01 1.816151207587043359e+02 6.883168599185377386e-28 6.928777908292334819e-28 1.756960880396369564e-28 4.539484065197824658e-01 3.012353248907007025e-28 1.000000000000000000e+00 0.000000000000000000e+00 0.000000000000000000e+00 0.000000000000000000e+00 1.000000000000000000e+00 1.000000000000000000e+10 0.000000000000000000e+00 0.000000000000000000e+00 0.000000000000000000e+00 1.000000000000000000e+10
3.191179986585286343e-01 1.726312735207430080e+02 9.971349006737855802e+01 4.479839414164518985e+01 2.139666456011254936e-01 1.366459526863494602e+02 5.924702217525356073e-28 6.139165004969329320e-28 1.192759782042759881e-28 4.950585020949997417e-01 2.080179020684211347e-28 1.000000000000000000e+00 0.000000000000000000e+00 0.000000000000000000e+00 0.000000000000000000e+00 1.000000000000000000e+00 1.000000000000000000e+10 0.000000000000000000e+00 0.000000000000000000e+00 0.000000000000000000e+00 1.000000000000000000e+10
3.680353203388414540e-01 1.384070647936167120e+02 8.185635746012123093e+01 3.459816276096761101e+01 2.282153038820662061e-01 1.080202305694065927e+02 5.430331156072731728e-28 4.992312978834825177e-28 9.486221583426811202e-29 5.442711071321252314e-01 1.556319506852036042e-28 1.000000000000000000e+00 0.000000000000000000e+00 0.000000000000000000e+00 0.000000000000000000e+00 1.000000000000000000e+00 1.000000000000000000e+10 0.000000000000000000e+00 0.000000000000000000e+00 0.000000000000000000e+00 1.000000000000000000e+10
4.244511359005219142e-01 1.190225797195802073e+02 7.409501356701724717e+01 2.678488785476761080e+01 2.522950754939853324e-01 8.465876554380457719e+01 5.145423426024005965e-28 3.568339905078625179e-28 6.641620749158228526e-29 5.885546100708033412e-01 1.121784441619582923e-28 1.000000000000000000e+00 0.000000000000000000e+00 0.000000000000000000e+00 0.000000000000000000e+00 1.000000000000000000e+00 1.000000000000000000e+10 0.000000000000000000e+00 0.000000000000000000e+00 0.000000000000000000e+00 1.000000000000000000e+10
4.895148829774688681e-01 9.375027431521812105e+01 5.969839425650536668e+01 2.360668294639626197e+01 2.579421336086235583e-01 6.760687145251246477e+01 4.791137036784414984e-28 3.542661140184915628e-28 5.679383966605991730e-29 6.365545761589667118e-01 8.751516841399229400e-29 1.000000000000000000e+00 0.000000000000000000e+00 0.000000000000000000e+00 0.000000000000000000e+00 1.000000000000000000e+00 1.000000000000000000e+10 0.000000000000000000e+00 0.000000000000000000e+00 0.000000000000000000e+00 1.000000000000000000e+10
5.645521955031491679e-01 8.438461138839251419e+01 6.054104073169715861e+01 2.006639747248181038e+01 2.919081834037165479e-01 5.418195763607221949e+01 4.851892995680355080e-28 3.295782632262069284e-28 4.384672400782438255e-29 6.967306244945519200e-01 6.614883387738498379e-29 1.000000000000000000e+00 0.000000000000000000e+00 0.000000000000000000e+00 0.000000000000000000e+00 1.000000000000000000e+00 1.000000000000000000e+10 0.000000000000000000e+00 0.000000000000000000e+00 0.000000000000000000e+00 1.000000000000000000e+10
6.510919126887823039e-01 6.897954774555701363e+01 4.600851623884267383e+01 1.706700116795955680e+01 2.954404671619920708e-01 4.565024603117156232e+01 4.457002922597825877e-28 3.091347914379330027e-28 4.593727722829515231e-29 7.443139597498205084e-01 6.085503174057521967e-29 1.000000000000000000e+00 0.000000000000000000e+00 0.000000000000000000e+00 0.000000000000000000e+00 1.000000000000000000e+00 1.000000000000000000e+10 0.000000000000000000e+00 0.000000000000000000e+00 0.000000000000000000e+00 1.000000000000000000e+10
7.508972281844089602e-01 6.004186719528708949e+01 5.044301173658993775e+01 1.467966474496769891e+01 3.013477122785221951e-01 3.883127343488050087e+01 4.310629672864372240e-28 3.607739298364327692e-28 4.041795462419109910e-29 7.896238923631311302e-01 5.298650348946855561e-29 1.000000000000000000e+00 0.000000000000000000e+00 0.000000000000000000e+00 0.000000000000000000e+00 1.000000000000000000e+00 1.000000000000000000e+10 0.000000000000000000e+00 0.000000000000000000e+00 0.000000000000000000e+00 1.000000000000000000e+10
8.660016140678794550e-01 5.559927613880147135e+01 5.879464138069096180e+01 1.460883039038718678e+01 3.216977087301580718e-01 3.539935541641058592e+01 4.136212279804965199e-28 5.161349905407102186e-28 4.198672152800028144e-29 8.427146592791581181e-01 5.111617714672763168e-29 1.000000000000000000e+00 0.000000000000000000e+00 0.000000000000000000e+00 0.000000000000000000e+00 1.000000000000000000e+00 1.000000000000000000e+10 0.000000000000000000e+00 0.000000000000000000e+00 0.000000000000000000e+00 1.000000000000000000e+10
9.987502515910116063e-01 5.011163848481174909e+01 5.040591929985514952e+01 1.439321266109496733e+01 3.238926263162061892e-01 3.205186236702073899e+01 4.133477704314480777e-28 4.396639174984596473e-28 3.939893296630975948e-29 8.799149269886591407e-01 4.654358585966690893e-29 1.000000000000000000e+00 0.000000000000000000e+00 0.000000000000000000e+00 0.000000000000000000e+00 1.000000000000000000e+00 1.000000000000000000e+10 0.000000000000000000e+00 0.000000000000000000e+00 0.000000000000000000e+00 1.000000000000000000e+10
1.151847812808953542e+00 4.537493769222132300e+01 4.930722877215833932e+01 1.453172602744624342e+01 3.195780245624291194e-01 3.087127925283084906e+01 4.194226866000780095e-28 4.647308923606382812e-28 3.163528771767420174e-29 8.801178084331238161e-01 3.809922392265536795e-29 1.000000000000000000e+00 0.000000000000000000e+00 0.000000000000000000e+00 0.000000000000000000e+00 1.000000000000000000e+00 1.000000000000000000e+10 0.000000000000000000e+00 0.000000000000000000e+00 0.000000000000000000e+00 1.000000000000000000e+10
1.328413566614123908e+00 4.096618858992272294e+01 3.357585207352851597e+01 1.470613285153925531e+01 3.025179269713476060e-01 3.058888097738380196e+01 4.724167008021929315e-28 3.415033836405387551e-28 3.794063188634602607e-29 8.565413723102152099e-01 4.543415321536290605e-29 1.000000000000000000e+00 0.000000000000000000e+00 0.000000000000000000e+00 0.000000000000000000e+00 1.000000000000000000e+00 1.000000000000000000e+10 0.000000000000000000e+00 0.000000000000000000e+00 0.000000000000000000e+00 1.000000000000000000e+10
1.532044931926391351e+00 3.983718094912056529e+01 3.285023314345833256e+01 1.472635906280339135e+01 3.061853700646217646e-01 2.945355178003170238e+01 6.773299448263217207e-28 3.689916071120965379e-28 3.710483579288625575e-29 8.699696117148285612e-01 4.403420355394806334e-29 1.000000000000000000e+00 0.000000000000000000e+00 0.000000000000000000e+00 0.000000000000000000e+00 1.000000000000000000e+00 1.000000000000000000e+10 0.000000000000000000e+00 0.000000000000000000e+00 0.000000000000000000e+00 1.000000000000000000e+10
1.766890772896739126e+00 3.822370278563516877e+01 2.888274065769750010e+01 1.283234267144487539e+01 3.020861859466079102e-01 2.688780924794486182e+01 1.080625624645723421e-27 3.576818777616403363e-28 4.313889901318948637e-29 8.698142619637850848e-01 5.037244145146936501e-29 1.000000000000000000e+00 0.000000000000000000e+00 0.000000000000000000e+00 0.000000000000000000e+00 1.000000000000000000e+00 1.000000000000000000e+10 0.000000000000000000e+00 0.000000000000000000e+00 0.000000000000000000e+00 1.000000000000000000e+10
2.037735929469222107e+00 3.774418382007279149e+01 2.790395580553369825e+01 1.275027426470273006e+01 3.059045629025584634e-01 2.625135976978796037e+01 1.464317649542093619e-27 3.136023897297280494e-28 5.890482781170228073e-29 8.696455974642975928e-01 6.568295707869768931e-29 1.000000000000000000e+00 0.000000000000000000e+00 0.000000000000000000e+00 0.000000000000000000e+00 1.000000000000000000e+00 1.000000000000000000e+10 0.000000000000000000e+00 0.000000000000000000e+00 0.000000000000000000e+00 1.000000000000000000e+10
2.350098705559579226e+00 3.331314579773923157e+01 2.387691112841561036e+01 1.118452547494163341e+01 2.881361986233196282e-01 2.449204113733334154e+01 9.502415180818886221e-28 2.709967461937013812e-28 6.001477787736389526e-29 8.623806814062064952e-01 6.786681977155751882e-29 1.000000000000000000e+00 0.000000000000000000e+00 0.000000000000000000e+00 0.000000000000000000e+00 1.000000000000000000e+00 1.000000000000000000e+10 0.000000000000000000e+00 0.000000000000000000e+00 0.000000000000000000e+00 1.000000000000000000e+10
