# R (Mpc), mean rho (Msol/kpc^3), errup (Msol/kpc^3), errlow, std, median rho (Msol/kpc^3), mean pth (Msol/kpc/s^2), errup(Msol/kpc/s^2), errlow, std, median pth (Msol/kpc/s^2), mean gas-mass-weighted metal (fraction), errup, errlow, std, median metal, mean gas-mass-weighted temp (K), errup, errlow, std, median temp  
#  nprofs 183, mean mh 549200151778.111084, median mh 492725591157.911194 
#  Mass range 11.50 - 12.0
1.040961082911032697e-02 4.574093601888612611e+05 2.446136127783411066e+05 1.497896046352413250e+05 2.116574417866418367e-01 4.036180411566406838e+05 2.190767746032079684e-25 2.807150108994233386e-25 5.794292753498188629e-26 4.381314756768817653e-01 1.043900283507208362e-25 1.000000000000000000e+00 0.000000000000000000e+00 0.000000000000000000e+00 0.000000000000000000e+00 1.000000000000000000e+00 1.000000000000000000e+10 0.000000000000000000e+00 0.000000000000000000e+00 0.000000000000000000e+00 1.000000000000000000e+10
1.200529105910367808e-02 3.550738124152061064e+05 2.102638385482396116e+05 1.160303367116781592e+05 2.283544109624801866e-01 3.046316317754372139e+05 2.701668686715061580e-25 4.072883425180030752e-25 9.414246122168175375e-26 4.743922020264834671e-01 1.407441342870936599e-25 1.000000000000000000e+00 0.000000000000000000e+00 0.000000000000000000e+00 0.000000000000000000e+00 1.000000000000000000e+00 1.000000000000000000e+10 0.000000000000000000e+00 0.000000000000000000e+00 0.000000000000000000e+00 1.000000000000000000e+10
1.384557172980430476e-02 2.642176891015737783e+05 1.339350447869582567e+05 1.136318941638136748e+05 2.416373453613196998e-01 2.500631052708603675e+05 2.068386296393695497e-25 2.161418682892488871e-25 1.059231294146748281e-25 4.196991421721258941e-01 1.521793495010248414e-25 1.000000000000000000e+00 0.000000000000000000e+00 0.000000000000000000e+00 0.000000000000000000e+00 1.000000000000000000e+00 1.000000000000000000e+10 0.000000000000000000e+00 0.000000000000000000e+00 0.000000000000000000e+00 1.000000000000000000e+10
1.596794743096121086e-02 1.892040352619987389e+05 1.034868130206325150e+05 8.106735739552619634e+04 2.412738124847164101e-01 1.755917336475770280e+05 2.514567931629219045e-25 2.773455289412823180e-25 1.012744699404441625e-25 4.142413852815560737e-01 1.616146982631764841e-25 1.000000000000000000e+00 0.000000000000000000e+00 0.000000000000000000e+00 0.000000000000000000e+00 1.000000000000000000e+00 1.000000000000000000e+10 0.000000000000000000e+00 0.000000000000000000e+00 0.000000000000000000e+00 1.000000000000000000e+10
1.841566026551830909e-02 1.308465389780626865e+05 7.818249810507989605e+04 6.392305968603939255e+04 2.624835086412805052e-01 1.222815678813809063e+05 2.214073583163531666e-25 1.778850350121757672e-25 9.626795369680907485e-26 3.681300131200787584e-01 1.671468994072006466e-25 1.000000000000000000e+00 0.000000000000000000e+00 0.000000000000000000e+00 0.000000000000000000e+00 1.000000000000000000e+00 1.000000000000000000e+10 0.000000000000000000e+00 0.000000000000000000e+00 0.000000000000000000e+00 1.000000000000000000e+10
2.123858088093512342e-02 8.686841974732135714e+04 5.355858373996528098e+04 3.735996075448021293e+04 2.617486734881934174e-01 7.615665873956684663e+04 2.029311291282130077e-25 1.698089803731928116e-25 9.852461179783487955e-26 3.395018990335532116e-01 1.651031177395081106e-25 1.000000000000000000e+00 0.000000000000000000e+00 0.000000000000000000e+00 0.000000000000000000e+00 1.000000000000000000e+00 1.000000000000000000e+10 0.000000000000000000e+00 0.000000000000000000e+00 0.000000000000000000e+00 1.000000000000000000e+10
2.449422455303571639e-02 5.906345330996734992e+04 4.432773766756611440e+04 2.585375513698306167e+04 2.596359277173500568e-01 5.304016451233026601e+04 1.718450657563099068e-25 1.456306137150076760e-25 5.987240953983974729e-26 3.102640973779822731e-01 1.353015729738229114e-25 1.000000000000000000e+00 0.000000000000000000e+00 0.000000000000000000e+00 0.000000000000000000e+00 1.000000000000000000e+00 1.000000000000000000e+10 0.000000000000000000e+00 0.000000000000000000e+00 0.000000000000000000e+00 1.000000000000000000e+10
2.824892302447100725e-02 4.047202784198517475e+04 3.238939934665983310e+04 1.531145052363043214e+04 2.576105299220046718e-01 3.399227694319504371e+04 1.393390222455875456e-25 1.123662377081997406e-25 4.835161381065960318e-26 2.878593771848249605e-01 1.076167100926827905e-25 1.000000000000000000e+00 0.000000000000000000e+00 0.000000000000000000e+00 0.000000000000000000e+00 1.000000000000000000e+00 1.000000000000000000e+10 0.000000000000000000e+00 0.000000000000000000e+00 0.000000000000000000e+00 1.000000000000000000e+10
3.257917597328415654e-02 2.726099127045840578e+04 1.710312774795918449e+04 8.887944645738192776e+03 2.401805369911704235e-01 2.237769619483386123e+04 1.180203883780267022e-25 8.942805612431040431e-26 4.052677873285346208e-26 2.809461956040821273e-01 9.286709255027366048e-26 1.000000000000000000e+00 0.000000000000000000e+00 0.000000000000000000e+00 0.000000000000000000e+00 1.000000000000000000e+00 1.000000000000000000e+10 0.000000000000000000e+00 0.000000000000000000e+00 0.000000000000000000e+00 1.000000000000000000e+10
3.757320964692217186e-02 1.870126637295106775e+04 1.101580438806415805e+04 5.494061920577260025e+03 2.130021952846465061e-01 1.549042139136929654e+04 9.822456030313083241e-26 6.733786801575509687e-26 3.768722930155142791e-26 2.669652740698161275e-01 7.956148889163419932e-26 1.000000000000000000e+00 0.000000000000000000e+00 0.000000000000000000e+00 0.000000000000000000e+00 1.000000000000000000e+00 1.000000000000000000e+10 0.000000000000000000e+00 0.000000000000000000e+00 0.000000000000000000e+00 1.000000000000000000e+10
4.333277441790538143e-02 1.344268091255204490e+04 8.075457976762747421e+03 3.642415089747931233e+03 2.061496199986149191e-01 1.132373383257444220e+04 8.343611771742333904e-26 6.049613172599277337e-26 2.804945548920332460e-26 2.683497382265156439e-01 6.566091306912471006e-26 1.000000000000000000e+00 0.000000000000000000e+00 0.000000000000000000e+00 0.000000000000000000e+00 1.000000000000000000e+00 1.000000000000000000e+10 0.000000000000000000e+00 0.000000000000000000e+00 0.000000000000000000e+00 1.000000000000000000e+10
4.997521788524898756e-02 1.008699566184678224e+04 3.960940084466705230e+03 2.797039908725655550e+03 1.849624056695686469e-01 8.751059695574072975e+03 6.830678869096965740e-26 4.884843122217931347e-26 2.394279929096506798e-26 2.646108599128093042e-01 5.302644757806830720e-26 1.000000000000000000e+00 0.000000000000000000e+00 0.000000000000000000e+00 0.000000000000000000e+00 1.000000000000000000e+00 1.000000000000000000e+10 0.000000000000000000e+00 0.000000000000000000e+00 0.000000000000000000e+00 1.000000000000000000e+10
5.763587575980636674e-02 7.572205077290289410e+03 3.529327342647611658e+03 2.225893471682526979e+03 1.718162298326255111e-01 6.883698185531442505e+03 5.451134072988962138e-26 4.269287535947238584e-26 1.977690051748856428e-26 2.585976443914733691e-01 4.456315317880595605e-26 1.000000000000000000e+00 0.000000000000000000e+00 0.000000000000000000e+00 0.000000000000000000e+00 1.000000000000000000e+00 1.000000000000000000e+10 0.000000000000000000e+00 0.000000000000000000e+00 0.000000000000000000e+00 1.000000000000000000e+10
6.647082924635627776e-02 5.929636382484109163e+03 2.179237392592592187e+03 1.711027808713045943e+03 1.687176281336588979e-01 5.472670066570234667e+03 4.323916687634147935e-26 3.427353734349871423e-26 1.597582167716086145e-26 2.684805226006028445e-01 3.500218309618643048e-26 1.000000000000000000e+00 0.000000000000000000e+00 0.000000000000000000e+00 0.000000000000000000e+00 1.000000000000000000e+00 1.000000000000000000e+10 0.000000000000000000e+00 0.000000000000000000e+00 0.000000000000000000e+00 1.000000000000000000e+10
7.666008510240249207e-02 4.697387007393144813e+03 1.811467560930550462e+03 1.620347691109863717e+03 1.693987581185833202e-01 4.544915426161172036e+03 3.346591158770435151e-26 2.733366950702774423e-26 1.232066647414558426e-26 2.754120695726823831e-01 2.647159897199296761e-26 1.000000000000000000e+00 0.000000000000000000e+00 0.000000000000000000e+00 0.000000000000000000e+00 1.000000000000000000e+00 1.000000000000000000e+10 0.000000000000000000e+00 0.000000000000000000e+00 0.000000000000000000e+00 1.000000000000000000e+10
8.841124316543315376e-02 3.800594513310765251e+03 1.532650089899801969e+03 1.131321846740143883e+03 1.769028268180708185e-01 3.497896929431224635e+03 2.549102974370903127e-26 2.297962599005755353e-26 9.977182582985738127e-27 2.871390482515919773e-01 2.025190803187781640e-26 1.000000000000000000e+00 0.000000000000000000e+00 0.000000000000000000e+00 0.000000000000000000e+00 1.000000000000000000e+00 1.000000000000000000e+10 0.000000000000000000e+00 0.000000000000000000e+00 0.000000000000000000e+00 1.000000000000000000e+10
1.019637260722580097e-01 3.027813140656426185e+03 1.748127811631777604e+03 9.354814613129881309e+02 1.893447503144296551e-01 2.694746638340646768e+03 1.885999779573718910e-26 1.551226379094995056e-26 7.642479388566673115e-27 2.940381914294583066e-01 1.524246068734883743e-26 1.000000000000000000e+00 0.000000000000000000e+00 0.000000000000000000e+00 0.000000000000000000e+00 1.000000000000000000e+00 1.000000000000000000e+10 0.000000000000000000e+00 0.000000000000000000e+00 0.000000000000000000e+00 1.000000000000000000e+10
1.175936573483598035e-01 2.267287481195041437e+03 1.244827948290747827e+03 6.839939341350846007e+02 1.807483200834609227e-01 2.043385044285600088e+03 1.356331058403957760e-26 1.171012865840833337e-26 5.949217978253593213e-27 3.004283999530794058e-01 1.102644761312531238e-26 1.000000000000000000e+00 0.000000000000000000e+00 0.000000000000000000e+00 0.000000000000000000e+00 1.000000000000000000e+00 1.000000000000000000e+10 0.000000000000000000e+00 0.000000000000000000e+00 0.000000000000000000e+00 1.000000000000000000e+10
1.356194872553388164e-01 1.750207866343266232e+03 9.313253745839751900e+02 5.747527575431953437e+02 1.811048670387366000e-01 1.585367136303072130e+03 9.671325868283325636e-27 8.759000543481338404e-27 4.473226441275706581e-27 3.066916570570248912e-01 7.949676615645392103e-27 1.000000000000000000e+00 0.000000000000000000e+00 0.000000000000000000e+00 0.000000000000000000e+00 1.000000000000000000e+00 1.000000000000000000e+10 0.000000000000000000e+00 0.000000000000000000e+00 0.000000000000000000e+00 1.000000000000000000e+10
1.564084810196403053e-01 1.291216542674385664e+03 6.369443181718056621e+02 4.591189366349556167e+02 1.782110676986967401e-01 1.214416196438475254e+03 6.723558177873205815e-27 5.575719500292060967e-27 3.383579679974962347e-27 3.154838013766523841e-01 5.804057666662399247e-27 1.000000000000000000e+00 0.000000000000000000e+00 0.000000000000000000e+00 0.000000000000000000e+00 1.000000000000000000e+00 1.000000000000000000e+10 0.000000000000000000e+00 0.000000000000000000e+00 0.000000000000000000e+00 1.000000000000000000e+10
1.803842016362447453e-01 9.435611120730396806e+02 4.049926564204429269e+02 3.389452040820158345e+02 1.768140443777347914e-01 8.860029326107974157e+02 4.637132942680281009e-27 3.823570414768002725e-27 2.164712153331347956e-27 3.273849335618999046e-01 3.737660143942955203e-27 1.000000000000000000e+00 0.000000000000000000e+00 0.000000000000000000e+00 0.000000000000000000e+00 1.000000000000000000e+00 1.000000000000000000e+10 0.000000000000000000e+00 0.000000000000000000e+00 0.000000000000000000e+00 1.000000000000000000e+10
2.080351397048574025e-01 6.851346961051971221e+02 3.365886557496503428e+02 2.193414028417151371e+02 1.740486364970129096e-01 6.338234296758962500e+02 3.255644923086943001e-27 2.829910716405929848e-27 1.303145442094185434e-27 3.485961399900402991e-01 2.341478676795262366e-27 1.000000000000000000e+00 0.000000000000000000e+00 0.000000000000000000e+00 0.000000000000000000e+00 1.000000000000000000e+00 1.000000000000000000e+10 0.000000000000000000e+00 0.000000000000000000e+00 0.000000000000000000e+00 1.000000000000000000e+10
2.399246661262133540e-01 5.064518142448497429e+02 2.604194244832306140e+02 1.471420452371925194e+02 1.825694982185424586e-01 4.526901578495053400e+02 2.366536032036382590e-27 1.980599923660243591e-27 8.921232222211276248e-28 3.813494472495809751e-01 1.528925044924879330e-27 1.000000000000000000e+00 0.000000000000000000e+00 0.000000000000000000e+00 0.000000000000000000e+00 1.000000000000000000e+00 1.000000000000000000e+10 0.000000000000000000e+00 0.000000000000000000e+00 0.000000000000000000e+00 1.000000000000000000e+10
2.767025104385807399e-01 3.797773429219896570e+02 2.535282458097606764e+02 9.707956580684751202e+01 1.989622290245179614e-01 3.230253678107434894e+02 1.801917631982316720e-27 1.457120282196894067e-27 5.667807272030227261e-28 4.179480104575308275e-01 9.544544244956844421e-28 1.000000000000000000e+00 0.000000000000000000e+00 0.000000000000000000e+00 0.000000000000000000e+00 1.000000000000000000e+00 1.000000000000000000e+10 0.000000000000000000e+00 0.000000000000000000e+00 0.000000000000000000e+00 1.000000000000000000e+10
3.191179986585286343e-01 2.755225148243217177e+02 1.626817598592633658e+02 8.315537369047672200e+01 2.025411271266946145e-01 2.378116750759878073e+02 1.394936653367259119e-27 9.842022928716963267e-28 3.814821505517982890e-28 4.529895261529877648e-01 6.126620150288528200e-28 1.000000000000000000e+00 0.000000000000000000e+00 0.000000000000000000e+00 0.000000000000000000e+00 1.000000000000000000e+00 1.000000000000000000e+10 0.000000000000000000e+00 0.000000000000000000e+00 0.000000000000000000e+00 1.000000000000000000e+10
3.680353203388414540e-01 2.054478466400514378e+02 1.117667297356236986e+02 5.530600509235060258e+01 2.085723653908277964e-01 1.700911262345527462e+02 1.150979619183634940e-27 8.831842597359244530e-28 2.626014639821517047e-28 4.850169391087138515e-01 4.266575457560776366e-28 1.000000000000000000e+00 0.000000000000000000e+00 0.000000000000000000e+00 0.000000000000000000e+00 1.000000000000000000e+00 1.000000000000000000e+10 0.000000000000000000e+00 0.000000000000000000e+00 0.000000000000000000e+00 1.000000000000000000e+10
4.244511359005219142e-01 1.590384243942909848e+02 9.355478968160066700e+01 4.343067102350208586e+01 2.239699850176947449e-01 1.256971745736895087e+02 9.976187185994712795e-28 6.595552706116989871e-28 1.890843669580401373e-28 5.216473625977307016e-01 2.914145195221428184e-28 1.000000000000000000e+00 0.000000000000000000e+00 0.000000000000000000e+00 0.000000000000000000e+00 1.000000000000000000e+00 1.000000000000000000e+10 0.000000000000000000e+00 0.000000000000000000e+00 0.000000000000000000e+00 1.000000000000000000e+10
4.895148829774688681e-01 1.237869044674401806e+02 6.873180205600907300e+01 3.349766667831183042e+01 2.384438937440384876e-01 9.527697938526928567e+01 9.137187588196398567e-28 6.177163063599941963e-28 1.178147277370225384e-28 5.676278666982869092e-01 1.906544027769182425e-28 1.000000000000000000e+00 0.000000000000000000e+00 0.000000000000000000e+00 0.000000000000000000e+00 1.000000000000000000e+00 1.000000000000000000e+10 0.000000000000000000e+00 0.000000000000000000e+00 0.000000000000000000e+00 1.000000000000000000e+10
5.645521955031491679e-01 1.031588864312097513e+02 6.935308595397350473e+01 2.912975590692133210e+01 2.628532474248824191e-01 7.611656337062498778e+01 9.397253744644188266e-28 5.995440425853014159e-28 8.007030831627581477e-29 6.407586996302722104e-01 1.303877522661952905e-28 1.000000000000000000e+00 0.000000000000000000e+00 0.000000000000000000e+00 0.000000000000000000e+00 1.000000000000000000e+00 1.000000000000000000e+10 0.000000000000000000e+00 0.000000000000000000e+00 0.000000000000000000e+00 1.000000000000000000e+10
6.510919126887823039e-01 9.424688712411905556e+01 8.446441153874945940e+01 2.407577985103105789e+01 3.040226491732979097e-01 6.029006073856360359e+01 9.959554383402910623e-28 6.632651171582426947e-28 5.892907937172792439e-29 7.320868240280674621e-01 9.115029394852046839e-29 1.000000000000000000e+00 0.000000000000000000e+00 0.000000000000000000e+00 0.000000000000000000e+00 1.000000000000000000e+00 1.000000000000000000e+10 0.000000000000000000e+00 0.000000000000000000e+00 0.000000000000000000e+00 1.000000000000000000e+10
7.508972281844089602e-01 8.239665761517028386e+01 8.123121792792474594e+01 1.920174039716021142e+01 3.242782074507293277e-01 4.885230088333585741e+01 9.630966215767492778e-28 5.635598102521378408e-28 5.873792714072158678e-29 7.822177576881897965e-01 8.041821049862671887e-29 1.000000000000000000e+00 0.000000000000000000e+00 0.000000000000000000e+00 0.000000000000000000e+00 1.000000000000000000e+00 1.000000000000000000e+10 0.000000000000000000e+00 0.000000000000000000e+00 0.000000000000000000e+00 1.000000000000000000e+10
8.660016140678794550e-01 6.882858727737283289e+01 5.782138882917821832e+01 1.831783268083871263e+01 3.112304080226942493e-01 4.424034947198266821e+01 9.738442821648132302e-28 4.492670133813999432e-28 4.540040946130714103e-29 7.997061634977821187e-01 6.349415865707889427e-29 1.000000000000000000e+00 0.000000000000000000e+00 0.000000000000000000e+00 0.000000000000000000e+00 1.000000000000000000e+00 1.000000000000000000e+10 0.000000000000000000e+00 0.000000000000000000e+00 0.000000000000000000e+00 1.000000000000000000e+10
9.987502515910116063e-01 5.926579940056446105e+01 4.947742277033173508e+01 1.601048127203597105e+01 3.037411550199919930e-01 3.874189132610262476e+01 1.233122252932374354e-27 4.748962316694340570e-28 4.299700681183738231e-29 8.204205117490876997e-01 5.508490379710414264e-29 1.000000000000000000e+00 0.000000000000000000e+00 0.000000000000000000e+00 0.000000000000000000e+00 1.000000000000000000e+00 1.000000000000000000e+10 0.000000000000000000e+00 0.000000000000000000e+00 0.000000000000000000e+00 1.000000000000000000e+10
1.151847812808953542e+00 5.489781284530976535e+01 4.034973735680249973e+01 1.632584761912514537e+01 3.139853063890029050e-01 3.622843850696805390e+01 1.686036336655832235e-27 4.632087004343378689e-28 4.715181159216019296e-29 8.498977208083430268e-01 5.765372496040972206e-29 1.000000000000000000e+00 0.000000000000000000e+00 0.000000000000000000e+00 0.000000000000000000e+00 1.000000000000000000e+00 1.000000000000000000e+10 0.000000000000000000e+00 0.000000000000000000e+00 0.000000000000000000e+00 1.000000000000000000e+10
1.328413566614123908e+00 5.203127298508555043e+01 3.900727455079451289e+01 1.446794601734391605e+01 3.137482978842596748e-01 3.278474410976811981e+01 2.053883451226806933e-27 4.188004036869672688e-28 4.177738498995583891e-29 8.467009836068636330e-01 5.230375956628936704e-29 1.000000000000000000e+00 0.000000000000000000e+00 0.000000000000000000e+00 0.000000000000000000e+00 1.000000000000000000e+00 1.000000000000000000e+10 0.000000000000000000e+00 0.000000000000000000e+00 0.000000000000000000e+00 1.000000000000000000e+10
1.532044931926391351e+00 4.786136832764906046e+01 4.506456331567360962e+01 1.263880645288040938e+01 3.092032294669206371e-01 3.008295474361033328e+01 1.778887863041061097e-27 4.465496904752774711e-28 4.567079472003918097e-29 8.276286378824498913e-01 5.630145229683086111e-29 1.000000000000000000e+00 0.000000000000000000e+00 0.000000000000000000e+00 0.000000000000000000e+00 1.000000000000000000e+00 1.000000000000000000e+10 0.000000000000000000e+00 0.000000000000000000e+00 0.000000000000000000e+00 1.000000000000000000e+10
1.766890772896739126e+00 4.004052028723208423e+01 2.348893261007715694e+01 1.305543716008358857e+01 2.778047123143647656e-01 2.909543832825833931e+01 1.070611402711392246e-27 3.101247367636334911e-28 4.982823224482995982e-29 7.665483440781970526e-01 6.190930292239233544e-29 1.000000000000000000e+00 0.000000000000000000e+00 0.000000000000000000e+00 0.000000000000000000e+00 1.000000000000000000e+00 1.000000000000000000e+10 0.000000000000000000e+00 0.000000000000000000e+00 0.000000000000000000e+00 1.000000000000000000e+10
2.037735929469222107e+00 3.363139373709699953e+01 2.229361619345326773e+01 1.061397748118949380e+01 2.494419092942890825e-01 2.675686420460918669e+01 4.684753692291736900e-28 2.348998581534519042e-28 3.864420956353559016e-29 7.072083058616045470e-01 5.224953070995700410e-29 1.000000000000000000e+00 0.000000000000000000e+00 0.000000000000000000e+00 0.000000000000000000e+00 1.000000000000000000e+00 1.000000000000000000e+10 0.000000000000000000e+00 0.000000000000000000e+00 0.000000000000000000e+00 1.000000000000000000e+10
2.350098705559579226e+00 3.146537959505562299e+01 2.729144459390648336e+01 7.328042671784128714e+00 2.431266130271309001e-01 2.334211547383210217e+01 3.274815197868721341e-28 2.287857839331182770e-28 4.974668681173837547e-29 6.862941089614348344e-01 6.450511658763665779e-29 1.000000000000000000e+00 0.000000000000000000e+00 0.000000000000000000e+00 0.000000000000000000e+00 1.000000000000000000e+00 1.000000000000000000e+10 0.000000000000000000e+00 0.000000000000000000e+00 0.000000000000000000e+00 1.000000000000000000e+10
