# R (Mpc), mean rho (Msol/kpc^3), errup (Msol/kpc^3), errlow, std, median rho (Msol/kpc^3), mean pth (Msol/kpc/s^2), errup(Msol/kpc/s^2), errlow, std, median pth (Msol/kpc/s^2), mean gas-mass-weighted metal (fraction), errup, errlow, std, median metal, mean gas-mass-weighted temp (K), errup, errlow, std, median temp  
#  nprofs 191, mean mh 209732832173.684875, median mh 198338678707.008545 
#  Mass range 11.00 - 11.5
1.040961082911032697e-02 2.960296318703139550e+05 2.267182360758716823e+05 1.157337662792517513e+05 2.907475605830763254e-01 2.426747229317768360e+05 9.765224717047457877e-26 1.616060779200034642e-25 2.366131489165647131e-26 4.466285382665172166e-01 4.501501138611955694e-26 1.000000000000000000e+00 0.000000000000000000e+00 0.000000000000000000e+00 0.000000000000000000e+00 1.000000000000000000e+00 1.000000000000000000e+10 0.000000000000000000e+00 0.000000000000000000e+00 0.000000000000000000e+00 1.000000000000000000e+10
1.200529105910367808e-02 2.281687906404571258e+05 1.737565764839724579e+05 1.008599374914335785e+05 2.890672944324534366e-01 1.920235994199070556e+05 1.078202698632409511e-25 1.910295155811606531e-25 2.276902780258585559e-26 4.683214783305514883e-01 4.345793379876206766e-26 1.000000000000000000e+00 0.000000000000000000e+00 0.000000000000000000e+00 0.000000000000000000e+00 1.000000000000000000e+00 1.000000000000000000e+10 0.000000000000000000e+00 0.000000000000000000e+00 0.000000000000000000e+00 1.000000000000000000e+10
1.384557172980430476e-02 1.650130972102747764e+05 1.101081074177226692e+05 7.413678787573863519e+04 2.866030159946008071e-01 1.443104607979453867e+05 8.682361197329894277e-26 9.769807858723109144e-26 3.994818876203689050e-26 3.924970983722578244e-01 6.090093967470973156e-26 1.000000000000000000e+00 0.000000000000000000e+00 0.000000000000000000e+00 0.000000000000000000e+00 1.000000000000000000e+00 1.000000000000000000e+10 0.000000000000000000e+00 0.000000000000000000e+00 0.000000000000000000e+00 1.000000000000000000e+10
1.596794743096121086e-02 1.185803709534893424e+05 8.801509413620758278e+04 6.034096331392059801e+04 3.133278156557836036e-01 1.023380297717193171e+05 7.576002391406418087e-26 7.143653866589251003e-26 3.590041483702763183e-26 3.828179269356311032e-01 5.587734005682625415e-26 1.000000000000000000e+00 0.000000000000000000e+00 0.000000000000000000e+00 0.000000000000000000e+00 1.000000000000000000e+00 1.000000000000000000e+10 0.000000000000000000e+00 0.000000000000000000e+00 0.000000000000000000e+00 1.000000000000000000e+10
1.841566026551830909e-02 8.238322645560227102e+04 6.015128429871168919e+04 3.163628501028052415e+04 2.748983092944324857e-01 6.774994289718933578e+04 6.547659103688964634e-26 7.220308343276220079e-26 2.668965199187653357e-26 3.490969934537450081e-01 4.827157073278779047e-26 1.000000000000000000e+00 0.000000000000000000e+00 0.000000000000000000e+00 0.000000000000000000e+00 1.000000000000000000e+00 1.000000000000000000e+10 0.000000000000000000e+00 0.000000000000000000e+00 0.000000000000000000e+00 1.000000000000000000e+10
2.123858088093512342e-02 5.543479559378726117e+04 4.191054962495791551e+04 2.167687864258634363e+04 2.814539033106278065e-01 4.649761397659496288e+04 5.448173306701453141e-26 4.558422240875507037e-26 2.250888683521865832e-26 3.140411705577612622e-01 4.405498358881381800e-26 1.000000000000000000e+00 0.000000000000000000e+00 0.000000000000000000e+00 0.000000000000000000e+00 1.000000000000000000e+00 1.000000000000000000e+10 0.000000000000000000e+00 0.000000000000000000e+00 0.000000000000000000e+00 1.000000000000000000e+10
2.449422455303571639e-02 3.647673122959976172e+04 2.826983065590976548e+04 1.379697743938291751e+04 2.742925175987496189e-01 3.121536339570740165e+04 4.490090113129023980e-26 3.947101756406182479e-26 1.449407663111468817e-26 2.863566791806095302e-01 3.413445708352658122e-26 1.000000000000000000e+00 0.000000000000000000e+00 0.000000000000000000e+00 0.000000000000000000e+00 1.000000000000000000e+00 1.000000000000000000e+10 0.000000000000000000e+00 0.000000000000000000e+00 0.000000000000000000e+00 1.000000000000000000e+10
2.824892302447100725e-02 2.322111717499949737e+04 1.799636178025771369e+04 7.973779954834777527e+03 2.521659717119779653e-01 1.932187692532945221e+04 3.431285567379395609e-26 2.446225408529619100e-26 1.178900182309517255e-26 2.528589866295620214e-01 2.826994793532841366e-26 1.000000000000000000e+00 0.000000000000000000e+00 0.000000000000000000e+00 0.000000000000000000e+00 1.000000000000000000e+00 1.000000000000000000e+10 0.000000000000000000e+00 0.000000000000000000e+00 0.000000000000000000e+00 1.000000000000000000e+10
3.257917597328415654e-02 1.547314381728804619e+04 1.114397701788633640e+04 5.301784934810822961e+03 2.532585064460344815e-01 1.280951343608731258e+04 2.842832745583142031e-26 2.131118197180152696e-26 1.143532479088818474e-26 2.631998488192299201e-01 2.445443285709425897e-26 1.000000000000000000e+00 0.000000000000000000e+00 0.000000000000000000e+00 0.000000000000000000e+00 1.000000000000000000e+00 1.000000000000000000e+10 0.000000000000000000e+00 0.000000000000000000e+00 0.000000000000000000e+00 1.000000000000000000e+10
3.757320964692217186e-02 1.023393878912410401e+04 6.724862329510229756e+03 2.924064665510507439e+03 2.200850484143623831e-01 8.378171966344989414e+03 2.240176863301813324e-26 1.521117005208629805e-26 7.151252373205298482e-27 2.358467147914933282e-01 1.891878227126120345e-26 1.000000000000000000e+00 0.000000000000000000e+00 0.000000000000000000e+00 0.000000000000000000e+00 1.000000000000000000e+00 1.000000000000000000e+10 0.000000000000000000e+00 0.000000000000000000e+00 0.000000000000000000e+00 1.000000000000000000e+10
4.333277441790538143e-02 6.995087236558792029e+03 3.068643185492767770e+03 2.415615685807302270e+03 2.038010752178880669e-01 6.411605695628398280e+03 1.876112443911697776e-26 1.168386472393118919e-26 6.060176762600882929e-27 2.302044645811303913e-01 1.607298694968767569e-26 1.000000000000000000e+00 0.000000000000000000e+00 0.000000000000000000e+00 0.000000000000000000e+00 1.000000000000000000e+00 1.000000000000000000e+10 0.000000000000000000e+00 0.000000000000000000e+00 0.000000000000000000e+00 1.000000000000000000e+10
4.997521788524898756e-02 5.067133786378270997e+03 2.270438636599509664e+03 1.883234136725007829e+03 1.871615319369198949e-01 4.793540168393212298e+03 1.482962658759525965e-26 8.752524513703229118e-27 4.942012475372223470e-27 2.139427620265489383e-01 1.294351349038568932e-26 1.000000000000000000e+00 0.000000000000000000e+00 0.000000000000000000e+00 0.000000000000000000e+00 1.000000000000000000e+00 1.000000000000000000e+10 0.000000000000000000e+00 0.000000000000000000e+00 0.000000000000000000e+00 1.000000000000000000e+10
5.763587575980636674e-02 3.801447766088414483e+03 1.397206441544054996e+03 1.281745572621218798e+03 1.682547741641430561e-01 3.600976981704484842e+03 1.199656281677331643e-26 6.956129418564003484e-27 3.997694444450766771e-27 2.179303974457214021e-01 1.038513442188886406e-26 1.000000000000000000e+00 0.000000000000000000e+00 0.000000000000000000e+00 0.000000000000000000e+00 1.000000000000000000e+00 1.000000000000000000e+10 0.000000000000000000e+00 0.000000000000000000e+00 0.000000000000000000e+00 1.000000000000000000e+10
6.647082924635627776e-02 2.893792661793184379e+03 1.269389779829169584e+03 6.538337535836099050e+02 1.586243224732823975e-01 2.607564257227978942e+03 9.272812927493004168e-27 5.647651068942994057e-27 3.135808860669276871e-27 2.154266838315442578e-01 8.050877788254588619e-27 1.000000000000000000e+00 0.000000000000000000e+00 0.000000000000000000e+00 0.000000000000000000e+00 1.000000000000000000e+00 1.000000000000000000e+10 0.000000000000000000e+00 0.000000000000000000e+00 0.000000000000000000e+00 1.000000000000000000e+10
7.666008510240249207e-02 2.282886517461377935e+03 8.016686065985345522e+02 6.689246534108206106e+02 1.513125215037813831e-01 2.176265873085206294e+03 7.257631936114135074e-27 4.596760009528912997e-27 2.646545285155377337e-27 2.228907918937538812e-01 6.394481926406404023e-27 1.000000000000000000e+00 0.000000000000000000e+00 0.000000000000000000e+00 0.000000000000000000e+00 1.000000000000000000e+00 1.000000000000000000e+10 0.000000000000000000e+00 0.000000000000000000e+00 0.000000000000000000e+00 1.000000000000000000e+10
8.841124316543315376e-02 1.747480874302410939e+03 6.288983050843437468e+02 5.556718650335303664e+02 1.536145782119954506e-01 1.680185477144060997e+03 5.412540167172026039e-27 3.758236486320099192e-27 2.040127150094321854e-27 2.291907490237813927e-01 4.762739523765927035e-27 1.000000000000000000e+00 0.000000000000000000e+00 0.000000000000000000e+00 0.000000000000000000e+00 1.000000000000000000e+00 1.000000000000000000e+10 0.000000000000000000e+00 0.000000000000000000e+00 0.000000000000000000e+00 1.000000000000000000e+10
1.019637260722580097e-01 1.311992844283934801e+03 4.672692908941071437e+02 3.706499348051574998e+02 1.497346254354611772e-01 1.246403667494114870e+03 3.943175514745428097e-27 1.985822393130052061e-27 1.560045127018363772e-27 2.336580081783423968e-01 3.505401197080114229e-27 1.000000000000000000e+00 0.000000000000000000e+00 0.000000000000000000e+00 0.000000000000000000e+00 1.000000000000000000e+00 1.000000000000000000e+10 0.000000000000000000e+00 0.000000000000000000e+00 0.000000000000000000e+00 1.000000000000000000e+10
1.175936573483598035e-01 1.002905191703805713e+03 3.656686595493366667e+02 2.998281505907654036e+02 1.545376235988514813e-01 9.523958284904302900e+02 2.926493404906910182e-27 1.962442068253459035e-27 1.058179179316556112e-27 2.522773016848108840e-01 2.423308982595755506e-27 1.000000000000000000e+00 0.000000000000000000e+00 0.000000000000000000e+00 0.000000000000000000e+00 1.000000000000000000e+00 1.000000000000000000e+10 0.000000000000000000e+00 0.000000000000000000e+00 0.000000000000000000e+00 1.000000000000000000e+10
1.356194872553388164e-01 7.477969816303605057e+02 3.041838903756311083e+02 1.628228154913110757e+02 1.528407378701262531e-01 6.865010847937451217e+02 2.126288781559619610e-27 1.378144507673800679e-27 6.521583744787076633e-28 2.721257879119833301e-01 1.614521962328154721e-27 1.000000000000000000e+00 0.000000000000000000e+00 0.000000000000000000e+00 0.000000000000000000e+00 1.000000000000000000e+00 1.000000000000000000e+10 0.000000000000000000e+00 0.000000000000000000e+00 0.000000000000000000e+00 1.000000000000000000e+10
1.564084810196403053e-01 5.610729547124958572e+02 2.589790713702089420e+02 1.239727245087383380e+02 1.511762408798431878e-01 5.036554208197553066e+02 1.600957207800442179e-27 1.140703042455428559e-27 4.277034105342171029e-28 3.035286779394353873e-01 1.094438366007354158e-27 1.000000000000000000e+00 0.000000000000000000e+00 0.000000000000000000e+00 0.000000000000000000e+00 1.000000000000000000e+00 1.000000000000000000e+10 0.000000000000000000e+00 0.000000000000000000e+00 0.000000000000000000e+00 1.000000000000000000e+10
1.803842016362447453e-01 4.216235458262851807e+02 1.857912393702919758e+02 1.020303714576550647e+02 1.539188260849820855e-01 3.842990461168109846e+02 1.195478412539341166e-27 9.095941219091147032e-28 3.242829744711633178e-28 3.363825859798125761e-01 7.289132979280262945e-28 1.000000000000000000e+00 0.000000000000000000e+00 0.000000000000000000e+00 0.000000000000000000e+00 1.000000000000000000e+00 1.000000000000000000e+10 0.000000000000000000e+00 0.000000000000000000e+00 0.000000000000000000e+00 1.000000000000000000e+10
2.080351397048574025e-01 3.228593259397521820e+02 1.489942904279834579e+02 8.076116385886624016e+01 1.683573737447530694e-01 2.856533478152398402e+02 9.046677789192220312e-28 8.070002917210910761e-28 2.359165991389569973e-28 3.715252240407777018e-01 4.928787156423733579e-28 1.000000000000000000e+00 0.000000000000000000e+00 0.000000000000000000e+00 0.000000000000000000e+00 1.000000000000000000e+00 1.000000000000000000e+10 0.000000000000000000e+00 0.000000000000000000e+00 0.000000000000000000e+00 1.000000000000000000e+10
2.399246661262133540e-01 2.496731676812835872e+02 1.301609801598969796e+02 5.878753911346342420e+01 1.825612358660142209e-01 2.121032092341959867e+02 7.228394925739034776e-28 6.393731970328042751e-28 1.568157524350750143e-28 4.145912601581995260e-01 3.364225621519035394e-28 1.000000000000000000e+00 0.000000000000000000e+00 0.000000000000000000e+00 0.000000000000000000e+00 1.000000000000000000e+00 1.000000000000000000e+10 0.000000000000000000e+00 0.000000000000000000e+00 0.000000000000000000e+00 1.000000000000000000e+10
2.767025104385807399e-01 1.970839446313015344e+02 9.683077917862482309e+01 4.852501839391067051e+01 1.979694696789837671e-01 1.618843038240589181e+02 5.956322499474099298e-28 6.459396582834796384e-28 1.298028782449633497e-28 4.581757839772082619e-01 2.470591670814819239e-28 1.000000000000000000e+00 0.000000000000000000e+00 0.000000000000000000e+00 0.000000000000000000e+00 1.000000000000000000e+00 1.000000000000000000e+10 0.000000000000000000e+00 0.000000000000000000e+00 0.000000000000000000e+00 1.000000000000000000e+10
3.191179986585286343e-01 1.584369962313575968e+02 1.008791976314181937e+02 4.002830536533006978e+01 2.069992969829927698e-01 1.260723464593677789e+02 5.215173923440367180e-28 6.064518659640030476e-28 1.096827440725023972e-28 4.993608400597043251e-01 1.890300577632923402e-28 1.000000000000000000e+00 0.000000000000000000e+00 0.000000000000000000e+00 0.000000000000000000e+00 1.000000000000000000e+00 1.000000000000000000e+10 0.000000000000000000e+00 0.000000000000000000e+00 0.000000000000000000e+00 1.000000000000000000e+10
3.680353203388414540e-01 1.332408350984105709e+02 7.865941700864917152e+01 3.505520860009424666e+01 2.311700691099061733e-01 1.022924180615618752e+02 4.742619581728439974e-28 5.385376765480347625e-28 9.394373767235194249e-29 5.488987838549375109e-01 1.484080781370230128e-28 1.000000000000000000e+00 0.000000000000000000e+00 0.000000000000000000e+00 0.000000000000000000e+00 1.000000000000000000e+00 1.000000000000000000e+10 0.000000000000000000e+00 0.000000000000000000e+00 0.000000000000000000e+00 1.000000000000000000e+10
4.244511359005219142e-01 1.149231392204339386e+02 7.931301618487862015e+01 2.631945607401333831e+01 2.560646209755058633e-01 8.110559706559601523e+01 4.458917009777833320e-28 4.690884237510900611e-28 7.152822477542241136e-29 5.964697580025799528e-01 1.094115081715575244e-28 1.000000000000000000e+00 0.000000000000000000e+00 0.000000000000000000e+00 0.000000000000000000e+00 1.000000000000000000e+00 1.000000000000000000e+10 0.000000000000000000e+00 0.000000000000000000e+00 0.000000000000000000e+00 1.000000000000000000e+10
4.895148829774688681e-01 9.065778073109903801e+01 6.797806787383261451e+01 2.465228924529975529e+01 2.567171770523322683e-01 6.673512253533898786e+01 4.382131585377259175e-28 3.558045783599902309e-28 5.424137270872277927e-29 6.469454723202902047e-01 8.009019898410020105e-29 1.000000000000000000e+00 0.000000000000000000e+00 0.000000000000000000e+00 0.000000000000000000e+00 1.000000000000000000e+00 1.000000000000000000e+10 0.000000000000000000e+00 0.000000000000000000e+00 0.000000000000000000e+00 1.000000000000000000e+10
5.645521955031491679e-01 8.244454246213742010e+01 5.652887607785351065e+01 2.069926983986199787e+01 2.869363856060742624e-01 5.510932601638859296e+01 4.553886926123272153e-28 3.267522974208425225e-28 5.353222822121370264e-29 7.030560407941094381e-01 7.260942302883456360e-29 1.000000000000000000e+00 0.000000000000000000e+00 0.000000000000000000e+00 0.000000000000000000e+00 1.000000000000000000e+00 1.000000000000000000e+10 0.000000000000000000e+00 0.000000000000000000e+00 0.000000000000000000e+00 1.000000000000000000e+10
6.510919126887823039e-01 6.691692676193285649e+01 5.216932714456172704e+01 1.765393143642737428e+01 2.937058323287697337e-01 4.522633370211239168e+01 4.027792656895643349e-28 4.004409204661348995e-28 4.507441469816004408e-29 7.522955838110766402e-01 5.985618206637167841e-29 1.000000000000000000e+00 0.000000000000000000e+00 0.000000000000000000e+00 0.000000000000000000e+00 1.000000000000000000e+00 1.000000000000000000e+10 0.000000000000000000e+00 0.000000000000000000e+00 0.000000000000000000e+00 1.000000000000000000e+10
7.508972281844089602e-01 5.882337046628882149e+01 5.308363285719801183e+01 1.572689755167700909e+01 2.989358129377653883e-01 3.913545682820043226e+01 4.218337738384610029e-28 4.223806032933303181e-28 4.327683911393310125e-29 8.000655438974815237e-01 5.514641094652627842e-29 1.000000000000000000e+00 0.000000000000000000e+00 0.000000000000000000e+00 0.000000000000000000e+00 1.000000000000000000e+00 1.000000000000000000e+10 0.000000000000000000e+00 0.000000000000000000e+00 0.000000000000000000e+00 1.000000000000000000e+10
8.660016140678794550e-01 5.659538889820399987e+01 6.384838818083824208e+01 1.360766680491421710e+01 3.272153141483960526e-01 3.481495655678821777e+01 4.111918406129708964e-28 5.190916287150639803e-28 4.259353908406817884e-29 8.467822048567263948e-01 5.155472108620601450e-29 1.000000000000000000e+00 0.000000000000000000e+00 0.000000000000000000e+00 0.000000000000000000e+00 1.000000000000000000e+00 1.000000000000000000e+10 0.000000000000000000e+00 0.000000000000000000e+00 0.000000000000000000e+00 1.000000000000000000e+10
9.987502515910116063e-01 4.973695584115215951e+01 5.020757817929852251e+01 1.647971758585378055e+01 3.216614043197147388e-01 3.395173395984680553e+01 3.896683651605492393e-28 4.546875744106399368e-28 4.838458407323943095e-29 8.650561240437892874e-01 5.605165636206517918e-29 1.000000000000000000e+00 0.000000000000000000e+00 0.000000000000000000e+00 0.000000000000000000e+00 1.000000000000000000e+00 1.000000000000000000e+10 0.000000000000000000e+00 0.000000000000000000e+00 0.000000000000000000e+00 1.000000000000000000e+10
1.151847812808953542e+00 4.506453510660084305e+01 4.614850206608177530e+01 1.385978016971013460e+01 3.205367115829525493e-01 3.042161392987181046e+01 4.205446007471015141e-28 4.650888927161518735e-28 4.263567920996063308e-29 8.752561741541516893e-01 4.960340425606819382e-29 1.000000000000000000e+00 0.000000000000000000e+00 0.000000000000000000e+00 0.000000000000000000e+00 1.000000000000000000e+00 1.000000000000000000e+10 0.000000000000000000e+00 0.000000000000000000e+00 0.000000000000000000e+00 1.000000000000000000e+10
1.328413566614123908e+00 4.073233288038509414e+01 3.477104692256052942e+01 1.395697266770512890e+01 3.047301760419701688e-01 2.950164407295599744e+01 4.729113993482059544e-28 4.032952149732451387e-28 3.573037942104581073e-29 8.622849994323636968e-01 4.381728926163212299e-29 1.000000000000000000e+00 0.000000000000000000e+00 0.000000000000000000e+00 0.000000000000000000e+00 1.000000000000000000e+00 1.000000000000000000e+10 0.000000000000000000e+00 0.000000000000000000e+00 0.000000000000000000e+00 1.000000000000000000e+10
1.532044931926391351e+00 3.928543590494813742e+01 3.111683415953273979e+01 1.361417285165097546e+01 3.056680903920634407e-01 2.834149319048276894e+01 6.657751213727485912e-28 4.356660999056062793e-28 3.901224754056895568e-29 8.688812142227172464e-01 4.555020243868711788e-29 1.000000000000000000e+00 0.000000000000000000e+00 0.000000000000000000e+00 0.000000000000000000e+00 1.000000000000000000e+00 1.000000000000000000e+10 0.000000000000000000e+00 0.000000000000000000e+00 0.000000000000000000e+00 1.000000000000000000e+10
1.766890772896739126e+00 3.715180966434576249e+01 2.705240423078185330e+01 1.154894130198392510e+01 2.954792347603085179e-01 2.590025418721653949e+01 1.072451478632534279e-27 3.505846841913949594e-28 5.120710200411933009e-29 8.539473413976553795e-01 5.877055264534083103e-29 1.000000000000000000e+00 0.000000000000000000e+00 0.000000000000000000e+00 0.000000000000000000e+00 1.000000000000000000e+00 1.000000000000000000e+10 0.000000000000000000e+00 0.000000000000000000e+00 0.000000000000000000e+00 1.000000000000000000e+10
2.037735929469222107e+00 3.669734468475845546e+01 2.307666097675948080e+01 1.265704167386297385e+01 2.982113187328440107e-01 2.624958163217780438e+01 1.389616102599535272e-27 2.383427397816616149e-28 6.476342218271674051e-29 8.527299894614913667e-01 7.183833688435599182e-29 1.000000000000000000e+00 0.000000000000000000e+00 0.000000000000000000e+00 0.000000000000000000e+00 1.000000000000000000e+00 1.000000000000000000e+10 0.000000000000000000e+00 0.000000000000000000e+00 0.000000000000000000e+00 1.000000000000000000e+10
2.350098705559579226e+00 3.221646316784558906e+01 2.146327433399140006e+01 1.140457832915612713e+01 2.807905170962000652e-01 2.471069443968838897e+01 9.129549025882382983e-28 2.564215228059179319e-28 7.228997740336521220e-29 8.575593714212760288e-01 8.011539485365954081e-29 1.000000000000000000e+00 0.000000000000000000e+00 0.000000000000000000e+00 0.000000000000000000e+00 1.000000000000000000e+00 1.000000000000000000e+10 0.000000000000000000e+00 0.000000000000000000e+00 0.000000000000000000e+00 1.000000000000000000e+10
