# R (Mpc), mean rho (Msol/kpc^3), errup (Msol/kpc^3), errlow, std, median rho (Msol/kpc^3), mean pth (Msol/kpc/s^2), errup(Msol/kpc/s^2), errlow, std, median pth (Msol/kpc/s^2), mean gas-mass-weighted metal (fraction), errup, errlow, std, median metal, mean gas-mass-weighted temp (K), errup, errlow, std, median temp  
#  nprofs 174, mean mh 540180233184.656799, median mh 494114962904.521851 
#  Mass range 11.50 - 12.0
1.040961082911032697e-02 2.746900872525972663e+05 1.688518587093321839e+05 8.546929890066353255e+04 2.492460641131188093e-01 2.220816376091727288e+05 1.745983901709353498e-25 1.643784982182883385e-25 3.400161653225269425e-26 5.052521307657771299e-01 5.967529597335549751e-26 1.000000000000000000e+00 0.000000000000000000e+00 0.000000000000000000e+00 0.000000000000000000e+00 1.000000000000000000e+00 1.000000000000000000e+10 0.000000000000000000e+00 0.000000000000000000e+00 0.000000000000000000e+00 1.000000000000000000e+10
1.200529105910367808e-02 2.152910903252301505e+05 1.496974009546427405e+05 5.828521496613750060e+04 2.354268310120199992e-01 1.739228560918167350e+05 1.864101885011250111e-25 1.992129284846604428e-25 5.498875175638056218e-26 4.949040488839122065e-01 8.230531748070508177e-26 1.000000000000000000e+00 0.000000000000000000e+00 0.000000000000000000e+00 0.000000000000000000e+00 1.000000000000000000e+00 1.000000000000000000e+10 0.000000000000000000e+00 0.000000000000000000e+00 0.000000000000000000e+00 1.000000000000000000e+10
1.384557172980430476e-02 1.576709586875623791e+05 9.167451887632798753e+04 6.140264963766801520e+04 2.365832893201359199e-01 1.405658851949900272e+05 1.710754076668020355e-25 2.392144914733276302e-25 5.618199616785390710e-26 4.664564841993208422e-01 9.005714927271325028e-26 1.000000000000000000e+00 0.000000000000000000e+00 0.000000000000000000e+00 0.000000000000000000e+00 1.000000000000000000e+00 1.000000000000000000e+10 0.000000000000000000e+00 0.000000000000000000e+00 0.000000000000000000e+00 1.000000000000000000e+10
1.596794743096121086e-02 1.175154492599885125e+05 8.148158993000627379e+04 4.810811068799647182e+04 2.661047882691375821e-01 1.023047503686989949e+05 1.733413373567649701e-25 2.417116088163123692e-25 7.565662243534563258e-26 4.353052564582278738e-01 1.145299604429572225e-25 1.000000000000000000e+00 0.000000000000000000e+00 0.000000000000000000e+00 0.000000000000000000e+00 1.000000000000000000e+00 1.000000000000000000e+10 0.000000000000000000e+00 0.000000000000000000e+00 0.000000000000000000e+00 1.000000000000000000e+10
1.841566026551830909e-02 8.235768204517572303e+04 5.350088345954315446e+04 3.225723159032705007e+04 2.664322881509250673e-01 7.069677038397737488e+04 1.550531430649752234e-25 1.546440777682002023e-25 7.244276189368731758e-26 3.873873783680950034e-01 1.139999140650314471e-25 1.000000000000000000e+00 0.000000000000000000e+00 0.000000000000000000e+00 0.000000000000000000e+00 1.000000000000000000e+00 1.000000000000000000e+10 0.000000000000000000e+00 0.000000000000000000e+00 0.000000000000000000e+00 1.000000000000000000e+10
2.123858088093512342e-02 5.750103595266386401e+04 3.883508831093327899e+04 2.185098063380928943e+04 2.752164939005807831e-01 4.869930034463587799e+04 1.461218694263449857e-25 1.276339161639179227e-25 7.194252141159437507e-26 3.590670842805490648e-01 1.149316204645821306e-25 1.000000000000000000e+00 0.000000000000000000e+00 0.000000000000000000e+00 0.000000000000000000e+00 1.000000000000000000e+00 1.000000000000000000e+10 0.000000000000000000e+00 0.000000000000000000e+00 0.000000000000000000e+00 1.000000000000000000e+10
2.449422455303571639e-02 4.082353530118575873e+04 3.073267056991221034e+04 1.551170148755740229e+04 2.780219904231919781e-01 3.322041590859099233e+04 1.334140020607079533e-25 1.209657233546273728e-25 5.909140921928173473e-26 3.517928563586759649e-01 1.052942314327917004e-25 1.000000000000000000e+00 0.000000000000000000e+00 0.000000000000000000e+00 0.000000000000000000e+00 1.000000000000000000e+00 1.000000000000000000e+10 0.000000000000000000e+00 0.000000000000000000e+00 0.000000000000000000e+00 1.000000000000000000e+10
2.824892302447100725e-02 2.809751927477172649e+04 1.796701264611858642e+04 9.381848539195418198e+03 2.732059083841152924e-01 2.229017038684090221e+04 1.099921413282961785e-25 1.182380282683488054e-25 4.112275014522299216e-26 3.483857979131881888e-01 7.661853487206905490e-26 1.000000000000000000e+00 0.000000000000000000e+00 0.000000000000000000e+00 0.000000000000000000e+00 1.000000000000000000e+00 1.000000000000000000e+10 0.000000000000000000e+00 0.000000000000000000e+00 0.000000000000000000e+00 1.000000000000000000e+10
3.257917597328415654e-02 1.982340008205619597e+04 1.139879991978628823e+04 7.220031905001489577e+03 2.657759008742621720e-01 1.635400017548854157e+04 9.107988399550509809e-26 7.550758362478184630e-26 3.573097956479525440e-26 3.071570088227905670e-01 6.942949799778634920e-26 1.000000000000000000e+00 0.000000000000000000e+00 0.000000000000000000e+00 0.000000000000000000e+00 1.000000000000000000e+00 1.000000000000000000e+10 0.000000000000000000e+00 0.000000000000000000e+00 0.000000000000000000e+00 1.000000000000000000e+10
3.757320964692217186e-02 1.461395604556416765e+04 1.065416187752622500e+04 5.271057649535358905e+03 2.579915047482428947e-01 1.216607434367275346e+04 7.763440955508216097e-26 7.315658421198269625e-26 2.886391225429415609e-26 3.058971211732383066e-01 5.674517097714146167e-26 1.000000000000000000e+00 0.000000000000000000e+00 0.000000000000000000e+00 0.000000000000000000e+00 1.000000000000000000e+00 1.000000000000000000e+10 0.000000000000000000e+00 0.000000000000000000e+00 0.000000000000000000e+00 1.000000000000000000e+10
4.333277441790538143e-02 1.061343542794285531e+04 7.305618855423101195e+03 3.820356663591679535e+03 2.237290545369864381e-01 9.249656410543459060e+03 6.413478656021251717e-26 5.874921775908114878e-26 2.430810426346776492e-26 2.872991847849785674e-01 4.948139125022204026e-26 1.000000000000000000e+00 0.000000000000000000e+00 0.000000000000000000e+00 0.000000000000000000e+00 1.000000000000000000e+00 1.000000000000000000e+10 0.000000000000000000e+00 0.000000000000000000e+00 0.000000000000000000e+00 1.000000000000000000e+10
4.997521788524898756e-02 7.842947769679469275e+03 4.773233545084915022e+03 2.587479156106992377e+03 1.988153433501286260e-01 6.923736271502670206e+03 5.388612509526716915e-26 4.697154283316853833e-26 1.798854971853853882e-26 2.830770977650369224e-01 4.056714911524826418e-26 1.000000000000000000e+00 0.000000000000000000e+00 0.000000000000000000e+00 0.000000000000000000e+00 1.000000000000000000e+00 1.000000000000000000e+10 0.000000000000000000e+00 0.000000000000000000e+00 0.000000000000000000e+00 1.000000000000000000e+10
5.763587575980636674e-02 6.004388200197106016e+03 3.184144498126295730e+03 1.744876456446518205e+03 1.871887004556767875e-01 5.369485769528468154e+03 4.446133710085471959e-26 3.635990079525111604e-26 1.589855245781058711e-26 2.812651911435201102e-01 3.446174975125039542e-26 1.000000000000000000e+00 0.000000000000000000e+00 0.000000000000000000e+00 0.000000000000000000e+00 1.000000000000000000e+00 1.000000000000000000e+10 0.000000000000000000e+00 0.000000000000000000e+00 0.000000000000000000e+00 1.000000000000000000e+10
6.647082924635627776e-02 4.759662188215958849e+03 2.168963394698047523e+03 1.456587057288126744e+03 1.755284307525043497e-01 4.446946539477547049e+03 3.612518305333710427e-26 2.777193899146837068e-26 1.328494616832113325e-26 2.785690128698765644e-01 2.868773426250014734e-26 1.000000000000000000e+00 0.000000000000000000e+00 0.000000000000000000e+00 0.000000000000000000e+00 1.000000000000000000e+00 1.000000000000000000e+10 0.000000000000000000e+00 0.000000000000000000e+00 0.000000000000000000e+00 1.000000000000000000e+10
7.666008510240249207e-02 3.896815338069792688e+03 1.888536357460720865e+03 1.179659722291753951e+03 1.760735340417503014e-01 3.502395395111532707e+03 2.870140019326817999e-26 2.082712178415535615e-26 1.143759789939854878e-26 2.853739112747912254e-01 2.288145704748164898e-26 1.000000000000000000e+00 0.000000000000000000e+00 0.000000000000000000e+00 0.000000000000000000e+00 1.000000000000000000e+00 1.000000000000000000e+10 0.000000000000000000e+00 0.000000000000000000e+00 0.000000000000000000e+00 1.000000000000000000e+10
8.841124316543315376e-02 3.217170792605682436e+03 1.732371504809755606e+03 1.065108488438053655e+03 1.944801957847515916e-01 2.902002040167663836e+03 2.218765328895204275e-26 1.862132059215311861e-26 9.005223227628534073e-27 2.949353339605256252e-01 1.756773040876078708e-26 1.000000000000000000e+00 0.000000000000000000e+00 0.000000000000000000e+00 0.000000000000000000e+00 1.000000000000000000e+00 1.000000000000000000e+10 0.000000000000000000e+00 0.000000000000000000e+00 0.000000000000000000e+00 1.000000000000000000e+10
1.019637260722580097e-01 2.521253534508062330e+03 1.464989856998826781e+03 7.788301416974502445e+02 1.914401562814683766e-01 2.223565755842229009e+03 1.686902630083865775e-26 1.422504756786379406e-26 6.671946679054438954e-27 3.006288932156960247e-01 1.284454415543029172e-26 1.000000000000000000e+00 0.000000000000000000e+00 0.000000000000000000e+00 0.000000000000000000e+00 1.000000000000000000e+00 1.000000000000000000e+10 0.000000000000000000e+00 0.000000000000000000e+00 0.000000000000000000e+00 1.000000000000000000e+10
1.175936573483598035e-01 1.928853803881239401e+03 1.083970626964438907e+03 6.523592192180444727e+02 1.949097214349467533e-01 1.759183915105653341e+03 1.227824375813249179e-26 1.025853246119497111e-26 5.250564948862696240e-27 3.112069596344119726e-01 9.642966994615732955e-27 1.000000000000000000e+00 0.000000000000000000e+00 0.000000000000000000e+00 0.000000000000000000e+00 1.000000000000000000e+00 1.000000000000000000e+10 0.000000000000000000e+00 0.000000000000000000e+00 0.000000000000000000e+00 1.000000000000000000e+10
1.356194872553388164e-01 1.500047501699541954e+03 8.765755614897611849e+02 5.573267951798887907e+02 1.978718683919711008e-01 1.373164241116661742e+03 8.824023364562540615e-27 7.902218971309583398e-27 4.058280102899214994e-27 3.220260168541504986e-01 6.971063383730001597e-27 1.000000000000000000e+00 0.000000000000000000e+00 0.000000000000000000e+00 0.000000000000000000e+00 1.000000000000000000e+00 1.000000000000000000e+10 0.000000000000000000e+00 0.000000000000000000e+00 0.000000000000000000e+00 1.000000000000000000e+10
1.564084810196403053e-01 1.134567964002113058e+03 5.791045771512817737e+02 4.163073158397613724e+02 1.966298975840562180e-01 1.050799264348587712e+03 6.300998836058416823e-27 5.929647337775562701e-27 2.763326661545783692e-27 3.345364403848075652e-01 4.732070667881601514e-27 1.000000000000000000e+00 0.000000000000000000e+00 0.000000000000000000e+00 0.000000000000000000e+00 1.000000000000000000e+00 1.000000000000000000e+10 0.000000000000000000e+00 0.000000000000000000e+00 0.000000000000000000e+00 1.000000000000000000e+10
1.803842016362447453e-01 8.669670876799316375e+02 4.289393706278490299e+02 3.209960162175645451e+02 1.920649111284640775e-01 8.018699584820992641e+02 4.445260512326186612e-27 3.432753787977394449e-27 2.222298380800412796e-27 3.357776321066296421e-01 3.651797012247501488e-27 1.000000000000000000e+00 0.000000000000000000e+00 0.000000000000000000e+00 0.000000000000000000e+00 1.000000000000000000e+00 1.000000000000000000e+10 0.000000000000000000e+00 0.000000000000000000e+00 0.000000000000000000e+00 1.000000000000000000e+10
2.080351397048574025e-01 6.474245542839703376e+02 2.871891525226069461e+02 2.466495682676829233e+02 1.895480015244849770e-01 6.076059629558421875e+02 3.134567016157047354e-27 2.398455756202489744e-27 1.450867081809354537e-27 3.497470434430409725e-01 2.446605473835388132e-27 1.000000000000000000e+00 0.000000000000000000e+00 0.000000000000000000e+00 0.000000000000000000e+00 1.000000000000000000e+00 1.000000000000000000e+10 0.000000000000000000e+00 0.000000000000000000e+00 0.000000000000000000e+00 1.000000000000000000e+10
2.399246661262133540e-01 4.920630176629488801e+02 2.386330331493981021e+02 1.579189972549542631e+02 1.880546520480990691e-01 4.491088939696848001e+02 2.233667335892874965e-27 1.824627487119576677e-27 1.044820196866202418e-27 3.656662773006135181e-01 1.684739959738615995e-27 1.000000000000000000e+00 0.000000000000000000e+00 0.000000000000000000e+00 0.000000000000000000e+00 1.000000000000000000e+00 1.000000000000000000e+10 0.000000000000000000e+00 0.000000000000000000e+00 0.000000000000000000e+00 1.000000000000000000e+10
2.767025104385807399e-01 3.823955888380365309e+02 1.801542756153779692e+02 1.254608271496700524e+02 1.943087715365756640e-01 3.520879583382200053e+02 1.667030898757421641e-27 1.345016542376020698e-27 6.413947631153138605e-28 3.934873683813948086e-01 1.049260454130221937e-27 1.000000000000000000e+00 0.000000000000000000e+00 0.000000000000000000e+00 0.000000000000000000e+00 1.000000000000000000e+00 1.000000000000000000e+10 0.000000000000000000e+00 0.000000000000000000e+00 0.000000000000000000e+00 1.000000000000000000e+10
3.191179986585286343e-01 2.881017794583340788e+02 1.390494699670994123e+02 1.073697861005940695e+02 1.962895131141013660e-01 2.689525069174781606e+02 1.257103666338548500e-27 1.038391172394797101e-27 4.357346934692895588e-28 4.205026117720129797e-01 6.941697496012549825e-28 1.000000000000000000e+00 0.000000000000000000e+00 0.000000000000000000e+00 0.000000000000000000e+00 1.000000000000000000e+00 1.000000000000000000e+10 0.000000000000000000e+00 0.000000000000000000e+00 0.000000000000000000e+00 1.000000000000000000e+10
3.680353203388414540e-01 2.195379795893314849e+02 1.139452850679205937e+02 6.620147472508085684e+01 1.994916406203760817e-01 1.899096818994979969e+02 1.014976532853017083e-27 8.187585952215636692e-28 2.753649596062185805e-28 4.495394705609332964e-01 4.482130250621010569e-28 1.000000000000000000e+00 0.000000000000000000e+00 0.000000000000000000e+00 0.000000000000000000e+00 1.000000000000000000e+00 1.000000000000000000e+10 0.000000000000000000e+00 0.000000000000000000e+00 0.000000000000000000e+00 1.000000000000000000e+10
4.244511359005219142e-01 1.723809885258270072e+02 8.108947796657844265e+01 5.355025044237754628e+01 2.043694618470353330e-01 1.480121037287657941e+02 8.537840647904540224e-28 7.175129072570221941e-28 2.140675002252194618e-28 4.772500235213299469e-01 3.397373390504964912e-28 1.000000000000000000e+00 0.000000000000000000e+00 0.000000000000000000e+00 0.000000000000000000e+00 1.000000000000000000e+00 1.000000000000000000e+10 0.000000000000000000e+00 0.000000000000000000e+00 0.000000000000000000e+00 1.000000000000000000e+10
4.895148829774688681e-01 1.357282401511499756e+02 7.124861341334062104e+01 4.381427935786742012e+01 2.082491352067815660e-01 1.168381364277205421e+02 7.306350180045478564e-28 5.951586700071846199e-28 1.512868837709853277e-28 5.036260275253920948e-01 2.408827863490218072e-28 1.000000000000000000e+00 0.000000000000000000e+00 0.000000000000000000e+00 0.000000000000000000e+00 1.000000000000000000e+00 1.000000000000000000e+10 0.000000000000000000e+00 0.000000000000000000e+00 0.000000000000000000e+00 1.000000000000000000e+10
5.645521955031491679e-01 1.097769420848686082e+02 6.600195244671411388e+01 3.105805413265330372e+01 2.203641266288403344e-01 8.846493675993005468e+01 6.793163657053545344e-28 5.573291056795699585e-28 1.027731449390995903e-28 5.487526320103334188e-01 1.677075648652063930e-28 1.000000000000000000e+00 0.000000000000000000e+00 0.000000000000000000e+00 0.000000000000000000e+00 1.000000000000000000e+00 1.000000000000000000e+10 0.000000000000000000e+00 0.000000000000000000e+00 0.000000000000000000e+00 1.000000000000000000e+10
6.510919126887823039e-01 9.646252009779362879e+01 7.736341104067352603e+01 2.673381877659897299e+01 2.599274993109337850e-01 7.057243645386449771e+01 7.066391993329897912e-28 5.712895223444112354e-28 8.381483341591686257e-29 6.229677344120151394e-01 1.269308375374851929e-28 1.000000000000000000e+00 0.000000000000000000e+00 0.000000000000000000e+00 0.000000000000000000e+00 1.000000000000000000e+00 1.000000000000000000e+10 0.000000000000000000e+00 0.000000000000000000e+00 0.000000000000000000e+00 1.000000000000000000e+10
7.508972281844089602e-01 8.352351327763511790e+01 7.568244781873865179e+01 2.159880069547230619e+01 2.898768917330188377e-01 5.727192584997625602e+01 8.072355919889946681e-28 5.827684434835510548e-28 7.154701600080591834e-29 6.919149609034734860e-01 1.014649404537957653e-28 1.000000000000000000e+00 0.000000000000000000e+00 0.000000000000000000e+00 0.000000000000000000e+00 1.000000000000000000e+00 1.000000000000000000e+10 0.000000000000000000e+00 0.000000000000000000e+00 0.000000000000000000e+00 1.000000000000000000e+10
8.660016140678794550e-01 7.099717698447474845e+01 6.030986611069934611e+01 1.733274530424558790e+01 2.980891194993356974e-01 4.634570836823318984e+01 9.022229746667379331e-28 4.424998689753205676e-28 5.389796054899133666e-29 7.417267829352726105e-01 7.559050381535234244e-29 1.000000000000000000e+00 0.000000000000000000e+00 0.000000000000000000e+00 0.000000000000000000e+00 1.000000000000000000e+00 1.000000000000000000e+10 0.000000000000000000e+00 0.000000000000000000e+00 0.000000000000000000e+00 1.000000000000000000e+10
9.987502515910116063e-01 6.233949736503246442e+01 4.707162378237747191e+01 1.612778663814532010e+01 3.027878401631903804e-01 4.081888522270605790e+01 1.274857767189961997e-27 4.542689280003288074e-28 5.184322643128758483e-29 7.917037547792709073e-01 6.650738727651192642e-29 1.000000000000000000e+00 0.000000000000000000e+00 0.000000000000000000e+00 0.000000000000000000e+00 1.000000000000000000e+00 1.000000000000000000e+10 0.000000000000000000e+00 0.000000000000000000e+00 0.000000000000000000e+00 1.000000000000000000e+10
1.151847812808953542e+00 5.675732764815829512e+01 4.286510383671260627e+01 1.673598247467873534e+01 3.119447770471266979e-01 3.730754156746642991e+01 1.843543399630675840e-27 4.393979307218157513e-28 4.930302141608040160e-29 8.269437045986135493e-01 6.153666085407856888e-29 1.000000000000000000e+00 0.000000000000000000e+00 0.000000000000000000e+00 0.000000000000000000e+00 1.000000000000000000e+00 1.000000000000000000e+10 0.000000000000000000e+00 0.000000000000000000e+00 0.000000000000000000e+00 1.000000000000000000e+10
1.328413566614123908e+00 5.328156612465027564e+01 4.162019256754477681e+01 1.328604061147734683e+01 3.123691340838698483e-01 3.252931087468986959e+01 2.294841008905081175e-27 4.971747003403108251e-28 3.537422561732958675e-29 8.276863827161627940e-01 4.694690898233486842e-29 1.000000000000000000e+00 0.000000000000000000e+00 0.000000000000000000e+00 0.000000000000000000e+00 1.000000000000000000e+00 1.000000000000000000e+10 0.000000000000000000e+00 0.000000000000000000e+00 0.000000000000000000e+00 1.000000000000000000e+10
1.532044931926391351e+00 4.815200617282479101e+01 3.864364156779581805e+01 1.226190922161882924e+01 3.055923615220534351e-01 3.013666873330515017e+01 1.931835714389505275e-27 3.549690458084047927e-28 3.041511168719491989e-29 8.095097971589251262e-01 4.194986567704449006e-29 1.000000000000000000e+00 0.000000000000000000e+00 0.000000000000000000e+00 0.000000000000000000e+00 1.000000000000000000e+00 1.000000000000000000e+10 0.000000000000000000e+00 0.000000000000000000e+00 0.000000000000000000e+00 1.000000000000000000e+10
1.766890772896739126e+00 3.989781283839822379e+01 2.521422967581364105e+01 1.176070325891775781e+01 2.761134000501067054e-01 2.812986951344332454e+01 1.103151942830497428e-27 2.832756251493433793e-28 3.862316176070587005e-29 7.605509010710067574e-01 5.082405249370730385e-29 1.000000000000000000e+00 0.000000000000000000e+00 0.000000000000000000e+00 0.000000000000000000e+00 1.000000000000000000e+00 1.000000000000000000e+10 0.000000000000000000e+00 0.000000000000000000e+00 0.000000000000000000e+00 1.000000000000000000e+10
2.037735929469222107e+00 3.325395569597784373e+01 2.369899664127260053e+01 9.603735517090377982e+00 2.494316300035509804e-01 2.574548333965081071e+01 4.646418072171244717e-28 2.043680557944919119e-28 3.193654103912390512e-29 7.123969109604469940e-01 4.442089041189296909e-29 1.000000000000000000e+00 0.000000000000000000e+00 0.000000000000000000e+00 0.000000000000000000e+00 1.000000000000000000e+00 1.000000000000000000e+10 0.000000000000000000e+00 0.000000000000000000e+00 0.000000000000000000e+00 1.000000000000000000e+10
2.350098705559579226e+00 3.072708292303893174e+01 2.504053218482146193e+01 7.539395373082504292e+00 2.393393115493113177e-01 2.343650374225700617e+01 2.913541057268371005e-28 1.816900493522978844e-28 3.876959226213461430e-29 6.864211453791675410e-01 5.272305127670620538e-29 1.000000000000000000e+00 0.000000000000000000e+00 0.000000000000000000e+00 0.000000000000000000e+00 1.000000000000000000e+00 1.000000000000000000e+10 0.000000000000000000e+00 0.000000000000000000e+00 0.000000000000000000e+00 1.000000000000000000e+10
