# R (Mpc), mean rho (Msol/kpc^3), errup (Msol/kpc^3), errlow, std, median rho (Msol/kpc^3), mean pth (Msol/kpc/s^2), errup(Msol/kpc/s^2), errlow, std, median pth (Msol/kpc/s^2), mean gas-mass-weighted metal (fraction), errup, errlow, std, median metal, mean gas-mass-weighted temp (K), errup, errlow, std, median temp  
#  nprofs 286, mean mh 553524412571.907959, median mh 506519777482.427368 
#  Mass range 11.50 - 12.0
1.040961082911032697e-02 2.954337418766248738e+05 1.962001714557440719e+05 1.110310140008982271e+05 2.505135926735816421e-01 2.527896396437144722e+05 1.728824079587483547e-25 1.696148652775149142e-25 4.007140815608389624e-26 4.968448722371915371e-01 6.580929245315685879e-26 1.000000000000000000e+00 0.000000000000000000e+00 0.000000000000000000e+00 0.000000000000000000e+00 1.000000000000000000e+00 1.000000000000000000e+10 0.000000000000000000e+00 0.000000000000000000e+00 0.000000000000000000e+00 1.000000000000000000e+10
1.200529105910367808e-02 2.310762295201684465e+05 1.497006498023650784e+05 9.239117494460359740e+04 2.595451621625849414e-01 2.024223992200429493e+05 2.127957101389557700e-25 3.806788498075670155e-25 6.405113853611764815e-26 5.122500016473922058e-01 9.435910888366791702e-26 1.000000000000000000e+00 0.000000000000000000e+00 0.000000000000000000e+00 0.000000000000000000e+00 1.000000000000000000e+00 1.000000000000000000e+10 0.000000000000000000e+00 0.000000000000000000e+00 0.000000000000000000e+00 1.000000000000000000e+10
1.384557172980430476e-02 1.758127469491942611e+05 1.227734670936880866e+05 7.854385605128707539e+04 2.657707331268298057e-01 1.559833879592823214e+05 2.067161880723724974e-25 2.710618117451022141e-25 8.517867699889200370e-26 4.770988121557742656e-01 1.225675962117883181e-25 1.000000000000000000e+00 0.000000000000000000e+00 0.000000000000000000e+00 0.000000000000000000e+00 1.000000000000000000e+00 1.000000000000000000e+10 0.000000000000000000e+00 0.000000000000000000e+00 0.000000000000000000e+00 1.000000000000000000e+10
1.596794743096121086e-02 1.312965530999928596e+05 9.708316371625641477e+04 5.542095086696046201e+04 2.950573046643262254e-01 1.121041453998029756e+05 1.888069376891897988e-25 1.720406336611410061e-25 8.564566579761427808e-26 4.108787994213591310e-01 1.302380618813440531e-25 1.000000000000000000e+00 0.000000000000000000e+00 0.000000000000000000e+00 0.000000000000000000e+00 1.000000000000000000e+00 1.000000000000000000e+10 0.000000000000000000e+00 0.000000000000000000e+00 0.000000000000000000e+00 1.000000000000000000e+10
1.841566026551830909e-02 9.499475639165038592e+04 7.519349163487419719e+04 4.317337330811088032e+04 3.069328552783238129e-01 8.304307273953556432e+04 1.854369605768424497e-25 1.803313802824679967e-25 7.496141747368051665e-26 3.989906339843867777e-01 1.228400058602252236e-25 1.000000000000000000e+00 0.000000000000000000e+00 0.000000000000000000e+00 0.000000000000000000e+00 1.000000000000000000e+00 1.000000000000000000e+10 0.000000000000000000e+00 0.000000000000000000e+00 0.000000000000000000e+00 1.000000000000000000e+10
2.123858088093512342e-02 6.718626192366053874e+04 5.873846655245173315e+04 2.981645218335514801e+04 3.143118843035423993e-01 5.460135990054637659e+04 1.577084983906502813e-25 1.503779538272661388e-25 6.318848861907757625e-26 3.392761888485489874e-01 1.121723363243309281e-25 1.000000000000000000e+00 0.000000000000000000e+00 0.000000000000000000e+00 0.000000000000000000e+00 1.000000000000000000e+00 1.000000000000000000e+10 0.000000000000000000e+00 0.000000000000000000e+00 0.000000000000000000e+00 1.000000000000000000e+10
2.449422455303571639e-02 4.452663015950310364e+04 4.066336420577450917e+04 1.796890631454311369e+04 3.208377164219685107e-01 3.460573602228111849e+04 1.388705511380949429e-25 1.336055335358385918e-25 5.511769765549539239e-26 3.243813628383963032e-01 1.062166459802469622e-25 1.000000000000000000e+00 0.000000000000000000e+00 0.000000000000000000e+00 0.000000000000000000e+00 1.000000000000000000e+00 1.000000000000000000e+10 0.000000000000000000e+00 0.000000000000000000e+00 0.000000000000000000e+00 1.000000000000000000e+10
2.824892302447100725e-02 2.842057138409462277e+04 2.291397366199830140e+04 9.693216750523270093e+03 2.913318692110318242e-01 2.148931104874601442e+04 1.219115118024073148e-25 1.112388082231358828e-25 4.494143485760127946e-26 3.200385783896786407e-01 8.722383029779992992e-26 1.000000000000000000e+00 0.000000000000000000e+00 0.000000000000000000e+00 0.000000000000000000e+00 1.000000000000000000e+00 1.000000000000000000e+10 0.000000000000000000e+00 0.000000000000000000e+00 0.000000000000000000e+00 1.000000000000000000e+10
3.257917597328415654e-02 1.869180714303104105e+04 1.279148905525458395e+04 6.243575544948998868e+03 2.802824149063893877e-01 1.456684434362182947e+04 1.037895828401511302e-25 8.881966594313007808e-26 4.266743050599264992e-26 3.152976239621061438e-01 8.079861612566421039e-26 1.000000000000000000e+00 0.000000000000000000e+00 0.000000000000000000e+00 0.000000000000000000e+00 1.000000000000000000e+00 1.000000000000000000e+10 0.000000000000000000e+00 0.000000000000000000e+00 0.000000000000000000e+00 1.000000000000000000e+10
3.757320964692217186e-02 1.227746042936829326e+04 7.725639678207533507e+03 3.823871585779866109e+03 2.418968287016287910e-01 9.967524393327041253e+03 8.789418330288532882e-26 6.974805851674285427e-26 3.597176310140255350e-26 2.905213289066399529e-01 7.078966842474385890e-26 1.000000000000000000e+00 0.000000000000000000e+00 0.000000000000000000e+00 0.000000000000000000e+00 1.000000000000000000e+00 1.000000000000000000e+10 0.000000000000000000e+00 0.000000000000000000e+00 0.000000000000000000e+00 1.000000000000000000e+10
4.333277441790538143e-02 8.524075251053787724e+03 5.035724211840601129e+03 2.721964781454497825e+03 2.194252952041416127e-01 7.175733120187785971e+03 7.289712736291787810e-26 6.584516016004405497e-26 2.687034273886045834e-26 2.903131832639629373e-01 5.658107718978106891e-26 1.000000000000000000e+00 0.000000000000000000e+00 0.000000000000000000e+00 0.000000000000000000e+00 1.000000000000000000e+00 1.000000000000000000e+10 0.000000000000000000e+00 0.000000000000000000e+00 0.000000000000000000e+00 1.000000000000000000e+10
4.997521788524898756e-02 6.365663354587415597e+03 3.559152941264192123e+03 2.030862304659727215e+03 2.102992509810729660e-01 5.474746587018971695e+03 6.036773899706166154e-26 5.121857137595882489e-26 2.317752431436967792e-26 2.838968114448680025e-01 4.736281887754224563e-26 1.000000000000000000e+00 0.000000000000000000e+00 0.000000000000000000e+00 0.000000000000000000e+00 1.000000000000000000e+00 1.000000000000000000e+10 0.000000000000000000e+00 0.000000000000000000e+00 0.000000000000000000e+00 1.000000000000000000e+10
5.763587575980636674e-02 4.907241364328185227e+03 2.405397950418279834e+03 1.569260814404164648e+03 1.909962337515217767e-01 4.421887828333483412e+03 4.775720169626936050e-26 3.797941526979255177e-26 1.968127213803151035e-26 2.754296172956466338e-01 3.953144328120764664e-26 1.000000000000000000e+00 0.000000000000000000e+00 0.000000000000000000e+00 0.000000000000000000e+00 1.000000000000000000e+00 1.000000000000000000e+10 0.000000000000000000e+00 0.000000000000000000e+00 0.000000000000000000e+00 1.000000000000000000e+10
6.647082924635627776e-02 3.922396592408846118e+03 1.722668203247661040e+03 1.299065819607301364e+03 1.843116009276678791e-01 3.566230591498683680e+03 3.710620698008950669e-26 2.868840984572777727e-26 1.414404574584061189e-26 2.741621685500671979e-01 2.991204520193878952e-26 1.000000000000000000e+00 0.000000000000000000e+00 0.000000000000000000e+00 0.000000000000000000e+00 1.000000000000000000e+00 1.000000000000000000e+10 0.000000000000000000e+00 0.000000000000000000e+00 0.000000000000000000e+00 1.000000000000000000e+10
7.666008510240249207e-02 3.168848288542916634e+03 1.349702930956713317e+03 9.656482163340367606e+02 1.796131736538461032e-01 2.868717430076711935e+03 2.783245368469897317e-26 2.117292289757642838e-26 1.186317405972551560e-26 2.791910167915285235e-01 2.302848032426751282e-26 1.000000000000000000e+00 0.000000000000000000e+00 0.000000000000000000e+00 0.000000000000000000e+00 1.000000000000000000e+00 1.000000000000000000e+10 0.000000000000000000e+00 0.000000000000000000e+00 0.000000000000000000e+00 1.000000000000000000e+10
8.841124316543315376e-02 2.526971592366871846e+03 1.255616337676664898e+03 7.631634078686377052e+02 1.769303715402658628e-01 2.274405095012459242e+03 2.055006298610894541e-26 1.504752064878572464e-26 8.832122789644763837e-27 2.828638666622766973e-01 1.714232574060814545e-26 1.000000000000000000e+00 0.000000000000000000e+00 0.000000000000000000e+00 0.000000000000000000e+00 1.000000000000000000e+00 1.000000000000000000e+10 0.000000000000000000e+00 0.000000000000000000e+00 0.000000000000000000e+00 1.000000000000000000e+10
1.019637260722580097e-01 1.980455853744100295e+03 9.866164932192205015e+02 6.050731896327272352e+02 1.793043523362926606e-01 1.788497225950356551e+03 1.467963714463413138e-26 1.118062095923677249e-26 6.402745391211804254e-27 2.887569955101829122e-01 1.218627424760874831e-26 1.000000000000000000e+00 0.000000000000000000e+00 0.000000000000000000e+00 0.000000000000000000e+00 1.000000000000000000e+00 1.000000000000000000e+10 0.000000000000000000e+00 0.000000000000000000e+00 0.000000000000000000e+00 1.000000000000000000e+10
1.175936573483598035e-01 1.513924186203656745e+03 6.288688256627638111e+02 4.884522868682533954e+02 1.714370502330867241e-01 1.423015709735337168e+03 1.032150235368954042e-26 9.175794219259415765e-27 4.193444924211303528e-27 2.929590649699917448e-01 8.221299467960405699e-27 1.000000000000000000e+00 0.000000000000000000e+00 0.000000000000000000e+00 0.000000000000000000e+00 1.000000000000000000e+00 1.000000000000000000e+10 0.000000000000000000e+00 0.000000000000000000e+00 0.000000000000000000e+00 1.000000000000000000e+10
1.356194872553388164e-01 1.134318448530767000e+03 4.962617604528268203e+02 3.535049776114500446e+02 1.701084328973007653e-01 1.057439043924752696e+03 7.143111204613288093e-27 6.259213982944723846e-27 3.022662420836969260e-27 3.037156128352345164e-01 5.639844238971105262e-27 1.000000000000000000e+00 0.000000000000000000e+00 0.000000000000000000e+00 0.000000000000000000e+00 1.000000000000000000e+00 1.000000000000000000e+10 0.000000000000000000e+00 0.000000000000000000e+00 0.000000000000000000e+00 1.000000000000000000e+10
1.564084810196403053e-01 8.358369676353287332e+02 3.527653240932730796e+02 2.822522798317349384e+02 1.679871371921778378e-01 7.941877503199051489e+02 4.866926023455783194e-27 4.279828640487697835e-27 2.029786803798509915e-27 3.174503178296460004e-01 3.753468685992651942e-27 1.000000000000000000e+00 0.000000000000000000e+00 0.000000000000000000e+00 0.000000000000000000e+00 1.000000000000000000e+00 1.000000000000000000e+10 0.000000000000000000e+00 0.000000000000000000e+00 0.000000000000000000e+00 1.000000000000000000e+10
1.803842016362447453e-01 6.061556001870122827e+02 2.639826974872962637e+02 1.869258080486181939e+02 1.719553930113124351e-01 5.531522967675534801e+02 3.335355782088365307e-27 2.939814230052592099e-27 1.379302608584937840e-27 3.429243628239798114e-01 2.412925907101093711e-27 1.000000000000000000e+00 0.000000000000000000e+00 0.000000000000000000e+00 0.000000000000000000e+00 1.000000000000000000e+00 1.000000000000000000e+10 0.000000000000000000e+00 0.000000000000000000e+00 0.000000000000000000e+00 1.000000000000000000e+10
2.080351397048574025e-01 4.339397357744791179e+02 2.055717621242206405e+02 1.350245038672159126e+02 1.763968583236101839e-01 3.939846889849018226e+02 2.326900665452616982e-27 2.278853309802225906e-27 9.252654245202092889e-28 3.747013526928206772e-01 1.564713205254501781e-27 1.000000000000000000e+00 0.000000000000000000e+00 0.000000000000000000e+00 0.000000000000000000e+00 1.000000000000000000e+00 1.000000000000000000e+10 0.000000000000000000e+00 0.000000000000000000e+00 0.000000000000000000e+00 1.000000000000000000e+10
2.399246661262133540e-01 3.091705565851667075e+02 1.572505592375287051e+02 9.609720945745419840e+01 1.851408089176933003e-01 2.794083789548975574e+02 1.710015690599476895e-27 1.845503894521557993e-27 5.881482182568031575e-28 4.159903391206393741e-01 9.896931061914031531e-28 1.000000000000000000e+00 0.000000000000000000e+00 0.000000000000000000e+00 0.000000000000000000e+00 1.000000000000000000e+00 1.000000000000000000e+10 0.000000000000000000e+00 0.000000000000000000e+00 0.000000000000000000e+00 1.000000000000000000e+10
2.767025104385807399e-01 2.271191118017808321e+02 1.439548499085570654e+02 6.435302759880720203e+01 2.001443225986800079e-01 1.913770615862476632e+02 1.326304003359186957e-27 1.543934490348672008e-27 4.159366383358399912e-28 4.576737437358966432e-01 6.619783762191385294e-28 1.000000000000000000e+00 0.000000000000000000e+00 0.000000000000000000e+00 0.000000000000000000e+00 1.000000000000000000e+00 1.000000000000000000e+10 0.000000000000000000e+00 0.000000000000000000e+00 0.000000000000000000e+00 1.000000000000000000e+10
3.191179986585286343e-01 1.709367244748708572e+02 1.057182286279314383e+02 4.663057868152816354e+01 2.190457120491197673e-01 1.376175411190023965e+02 1.097639786996417434e-27 1.340628273725167900e-27 2.856840147521072740e-28 5.077680276382413593e-01 4.456855486218334996e-28 1.000000000000000000e+00 0.000000000000000000e+00 0.000000000000000000e+00 0.000000000000000000e+00 1.000000000000000000e+00 1.000000000000000000e+10 0.000000000000000000e+00 0.000000000000000000e+00 0.000000000000000000e+00 1.000000000000000000e+10
3.680353203388414540e-01 1.336628768962604283e+02 1.085276883251259079e+02 3.509186205397959668e+01 2.466500856041864698e-01 9.947079666534641262e+01 9.658232074820718668e-28 1.297124924750347506e-27 1.757023274301010772e-28 5.661029946627882392e-01 2.789613188309592590e-28 1.000000000000000000e+00 0.000000000000000000e+00 0.000000000000000000e+00 0.000000000000000000e+00 1.000000000000000000e+00 1.000000000000000000e+10 0.000000000000000000e+00 0.000000000000000000e+00 0.000000000000000000e+00 1.000000000000000000e+10
4.244511359005219142e-01 1.080818483046212464e+02 9.332660420066071083e+01 3.264781805288713201e+01 2.708697293340093792e-01 7.933158546103868503e+01 8.925771838831450466e-28 1.186244440358844517e-27 1.357204869255605657e-28 6.336578878658543079e-01 1.980963072985921174e-28 1.000000000000000000e+00 0.000000000000000000e+00 0.000000000000000000e+00 0.000000000000000000e+00 1.000000000000000000e+00 1.000000000000000000e+10 0.000000000000000000e+00 0.000000000000000000e+00 0.000000000000000000e+00 1.000000000000000000e+10
4.895148829774688681e-01 9.125041542717310961e+01 9.368361040309279986e+01 2.519728870974218893e+01 3.059988175874011618e-01 6.041171862739362552e+01 8.696536890111541656e-28 1.170244068786301794e-27 1.047485560024319548e-28 7.116979012265290949e-01 1.431913667837118098e-28 1.000000000000000000e+00 0.000000000000000000e+00 0.000000000000000000e+00 0.000000000000000000e+00 1.000000000000000000e+00 1.000000000000000000e+10 0.000000000000000000e+00 0.000000000000000000e+00 0.000000000000000000e+00 1.000000000000000000e+10
5.645521955031491679e-01 7.901971783181978992e+01 9.477202792436156642e+01 1.852943053219789249e+01 3.283975108431748113e-01 4.675815623482273509e+01 8.335608403416003788e-28 1.200249945410288240e-27 8.633686066263787387e-29 7.793403279657445948e-01 1.113106515060182516e-28 1.000000000000000000e+00 0.000000000000000000e+00 0.000000000000000000e+00 0.000000000000000000e+00 1.000000000000000000e+00 1.000000000000000000e+10 0.000000000000000000e+00 0.000000000000000000e+00 0.000000000000000000e+00 1.000000000000000000e+10
6.510919126887823039e-01 7.012787245753794707e+01 9.100612972446418780e+01 1.873789855434447205e+01 3.463789735536280112e-01 4.167759678467388085e+01 8.287900916774514325e-28 1.107510503256070488e-27 7.675635621089543293e-29 8.351281565202107737e-01 9.557891018169030463e-29 1.000000000000000000e+00 0.000000000000000000e+00 0.000000000000000000e+00 0.000000000000000000e+00 1.000000000000000000e+00 1.000000000000000000e+10 0.000000000000000000e+00 0.000000000000000000e+00 0.000000000000000000e+00 1.000000000000000000e+10
7.508972281844089602e-01 5.828097689046631302e+01 6.206905770700343794e+01 1.554014625149566697e+01 3.338831726244845255e-01 3.527804377511213829e+01 8.135375310440279467e-28 8.478692566720961174e-28 6.102028887342957716e-29 8.571791835284698902e-01 7.600782697504531786e-29 1.000000000000000000e+00 0.000000000000000000e+00 0.000000000000000000e+00 0.000000000000000000e+00 1.000000000000000000e+00 1.000000000000000000e+10 0.000000000000000000e+00 0.000000000000000000e+00 0.000000000000000000e+00 1.000000000000000000e+10
8.660016140678794550e-01 5.068861779216447161e+01 4.762991738052306800e+01 1.430184900016058691e+01 3.323132109283376545e-01 3.170959019927813571e+01 8.356224991235394395e-28 6.528455630485899710e-28 6.359824868047751583e-29 8.773385245001997790e-01 7.646609349001227583e-29 1.000000000000000000e+00 0.000000000000000000e+00 0.000000000000000000e+00 0.000000000000000000e+00 1.000000000000000000e+00 1.000000000000000000e+10 0.000000000000000000e+00 0.000000000000000000e+00 0.000000000000000000e+00 1.000000000000000000e+10
9.987502515910116063e-01 4.680731151598018869e+01 5.584778516793068093e+01 1.512883311597060398e+01 3.382147021651996655e-01 3.080335726634851312e+01 9.492304879357811466e-28 7.849114675918158442e-28 7.151350434187586199e-29 8.973817058134344604e-01 8.345057739574997912e-29 1.000000000000000000e+00 0.000000000000000000e+00 0.000000000000000000e+00 0.000000000000000000e+00 1.000000000000000000e+00 1.000000000000000000e+10 0.000000000000000000e+00 0.000000000000000000e+00 0.000000000000000000e+00 1.000000000000000000e+10
1.151847812808953542e+00 4.472276281030485734e+01 4.473757928137126783e+01 1.612459540553386006e+01 3.380737258078489460e-01 3.069231010627891010e+01 1.172503558919668639e-27 7.791155850072758291e-28 7.114065642550490574e-29 9.054573064827556861e-01 8.145980051282228657e-29 1.000000000000000000e+00 0.000000000000000000e+00 0.000000000000000000e+00 0.000000000000000000e+00 1.000000000000000000e+00 1.000000000000000000e+10 0.000000000000000000e+00 0.000000000000000000e+00 0.000000000000000000e+00 1.000000000000000000e+10
1.328413566614123908e+00 4.224431584240159765e+01 4.321090608526118615e+01 1.372540739339566507e+01 3.306207363581877834e-01 2.786256127877994615e+01 1.596691763485741540e-27 8.256394879023226344e-28 8.653894344606763728e-29 8.874577861620815966e-01 9.918572184523572353e-29 1.000000000000000000e+00 0.000000000000000000e+00 0.000000000000000000e+00 0.000000000000000000e+00 1.000000000000000000e+00 1.000000000000000000e+10 0.000000000000000000e+00 0.000000000000000000e+00 0.000000000000000000e+00 1.000000000000000000e+10
1.532044931926391351e+00 4.087412488113783837e+01 3.440940412968485163e+01 1.426061653797675532e+01 3.242178481745850438e-01 2.766879691752085080e+01 2.242590654926521954e-27 7.183646365482395796e-28 7.671101275686789099e-29 8.801711393059614696e-01 9.171305013189668135e-29 1.000000000000000000e+00 0.000000000000000000e+00 0.000000000000000000e+00 0.000000000000000000e+00 1.000000000000000000e+00 1.000000000000000000e+10 0.000000000000000000e+00 0.000000000000000000e+00 0.000000000000000000e+00 1.000000000000000000e+10
1.766890772896739126e+00 3.817075752478551465e+01 2.793928762105175423e+01 1.206985612528603369e+01 3.131704804264384689e-01 2.570848082632076625e+01 2.066276159200621259e-27 6.622392651180381654e-28 8.881352096835862832e-29 8.699710967880490697e-01 1.025587634729690994e-28 1.000000000000000000e+00 0.000000000000000000e+00 0.000000000000000000e+00 0.000000000000000000e+00 1.000000000000000000e+00 1.000000000000000000e+10 0.000000000000000000e+00 0.000000000000000000e+00 0.000000000000000000e+00 1.000000000000000000e+10
2.037735929469222107e+00 3.546658775259441398e+01 2.669805992905714476e+01 1.284664991836586623e+01 3.087125939495700688e-01 2.563544340524469334e+01 1.804338024479376256e-27 6.523209867516464590e-28 1.051817419731382617e-28 8.593453948885633187e-01 1.197774065865857321e-28 1.000000000000000000e+00 0.000000000000000000e+00 0.000000000000000000e+00 0.000000000000000000e+00 1.000000000000000000e+00 1.000000000000000000e+10 0.000000000000000000e+00 0.000000000000000000e+00 0.000000000000000000e+00 1.000000000000000000e+10
2.350098705559579226e+00 3.229363957496880033e+01 2.357181493421283136e+01 1.146554051113476547e+01 2.895118358926850322e-01 2.400630361672185842e+01 1.522998237736061052e-27 5.217155530935149539e-28 1.265275359065579178e-28 8.357658842041573166e-01 1.422418717079189764e-28 1.000000000000000000e+00 0.000000000000000000e+00 0.000000000000000000e+00 0.000000000000000000e+00 1.000000000000000000e+00 1.000000000000000000e+10 0.000000000000000000e+00 0.000000000000000000e+00 0.000000000000000000e+00 1.000000000000000000e+10
