# R (Mpc), mean rho (Msol/kpc^3), errup (Msol/kpc^3), errlow, std, median rho (Msol/kpc^3), mean pth (Msol/kpc/s^2), errup(Msol/kpc/s^2), errlow, std, median pth (Msol/kpc/s^2), mean gas-mass-weighted metal (fraction), errup, errlow, std, median metal, mean gas-mass-weighted temp (K), errup, errlow, std, median temp  
#  nprofs 178, mean mh 532735083068.727173, median mh 487245580439.879456 
#  Mass range 11.50 - 12.0
1.040961082911032697e-02 4.990437360676429234e+05 3.020361590012557572e+05 2.013354687257060432e+05 2.746514213132590920e-01 4.275278097946441267e+05 2.539290360028630036e-25 3.123049533331703979e-25 6.299189520578396246e-26 4.952762730205733099e-01 1.046386199891157215e-25 1.000000000000000000e+00 0.000000000000000000e+00 0.000000000000000000e+00 0.000000000000000000e+00 1.000000000000000000e+00 1.000000000000000000e+10 0.000000000000000000e+00 0.000000000000000000e+00 0.000000000000000000e+00 1.000000000000000000e+10
1.200529105910367808e-02 3.836604956302346545e+05 2.124820596798381303e+05 1.675969004790582403e+05 2.708098039247993638e-01 3.562935689780584071e+05 2.763220874145230799e-25 3.805846048597926080e-25 7.057765685085518127e-26 5.001350210976526212e-01 1.136672356429315163e-25 1.000000000000000000e+00 0.000000000000000000e+00 0.000000000000000000e+00 0.000000000000000000e+00 1.000000000000000000e+00 1.000000000000000000e+10 0.000000000000000000e+00 0.000000000000000000e+00 0.000000000000000000e+00 1.000000000000000000e+10
1.384557172980430476e-02 2.827863931430598604e+05 1.398301687838627840e+05 1.308705705360474822e+05 2.623881851904468210e-01 2.686568775602564565e+05 2.785002133338541232e-25 4.014078953401697181e-25 1.019063509229943782e-25 4.825067576179474238e-01 1.452570902472672111e-25 1.000000000000000000e+00 0.000000000000000000e+00 0.000000000000000000e+00 0.000000000000000000e+00 1.000000000000000000e+00 1.000000000000000000e+10 0.000000000000000000e+00 0.000000000000000000e+00 0.000000000000000000e+00 1.000000000000000000e+10
1.596794743096121086e-02 2.031698943831807701e+05 1.075407770205501874e+05 1.036262736506906222e+05 2.770252499345076669e-01 1.955625463647826982e+05 2.434656947635166750e-25 2.631139695389819570e-25 1.096095149685643913e-25 4.460906885701770297e-01 1.556186289376871232e-25 1.000000000000000000e+00 0.000000000000000000e+00 0.000000000000000000e+00 0.000000000000000000e+00 1.000000000000000000e+00 1.000000000000000000e+10 0.000000000000000000e+00 0.000000000000000000e+00 0.000000000000000000e+00 1.000000000000000000e+10
1.841566026551830909e-02 1.435508322288334894e+05 7.547795762296041357e+04 6.634572971290092391e+04 2.685667255221463878e-01 1.328836028781738423e+05 2.193681755492204876e-25 1.805573073460150744e-25 1.087689775060331237e-25 3.938479679213596207e-01 1.622115994753494994e-25 1.000000000000000000e+00 0.000000000000000000e+00 0.000000000000000000e+00 0.000000000000000000e+00 1.000000000000000000e+00 1.000000000000000000e+10 0.000000000000000000e+00 0.000000000000000000e+00 0.000000000000000000e+00 1.000000000000000000e+10
2.123858088093512342e-02 9.715663214241499372e+04 6.782286655773119128e+04 4.009629537393066857e+04 2.820814845511087632e-01 8.205371300440457708e+04 1.985836997357159321e-25 1.479975929206746938e-25 1.048673241047485120e-25 3.767123775304777045e-01 1.615502622054190157e-25 1.000000000000000000e+00 0.000000000000000000e+00 0.000000000000000000e+00 0.000000000000000000e+00 1.000000000000000000e+00 1.000000000000000000e+10 0.000000000000000000e+00 0.000000000000000000e+00 0.000000000000000000e+00 1.000000000000000000e+10
2.449422455303571639e-02 6.426523162080933253e+04 3.656980112500896212e+04 3.265589283770649490e+04 2.733885674248107134e-01 5.993956519378206576e+04 1.616156669999494130e-25 1.305751306924778752e-25 6.875583900680865493e-26 3.329026349783031913e-01 1.263412495389708830e-25 1.000000000000000000e+00 0.000000000000000000e+00 0.000000000000000000e+00 0.000000000000000000e+00 1.000000000000000000e+00 1.000000000000000000e+10 0.000000000000000000e+00 0.000000000000000000e+00 0.000000000000000000e+00 1.000000000000000000e+10
2.824892302447100725e-02 4.192200340432584198e+04 2.867685168999402958e+04 2.013250636336946263e+04 2.699099059556572811e-01 3.759388590257854958e+04 1.358077992256440466e-25 1.214645135318780458e-25 5.464694808453471487e-26 3.304875000648908046e-01 1.047624920835325642e-25 1.000000000000000000e+00 0.000000000000000000e+00 0.000000000000000000e+00 0.000000000000000000e+00 1.000000000000000000e+00 1.000000000000000000e+10 0.000000000000000000e+00 0.000000000000000000e+00 0.000000000000000000e+00 1.000000000000000000e+10
3.257917597328415654e-02 2.788789184537576148e+04 1.625239347094432742e+04 1.072060759462530950e+04 2.475109776582438970e-01 2.472769258133110998e+04 1.168328697996650234e-25 1.010331530435524840e-25 4.633269957645028385e-26 3.167386818286487271e-01 9.004876930117206208e-26 1.000000000000000000e+00 0.000000000000000000e+00 0.000000000000000000e+00 0.000000000000000000e+00 1.000000000000000000e+00 1.000000000000000000e+10 0.000000000000000000e+00 0.000000000000000000e+00 0.000000000000000000e+00 1.000000000000000000e+10
3.757320964692217186e-02 1.864705599071830511e+04 1.070972732288292173e+04 6.694364253326883045e+03 2.298482517193701780e-01 1.651980053782735922e+04 9.382194611671785840e-26 7.684035830181323790e-26 3.408153154059062124e-26 2.989133071191855673e-01 7.266973625501173139e-26 1.000000000000000000e+00 0.000000000000000000e+00 0.000000000000000000e+00 0.000000000000000000e+00 1.000000000000000000e+00 1.000000000000000000e+10 0.000000000000000000e+00 0.000000000000000000e+00 0.000000000000000000e+00 1.000000000000000000e+10
4.333277441790538143e-02 1.254770427304921759e+04 6.200709077178122243e+03 4.513495027795845999e+03 2.041816311613210422e-01 1.138107686016745356e+04 7.686075133495201485e-26 5.473189988717341603e-26 2.872567816245875114e-26 2.865434742145934743e-01 5.966581148578664621e-26 1.000000000000000000e+00 0.000000000000000000e+00 0.000000000000000000e+00 0.000000000000000000e+00 1.000000000000000000e+00 1.000000000000000000e+10 0.000000000000000000e+00 0.000000000000000000e+00 0.000000000000000000e+00 1.000000000000000000e+10
4.997521788524898756e-02 9.099255424306664281e+03 4.047484817674974693e+03 3.472930491002670351e+03 1.977235031656120190e-01 8.426578021794073720e+03 6.367050461950547976e-26 5.520191232672923865e-26 2.305943255392377420e-26 2.997422223200986724e-01 4.746466478021294284e-26 1.000000000000000000e+00 0.000000000000000000e+00 0.000000000000000000e+00 0.000000000000000000e+00 1.000000000000000000e+00 1.000000000000000000e+10 0.000000000000000000e+00 0.000000000000000000e+00 0.000000000000000000e+00 1.000000000000000000e+10
5.763587575980636674e-02 6.753496602545821588e+03 3.433265292995989512e+03 2.128168924436630277e+03 1.915771735859842229e-01 6.027858706272478230e+03 4.940809044851763396e-26 4.552555324413681469e-26 1.754430392201272817e-26 2.890216197017914102e-01 3.815546465506017139e-26 1.000000000000000000e+00 0.000000000000000000e+00 0.000000000000000000e+00 0.000000000000000000e+00 1.000000000000000000e+00 1.000000000000000000e+10 0.000000000000000000e+00 0.000000000000000000e+00 0.000000000000000000e+00 1.000000000000000000e+10
6.647082924635627776e-02 5.074174919483155463e+03 2.080021483142260877e+03 1.567013729033778418e+03 1.719688260605413965e-01 4.765280651551278424e+03 3.863179685710657150e-26 3.178866387029212598e-26 1.250775536727471933e-26 2.856589617747727905e-01 2.890472035951031050e-26 1.000000000000000000e+00 0.000000000000000000e+00 0.000000000000000000e+00 0.000000000000000000e+00 1.000000000000000000e+00 1.000000000000000000e+10 0.000000000000000000e+00 0.000000000000000000e+00 0.000000000000000000e+00 1.000000000000000000e+10
7.666008510240249207e-02 3.891939157723398694e+03 1.627418338278637748e+03 1.227044830944393198e+03 1.636304885442478596e-01 3.684186553783601084e+03 2.927621358177482099e-26 2.497258545747382375e-26 1.084686848690427984e-26 2.830874642768446692e-01 2.244765550928591720e-26 1.000000000000000000e+00 0.000000000000000000e+00 0.000000000000000000e+00 0.000000000000000000e+00 1.000000000000000000e+00 1.000000000000000000e+10 0.000000000000000000e+00 0.000000000000000000e+00 0.000000000000000000e+00 1.000000000000000000e+10
8.841124316543315376e-02 3.072262562570831960e+03 1.306886360534314008e+03 8.482332053793484192e+02 1.549800416312107354e-01 2.884623768205690794e+03 2.208560600852915634e-26 1.955627557848612677e-26 7.965640259916047624e-27 2.858641219610906781e-01 1.698630944096712795e-26 1.000000000000000000e+00 0.000000000000000000e+00 0.000000000000000000e+00 0.000000000000000000e+00 1.000000000000000000e+00 1.000000000000000000e+10 0.000000000000000000e+00 0.000000000000000000e+00 0.000000000000000000e+00 1.000000000000000000e+10
1.019637260722580097e-01 2.441326263106982879e+03 1.054027554239034089e+03 6.852021009643160596e+02 1.613616661299250299e-01 2.305928531524217760e+03 1.666443746967978894e-26 1.488475010049291641e-26 5.881421772074237279e-27 2.963797138831923417e-01 1.252285806831804266e-26 1.000000000000000000e+00 0.000000000000000000e+00 0.000000000000000000e+00 0.000000000000000000e+00 1.000000000000000000e+00 1.000000000000000000e+10 0.000000000000000000e+00 0.000000000000000000e+00 0.000000000000000000e+00 1.000000000000000000e+10
1.175936573483598035e-01 1.962083837086563335e+03 9.765587435541137893e+02 5.089156440561896488e+02 1.700445134366986577e-01 1.755376710236169856e+03 1.260253603040974410e-26 1.135024345580566057e-26 4.457886167166107919e-27 3.076099479788718671e-01 9.381012817794667917e-27 1.000000000000000000e+00 0.000000000000000000e+00 0.000000000000000000e+00 0.000000000000000000e+00 1.000000000000000000e+00 1.000000000000000000e+10 0.000000000000000000e+00 0.000000000000000000e+00 0.000000000000000000e+00 1.000000000000000000e+10
1.356194872553388164e-01 1.543090379817907433e+03 7.980541375400475772e+02 4.716613213178278556e+02 1.788757945245502967e-01 1.390692415013693790e+03 9.378301257972825896e-27 7.673222223372738915e-27 3.112205032076987726e-27 3.207323698374113796e-01 6.482339353383061990e-27 1.000000000000000000e+00 0.000000000000000000e+00 0.000000000000000000e+00 0.000000000000000000e+00 1.000000000000000000e+00 1.000000000000000000e+10 0.000000000000000000e+00 0.000000000000000000e+00 0.000000000000000000e+00 1.000000000000000000e+10
1.564084810196403053e-01 1.188577700686636717e+03 4.909419839111087640e+02 3.889686172326858014e+02 1.788330491197800409e-01 1.103837813579164958e+03 7.126371458133696326e-27 5.481828824566012100e-27 2.628563087139918076e-27 3.412752416384368104e-01 5.009508579043735632e-27 1.000000000000000000e+00 0.000000000000000000e+00 0.000000000000000000e+00 0.000000000000000000e+00 1.000000000000000000e+00 1.000000000000000000e+10 0.000000000000000000e+00 0.000000000000000000e+00 0.000000000000000000e+00 1.000000000000000000e+10
1.803842016362447453e-01 8.861195031931340509e+02 3.886304804517546927e+02 2.825699124386075027e+02 1.755322347268121752e-01 8.331495716696263116e+02 5.383278079457554998e-27 4.583865845817971069e-27 1.820494675242873263e-27 3.629292031109366268e-01 3.423560014324068949e-27 1.000000000000000000e+00 0.000000000000000000e+00 0.000000000000000000e+00 0.000000000000000000e+00 1.000000000000000000e+00 1.000000000000000000e+10 0.000000000000000000e+00 0.000000000000000000e+00 0.000000000000000000e+00 1.000000000000000000e+10
2.080351397048574025e-01 6.708094026826254321e+02 3.145887601269697598e+02 2.169271152022560614e+02 1.807849929722074867e-01 6.114050194809389041e+02 4.141118103910298348e-27 3.355259877670145535e-27 1.234724056477981326e-27 3.890870624435757152e-01 2.330423282879560009e-27 1.000000000000000000e+00 0.000000000000000000e+00 0.000000000000000000e+00 0.000000000000000000e+00 1.000000000000000000e+00 1.000000000000000000e+10 0.000000000000000000e+00 0.000000000000000000e+00 0.000000000000000000e+00 1.000000000000000000e+10
2.399246661262133540e-01 4.928558389158990281e+02 2.389184574021379603e+02 1.573525587379290300e+02 1.851245353064584209e-01 4.458174985170154514e+02 3.157764174226422604e-27 2.675697957065374509e-27 9.507551100562154110e-28 4.198568929506790171e-01 1.661589865399974423e-27 1.000000000000000000e+00 0.000000000000000000e+00 0.000000000000000000e+00 0.000000000000000000e+00 1.000000000000000000e+00 1.000000000000000000e+10 0.000000000000000000e+00 0.000000000000000000e+00 0.000000000000000000e+00 1.000000000000000000e+10
2.767025104385807399e-01 3.642952257983623099e+02 1.701911585955715509e+02 1.249834116273449638e+02 1.975330284134925452e-01 3.299546585584384957e+02 2.444115680618603141e-27 2.028060699283826688e-27 6.977654448144615543e-28 4.519670434968346417e-01 1.126139760706991787e-27 1.000000000000000000e+00 0.000000000000000000e+00 0.000000000000000000e+00 0.000000000000000000e+00 1.000000000000000000e+00 1.000000000000000000e+10 0.000000000000000000e+00 0.000000000000000000e+00 0.000000000000000000e+00 1.000000000000000000e+10
3.191179986585286343e-01 2.643458398528693465e+02 1.500719948459444879e+02 8.410800979250691967e+01 2.013591018923083231e-01 2.287929735518798395e+02 1.965613548994185318e-27 1.716576400664532127e-27 4.173975634138408218e-28 4.876853556936602829e-01 6.772137600721029819e-28 1.000000000000000000e+00 0.000000000000000000e+00 0.000000000000000000e+00 0.000000000000000000e+00 1.000000000000000000e+00 1.000000000000000000e+10 0.000000000000000000e+00 0.000000000000000000e+00 0.000000000000000000e+00 1.000000000000000000e+10
3.680353203388414540e-01 2.046057549639220099e+02 1.309872737242816356e+02 6.482311385692669603e+01 2.256903079783880717e-01 1.714897033294041648e+02 1.659602141856550560e-27 1.420730843867042301e-27 2.798162192086705460e-28 5.322053138153007845e-01 4.462254767332019644e-28 1.000000000000000000e+00 0.000000000000000000e+00 0.000000000000000000e+00 0.000000000000000000e+00 1.000000000000000000e+00 1.000000000000000000e+10 0.000000000000000000e+00 0.000000000000000000e+00 0.000000000000000000e+00 1.000000000000000000e+10
4.244511359005219142e-01 1.579571423000867867e+02 1.148263673441288262e+02 4.587210326668868277e+01 2.439739822171203554e-01 1.243218955975678028e+02 1.474425731866828695e-27 1.223454977622562157e-27 2.129544498364421625e-28 5.858783304746069120e-01 3.261458095529308637e-28 1.000000000000000000e+00 0.000000000000000000e+00 0.000000000000000000e+00 0.000000000000000000e+00 1.000000000000000000e+00 1.000000000000000000e+10 0.000000000000000000e+00 0.000000000000000000e+00 0.000000000000000000e+00 1.000000000000000000e+10
4.895148829774688681e-01 1.262622191437105670e+02 9.956271166605239387e+01 3.224467406416261639e+01 2.707109604427345162e-01 8.871034312299300950e+01 1.353481978929830699e-27 1.226985354080892682e-27 1.545989964762104760e-28 6.471416040490072241e-01 2.264741547508306531e-28 1.000000000000000000e+00 0.000000000000000000e+00 0.000000000000000000e+00 0.000000000000000000e+00 1.000000000000000000e+00 1.000000000000000000e+10 0.000000000000000000e+00 0.000000000000000000e+00 0.000000000000000000e+00 1.000000000000000000e+10
5.645521955031491679e-01 1.032945661751999893e+02 8.490095667872016350e+01 2.979573456343196369e+01 2.952905772586136846e-01 6.929828855330451631e+01 1.283551753858429863e-27 1.239049223990475182e-27 1.019494905929911805e-28 7.089120150599276249e-01 1.477740210581164896e-28 1.000000000000000000e+00 0.000000000000000000e+00 0.000000000000000000e+00 0.000000000000000000e+00 1.000000000000000000e+00 1.000000000000000000e+10 0.000000000000000000e+00 0.000000000000000000e+00 0.000000000000000000e+00 1.000000000000000000e+10
6.510919126887823039e-01 8.887186800593958935e+01 1.004066848317821297e+02 2.456567470858092150e+01 3.195869745348743907e-01 5.652005207696539912e+01 1.300185517513780773e-27 1.364021083462410082e-27 9.114241682014926829e-29 7.659693367146935827e-01 1.241678955227855763e-28 1.000000000000000000e+00 0.000000000000000000e+00 0.000000000000000000e+00 0.000000000000000000e+00 1.000000000000000000e+00 1.000000000000000000e+10 0.000000000000000000e+00 0.000000000000000000e+00 0.000000000000000000e+00 1.000000000000000000e+10
7.508972281844089602e-01 7.919224951056853001e+01 8.709519276988876868e+01 2.029858856059227890e+01 3.366641165237196920e-01 4.733654145754499609e+01 1.372298207482299705e-27 1.229472716071494811e-27 7.141408718169460351e-29 8.215615240673597164e-01 9.618092556847257401e-29 1.000000000000000000e+00 0.000000000000000000e+00 0.000000000000000000e+00 0.000000000000000000e+00 1.000000000000000000e+00 1.000000000000000000e+10 0.000000000000000000e+00 0.000000000000000000e+00 0.000000000000000000e+00 1.000000000000000000e+10
8.660016140678794550e-01 6.951520783884217281e+01 7.338059209470398514e+01 1.879347517075962060e+01 3.432875998731389489e-01 4.203051290761025172e+01 1.529161493800366927e-27 1.115397782394147425e-27 7.726675210524900879e-29 8.641496146311691273e-01 9.399368978157670052e-29 1.000000000000000000e+00 0.000000000000000000e+00 0.000000000000000000e+00 0.000000000000000000e+00 1.000000000000000000e+00 1.000000000000000000e+10 0.000000000000000000e+00 0.000000000000000000e+00 0.000000000000000000e+00 1.000000000000000000e+10
9.987502515910116063e-01 6.523256603342096582e+01 6.827193254668851807e+01 1.709662435306269046e+01 3.574906098041322200e-01 3.687071932036991484e+01 1.851138667028289455e-27 1.117367654019378966e-27 7.256286002365157229e-29 9.027243507631378394e-01 8.454902165246437038e-29 1.000000000000000000e+00 0.000000000000000000e+00 0.000000000000000000e+00 0.000000000000000000e+00 1.000000000000000000e+00 1.000000000000000000e+10 0.000000000000000000e+00 0.000000000000000000e+00 0.000000000000000000e+00 1.000000000000000000e+10
1.151847812808953542e+00 6.185329789000255829e+01 6.494593991126625099e+01 1.656939766146268411e+01 3.662200533870644814e-01 3.469517491204416615e+01 2.486101669875553946e-27 1.182416565913695097e-27 9.200083291548609976e-29 9.290458942509924878e-01 1.044924226082198476e-28 1.000000000000000000e+00 0.000000000000000000e+00 0.000000000000000000e+00 0.000000000000000000e+00 1.000000000000000000e+00 1.000000000000000000e+10 0.000000000000000000e+00 0.000000000000000000e+00 0.000000000000000000e+00 1.000000000000000000e+10
1.328413566614123908e+00 5.820599087889476664e+01 5.041823132672988095e+01 1.527323055082691283e+01 3.640732489170090957e-01 3.165618539544725252e+01 3.472174624515796227e-27 1.029420030308962499e-27 8.991513195102124722e-29 9.454913759849712385e-01 1.012530872318572764e-28 1.000000000000000000e+00 0.000000000000000000e+00 0.000000000000000000e+00 0.000000000000000000e+00 1.000000000000000000e+00 1.000000000000000000e+10 0.000000000000000000e+00 0.000000000000000000e+00 0.000000000000000000e+00 1.000000000000000000e+10
1.532044931926391351e+00 5.592420518754013870e+01 4.479247274407642720e+01 1.577254923673548603e+01 3.599732182520890555e-01 3.086247721370953201e+01 3.848194600312970353e-27 7.299306357943089357e-28 1.008178999868798998e-28 9.480817954111105950e-01 1.126921100646396192e-28 1.000000000000000000e+00 0.000000000000000000e+00 0.000000000000000000e+00 0.000000000000000000e+00 1.000000000000000000e+00 1.000000000000000000e+10 0.000000000000000000e+00 0.000000000000000000e+00 0.000000000000000000e+00 1.000000000000000000e+10
1.766890772896739126e+00 5.081592491624714825e+01 3.526092309294155314e+01 1.489977939056642064e+01 3.496968057579939448e-01 2.939448094526656519e+01 3.234328065790357482e-27 7.098137413977479051e-28 1.109492926055625856e-28 9.191890487952245614e-01 1.251102817153079330e-28 1.000000000000000000e+00 0.000000000000000000e+00 0.000000000000000000e+00 0.000000000000000000e+00 1.000000000000000000e+00 1.000000000000000000e+10 0.000000000000000000e+00 0.000000000000000000e+00 0.000000000000000000e+00 1.000000000000000000e+10
2.037735929469222107e+00 4.286229531611402166e+01 2.987754198665601990e+01 1.344561832511335986e+01 3.341184038881069296e-01 2.745726814530713256e+01 2.089569784676445229e-27 5.971803250700830818e-28 9.778374002937326349e-29 8.960563413878501748e-01 1.128663718485051448e-28 1.000000000000000000e+00 0.000000000000000000e+00 0.000000000000000000e+00 0.000000000000000000e+00 1.000000000000000000e+00 1.000000000000000000e+10 0.000000000000000000e+00 0.000000000000000000e+00 0.000000000000000000e+00 1.000000000000000000e+10
2.350098705559579226e+00 3.772957771956292561e+01 2.967140668451434848e+01 1.401774603497971583e+01 3.148630888749062717e-01 2.698057927388662947e+01 1.575720820555560435e-27 6.442739274505463252e-28 1.246108304417158343e-28 8.899577942040716172e-01 1.392889369288091745e-28 1.000000000000000000e+00 0.000000000000000000e+00 0.000000000000000000e+00 0.000000000000000000e+00 1.000000000000000000e+00 1.000000000000000000e+10 0.000000000000000000e+00 0.000000000000000000e+00 0.000000000000000000e+00 1.000000000000000000e+10
