# R (Mpc), mean rho (Msol/kpc^3), errup (Msol/kpc^3), errlow, std, median rho (Msol/kpc^3), mean pth (Msol/kpc/s^2), errup(Msol/kpc/s^2), errlow, std, median pth (Msol/kpc/s^2), mean gas-mass-weighted metal (fraction), errup, errlow, std, median metal, mean gas-mass-weighted temp (K), errup, errlow, std, median temp  
#  nprofs 398, mean mh 213987861547.534302, median mh 204515258204.722046 
#  Mass range 11.00 - 11.5
1.040961082911032697e-02 1.132230157607913570e+05 6.501570666728413198e+04 4.484198571525499574e+04 2.500545798914031170e-01 1.023373523623151996e+05 8.167237498811881398e-26 8.696410904412718950e-26 1.186545734508048190e-26 5.051219551578615130e-01 2.620483016919021213e-26 1.000000000000000000e+00 0.000000000000000000e+00 0.000000000000000000e+00 0.000000000000000000e+00 1.000000000000000000e+00 1.000000000000000000e+10 0.000000000000000000e+00 0.000000000000000000e+00 0.000000000000000000e+00 1.000000000000000000e+10
1.200529105910367808e-02 8.567604549659170152e+04 5.241917595793708460e+04 3.202291137730600894e+04 2.564487492907323585e-01 7.511343750971462578e+04 6.983113681962864059e-26 8.458610754558392735e-26 1.529765444174608925e-26 4.721738542023984908e-01 2.864226349152018575e-26 1.000000000000000000e+00 0.000000000000000000e+00 0.000000000000000000e+00 0.000000000000000000e+00 1.000000000000000000e+00 1.000000000000000000e+10 0.000000000000000000e+00 0.000000000000000000e+00 0.000000000000000000e+00 1.000000000000000000e+10
1.384557172980430476e-02 6.689741755254787859e+04 4.241139570199541049e+04 2.796553234293273999e+04 2.659858603514118069e-01 5.898827621857552731e+04 6.145152334843778289e-26 7.812629805451923635e-26 1.644129723716176577e-26 4.300595526653369638e-01 3.180539867135357417e-26 1.000000000000000000e+00 0.000000000000000000e+00 0.000000000000000000e+00 0.000000000000000000e+00 1.000000000000000000e+00 1.000000000000000000e+10 0.000000000000000000e+00 0.000000000000000000e+00 0.000000000000000000e+00 1.000000000000000000e+10
1.596794743096121086e-02 5.128893149077670387e+04 3.321207172143358184e+04 1.913257703295224201e+04 2.791751412700685941e-01 4.257137775266184326e+04 5.114601960249954022e-26 5.058680351901718542e-26 1.699214265396237419e-26 3.827838331809764183e-01 3.090785378368529806e-26 1.000000000000000000e+00 0.000000000000000000e+00 0.000000000000000000e+00 0.000000000000000000e+00 1.000000000000000000e+00 1.000000000000000000e+10 0.000000000000000000e+00 0.000000000000000000e+00 0.000000000000000000e+00 1.000000000000000000e+10
1.841566026551830909e-02 3.828237151769845514e+04 2.976224022262502331e+04 1.552794012176065007e+04 2.832460040300502913e-01 3.229896879767779683e+04 4.581761977464884313e-26 4.264011080694659585e-26 1.788864124381733555e-26 3.565350933392708033e-01 3.207126798151634336e-26 1.000000000000000000e+00 0.000000000000000000e+00 0.000000000000000000e+00 0.000000000000000000e+00 1.000000000000000000e+00 1.000000000000000000e+10 0.000000000000000000e+00 0.000000000000000000e+00 0.000000000000000000e+00 1.000000000000000000e+10
2.123858088093512342e-02 2.718713267148619343e+04 2.128501389113491678e+04 1.082455002358858837e+04 2.981927405507384665e-01 2.200234191925821870e+04 3.932020154191406887e-26 3.491321790726022135e-26 1.466301415953290411e-26 3.325720371963949429e-01 2.891848139882009913e-26 1.000000000000000000e+00 0.000000000000000000e+00 0.000000000000000000e+00 0.000000000000000000e+00 1.000000000000000000e+00 1.000000000000000000e+10 0.000000000000000000e+00 0.000000000000000000e+00 0.000000000000000000e+00 1.000000000000000000e+10
2.449422455303571639e-02 1.825605882228515111e+04 1.500922444620064925e+04 7.302516393369228354e+03 3.158344257200794702e-01 1.469395039703130897e+04 3.050063580075934828e-26 2.062494458494353921e-26 1.137987740910294534e-26 2.745152474924791308e-01 2.483513051418499029e-26 1.000000000000000000e+00 0.000000000000000000e+00 0.000000000000000000e+00 0.000000000000000000e+00 1.000000000000000000e+00 1.000000000000000000e+10 0.000000000000000000e+00 0.000000000000000000e+00 0.000000000000000000e+00 1.000000000000000000e+10
2.824892302447100725e-02 1.205328607396472944e+04 9.880832580610356672e+03 4.976310040933712116e+03 2.954458310158689649e-01 9.760535906977147533e+03 2.632660038034856205e-26 1.667673920419247258e-26 1.091147053738186607e-26 2.556204334421227076e-01 2.285785666740059492e-26 1.000000000000000000e+00 0.000000000000000000e+00 0.000000000000000000e+00 0.000000000000000000e+00 1.000000000000000000e+00 1.000000000000000000e+10 0.000000000000000000e+00 0.000000000000000000e+00 0.000000000000000000e+00 1.000000000000000000e+10
3.257917597328415654e-02 7.617094694990194512e+03 4.921143662444641450e+03 2.857061203640715121e+03 2.708226367633962406e-01 6.359667320635859141e+03 2.232536047673845159e-26 1.367255311072935971e-26 8.589121184611357647e-27 2.530943970329633808e-01 1.913355930000921876e-26 1.000000000000000000e+00 0.000000000000000000e+00 0.000000000000000000e+00 0.000000000000000000e+00 1.000000000000000000e+00 1.000000000000000000e+10 0.000000000000000000e+00 0.000000000000000000e+00 0.000000000000000000e+00 1.000000000000000000e+10
3.757320964692217186e-02 5.053526396581618428e+03 3.455077466820698646e+03 1.702551635264004744e+03 2.495822887320579553e-01 4.230374682813747313e+03 1.820717440958251389e-26 1.016809241032960458e-26 6.581705518073017120e-27 2.408614608837498505e-01 1.604153272069266999e-26 1.000000000000000000e+00 0.000000000000000000e+00 0.000000000000000000e+00 0.000000000000000000e+00 1.000000000000000000e+00 1.000000000000000000e+10 0.000000000000000000e+00 0.000000000000000000e+00 0.000000000000000000e+00 1.000000000000000000e+10
4.333277441790538143e-02 3.499419245209256587e+03 1.857465480172794742e+03 1.239597047606921478e+03 2.193042247627532970e-01 3.149275811443390012e+03 1.481735880937310221e-26 9.295746677603360225e-27 5.485189901687250303e-27 2.427425182555488781e-01 1.282338422427680381e-26 1.000000000000000000e+00 0.000000000000000000e+00 0.000000000000000000e+00 0.000000000000000000e+00 1.000000000000000000e+00 1.000000000000000000e+10 0.000000000000000000e+00 0.000000000000000000e+00 0.000000000000000000e+00 1.000000000000000000e+10
4.997521788524898756e-02 2.543416963365826177e+03 1.289230375058804384e+03 8.259941306980272202e+02 2.075861394774969892e-01 2.315968835805234448e+03 1.193947627587704209e-26 6.904285506761969432e-27 4.398718435253195354e-27 2.472323668240799521e-01 1.024177107672263999e-26 1.000000000000000000e+00 0.000000000000000000e+00 0.000000000000000000e+00 0.000000000000000000e+00 1.000000000000000000e+00 1.000000000000000000e+10 0.000000000000000000e+00 0.000000000000000000e+00 0.000000000000000000e+00 1.000000000000000000e+10
5.763587575980636674e-02 2.022655763687145281e+03 9.847400691540353819e+02 6.609814550645166946e+02 2.016473944233188043e-01 1.875054282209673374e+03 9.629986444717153902e-27 5.983054770385377177e-27 3.310695876645148338e-27 2.531599303682514068e-01 7.922030374966316736e-27 1.000000000000000000e+00 0.000000000000000000e+00 0.000000000000000000e+00 0.000000000000000000e+00 1.000000000000000000e+00 1.000000000000000000e+10 0.000000000000000000e+00 0.000000000000000000e+00 0.000000000000000000e+00 1.000000000000000000e+10
6.647082924635627776e-02 1.641121503387933444e+03 8.509047187297369419e+02 5.372450174765876909e+02 1.887861730507534863e-01 1.495132668432383070e+03 7.746957981623192071e-27 5.396139391916838472e-27 3.061867824914129135e-27 2.613299591536860089e-01 6.577507654144258710e-27 1.000000000000000000e+00 0.000000000000000000e+00 0.000000000000000000e+00 0.000000000000000000e+00 1.000000000000000000e+00 1.000000000000000000e+10 0.000000000000000000e+00 0.000000000000000000e+00 0.000000000000000000e+00 1.000000000000000000e+10
7.666008510240249207e-02 1.283555785214938624e+03 5.312501833973581142e+02 4.841879266724522495e+02 1.892812420088491876e-01 1.232965715217354500e+03 6.063024935279326026e-27 3.534257843151775784e-27 2.393197106273610105e-27 2.842980794738949601e-01 4.951862682281888608e-27 1.000000000000000000e+00 0.000000000000000000e+00 0.000000000000000000e+00 0.000000000000000000e+00 1.000000000000000000e+00 1.000000000000000000e+10 0.000000000000000000e+00 0.000000000000000000e+00 0.000000000000000000e+00 1.000000000000000000e+10
8.841124316543315376e-02 1.032087872320051019e+03 4.608316911719643940e+02 3.617762811256159239e+02 1.810804553437625197e-01 9.736529321307893952e+02 4.785390363544879830e-27 3.384065316934861319e-27 1.884827158441022204e-27 3.006651839785376423e-01 3.679674928738803096e-27 1.000000000000000000e+00 0.000000000000000000e+00 0.000000000000000000e+00 0.000000000000000000e+00 1.000000000000000000e+00 1.000000000000000000e+10 0.000000000000000000e+00 0.000000000000000000e+00 0.000000000000000000e+00 1.000000000000000000e+10
1.019637260722580097e-01 8.163229875702676281e+02 3.239123582364652520e+02 2.909670531078397744e+02 1.751536052064353588e-01 7.799275094194342728e+02 3.719580203469008070e-27 2.593859042893010250e-27 1.405103629266855834e-27 3.206712040444716361e-01 2.718934156566955392e-27 1.000000000000000000e+00 0.000000000000000000e+00 0.000000000000000000e+00 0.000000000000000000e+00 1.000000000000000000e+00 1.000000000000000000e+10 0.000000000000000000e+00 0.000000000000000000e+00 0.000000000000000000e+00 1.000000000000000000e+10
1.175936573483598035e-01 6.461179411133388157e+02 2.928791004114169709e+02 1.973407965498626595e+02 1.794482325133514855e-01 5.886332514425600948e+02 2.959885758056581340e-27 2.372826608080390090e-27 1.064248603063073886e-27 3.533230871864112554e-01 1.924233306310974392e-27 1.000000000000000000e+00 0.000000000000000000e+00 0.000000000000000000e+00 0.000000000000000000e+00 1.000000000000000000e+00 1.000000000000000000e+10 0.000000000000000000e+00 0.000000000000000000e+00 0.000000000000000000e+00 1.000000000000000000e+10
1.356194872553388164e-01 5.188988557719908385e+02 2.518757223301769272e+02 1.698850054797149483e+02 1.900495478702673990e-01 4.719405614928945170e+02 2.360860045509038196e-27 2.229472230514886243e-27 7.052954568266523588e-28 3.865111278457425414e-01 1.324039858324167460e-27 1.000000000000000000e+00 0.000000000000000000e+00 0.000000000000000000e+00 0.000000000000000000e+00 1.000000000000000000e+00 1.000000000000000000e+10 0.000000000000000000e+00 0.000000000000000000e+00 0.000000000000000000e+00 1.000000000000000000e+10
1.564084810196403053e-01 4.089866890807987261e+02 2.123700503472439891e+02 1.307722526383531942e+02 1.936528541570088635e-01 3.616244096293425514e+02 1.971940959223266692e-27 1.969486683765134367e-27 5.703185396319120701e-28 4.276593351408626287e-01 9.734725863700980759e-28 1.000000000000000000e+00 0.000000000000000000e+00 0.000000000000000000e+00 0.000000000000000000e+00 1.000000000000000000e+00 1.000000000000000000e+10 0.000000000000000000e+00 0.000000000000000000e+00 0.000000000000000000e+00 1.000000000000000000e+10
1.803842016362447453e-01 3.209460347813316616e+02 1.706480916776467893e+02 1.052718114303185644e+02 2.069492371388616248e-01 2.831110920285019006e+02 1.656142338145273514e-27 1.690857708129548029e-27 4.156859557806089513e-28 4.753357020480720729e-01 6.989927445127657780e-28 1.000000000000000000e+00 0.000000000000000000e+00 0.000000000000000000e+00 0.000000000000000000e+00 1.000000000000000000e+00 1.000000000000000000e+10 0.000000000000000000e+00 0.000000000000000000e+00 0.000000000000000000e+00 1.000000000000000000e+10
2.080351397048574025e-01 2.573078363237661961e+02 1.556245945385331879e+02 8.342358973651727183e+01 2.214345677209478003e-01 2.178511848461507157e+02 1.473433200860969285e-27 1.620664291667471928e-27 3.200048283758277140e-28 5.257222031843293841e-01 5.000849501263791514e-28 1.000000000000000000e+00 0.000000000000000000e+00 0.000000000000000000e+00 0.000000000000000000e+00 1.000000000000000000e+00 1.000000000000000000e+10 0.000000000000000000e+00 0.000000000000000000e+00 0.000000000000000000e+00 1.000000000000000000e+10
2.399246661262133540e-01 2.090049501229083546e+02 1.432606799337554264e+02 6.652973820432255536e+01 2.410738878916317551e-01 1.657356562090119212e+02 1.312316201972884882e-27 1.546200434093019238e-27 2.393781569885639393e-28 5.746074480981202548e-01 3.585542973952250881e-28 1.000000000000000000e+00 0.000000000000000000e+00 0.000000000000000000e+00 0.000000000000000000e+00 1.000000000000000000e+00 1.000000000000000000e+10 0.000000000000000000e+00 0.000000000000000000e+00 0.000000000000000000e+00 1.000000000000000000e+10
2.767025104385807399e-01 1.737830367860112233e+02 1.229622059901373632e+02 4.901172905713039540e+01 2.655373699175864188e-01 1.272210891172370850e+02 1.222581895714119075e-27 1.292412525349651950e-27 1.868108480394821980e-28 6.270698510261698555e-01 2.701237578213025186e-28 1.000000000000000000e+00 0.000000000000000000e+00 0.000000000000000000e+00 0.000000000000000000e+00 1.000000000000000000e+00 1.000000000000000000e+10 0.000000000000000000e+00 0.000000000000000000e+00 0.000000000000000000e+00 1.000000000000000000e+10
3.191179986585286343e-01 1.454603999070100713e+02 1.117882712488815287e+02 4.014306660638022350e+01 2.860289447055911483e-01 1.007478182933879225e+02 1.145472081454586646e-27 1.106505760728245348e-27 1.464816414463172618e-28 6.709239762200713830e-01 2.039078483147598796e-28 1.000000000000000000e+00 0.000000000000000000e+00 0.000000000000000000e+00 0.000000000000000000e+00 1.000000000000000000e+00 1.000000000000000000e+10 0.000000000000000000e+00 0.000000000000000000e+00 0.000000000000000000e+00 1.000000000000000000e+10
3.680353203388414540e-01 1.197988922922841795e+02 1.137688323101397145e+02 2.907887241525918398e+01 3.063588800213107310e-01 7.620019440412221456e+01 1.101102678144218194e-27 1.148066903033997758e-27 1.193699257648466566e-28 7.204178045715234902e-01 1.598514173435597557e-28 1.000000000000000000e+00 0.000000000000000000e+00 0.000000000000000000e+00 0.000000000000000000e+00 1.000000000000000000e+00 1.000000000000000000e+10 0.000000000000000000e+00 0.000000000000000000e+00 0.000000000000000000e+00 1.000000000000000000e+10
4.244511359005219142e-01 9.866002506821978102e+01 9.476931964616227333e+01 2.569488677997919979e+01 3.184518514716721538e-01 6.116264982600313260e+01 1.049369147039836083e-27 1.047514619399407592e-27 9.880256449815003051e-29 7.698860469539396956e-01 1.279265715809005048e-28 1.000000000000000000e+00 0.000000000000000000e+00 0.000000000000000000e+00 0.000000000000000000e+00 1.000000000000000000e+00 1.000000000000000000e+10 0.000000000000000000e+00 0.000000000000000000e+00 0.000000000000000000e+00 1.000000000000000000e+10
4.895148829774688681e-01 8.625562894408072623e+01 7.555885877926039029e+01 2.399347890864293475e+01 3.356663335267514037e-01 5.266240424480531601e+01 1.064007407486178527e-27 9.855439367924433061e-28 8.944017838798047557e-29 8.265226826666762783e-01 1.090567406011864326e-28 1.000000000000000000e+00 0.000000000000000000e+00 0.000000000000000000e+00 0.000000000000000000e+00 1.000000000000000000e+00 1.000000000000000000e+10 0.000000000000000000e+00 0.000000000000000000e+00 0.000000000000000000e+00 1.000000000000000000e+10
5.645521955031491679e-01 7.692032318636449872e+01 7.253802436789095509e+01 2.416045450191185040e+01 3.604916330719396544e-01 4.618883507633574936e+01 1.082651529812102920e-27 1.018701550848770223e-27 8.580391731051650195e-29 8.934019155702435100e-01 9.856672912281041939e-29 1.000000000000000000e+00 0.000000000000000000e+00 0.000000000000000000e+00 0.000000000000000000e+00 1.000000000000000000e+00 1.000000000000000000e+10 0.000000000000000000e+00 0.000000000000000000e+00 0.000000000000000000e+00 1.000000000000000000e+10
6.510919126887823039e-01 6.769094455964595625e+01 7.282876563323020491e+01 2.083747026295035099e+01 3.736631094913542839e-01 3.979096026739023984e+01 1.190495278629877454e-27 1.197640367582970503e-27 7.690944643505753614e-29 9.595347313521096488e-01 8.734515598192077236e-29 1.000000000000000000e+00 0.000000000000000000e+00 0.000000000000000000e+00 0.000000000000000000e+00 1.000000000000000000e+00 1.000000000000000000e+10 0.000000000000000000e+00 0.000000000000000000e+00 0.000000000000000000e+00 1.000000000000000000e+10
7.508972281844089602e-01 6.451582094193318540e+01 6.955288248557560848e+01 2.145420741264762299e+01 3.926756106916944322e-01 3.764534571345845393e+01 1.350418049117025068e-27 1.178350776043425552e-27 8.427651759540084628e-29 1.002741785297838861e+00 9.249958737629623037e-29 1.000000000000000000e+00 0.000000000000000000e+00 0.000000000000000000e+00 0.000000000000000000e+00 1.000000000000000000e+00 1.000000000000000000e+10 0.000000000000000000e+00 0.000000000000000000e+00 0.000000000000000000e+00 1.000000000000000000e+10
8.660016140678794550e-01 5.782462912449901182e+01 6.344533410432622134e+01 1.835280113705658422e+01 3.885286564489593419e-01 3.362866915716148242e+01 1.414632677333246627e-27 9.937118422430092240e-28 7.846854931898165316e-29 1.014616614503807579e+00 8.682458028934421120e-29 1.000000000000000000e+00 0.000000000000000000e+00 0.000000000000000000e+00 0.000000000000000000e+00 1.000000000000000000e+00 1.000000000000000000e+10 0.000000000000000000e+00 0.000000000000000000e+00 0.000000000000000000e+00 1.000000000000000000e+10
9.987502515910116063e-01 5.345334173222351382e+01 5.559893040450781143e+01 1.622514549502703574e+01 3.865820340257627996e-01 3.025791108874591018e+01 1.592446546390576406e-27 1.037458106377545668e-27 7.170799630742651462e-29 1.015331992738436773e+00 7.930535506067969664e-29 1.000000000000000000e+00 0.000000000000000000e+00 0.000000000000000000e+00 0.000000000000000000e+00 1.000000000000000000e+00 1.000000000000000000e+10 0.000000000000000000e+00 0.000000000000000000e+00 0.000000000000000000e+00 1.000000000000000000e+10
1.151847812808953542e+00 4.993179207623338556e+01 4.717348957740728110e+01 1.622589862608418798e+01 3.782251597073698623e-01 2.967568173160250922e+01 1.789367080473536399e-27 9.791160943488528146e-28 7.454812711797097448e-29 9.928241590646545989e-01 8.458700010406996088e-29 1.000000000000000000e+00 0.000000000000000000e+00 0.000000000000000000e+00 0.000000000000000000e+00 1.000000000000000000e+00 1.000000000000000000e+10 0.000000000000000000e+00 0.000000000000000000e+00 0.000000000000000000e+00 1.000000000000000000e+10
1.328413566614123908e+00 4.721352345719313348e+01 4.755244518247633323e+01 1.623713444060262390e+01 3.637970938292179324e-01 2.999484723168622580e+01 2.303473018517705765e-27 1.057566252486381100e-27 7.292590998206570669e-29 9.763601074746475206e-01 8.407655022125687249e-29 1.000000000000000000e+00 0.000000000000000000e+00 0.000000000000000000e+00 0.000000000000000000e+00 1.000000000000000000e+00 1.000000000000000000e+10 0.000000000000000000e+00 0.000000000000000000e+00 0.000000000000000000e+00 1.000000000000000000e+10
1.532044931926391351e+00 4.468520211669778064e+01 3.957161037092414801e+01 1.418103536488319527e+01 3.565704134525251590e-01 2.747019783275132809e+01 3.043216931952754679e-27 8.990422129091409834e-28 9.645188117579928056e-29 9.810686819805123360e-01 1.070989326814333403e-28 1.000000000000000000e+00 0.000000000000000000e+00 0.000000000000000000e+00 0.000000000000000000e+00 1.000000000000000000e+00 1.000000000000000000e+10 0.000000000000000000e+00 0.000000000000000000e+00 0.000000000000000000e+00 1.000000000000000000e+10
1.766890772896739126e+00 4.174469889094943653e+01 3.150222707531630562e+01 1.473656258528275664e+01 3.536230453968786103e-01 2.729308543364449946e+01 2.992176627488695180e-27 7.907941712577345915e-28 1.210421315040033284e-28 9.804778715144879531e-01 1.303941698708340552e-28 1.000000000000000000e+00 0.000000000000000000e+00 0.000000000000000000e+00 0.000000000000000000e+00 1.000000000000000000e+00 1.000000000000000000e+10 0.000000000000000000e+00 0.000000000000000000e+00 0.000000000000000000e+00 1.000000000000000000e+10
2.037735929469222107e+00 3.722940538046911030e+01 2.751962043778347322e+01 1.269017135350277137e+01 3.268301216082546423e-01 2.488587470361648002e+01 2.642113681018958806e-27 6.422459694533505259e-28 1.125171736725655756e-28 9.137074286698557701e-01 1.246660564138742511e-28 1.000000000000000000e+00 0.000000000000000000e+00 0.000000000000000000e+00 0.000000000000000000e+00 1.000000000000000000e+00 1.000000000000000000e+10 0.000000000000000000e+00 0.000000000000000000e+00 0.000000000000000000e+00 1.000000000000000000e+10
2.350098705559579226e+00 3.416435998756602288e+01 2.184481314281388364e+01 1.145022216964681228e+01 3.099433380687502404e-01 2.371775517350707929e+01 2.319136493878005364e-27 5.356346313799241620e-28 1.025524219310852516e-28 8.709887335927728458e-01 1.202972841969008751e-28 1.000000000000000000e+00 0.000000000000000000e+00 0.000000000000000000e+00 0.000000000000000000e+00 1.000000000000000000e+00 1.000000000000000000e+10 0.000000000000000000e+00 0.000000000000000000e+00 0.000000000000000000e+00 1.000000000000000000e+10
