# R (Mpc), mean rho (Msol/kpc^3), errup (Msol/kpc^3), errlow, std, median rho (Msol/kpc^3), mean pth (Msol/kpc/s^2), errup(Msol/kpc/s^2), errlow, std, median pth (Msol/kpc/s^2), mean gas-mass-weighted metal (fraction), errup, errlow, std, median metal, mean gas-mass-weighted temp (K), errup, errlow, std, median temp  
#  nprofs 193, mean mh 542610093896.221191, median mh 488798516355.493774 
#  Mass range 11.50 - 12.0
1.040961082911032697e-02 5.530007805163260782e+05 2.722884085921302321e+05 2.160228401046950603e+05 2.561439123431644149e-01 5.223530692901210277e+05 2.661483219722293575e-25 3.194634431590791518e-25 6.493503794259747670e-26 4.320686042055237874e-01 1.238714201768700130e-25 1.000000000000000000e+00 0.000000000000000000e+00 0.000000000000000000e+00 0.000000000000000000e+00 1.000000000000000000e+00 1.000000000000000000e+10 0.000000000000000000e+00 0.000000000000000000e+00 0.000000000000000000e+00 1.000000000000000000e+10
1.200529105910367808e-02 4.053383296039560810e+05 2.004838348073604284e+05 1.513649296065391391e+05 2.677845186313519421e-01 3.851577192292968975e+05 2.263710952694647883e-25 2.686861819971826108e-25 5.900899314363567658e-26 4.334041990157482260e-01 1.092956855760842578e-25 1.000000000000000000e+00 0.000000000000000000e+00 0.000000000000000000e+00 0.000000000000000000e+00 1.000000000000000000e+00 1.000000000000000000e+10 0.000000000000000000e+00 0.000000000000000000e+00 0.000000000000000000e+00 1.000000000000000000e+10
1.384557172980430476e-02 3.034817301408422063e+05 1.717902443143880810e+05 1.121171277715014876e+05 2.459368379963765838e-01 2.779179782105674967e+05 2.465091687877729770e-25 2.645863916339262880e-25 1.061608835602763829e-25 4.488724214639744914e-01 1.561280132993601972e-25 1.000000000000000000e+00 0.000000000000000000e+00 0.000000000000000000e+00 0.000000000000000000e+00 1.000000000000000000e+00 1.000000000000000000e+10 0.000000000000000000e+00 0.000000000000000000e+00 0.000000000000000000e+00 1.000000000000000000e+10
1.596794743096121086e-02 2.185024243276370689e+05 1.316454086013925844e+05 8.627962702308688313e+04 2.819824486408901154e-01 1.982066885519435164e+05 2.240323049970157509e-25 2.186746144496243131e-25 1.035150245957489366e-25 4.224988431175151771e-01 1.562811282508079015e-25 1.000000000000000000e+00 0.000000000000000000e+00 0.000000000000000000e+00 0.000000000000000000e+00 1.000000000000000000e+00 1.000000000000000000e+10 0.000000000000000000e+00 0.000000000000000000e+00 0.000000000000000000e+00 1.000000000000000000e+10
1.841566026551830909e-02 1.566931163783548400e+05 1.066192250691806839e+05 7.872386356966724270e+04 2.945412882271096211e-01 1.461446415605680377e+05 2.036125873824587813e-25 2.271975350026739024e-25 7.832042013882070725e-26 3.824057653205267249e-01 1.366047498964951332e-25 1.000000000000000000e+00 0.000000000000000000e+00 0.000000000000000000e+00 0.000000000000000000e+00 1.000000000000000000e+00 1.000000000000000000e+10 0.000000000000000000e+00 0.000000000000000000e+00 0.000000000000000000e+00 1.000000000000000000e+10
2.123858088093512342e-02 1.059308301014271419e+05 7.545517463948248769e+04 5.185911133718224301e+04 2.977672441018243688e-01 9.442828128956677392e+04 1.858512768634729123e-25 1.908885472323166606e-25 7.979104599516373957e-26 3.486457303443762368e-01 1.398237302852549968e-25 1.000000000000000000e+00 0.000000000000000000e+00 0.000000000000000000e+00 0.000000000000000000e+00 1.000000000000000000e+00 1.000000000000000000e+10 0.000000000000000000e+00 0.000000000000000000e+00 0.000000000000000000e+00 1.000000000000000000e+10
2.449422455303571639e-02 6.948748443281120853e+04 5.491303611634278059e+04 3.180462991347296338e+04 2.959863725999414275e-01 5.874158210555825644e+04 1.624474778148721734e-25 1.282649614777290236e-25 7.299165002132480135e-26 3.254544629721131122e-01 1.341695473807075712e-25 1.000000000000000000e+00 0.000000000000000000e+00 0.000000000000000000e+00 0.000000000000000000e+00 1.000000000000000000e+00 1.000000000000000000e+10 0.000000000000000000e+00 0.000000000000000000e+00 0.000000000000000000e+00 1.000000000000000000e+10
2.824892302447100725e-02 4.743442108003934118e+04 3.842919214077474317e+04 2.078613438380172011e+04 2.911068346837261678e-01 3.881514839571919583e+04 1.401652723731799854e-25 1.397798017744319923e-25 4.988603831583255605e-26 3.288362770819892589e-01 1.014705819595247045e-25 1.000000000000000000e+00 0.000000000000000000e+00 0.000000000000000000e+00 0.000000000000000000e+00 1.000000000000000000e+00 1.000000000000000000e+10 0.000000000000000000e+00 0.000000000000000000e+00 0.000000000000000000e+00 1.000000000000000000e+10
3.257917597328415654e-02 3.067129926535757477e+04 2.383597257186676143e+04 1.142246131087643334e+04 2.703359205170143276e-01 2.495004969483115565e+04 1.131684143625593143e-25 1.129527882339495764e-25 4.587979201762399728e-26 3.141704329658335793e-01 8.499727393694449723e-26 1.000000000000000000e+00 0.000000000000000000e+00 0.000000000000000000e+00 0.000000000000000000e+00 1.000000000000000000e+00 1.000000000000000000e+10 0.000000000000000000e+00 0.000000000000000000e+00 0.000000000000000000e+00 1.000000000000000000e+10
3.757320964692217186e-02 2.055943620380554785e+04 1.345378350334999232e+04 6.055352545313469818e+03 2.549292979430339279e-01 1.624335110770725987e+04 9.442994244953125191e-26 7.480819521076994570e-26 4.194600228022030497e-26 2.877414010526055388e-01 7.868504807907035379e-26 1.000000000000000000e+00 0.000000000000000000e+00 0.000000000000000000e+00 0.000000000000000000e+00 1.000000000000000000e+00 1.000000000000000000e+10 0.000000000000000000e+00 0.000000000000000000e+00 0.000000000000000000e+00 1.000000000000000000e+10
4.333277441790538143e-02 1.393927144151441826e+04 8.857176842309398126e+03 4.761442725012931987e+03 2.266570635718939963e-01 1.217831237302037152e+04 7.768473617104502614e-26 6.631549730939059710e-26 2.956168494177959684e-26 2.854565295956766335e-01 6.182075738137516258e-26 1.000000000000000000e+00 0.000000000000000000e+00 0.000000000000000000e+00 0.000000000000000000e+00 1.000000000000000000e+00 1.000000000000000000e+10 0.000000000000000000e+00 0.000000000000000000e+00 0.000000000000000000e+00 1.000000000000000000e+10
4.997521788524898756e-02 9.989554810545494547e+03 5.015121101653778169e+03 2.847647827658634924e+03 1.933297524415756585e-01 8.650895463929253310e+03 6.343379609638949895e-26 4.938447978937393194e-26 2.306798222044831790e-26 2.704402572764795232e-01 5.019226058010181804e-26 1.000000000000000000e+00 0.000000000000000000e+00 0.000000000000000000e+00 0.000000000000000000e+00 1.000000000000000000e+00 1.000000000000000000e+10 0.000000000000000000e+00 0.000000000000000000e+00 0.000000000000000000e+00 1.000000000000000000e+10
5.763587575980636674e-02 7.297679899185065551e+03 3.949195014587110563e+03 1.977322749796206153e+03 1.936370234422880587e-01 6.384545612870500918e+03 4.963756047356618427e-26 3.585485548227147884e-26 1.876399790953161692e-26 2.652094693833321748e-01 4.039606808533623171e-26 1.000000000000000000e+00 0.000000000000000000e+00 0.000000000000000000e+00 0.000000000000000000e+00 1.000000000000000000e+00 1.000000000000000000e+10 0.000000000000000000e+00 0.000000000000000000e+00 0.000000000000000000e+00 1.000000000000000000e+10
6.647082924635627776e-02 5.641251151828524598e+03 2.579688801207960751e+03 1.801347906006834819e+03 1.872907760715683267e-01 5.237856019724661564e+03 3.942452472954792902e-26 3.184501701861988339e-26 1.544147798217453103e-26 2.613528402518426885e-01 3.206084641343002698e-26 1.000000000000000000e+00 0.000000000000000000e+00 0.000000000000000000e+00 0.000000000000000000e+00 1.000000000000000000e+00 1.000000000000000000e+10 0.000000000000000000e+00 0.000000000000000000e+00 0.000000000000000000e+00 1.000000000000000000e+10
7.666008510240249207e-02 4.422225268578773466e+03 1.932090560639635896e+03 1.370417723724650841e+03 1.826098195267771840e-01 4.022573014997119117e+03 3.025362345439064477e-26 2.303312602129376261e-26 1.034613799781244583e-26 2.623868755295643562e-01 2.345249220538476379e-26 1.000000000000000000e+00 0.000000000000000000e+00 0.000000000000000000e+00 0.000000000000000000e+00 1.000000000000000000e+00 1.000000000000000000e+10 0.000000000000000000e+00 0.000000000000000000e+00 0.000000000000000000e+00 1.000000000000000000e+10
8.841124316543315376e-02 3.575641527266870071e+03 1.845002890087131163e+03 9.778842947598432147e+02 1.863514282954017443e-01 3.106485495860428273e+03 2.298050974994890293e-26 1.830056508669468332e-26 8.218809985540899378e-27 2.656018480328423137e-01 1.784029291359949718e-26 1.000000000000000000e+00 0.000000000000000000e+00 0.000000000000000000e+00 0.000000000000000000e+00 1.000000000000000000e+00 1.000000000000000000e+10 0.000000000000000000e+00 0.000000000000000000e+00 0.000000000000000000e+00 1.000000000000000000e+10
1.019637260722580097e-01 2.804653912996051531e+03 1.589060910686102034e+03 7.417223541651292180e+02 1.940586851786179623e-01 2.370412820862186891e+03 1.697487266693871831e-26 1.560254860608361338e-26 5.740559610323000213e-27 2.802588661664381364e-01 1.251795135429244203e-26 1.000000000000000000e+00 0.000000000000000000e+00 0.000000000000000000e+00 0.000000000000000000e+00 1.000000000000000000e+00 1.000000000000000000e+10 0.000000000000000000e+00 0.000000000000000000e+00 0.000000000000000000e+00 1.000000000000000000e+10
1.175936573483598035e-01 2.123448532502509352e+03 1.061173756848460471e+03 5.803459209649363402e+02 1.802067733683625217e-01 1.863047899744914048e+03 1.239682726332674170e-26 1.055963303190400294e-26 4.623259882843570585e-27 2.878062541669386132e-01 9.434492180367506306e-27 1.000000000000000000e+00 0.000000000000000000e+00 0.000000000000000000e+00 0.000000000000000000e+00 1.000000000000000000e+00 1.000000000000000000e+10 0.000000000000000000e+00 0.000000000000000000e+00 0.000000000000000000e+00 1.000000000000000000e+10
1.356194872553388164e-01 1.581948140721918435e+03 7.695360628137721051e+02 5.588337685935659920e+02 1.836327251372479319e-01 1.492036018238965653e+03 8.849824114915389947e-27 8.319254002062666467e-27 3.257898652184874651e-27 3.068130374243466796e-01 6.558414688377100455e-27 1.000000000000000000e+00 0.000000000000000000e+00 0.000000000000000000e+00 0.000000000000000000e+00 1.000000000000000000e+00 1.000000000000000000e+10 0.000000000000000000e+00 0.000000000000000000e+00 0.000000000000000000e+00 1.000000000000000000e+10
1.564084810196403053e-01 1.171343101904828700e+03 5.817955791547024091e+02 3.733674277194210163e+02 1.796796143028869253e-01 1.077172009431783181e+03 6.237819991679302104e-27 5.346123544334565386e-27 2.459690594266979224e-27 3.172617271628794255e-01 4.679388566748390510e-27 1.000000000000000000e+00 0.000000000000000000e+00 0.000000000000000000e+00 0.000000000000000000e+00 1.000000000000000000e+00 1.000000000000000000e+10 0.000000000000000000e+00 0.000000000000000000e+00 0.000000000000000000e+00 1.000000000000000000e+10
1.803842016362447453e-01 8.404394409136803006e+02 3.900100955862369574e+02 2.641406331476007381e+02 1.734442810364232868e-01 7.833660367353938909e+02 4.353205342116921330e-27 3.765373742778513475e-27 1.798255097019687863e-27 3.346674425646615769e-01 3.176155266044479314e-27 1.000000000000000000e+00 0.000000000000000000e+00 0.000000000000000000e+00 0.000000000000000000e+00 1.000000000000000000e+00 1.000000000000000000e+10 0.000000000000000000e+00 0.000000000000000000e+00 0.000000000000000000e+00 1.000000000000000000e+10
2.080351397048574025e-01 6.237604455286516441e+02 2.988879698516880126e+02 1.799033286642384724e+02 1.801481078781771716e-01 5.651596399440157938e+02 3.099025226383356012e-27 2.638793516756968199e-27 1.245589467527821462e-27 3.570653019926260385e-01 2.172894256994357325e-27 1.000000000000000000e+00 0.000000000000000000e+00 0.000000000000000000e+00 0.000000000000000000e+00 1.000000000000000000e+00 1.000000000000000000e+10 0.000000000000000000e+00 0.000000000000000000e+00 0.000000000000000000e+00 1.000000000000000000e+10
2.399246661262133540e-01 4.619256232926696271e+02 2.353636135694269456e+02 1.392172390081323101e+02 1.883159957784721061e-01 4.119216948166840098e+02 2.189340429618362267e-27 2.050018704781338071e-27 8.313869073386007156e-28 3.852424065935372011e-01 1.430603232412428231e-27 1.000000000000000000e+00 0.000000000000000000e+00 0.000000000000000000e+00 0.000000000000000000e+00 1.000000000000000000e+00 1.000000000000000000e+10 0.000000000000000000e+00 0.000000000000000000e+00 0.000000000000000000e+00 1.000000000000000000e+10
2.767025104385807399e-01 3.461870033851770359e+02 1.771763056185010896e+02 1.152265185906012448e+02 2.029325835805302070e-01 3.025160712188481398e+02 1.563186988934302823e-27 1.491231330388386161e-27 5.892628811629106117e-28 4.137839145772026495e-01 9.090221670399217034e-28 1.000000000000000000e+00 0.000000000000000000e+00 0.000000000000000000e+00 0.000000000000000000e+00 1.000000000000000000e+00 1.000000000000000000e+10 0.000000000000000000e+00 0.000000000000000000e+00 0.000000000000000000e+00 1.000000000000000000e+10
3.191179986585286343e-01 2.510957390538324319e+02 1.692986632995987861e+02 8.082000198794520429e+01 2.081202396759617435e-01 2.149842502521356664e+02 1.175828304595120655e-27 1.093474442938713368e-27 3.852265641756298349e-28 4.504565835570783494e-01 5.915165617374962316e-28 1.000000000000000000e+00 0.000000000000000000e+00 0.000000000000000000e+00 0.000000000000000000e+00 1.000000000000000000e+00 1.000000000000000000e+10 0.000000000000000000e+00 0.000000000000000000e+00 0.000000000000000000e+00 1.000000000000000000e+10
3.680353203388414540e-01 1.914425994162419613e+02 1.335684408860675205e+02 5.426000202187576349e+01 2.260501389924157722e-01 1.524529538390102914e+02 9.370128136521458011e-28 9.074103793864371767e-28 2.678017322755998606e-28 4.876210783189862674e-01 4.040286885139347902e-28 1.000000000000000000e+00 0.000000000000000000e+00 0.000000000000000000e+00 0.000000000000000000e+00 1.000000000000000000e+00 1.000000000000000000e+10 0.000000000000000000e+00 0.000000000000000000e+00 0.000000000000000000e+00 1.000000000000000000e+10
4.244511359005219142e-01 1.492984727215382748e+02 1.101090549780148962e+02 4.317946869579732549e+01 2.372384067804616525e-01 1.150835134866909044e+02 8.040548219493722366e-28 7.405820309620145832e-28 2.103627747019243641e-28 5.328376627716570058e-01 2.984766709462655855e-28 1.000000000000000000e+00 0.000000000000000000e+00 0.000000000000000000e+00 0.000000000000000000e+00 1.000000000000000000e+00 1.000000000000000000e+10 0.000000000000000000e+00 0.000000000000000000e+00 0.000000000000000000e+00 1.000000000000000000e+10
4.895148829774688681e-01 1.164655227986449546e+02 7.981837804858575680e+01 3.518691848180750981e+01 2.473200163459539080e-01 9.001458710694480203e+01 6.863098925593082815e-28 7.238940544671741809e-28 1.218992680872842744e-28 5.751379482828861134e-01 1.793766146540759923e-28 1.000000000000000000e+00 0.000000000000000000e+00 0.000000000000000000e+00 0.000000000000000000e+00 1.000000000000000000e+00 1.000000000000000000e+10 0.000000000000000000e+00 0.000000000000000000e+00 0.000000000000000000e+00 1.000000000000000000e+10
5.645521955031491679e-01 9.556763206423524082e+01 6.450604988255172145e+01 2.541054830310124402e+01 2.594933066953201140e-01 6.941400596924241029e+01 6.228524761938579978e-28 6.281852210232362471e-28 8.500307793379819683e-29 6.288499937113206650e-01 1.257861989362276930e-28 1.000000000000000000e+00 0.000000000000000000e+00 0.000000000000000000e+00 0.000000000000000000e+00 1.000000000000000000e+00 1.000000000000000000e+10 0.000000000000000000e+00 0.000000000000000000e+00 0.000000000000000000e+00 1.000000000000000000e+10
6.510919126887823039e-01 8.641107889481754967e+01 8.145366181799055028e+01 2.597943558305377820e+01 2.941043742146710605e-01 6.000795619245825208e+01 6.222429623014900600e-28 6.268623687145717919e-28 5.601088043208287459e-29 6.999711889997212166e-01 8.571790790142266906e-29 1.000000000000000000e+00 0.000000000000000000e+00 0.000000000000000000e+00 0.000000000000000000e+00 1.000000000000000000e+00 1.000000000000000000e+10 0.000000000000000000e+00 0.000000000000000000e+00 0.000000000000000000e+00 1.000000000000000000e+10
7.508972281844089602e-01 7.526387187766447084e+01 7.220291504948005468e+01 1.898664250926471908e+01 3.069104757028660035e-01 4.888242835595197278e+01 6.101982509392517156e-28 5.803619436025024137e-28 5.810338731553114300e-29 7.419357179365195787e-01 8.001480847950054861e-29 1.000000000000000000e+00 0.000000000000000000e+00 0.000000000000000000e+00 0.000000000000000000e+00 1.000000000000000000e+00 1.000000000000000000e+10 0.000000000000000000e+00 0.000000000000000000e+00 0.000000000000000000e+00 1.000000000000000000e+10
8.660016140678794550e-01 6.241130873180361505e+01 4.683370062013522528e+01 1.858636948786332610e+01 2.890973702334375117e-01 4.460744495948788568e+01 5.190199282687685195e-28 4.235203428367851578e-28 5.576669812694518368e-29 7.440358689145969429e-01 7.316255301549407920e-29 1.000000000000000000e+00 0.000000000000000000e+00 0.000000000000000000e+00 0.000000000000000000e+00 1.000000000000000000e+00 1.000000000000000000e+10 0.000000000000000000e+00 0.000000000000000000e+00 0.000000000000000000e+00 1.000000000000000000e+10
9.987502515910116063e-01 5.321050037880860373e+01 4.058987397068061398e+01 1.653846457827130223e+01 2.790257007915873388e-01 3.923035695566848347e+01 5.415225096119692289e-28 4.407487611441092125e-28 5.197972751109760264e-29 7.542726131447468063e-01 6.591127556798125531e-29 1.000000000000000000e+00 0.000000000000000000e+00 0.000000000000000000e+00 0.000000000000000000e+00 1.000000000000000000e+00 1.000000000000000000e+10 0.000000000000000000e+00 0.000000000000000000e+00 0.000000000000000000e+00 1.000000000000000000e+10
1.151847812808953542e+00 4.980460842730470716e+01 3.543777478379269041e+01 1.683653371277480915e+01 2.919620538982141134e-01 3.676471260067840774e+01 6.730812540061151866e-28 4.097205141570922860e-28 6.309321741635806249e-29 7.794316748135305950e-01 7.468400761707393314e-29 1.000000000000000000e+00 0.000000000000000000e+00 0.000000000000000000e+00 0.000000000000000000e+00 1.000000000000000000e+00 1.000000000000000000e+10 0.000000000000000000e+00 0.000000000000000000e+00 0.000000000000000000e+00 1.000000000000000000e+10
1.328413566614123908e+00 4.633030003833837185e+01 3.811844248712991146e+01 1.564187829439402933e+01 2.888721903015613601e-01 3.396536629049366240e+01 8.105055332654007488e-28 4.003230239825686806e-28 6.467436642038369047e-29 7.804745423987587971e-01 7.609140465339244355e-29 1.000000000000000000e+00 0.000000000000000000e+00 0.000000000000000000e+00 0.000000000000000000e+00 1.000000000000000000e+00 1.000000000000000000e+10 0.000000000000000000e+00 0.000000000000000000e+00 0.000000000000000000e+00 1.000000000000000000e+10
1.532044931926391351e+00 4.365200299020224151e+01 3.665202819192651162e+01 1.347035836002767795e+01 2.862931410286647105e-01 3.101036903174686898e+01 9.536833300698218917e-28 3.951229145286407051e-28 6.699603738662052320e-29 7.714986622318821263e-01 7.827553252834805521e-29 1.000000000000000000e+00 0.000000000000000000e+00 0.000000000000000000e+00 0.000000000000000000e+00 1.000000000000000000e+00 1.000000000000000000e+10 0.000000000000000000e+00 0.000000000000000000e+00 0.000000000000000000e+00 1.000000000000000000e+10
1.766890772896739126e+00 3.788724676533247759e+01 2.492392335324956321e+01 1.362724035642747111e+01 2.631100263240447323e-01 2.988948246985559365e+01 6.898641657948779416e-28 2.979216040661485658e-28 6.483622375604513865e-29 7.365153208555617059e-01 7.638656462426980469e-29 1.000000000000000000e+00 0.000000000000000000e+00 0.000000000000000000e+00 0.000000000000000000e+00 1.000000000000000000e+00 1.000000000000000000e+10 0.000000000000000000e+00 0.000000000000000000e+00 0.000000000000000000e+00 1.000000000000000000e+10
2.037735929469222107e+00 3.299311571657379716e+01 2.447280106093105800e+01 1.093274264818241726e+01 2.444558261772702967e-01 2.654643389429226019e+01 3.750668014910323929e-28 3.009833440252826152e-28 5.347192663903406966e-29 7.001241488694468496e-01 6.708263864662275621e-29 1.000000000000000000e+00 0.000000000000000000e+00 0.000000000000000000e+00 0.000000000000000000e+00 1.000000000000000000e+00 1.000000000000000000e+10 0.000000000000000000e+00 0.000000000000000000e+00 0.000000000000000000e+00 1.000000000000000000e+10
2.350098705559579226e+00 3.100324614548877733e+01 2.322149210720909807e+01 8.606848068453761158e+00 2.367208068414983213e-01 2.437383390861684163e+01 3.131341406756100267e-28 2.479887233387887366e-28 4.887408511914115093e-29 6.716349657431420761e-01 6.447578697741164404e-29 1.000000000000000000e+00 0.000000000000000000e+00 0.000000000000000000e+00 0.000000000000000000e+00 1.000000000000000000e+00 1.000000000000000000e+10 0.000000000000000000e+00 0.000000000000000000e+00 0.000000000000000000e+00 1.000000000000000000e+10
