# R (Mpc), mean rho (Msol/kpc^3), errup (Msol/kpc^3), errlow, std, median rho (Msol/kpc^3), mean pth (Msol/kpc/s^2), errup(Msol/kpc/s^2), errlow, std, median pth (Msol/kpc/s^2), mean gas-mass-weighted metal (fraction), errup, errlow, std, median metal, mean gas-mass-weighted temp (K), errup, errlow, std, median temp  
#  nprofs 183, mean mh 543973220916.180481, median mh 498332133184.440613 
#  Mass range 11.50 - 12.0
1.040961082911032697e-02 4.650770762482559076e+05 2.634660037224626867e+05 1.464564117526757764e+05 2.292132762639401966e-01 4.072727967192740180e+05 2.612870429578340691e-25 3.741058332240680010e-25 6.225186567584880001e-26 4.836212220200423184e-01 1.077591424202540764e-25 1.000000000000000000e+00 0.000000000000000000e+00 0.000000000000000000e+00 0.000000000000000000e+00 1.000000000000000000e+00 1.000000000000000000e+10 0.000000000000000000e+00 0.000000000000000000e+00 0.000000000000000000e+00 1.000000000000000000e+10
1.200529105910367808e-02 3.514089970636969665e+05 2.044197157608303824e+05 1.381381968826708326e+05 2.252139202605194235e-01 3.243563726068062824e+05 2.622942234904457118e-25 3.522053874554809498e-25 9.792576248266943516e-26 4.710362437759240684e-01 1.422276652078943812e-25 1.000000000000000000e+00 0.000000000000000000e+00 0.000000000000000000e+00 0.000000000000000000e+00 1.000000000000000000e+00 1.000000000000000000e+10 0.000000000000000000e+00 0.000000000000000000e+00 0.000000000000000000e+00 1.000000000000000000e+10
1.384557172980430476e-02 2.664345154561065719e+05 1.465675123821021116e+05 1.234005994286428904e+05 2.374209307634076449e-01 2.522689741015693580e+05 2.463784032015626988e-25 2.527401661318635881e-25 1.071258429612488312e-25 4.662797641629713996e-01 1.529156161937834571e-25 1.000000000000000000e+00 0.000000000000000000e+00 0.000000000000000000e+00 0.000000000000000000e+00 1.000000000000000000e+00 1.000000000000000000e+10 0.000000000000000000e+00 0.000000000000000000e+00 0.000000000000000000e+00 1.000000000000000000e+10
1.596794743096121086e-02 2.018518430388970010e+05 1.083400371484277421e+05 9.348459724160395854e+04 2.545183777885304255e-01 1.940802841701847501e+05 2.493111752323621160e-25 2.265023705783858996e-25 1.326799676206218060e-25 3.831164645371671340e-01 2.007771830853249271e-25 1.000000000000000000e+00 0.000000000000000000e+00 0.000000000000000000e+00 0.000000000000000000e+00 1.000000000000000000e+00 1.000000000000000000e+10 0.000000000000000000e+00 0.000000000000000000e+00 0.000000000000000000e+00 1.000000000000000000e+10
1.841566026551830909e-02 1.382682042380295461e+05 8.960879274522438936e+04 5.431943702556671633e+04 2.702171112731288627e-01 1.179903551869702787e+05 2.228938565271534465e-25 2.064050402894901764e-25 1.085798101660215583e-25 3.924278140373237411e-01 1.669176671141554755e-25 1.000000000000000000e+00 0.000000000000000000e+00 0.000000000000000000e+00 0.000000000000000000e+00 1.000000000000000000e+00 1.000000000000000000e+10 0.000000000000000000e+00 0.000000000000000000e+00 0.000000000000000000e+00 1.000000000000000000e+10
2.123858088093512342e-02 9.573726540365788969e+04 7.148384836153956712e+04 3.916564594719088927e+04 2.845308463034048052e-01 7.970189357233952614e+04 2.072488142364650604e-25 1.938259365806256778e-25 8.341871687791668864e-26 3.639317732826731211e-01 1.523117503924171647e-25 1.000000000000000000e+00 0.000000000000000000e+00 0.000000000000000000e+00 0.000000000000000000e+00 1.000000000000000000e+00 1.000000000000000000e+10 0.000000000000000000e+00 0.000000000000000000e+00 0.000000000000000000e+00 1.000000000000000000e+10
2.449422455303571639e-02 6.295601758831844927e+04 4.728325948428951961e+04 2.132940273918314051e+04 2.743499126949797140e-01 4.976011415889303316e+04 1.670108954936735826e-25 1.224974039828932814e-25 6.730741372679530315e-26 3.240898751855540993e-01 1.295878277622319245e-25 1.000000000000000000e+00 0.000000000000000000e+00 0.000000000000000000e+00 0.000000000000000000e+00 1.000000000000000000e+00 1.000000000000000000e+10 0.000000000000000000e+00 0.000000000000000000e+00 0.000000000000000000e+00 1.000000000000000000e+10
2.824892302447100725e-02 4.182891145730319840e+04 3.252837030247792427e+04 1.665622661067785884e+04 2.811075727754738240e-01 3.492700554408143216e+04 1.427314594617679025e-25 1.226424828736302567e-25 5.491799112004716727e-26 3.161013610031317422e-01 1.094633307324813252e-25 1.000000000000000000e+00 0.000000000000000000e+00 0.000000000000000000e+00 0.000000000000000000e+00 1.000000000000000000e+00 1.000000000000000000e+10 0.000000000000000000e+00 0.000000000000000000e+00 0.000000000000000000e+00 1.000000000000000000e+10
3.257917597328415654e-02 2.735603965638635418e+04 1.870608672454176485e+04 8.601042242965677360e+03 2.445108712669089024e-01 2.206666077746579322e+04 1.148118537189894727e-25 9.340642195987567352e-26 3.878812393831813816e-26 2.911809737479021942e-01 8.850590210297702358e-26 1.000000000000000000e+00 0.000000000000000000e+00 0.000000000000000000e+00 0.000000000000000000e+00 1.000000000000000000e+00 1.000000000000000000e+10 0.000000000000000000e+00 0.000000000000000000e+00 0.000000000000000000e+00 1.000000000000000000e+10
3.757320964692217186e-02 1.871040547679618976e+04 1.298820765252840647e+04 5.933265667727015170e+03 2.283084286176919886e-01 1.548942003174852653e+04 9.504099773401573050e-26 8.068134480980696649e-26 3.444455700989070101e-26 2.764518198087432266e-01 7.412492788715600686e-26 1.000000000000000000e+00 0.000000000000000000e+00 0.000000000000000000e+00 0.000000000000000000e+00 1.000000000000000000e+00 1.000000000000000000e+10 0.000000000000000000e+00 0.000000000000000000e+00 0.000000000000000000e+00 1.000000000000000000e+10
4.333277441790538143e-02 1.351545813088599425e+04 8.781818904506691979e+03 4.207750490978611197e+03 2.043674262215419979e-01 1.142508598675169742e+04 7.868495865820030451e-26 6.231153529132841032e-26 3.028622655956074474e-26 2.722103344206928122e-01 6.345699570943572455e-26 1.000000000000000000e+00 0.000000000000000000e+00 0.000000000000000000e+00 0.000000000000000000e+00 1.000000000000000000e+00 1.000000000000000000e+10 0.000000000000000000e+00 0.000000000000000000e+00 0.000000000000000000e+00 1.000000000000000000e+10
4.997521788524898756e-02 9.932974654251289394e+03 4.751660644141629746e+03 2.714684577999086287e+03 1.872411129311154221e-01 8.580827786230269339e+03 6.364819226908619918e-26 4.633266710400301945e-26 1.987223896324157634e-26 2.522762652488893531e-01 4.999192437651245416e-26 1.000000000000000000e+00 0.000000000000000000e+00 0.000000000000000000e+00 0.000000000000000000e+00 1.000000000000000000e+00 1.000000000000000000e+10 0.000000000000000000e+00 0.000000000000000000e+00 0.000000000000000000e+00 1.000000000000000000e+10
5.763587575980636674e-02 7.760308721998032524e+03 3.608237513534302707e+03 2.022273889940959634e+03 1.808680271830375441e-01 6.785682238830826464e+03 5.160475035547286563e-26 3.956867851005989399e-26 1.825826230645604991e-26 2.594715688658709163e-01 4.120610937123638611e-26 1.000000000000000000e+00 0.000000000000000000e+00 0.000000000000000000e+00 0.000000000000000000e+00 1.000000000000000000e+00 1.000000000000000000e+10 0.000000000000000000e+00 0.000000000000000000e+00 0.000000000000000000e+00 1.000000000000000000e+10
6.647082924635627776e-02 6.137121760807723149e+03 2.877549068239236476e+03 1.697942110962447714e+03 1.718545356626519638e-01 5.566185746221389309e+03 4.276780671539441155e-26 3.585886699551234644e-26 1.320002938993763750e-26 2.550139596259381469e-01 3.334439692693542013e-26 1.000000000000000000e+00 0.000000000000000000e+00 0.000000000000000000e+00 0.000000000000000000e+00 1.000000000000000000e+00 1.000000000000000000e+10 0.000000000000000000e+00 0.000000000000000000e+00 0.000000000000000000e+00 1.000000000000000000e+10
7.666008510240249207e-02 4.754774673354384504e+03 1.930009653658615207e+03 1.253531745449981827e+03 1.631732983467345799e-01 4.351697706565395492e+03 3.269907049808584986e-26 2.725469190633679908e-26 9.245586157633164041e-27 2.575001409896373050e-01 2.454458127438022258e-26 1.000000000000000000e+00 0.000000000000000000e+00 0.000000000000000000e+00 0.000000000000000000e+00 1.000000000000000000e+00 1.000000000000000000e+10 0.000000000000000000e+00 0.000000000000000000e+00 0.000000000000000000e+00 1.000000000000000000e+10
8.841124316543315376e-02 3.843084200559663714e+03 1.760121998285480913e+03 8.942377235647231828e+02 1.748860944252290939e-01 3.321022714934443684e+03 2.530563404594092475e-26 2.004585130469173084e-26 7.934623101712714765e-27 2.629241334343475067e-01 1.926310793964433426e-26 1.000000000000000000e+00 0.000000000000000000e+00 0.000000000000000000e+00 0.000000000000000000e+00 1.000000000000000000e+00 1.000000000000000000e+10 0.000000000000000000e+00 0.000000000000000000e+00 0.000000000000000000e+00 1.000000000000000000e+10
1.019637260722580097e-01 2.911408194576039477e+03 1.580578186887212269e+03 7.457204988733506070e+02 1.702104546139139030e-01 2.587231686546588662e+03 1.856293628254909352e-26 1.601524575787679272e-26 6.180060071597514385e-27 2.753976084957676096e-01 1.413452106862978813e-26 1.000000000000000000e+00 0.000000000000000000e+00 0.000000000000000000e+00 0.000000000000000000e+00 1.000000000000000000e+00 1.000000000000000000e+10 0.000000000000000000e+00 0.000000000000000000e+00 0.000000000000000000e+00 1.000000000000000000e+10
1.175936573483598035e-01 2.219030357410911165e+03 1.162568998384809447e+03 5.448835799460659928e+02 1.707000271975939454e-01 1.934194360237271439e+03 1.319098745481239271e-26 1.100875623621130560e-26 5.083514266483191702e-27 2.833263369046315483e-01 1.064950604250222713e-26 1.000000000000000000e+00 0.000000000000000000e+00 0.000000000000000000e+00 0.000000000000000000e+00 1.000000000000000000e+00 1.000000000000000000e+10 0.000000000000000000e+00 0.000000000000000000e+00 0.000000000000000000e+00 1.000000000000000000e+10
1.356194872553388164e-01 1.693735569457478960e+03 8.363383350332017017e+02 5.308376509448403340e+02 1.765372583011174668e-01 1.563243386734588739e+03 9.333730424003309786e-27 7.639252071936417811e-27 3.843485350528810509e-27 2.980026993035068128e-01 7.313940880086477087e-27 1.000000000000000000e+00 0.000000000000000000e+00 0.000000000000000000e+00 0.000000000000000000e+00 1.000000000000000000e+00 1.000000000000000000e+10 0.000000000000000000e+00 0.000000000000000000e+00 0.000000000000000000e+00 1.000000000000000000e+10
1.564084810196403053e-01 1.270634238445640221e+03 6.322075993759799530e+02 4.065422690550835796e+02 1.763920973624143185e-01 1.165477903412956493e+03 6.622117607897407230e-27 5.157967067310083138e-27 2.731852998013333903e-27 3.160592078281396211e-01 5.002676756031182736e-27 1.000000000000000000e+00 0.000000000000000000e+00 0.000000000000000000e+00 0.000000000000000000e+00 1.000000000000000000e+00 1.000000000000000000e+10 0.000000000000000000e+00 0.000000000000000000e+00 0.000000000000000000e+00 1.000000000000000000e+10
1.803842016362447453e-01 9.391253813804332822e+02 4.177871844396674987e+02 3.384877768802218725e+02 1.789305373821969414e-01 8.904345560919355194e+02 4.757521554013022313e-27 3.492302214150989181e-27 1.954413453835463485e-27 3.422168535311357895e-01 3.410883624841358282e-27 1.000000000000000000e+00 0.000000000000000000e+00 0.000000000000000000e+00 0.000000000000000000e+00 1.000000000000000000e+00 1.000000000000000000e+10 0.000000000000000000e+00 0.000000000000000000e+00 0.000000000000000000e+00 1.000000000000000000e+10
2.080351397048574025e-01 6.853005147895581786e+02 3.400598838714577141e+02 2.272016632466308010e+02 1.731916268821840355e-01 6.293586041721389392e+02 3.428305501111369174e-27 2.670171175596506960e-27 1.311448866158902735e-27 3.624424043643050819e-01 2.214398972421677577e-27 1.000000000000000000e+00 0.000000000000000000e+00 0.000000000000000000e+00 0.000000000000000000e+00 1.000000000000000000e+00 1.000000000000000000e+10 0.000000000000000000e+00 0.000000000000000000e+00 0.000000000000000000e+00 1.000000000000000000e+10
2.399246661262133540e-01 5.100837001169319365e+02 2.481963609026506106e+02 1.590409005968044198e+02 1.848249396329322558e-01 4.550982736379169751e+02 2.508622586756796270e-27 1.825195623976629634e-27 9.117756750224220344e-28 3.884393968986830648e-01 1.500389547892653098e-27 1.000000000000000000e+00 0.000000000000000000e+00 0.000000000000000000e+00 0.000000000000000000e+00 1.000000000000000000e+00 1.000000000000000000e+10 0.000000000000000000e+00 0.000000000000000000e+00 0.000000000000000000e+00 1.000000000000000000e+10
2.767025104385807399e-01 3.765046214565225569e+02 2.124911329166789642e+02 1.145226507785949934e+02 1.954723249378876593e-01 3.227510636528718919e+02 1.811406501309072972e-27 1.331735558793600198e-27 5.896962281215747890e-28 4.128101373407332964e-01 9.540965769739681807e-28 1.000000000000000000e+00 0.000000000000000000e+00 0.000000000000000000e+00 0.000000000000000000e+00 1.000000000000000000e+00 1.000000000000000000e+10 0.000000000000000000e+00 0.000000000000000000e+00 0.000000000000000000e+00 1.000000000000000000e+10
3.191179986585286343e-01 2.705111161702922118e+02 1.355821014897105385e+02 8.077656683952167782e+01 1.985313404944350213e-01 2.319049016862966539e+02 1.324143604613561612e-27 1.113892656768221723e-27 3.810013580987600172e-28 4.408315598014196923e-01 6.120725584408450733e-28 1.000000000000000000e+00 0.000000000000000000e+00 0.000000000000000000e+00 0.000000000000000000e+00 1.000000000000000000e+00 1.000000000000000000e+10 0.000000000000000000e+00 0.000000000000000000e+00 0.000000000000000000e+00 1.000000000000000000e+10
3.680353203388414540e-01 1.996433652586067922e+02 1.176271213536484481e+02 5.266222713836351943e+01 2.103223750847483808e-01 1.624073184189678898e+02 1.062316240917281764e-27 8.333635959564160745e-28 2.491820061225885076e-28 4.813577117531253058e-01 3.946629398556380793e-28 1.000000000000000000e+00 0.000000000000000000e+00 0.000000000000000000e+00 0.000000000000000000e+00 1.000000000000000000e+00 1.000000000000000000e+10 0.000000000000000000e+00 0.000000000000000000e+00 0.000000000000000000e+00 1.000000000000000000e+10
4.244511359005219142e-01 1.534829716365495926e+02 9.874703302427006690e+01 4.265432400910010813e+01 2.254404286954535541e-01 1.212752274089676092e+02 9.180859122980495824e-28 6.610131066851397128e-28 1.680317621699606246e-28 5.248191628709472090e-01 2.629959574670547410e-28 1.000000000000000000e+00 0.000000000000000000e+00 0.000000000000000000e+00 0.000000000000000000e+00 1.000000000000000000e+00 1.000000000000000000e+10 0.000000000000000000e+00 0.000000000000000000e+00 0.000000000000000000e+00 1.000000000000000000e+10
4.895148829774688681e-01 1.197427509287713718e+02 6.733347781665158038e+01 3.300597607144896983e+01 2.363685089463908318e-01 9.239938113965804689e+01 8.529080518371540048e-28 5.562562879893797503e-28 1.210554435923744632e-28 5.687100110911266215e-01 1.875110082287486669e-28 1.000000000000000000e+00 0.000000000000000000e+00 0.000000000000000000e+00 0.000000000000000000e+00 1.000000000000000000e+00 1.000000000000000000e+10 0.000000000000000000e+00 0.000000000000000000e+00 0.000000000000000000e+00 1.000000000000000000e+10
5.645521955031491679e-01 1.004623255318261243e+02 6.470524827389988332e+01 2.859996169229681584e+01 2.611736100622105150e-01 7.395926011635415875e+01 9.125362340522643891e-28 5.847896463651905396e-28 8.105692995393980947e-29 6.409064076588637526e-01 1.286811673511038828e-28 1.000000000000000000e+00 0.000000000000000000e+00 0.000000000000000000e+00 0.000000000000000000e+00 1.000000000000000000e+00 1.000000000000000000e+10 0.000000000000000000e+00 0.000000000000000000e+00 0.000000000000000000e+00 1.000000000000000000e+10
6.510919126887823039e-01 9.257691525177371261e+01 8.854389359154347972e+01 2.465316503591767372e+01 3.022882353369910624e-01 6.045778393661694849e+01 9.726240654113197658e-28 6.718684127832606194e-28 6.365672483705431146e-29 7.254948133071760230e-01 9.328266104651788199e-29 1.000000000000000000e+00 0.000000000000000000e+00 0.000000000000000000e+00 0.000000000000000000e+00 1.000000000000000000e+00 1.000000000000000000e+10 0.000000000000000000e+00 0.000000000000000000e+00 0.000000000000000000e+00 1.000000000000000000e+10
7.508972281844089602e-01 8.173472964154943554e+01 8.264624193935520680e+01 1.895559318430945694e+01 3.251440927743893261e-01 4.885036796714086904e+01 9.371931727079056515e-28 5.775602752122788122e-28 5.650167066563202773e-29 7.775752705262373166e-01 7.871491311954405549e-29 1.000000000000000000e+00 0.000000000000000000e+00 0.000000000000000000e+00 0.000000000000000000e+00 1.000000000000000000e+00 1.000000000000000000e+10 0.000000000000000000e+00 0.000000000000000000e+00 0.000000000000000000e+00 1.000000000000000000e+10
8.660016140678794550e-01 6.746838200025798926e+01 5.491596992583588133e+01 2.012454441031090013e+01 3.070976830556256809e-01 4.565900669163444547e+01 8.891509994325261338e-28 4.554429158238385362e-28 5.928108414912263798e-29 7.831989837953653444e-01 7.697468825126522344e-29 1.000000000000000000e+00 0.000000000000000000e+00 0.000000000000000000e+00 0.000000000000000000e+00 1.000000000000000000e+00 1.000000000000000000e+10 0.000000000000000000e+00 0.000000000000000000e+00 0.000000000000000000e+00 1.000000000000000000e+10
9.987502515910116063e-01 5.900830499794160033e+01 5.356192557341592675e+01 1.615267830699519536e+01 3.033353080169500227e-01 3.894924554665440297e+01 1.184946640850617367e-27 4.124185812845433667e-28 5.198446725695942318e-29 8.061393741782942879e-01 6.402071079621118674e-29 1.000000000000000000e+00 0.000000000000000000e+00 0.000000000000000000e+00 0.000000000000000000e+00 1.000000000000000000e+00 1.000000000000000000e+10 0.000000000000000000e+00 0.000000000000000000e+00 0.000000000000000000e+00 1.000000000000000000e+10
1.151847812808953542e+00 5.464528308127569289e+01 4.012089494609831064e+01 1.612273079387723129e+01 3.125715681075248442e-01 3.629659270968293328e+01 1.650064860828119373e-27 4.551594392158411257e-28 5.312708010453190829e-29 8.364191394063692497e-01 6.402197900761362963e-29 1.000000000000000000e+00 0.000000000000000000e+00 0.000000000000000000e+00 0.000000000000000000e+00 1.000000000000000000e+00 1.000000000000000000e+10 0.000000000000000000e+00 0.000000000000000000e+00 0.000000000000000000e+00 1.000000000000000000e+10
1.328413566614123908e+00 5.202259075139075861e+01 3.949905578274401563e+01 1.529544268524443140e+01 3.120731371842714874e-01 3.352667703855981784e+01 2.083301813581709524e-27 4.490877433327228517e-28 4.996256005179503282e-29 8.440890148807161930e-01 6.012183538832477596e-29 1.000000000000000000e+00 0.000000000000000000e+00 0.000000000000000000e+00 0.000000000000000000e+00 1.000000000000000000e+00 1.000000000000000000e+10 0.000000000000000000e+00 0.000000000000000000e+00 0.000000000000000000e+00 1.000000000000000000e+10
1.532044931926391351e+00 4.815028457891711611e+01 4.306944866124518967e+01 1.242968838940382170e+01 3.097078476345864195e-01 2.989406076534682555e+01 1.780874852297749059e-27 4.524932294516927210e-28 5.414408565239928917e-29 8.260598501531418725e-01 6.420836246558645412e-29 1.000000000000000000e+00 0.000000000000000000e+00 0.000000000000000000e+00 0.000000000000000000e+00 1.000000000000000000e+00 1.000000000000000000e+10 0.000000000000000000e+00 0.000000000000000000e+00 0.000000000000000000e+00 1.000000000000000000e+10
1.766890772896739126e+00 4.026115756696703585e+01 2.514569124898665109e+01 1.391756984643469153e+01 2.795499605645664354e-01 2.993598854413367150e+01 1.050756294436322289e-27 3.192783687591510730e-28 4.552325891972909041e-29 7.687422005954148707e-01 5.768404045408108578e-29 1.000000000000000000e+00 0.000000000000000000e+00 0.000000000000000000e+00 0.000000000000000000e+00 1.000000000000000000e+00 1.000000000000000000e+10 0.000000000000000000e+00 0.000000000000000000e+00 0.000000000000000000e+00 1.000000000000000000e+10
2.037735929469222107e+00 3.368061460223885462e+01 2.301491392066216335e+01 1.045632229514208689e+01 2.531142398749539058e-01 2.647078492684414286e+01 4.522107477313752730e-28 2.722586149997130369e-28 4.132031502825103417e-29 7.202301975853809823e-01 5.427855140061828056e-29 1.000000000000000000e+00 0.000000000000000000e+00 0.000000000000000000e+00 0.000000000000000000e+00 1.000000000000000000e+00 1.000000000000000000e+10 0.000000000000000000e+00 0.000000000000000000e+00 0.000000000000000000e+00 1.000000000000000000e+10
2.350098705559579226e+00 3.098316211176600632e+01 2.528429419251407495e+01 7.782602332553615554e+00 2.406950654236701126e-01 2.368685260671866644e+01 2.963988920839442026e-28 2.086114970671507384e-28 5.178545539731385747e-29 6.754502256188679166e-01 6.667911657968570937e-29 1.000000000000000000e+00 0.000000000000000000e+00 0.000000000000000000e+00 0.000000000000000000e+00 1.000000000000000000e+00 1.000000000000000000e+10 0.000000000000000000e+00 0.000000000000000000e+00 0.000000000000000000e+00 1.000000000000000000e+10
