# R (Mpc), mean rho (Msol/kpc^3), errup (Msol/kpc^3), errlow, std, median rho (Msol/kpc^3), mean pth (Msol/kpc/s^2), errup(Msol/kpc/s^2), errlow, std, median pth (Msol/kpc/s^2), mean gas-mass-weighted metal (fraction), errup, errlow, std, median metal, mean gas-mass-weighted temp (K), errup, errlow, std, median temp  
#  nprofs 195, mean mh 211515723418.953278, median mh 201539250071.012146 
#  Mass range 11.00 - 11.5
1.040961082911032697e-02 2.131625320054328477e+05 1.317165751362085866e+05 8.835281590837852855e+04 2.596228824097922550e-01 1.871471602193998697e+05 1.245352435326929924e-25 1.874761177983062922e-25 1.628824570953292535e-26 5.409180317740727162e-01 3.309509506729975637e-26 1.000000000000000000e+00 0.000000000000000000e+00 0.000000000000000000e+00 0.000000000000000000e+00 1.000000000000000000e+00 1.000000000000000000e+10 0.000000000000000000e+00 0.000000000000000000e+00 0.000000000000000000e+00 1.000000000000000000e+10
1.200529105910367808e-02 1.650590213230588415e+05 1.240882720892880752e+05 6.824695237003784860e+04 2.604897185510937629e-01 1.419656208960294898e+05 9.181527188914798434e-26 1.542885291938578122e-25 2.345903615178086465e-26 4.861936659491573054e-01 3.897658735345909425e-26 1.000000000000000000e+00 0.000000000000000000e+00 0.000000000000000000e+00 0.000000000000000000e+00 1.000000000000000000e+00 1.000000000000000000e+10 0.000000000000000000e+00 0.000000000000000000e+00 0.000000000000000000e+00 1.000000000000000000e+10
1.384557172980430476e-02 1.284165332244792808e+05 1.010227017321646708e+05 4.894857863838726189e+04 2.749868713693793265e-01 1.025277807942680811e+05 8.811975352498558293e-26 1.140569494693425001e-25 2.551772793660616897e-26 4.390956348577263468e-01 4.435237881810104135e-26 1.000000000000000000e+00 0.000000000000000000e+00 0.000000000000000000e+00 0.000000000000000000e+00 1.000000000000000000e+00 1.000000000000000000e+10 0.000000000000000000e+00 0.000000000000000000e+00 0.000000000000000000e+00 1.000000000000000000e+10
1.596794743096121086e-02 9.608597859389040968e+04 6.218601086424599634e+04 5.100576763639775163e+04 2.876158128336328001e-01 8.855132739180722274e+04 7.336445853215803056e-26 7.910425717109468346e-26 2.943600809734321439e-26 4.069832678987829744e-01 4.608274109533484618e-26 1.000000000000000000e+00 0.000000000000000000e+00 0.000000000000000000e+00 0.000000000000000000e+00 1.000000000000000000e+00 1.000000000000000000e+10 0.000000000000000000e+00 0.000000000000000000e+00 0.000000000000000000e+00 1.000000000000000000e+10
1.841566026551830909e-02 6.694904871308740985e+04 5.423078729480117909e+04 3.138422617100483694e+04 2.784409205587242142e-01 5.889922320176253561e+04 6.127722824968193283e-26 5.745490385865982748e-26 2.243070946601119596e-26 3.669332807599084423e-01 4.201058037852955831e-26 1.000000000000000000e+00 0.000000000000000000e+00 0.000000000000000000e+00 0.000000000000000000e+00 1.000000000000000000e+00 1.000000000000000000e+10 0.000000000000000000e+00 0.000000000000000000e+00 0.000000000000000000e+00 1.000000000000000000e+10
2.123858088093512342e-02 4.797329034462120035e+04 3.673215453898722626e+04 1.933197318592315423e+04 2.728069942998289088e-01 4.015608986449409713e+04 5.245467358260205670e-26 3.839584362877664465e-26 2.179199514324788094e-26 3.193104511621163155e-01 4.127604163110841679e-26 1.000000000000000000e+00 0.000000000000000000e+00 0.000000000000000000e+00 0.000000000000000000e+00 1.000000000000000000e+00 1.000000000000000000e+10 0.000000000000000000e+00 0.000000000000000000e+00 0.000000000000000000e+00 1.000000000000000000e+10
2.449422455303571639e-02 3.179201091131149587e+04 2.375203099618965643e+04 1.288664081163062292e+04 2.876001956986232178e-01 2.643496024745206523e+04 4.430456085254518295e-26 3.449389378645697926e-26 1.638611733045365558e-26 3.200365587253944377e-01 3.202781209754975892e-26 1.000000000000000000e+00 0.000000000000000000e+00 0.000000000000000000e+00 0.000000000000000000e+00 1.000000000000000000e+00 1.000000000000000000e+10 0.000000000000000000e+00 0.000000000000000000e+00 0.000000000000000000e+00 1.000000000000000000e+10
2.824892302447100725e-02 2.116408843943167813e+04 1.205996728339156107e+04 8.435686944750808834e+03 2.750103048540789019e-01 1.846306066145137811e+04 3.407426112651739130e-26 2.978567704276658811e-26 1.111483585775545952e-26 2.802242409440188764e-01 2.634540341394941502e-26 1.000000000000000000e+00 0.000000000000000000e+00 0.000000000000000000e+00 0.000000000000000000e+00 1.000000000000000000e+00 1.000000000000000000e+10 0.000000000000000000e+00 0.000000000000000000e+00 0.000000000000000000e+00 1.000000000000000000e+10
3.257917597328415654e-02 1.380273924941890982e+04 9.190003002667543115e+03 5.532633831487677526e+03 2.588861353394428244e-01 1.156435484620982061e+04 2.810378423071935346e-26 1.992889298067263717e-26 9.074667018727020195e-27 2.540554202218830437e-01 2.266213892824185295e-26 1.000000000000000000e+00 0.000000000000000000e+00 0.000000000000000000e+00 0.000000000000000000e+00 1.000000000000000000e+00 1.000000000000000000e+10 0.000000000000000000e+00 0.000000000000000000e+00 0.000000000000000000e+00 1.000000000000000000e+10
3.757320964692217186e-02 9.347587062177872212e+03 4.887809692557442759e+03 3.657823722782703044e+03 2.369185343704832969e-01 8.259172428818950721e+03 2.305906739970506654e-26 1.694734873634847153e-26 8.159177252797294785e-27 2.532188610592167599e-01 1.887812156676077367e-26 1.000000000000000000e+00 0.000000000000000000e+00 0.000000000000000000e+00 0.000000000000000000e+00 1.000000000000000000e+00 1.000000000000000000e+10 0.000000000000000000e+00 0.000000000000000000e+00 0.000000000000000000e+00 1.000000000000000000e+10
4.333277441790538143e-02 6.306904544542556323e+03 3.525118225313613948e+03 1.929939040114487852e+03 2.096407225486019710e-01 5.551281972540200513e+03 1.845575776507990053e-26 1.224451162229398047e-26 6.910945562452484838e-27 2.372175133263816904e-01 1.540852184727166361e-26 1.000000000000000000e+00 0.000000000000000000e+00 0.000000000000000000e+00 0.000000000000000000e+00 1.000000000000000000e+00 1.000000000000000000e+10 0.000000000000000000e+00 0.000000000000000000e+00 0.000000000000000000e+00 1.000000000000000000e+10
4.997521788524898756e-02 4.566229938682523425e+03 2.394847183132771534e+03 1.631359867389247938e+03 1.977257195571329729e-01 4.178310337242000060e+03 1.492746657821558474e-26 9.617399851392836181e-27 5.018283269497732359e-27 2.309736109838833873e-01 1.258658677523936551e-26 1.000000000000000000e+00 0.000000000000000000e+00 0.000000000000000000e+00 0.000000000000000000e+00 1.000000000000000000e+00 1.000000000000000000e+10 0.000000000000000000e+00 0.000000000000000000e+00 0.000000000000000000e+00 1.000000000000000000e+10
5.763587575980636674e-02 3.578262698639412065e+03 2.000733551827982410e+03 1.113413683944921104e+03 1.872497848045501234e-01 3.186159171895127656e+03 1.200771514938768821e-26 8.719717976085612413e-27 3.656958061019521874e-27 2.304723746161013165e-01 9.750491231224990373e-27 1.000000000000000000e+00 0.000000000000000000e+00 0.000000000000000000e+00 0.000000000000000000e+00 1.000000000000000000e+00 1.000000000000000000e+10 0.000000000000000000e+00 0.000000000000000000e+00 0.000000000000000000e+00 1.000000000000000000e+10
6.647082924635627776e-02 2.779529668069921627e+03 1.267165692823011796e+03 8.596141995046680222e+02 1.672281875911051097e-01 2.592093578077896836e+03 9.436111223125210518e-27 6.213165295362971158e-27 3.205856397926325942e-27 2.255117195305408329e-01 7.879164050234084793e-27 1.000000000000000000e+00 0.000000000000000000e+00 0.000000000000000000e+00 0.000000000000000000e+00 1.000000000000000000e+00 1.000000000000000000e+10 0.000000000000000000e+00 0.000000000000000000e+00 0.000000000000000000e+00 1.000000000000000000e+10
7.666008510240249207e-02 2.191915273156338117e+03 1.062574535185771765e+03 6.452579717790545146e+02 1.692996433689812064e-01 2.008992898584762770e+03 7.413561544204777685e-27 4.931487400922893889e-27 2.707887229456359280e-27 2.361497701984902609e-01 6.319594571215392480e-27 1.000000000000000000e+00 0.000000000000000000e+00 0.000000000000000000e+00 0.000000000000000000e+00 1.000000000000000000e+00 1.000000000000000000e+10 0.000000000000000000e+00 0.000000000000000000e+00 0.000000000000000000e+00 1.000000000000000000e+10
8.841124316543315376e-02 1.739526346861177672e+03 8.497840199089268935e+02 4.942012470213721826e+02 1.680597686670867730e-01 1.557248027204630489e+03 5.657806078410797202e-27 3.020206815467156586e-27 1.959870016024705203e-27 2.421655796076027656e-01 4.704526108397919626e-27 1.000000000000000000e+00 0.000000000000000000e+00 0.000000000000000000e+00 0.000000000000000000e+00 1.000000000000000000e+00 1.000000000000000000e+10 0.000000000000000000e+00 0.000000000000000000e+00 0.000000000000000000e+00 1.000000000000000000e+10
1.019637260722580097e-01 1.329087094028059937e+03 6.238899903077892759e+02 3.558842610663763253e+02 1.624428892733306429e-01 1.187575764535279177e+03 4.230328641748045398e-27 2.396218717076810345e-27 1.426051686463451784e-27 2.527632357883718428e-01 3.438524021836116563e-27 1.000000000000000000e+00 0.000000000000000000e+00 0.000000000000000000e+00 0.000000000000000000e+00 1.000000000000000000e+00 1.000000000000000000e+10 0.000000000000000000e+00 0.000000000000000000e+00 0.000000000000000000e+00 1.000000000000000000e+10
1.175936573483598035e-01 1.017581019755550756e+03 4.406956864946802170e+02 2.893005455960588961e+02 1.642397920254966004e-01 9.242621935238477135e+02 3.139628707652230822e-27 2.279551481659571098e-27 9.464894193756171722e-28 2.696546237550736524e-01 2.413911850001228937e-27 1.000000000000000000e+00 0.000000000000000000e+00 0.000000000000000000e+00 0.000000000000000000e+00 1.000000000000000000e+00 1.000000000000000000e+10 0.000000000000000000e+00 0.000000000000000000e+00 0.000000000000000000e+00 1.000000000000000000e+10
1.356194872553388164e-01 7.761363633018617065e+02 2.339527839875527206e+02 2.428500771709937567e+02 1.549802401016704689e-01 7.399006961461496985e+02 2.276737279349395780e-27 1.570085181266706676e-27 7.304298621820776077e-28 2.736803188491726546e-01 1.726430128446627895e-27 1.000000000000000000e+00 0.000000000000000000e+00 0.000000000000000000e+00 0.000000000000000000e+00 1.000000000000000000e+00 1.000000000000000000e+10 0.000000000000000000e+00 0.000000000000000000e+00 0.000000000000000000e+00 1.000000000000000000e+10
1.564084810196403053e-01 5.951472853902718043e+02 2.368994770529515108e+02 1.557760751309459124e+02 1.482378985100536173e-01 5.557271322078735238e+02 1.666970466645018832e-27 1.369731224055684353e-27 5.105661595435812656e-28 2.903600693472879746e-01 1.204328001449109230e-27 1.000000000000000000e+00 0.000000000000000000e+00 0.000000000000000000e+00 0.000000000000000000e+00 1.000000000000000000e+00 1.000000000000000000e+10 0.000000000000000000e+00 0.000000000000000000e+00 0.000000000000000000e+00 1.000000000000000000e+10
1.803842016362447453e-01 4.441994913410346157e+02 2.017361348517961801e+02 1.057166295203774666e+02 1.578883100647304194e-01 3.938178864484041810e+02 1.210310148575663459e-27 8.777721100714479275e-28 3.508599941127943812e-28 3.178290350626440941e-01 8.069599114142767848e-28 1.000000000000000000e+00 0.000000000000000000e+00 0.000000000000000000e+00 0.000000000000000000e+00 1.000000000000000000e+00 1.000000000000000000e+10 0.000000000000000000e+00 0.000000000000000000e+00 0.000000000000000000e+00 1.000000000000000000e+10
2.080351397048574025e-01 3.502753349954425062e+02 1.514161862314848577e+02 8.805786513508459734e+01 1.683553342522627339e-01 3.121114920968282149e+02 9.300478716719987824e-28 7.774999635692119586e-28 2.483593115444686317e-28 3.488762656139054452e-01 5.670867786189524370e-28 1.000000000000000000e+00 0.000000000000000000e+00 0.000000000000000000e+00 0.000000000000000000e+00 1.000000000000000000e+00 1.000000000000000000e+10 0.000000000000000000e+00 0.000000000000000000e+00 0.000000000000000000e+00 1.000000000000000000e+10
2.399246661262133540e-01 2.705585857557452982e+02 1.272272837707469932e+02 7.229117445769824712e+01 1.838067363932406328e-01 2.318635470351657943e+02 7.218741722001924493e-28 6.094961371005800075e-28 1.961879196680291647e-28 3.870708050610861539e-01 3.945051762832215480e-28 1.000000000000000000e+00 0.000000000000000000e+00 0.000000000000000000e+00 0.000000000000000000e+00 1.000000000000000000e+00 1.000000000000000000e+10 0.000000000000000000e+00 0.000000000000000000e+00 0.000000000000000000e+00 1.000000000000000000e+10
2.767025104385807399e-01 2.108844434674230683e+02 9.943668725011480092e+01 5.992411489441828110e+01 1.931719287335033897e-01 1.798742550851441138e+02 6.125589714153312678e-28 5.883488762886379341e-28 1.637626719571867975e-28 4.349953118976287447e-01 2.866592288233790697e-28 1.000000000000000000e+00 0.000000000000000000e+00 0.000000000000000000e+00 0.000000000000000000e+00 1.000000000000000000e+00 1.000000000000000000e+10 0.000000000000000000e+00 0.000000000000000000e+00 0.000000000000000000e+00 1.000000000000000000e+10
3.191179986585286343e-01 1.690994070971281644e+02 9.345874394524813056e+01 4.085823923125747115e+01 2.075385489061307154e-01 1.354051646424811111e+02 5.372436815796832401e-28 5.272624089557717193e-28 1.131993108547715683e-28 4.768956674798713880e-01 2.003280190935533784e-28 1.000000000000000000e+00 0.000000000000000000e+00 0.000000000000000000e+00 0.000000000000000000e+00 1.000000000000000000e+00 1.000000000000000000e+10 0.000000000000000000e+00 0.000000000000000000e+00 0.000000000000000000e+00 1.000000000000000000e+10
3.680353203388414540e-01 1.393416750527294141e+02 7.652075900826244492e+01 3.235081353660443426e+01 2.284045862739346455e-01 1.071269012890411432e+02 5.377376288310518533e-28 4.025579061451671701e-28 9.010560702646557048e-29 5.303720135273602976e-01 1.508801231956269453e-28 1.000000000000000000e+00 0.000000000000000000e+00 0.000000000000000000e+00 0.000000000000000000e+00 1.000000000000000000e+00 1.000000000000000000e+10 0.000000000000000000e+00 0.000000000000000000e+00 0.000000000000000000e+00 1.000000000000000000e+10
4.244511359005219142e-01 1.218469790777156021e+02 6.157720364237574984e+01 2.770476935392207452e+01 2.575684474425894988e-01 8.478405284624226113e+01 5.803859579536342891e-28 3.362553138942722765e-28 5.913995531509567589e-29 5.881242181812142977e-01 1.004758534507133261e-28 1.000000000000000000e+00 0.000000000000000000e+00 0.000000000000000000e+00 0.000000000000000000e+00 1.000000000000000000e+00 1.000000000000000000e+10 0.000000000000000000e+00 0.000000000000000000e+00 0.000000000000000000e+00 1.000000000000000000e+10
4.895148829774688681e-01 9.867813140653187531e+01 6.055759565122033905e+01 2.476752801537303128e+01 2.716990406331453167e-01 6.837795977596780972e+01 5.718771956585553525e-28 2.848050363034697123e-28 5.599462341513743244e-29 6.419485815529154538e-01 8.343668287437755358e-29 1.000000000000000000e+00 0.000000000000000000e+00 0.000000000000000000e+00 0.000000000000000000e+00 1.000000000000000000e+00 1.000000000000000000e+10 0.000000000000000000e+00 0.000000000000000000e+00 0.000000000000000000e+00 1.000000000000000000e+10
5.645521955031491679e-01 8.884317232221434324e+01 5.874751918382298754e+01 2.239301332424989255e+01 3.046481650262378160e-01 5.590419445681915533e+01 6.074548950702679732e-28 2.920103327800290829e-28 3.895337813826614603e-29 7.025842686098994205e-01 6.021100744226605087e-29 1.000000000000000000e+00 0.000000000000000000e+00 0.000000000000000000e+00 0.000000000000000000e+00 1.000000000000000000e+00 1.000000000000000000e+10 0.000000000000000000e+00 0.000000000000000000e+00 0.000000000000000000e+00 1.000000000000000000e+10
6.510919126887823039e-01 7.399464607764581103e+01 5.158582375496629169e+01 1.670313277447002775e+01 3.135900259350214436e-01 4.535371552242555282e+01 5.672207172616031233e-28 2.931184184667678469e-28 3.847774763213433724e-29 7.541903356633901101e-01 5.436628709638942084e-29 1.000000000000000000e+00 0.000000000000000000e+00 0.000000000000000000e+00 0.000000000000000000e+00 1.000000000000000000e+00 1.000000000000000000e+10 0.000000000000000000e+00 0.000000000000000000e+00 0.000000000000000000e+00 1.000000000000000000e+10
7.508972281844089602e-01 6.358550432834491772e+01 5.493142788353466699e+01 1.566108435724023096e+01 3.157360260760040394e-01 3.892229706050505911e+01 4.871070667304317638e-28 3.624548260731738119e-28 3.452746459174836711e-29 8.022388158538195091e-01 4.593717011308617121e-29 1.000000000000000000e+00 0.000000000000000000e+00 0.000000000000000000e+00 0.000000000000000000e+00 1.000000000000000000e+00 1.000000000000000000e+10 0.000000000000000000e+00 0.000000000000000000e+00 0.000000000000000000e+00 1.000000000000000000e+10
8.660016140678794550e-01 5.687349907763640999e+01 5.989431687825778283e+01 1.384294038441300145e+01 3.292096238916221163e-01 3.509158065987196551e+01 4.117066174004466979e-28 4.950946888213537671e-28 3.258552656450135884e-29 8.534990109804254654e-01 4.131687881635953428e-29 1.000000000000000000e+00 0.000000000000000000e+00 0.000000000000000000e+00 0.000000000000000000e+00 1.000000000000000000e+00 1.000000000000000000e+10 0.000000000000000000e+00 0.000000000000000000e+00 0.000000000000000000e+00 1.000000000000000000e+10
9.987502515910116063e-01 5.048251184505405575e+01 5.561192392831470244e+01 1.569039418873754244e+01 3.270254090750976395e-01 3.319464461830680335e+01 3.843060460514248829e-28 4.720167477316797685e-28 3.353008567417200960e-29 8.772902372400654958e-01 4.051939163037357296e-29 1.000000000000000000e+00 0.000000000000000000e+00 0.000000000000000000e+00 0.000000000000000000e+00 1.000000000000000000e+00 1.000000000000000000e+10 0.000000000000000000e+00 0.000000000000000000e+00 0.000000000000000000e+00 1.000000000000000000e+10
1.151847812808953542e+00 4.577896023359352284e+01 5.076115214215687388e+01 1.462041835188345829e+01 3.206501206908086155e-01 3.135276634768305826e+01 3.680728816924462585e-28 4.161114771671968422e-28 3.152129643087527468e-29 8.649981357907589041e-01 3.830140987623575939e-29 1.000000000000000000e+00 0.000000000000000000e+00 0.000000000000000000e+00 0.000000000000000000e+00 1.000000000000000000e+00 1.000000000000000000e+10 0.000000000000000000e+00 0.000000000000000000e+00 0.000000000000000000e+00 1.000000000000000000e+10
1.328413566614123908e+00 4.151960233202754580e+01 3.120466738314160793e+01 1.511742819395437465e+01 3.062922713224259796e-01 3.106477664205970157e+01 4.139990563504163364e-28 3.248370574501968237e-28 3.875545075826054066e-29 8.426790383934168460e-01 4.571358573896157784e-29 1.000000000000000000e+00 0.000000000000000000e+00 0.000000000000000000e+00 0.000000000000000000e+00 1.000000000000000000e+00 1.000000000000000000e+10 0.000000000000000000e+00 0.000000000000000000e+00 0.000000000000000000e+00 1.000000000000000000e+10
1.532044931926391351e+00 4.084104616632040319e+01 3.287732568682080370e+01 1.465887086819315321e+01 3.108549666263608069e-01 2.963904076489649242e+01 6.520077976827973071e-28 3.637272393254878042e-28 3.469910146531897874e-29 8.647216942550988161e-01 4.132943682635211415e-29 1.000000000000000000e+00 0.000000000000000000e+00 0.000000000000000000e+00 0.000000000000000000e+00 1.000000000000000000e+00 1.000000000000000000e+10 0.000000000000000000e+00 0.000000000000000000e+00 0.000000000000000000e+00 1.000000000000000000e+10
1.766890772896739126e+00 3.894850185498218309e+01 2.917692975243112485e+01 1.247478457108794103e+01 3.016391754102113465e-01 2.679610954074869866e+01 1.110043422160581437e-27 3.395097541621080795e-28 3.581653416339243504e-29 8.612171282871916578e-01 4.272077435497699948e-29 1.000000000000000000e+00 0.000000000000000000e+00 0.000000000000000000e+00 0.000000000000000000e+00 1.000000000000000000e+00 1.000000000000000000e+10 0.000000000000000000e+00 0.000000000000000000e+00 0.000000000000000000e+00 1.000000000000000000e+10
2.037735929469222107e+00 3.889699001995596461e+01 2.724252879004857419e+01 1.336222753994817580e+01 3.067404003607609453e-01 2.711241732757785172e+01 1.529594366064060073e-27 3.100691955774841327e-28 5.305693412571066823e-29 8.758489643327077578e-01 5.921822753519513075e-29 1.000000000000000000e+00 0.000000000000000000e+00 0.000000000000000000e+00 0.000000000000000000e+00 1.000000000000000000e+00 1.000000000000000000e+10 0.000000000000000000e+00 0.000000000000000000e+00 0.000000000000000000e+00 1.000000000000000000e+10
2.350098705559579226e+00 3.372361102068492045e+01 2.188693462905450460e+01 1.244412020839388155e+01 2.883534116680560588e-01 2.555675981765341120e+01 9.594506719316842656e-28 2.500899020389926393e-28 5.248649576695408781e-29 8.741404377145345350e-01 5.912944335821103798e-29 1.000000000000000000e+00 0.000000000000000000e+00 0.000000000000000000e+00 0.000000000000000000e+00 1.000000000000000000e+00 1.000000000000000000e+10 0.000000000000000000e+00 0.000000000000000000e+00 0.000000000000000000e+00 1.000000000000000000e+10
