# R (Mpc), mean rho (Msol/kpc^3), errup (Msol/kpc^3), errlow, std, median rho (Msol/kpc^3), mean pth (Msol/kpc/s^2), errup(Msol/kpc/s^2), errlow, std, median pth (Msol/kpc/s^2), mean gas-mass-weighted metal (fraction), errup, errlow, std, median metal, mean gas-mass-weighted temp (K), errup, errlow, std, median temp  
#  nprofs 145, mean mh 216699730888.773865, median mh 211403547891.506836 
#  Mass range 11.00 - 11.5
1.040961082911032697e-02 3.221386047380854725e+05 1.636498495332757011e+05 1.388216100508862874e+05 2.316937078616861934e-01 3.113020265850152355e+05 1.416856054897342353e-25 2.102629327815989891e-25 2.848677629340155978e-26 4.743272123806639984e-01 5.313082222006062616e-26 1.000000000000000000e+00 0.000000000000000000e+00 0.000000000000000000e+00 0.000000000000000000e+00 1.000000000000000000e+00 1.000000000000000000e+10 0.000000000000000000e+00 0.000000000000000000e+00 0.000000000000000000e+00 1.000000000000000000e+10
1.200529105910367808e-02 2.550959890548079566e+05 1.355069656290518760e+05 9.575231682892952813e+04 2.278301444720330360e-01 2.387523617441648094e+05 1.001432229980411011e-25 1.206661748428910936e-25 3.280431937493901449e-26 4.201232038987990913e-01 5.515153462929101780e-26 1.000000000000000000e+00 0.000000000000000000e+00 0.000000000000000000e+00 0.000000000000000000e+00 1.000000000000000000e+00 1.000000000000000000e+10 0.000000000000000000e+00 0.000000000000000000e+00 0.000000000000000000e+00 1.000000000000000000e+10
1.384557172980430476e-02 1.956390447876909166e+05 8.430044270254249568e+04 9.294322004005096096e+04 2.363915224040953333e-01 1.953895868658072723e+05 1.198492093521454653e-25 1.315826754213203556e-25 6.177029847055112217e-26 4.195361085831215697e-01 8.707320578729263386e-26 1.000000000000000000e+00 0.000000000000000000e+00 0.000000000000000000e+00 0.000000000000000000e+00 1.000000000000000000e+00 1.000000000000000000e+10 0.000000000000000000e+00 0.000000000000000000e+00 0.000000000000000000e+00 1.000000000000000000e+10
1.596794743096121086e-02 1.396168169673394004e+05 9.144208988675159344e+04 5.548238911440210359e+04 2.482679329045462402e-01 1.266011908993559337e+05 1.028435050029902604e-25 1.296652669722155820e-25 4.700102180604800264e-26 4.205347548581032657e-01 6.998309586452620702e-26 1.000000000000000000e+00 0.000000000000000000e+00 0.000000000000000000e+00 0.000000000000000000e+00 1.000000000000000000e+00 1.000000000000000000e+10 0.000000000000000000e+00 0.000000000000000000e+00 0.000000000000000000e+00 1.000000000000000000e+10
1.841566026551830909e-02 9.938307011419282935e+04 7.357272627990573528e+04 3.720028841516272223e+04 2.672024367966165936e-01 8.432091591925040120e+04 8.812791147434416935e-26 8.323369057000452858e-26 4.121599084483197984e-26 3.651544943677047517e-01 6.677283311001027642e-26 1.000000000000000000e+00 0.000000000000000000e+00 0.000000000000000000e+00 0.000000000000000000e+00 1.000000000000000000e+00 1.000000000000000000e+10 0.000000000000000000e+00 0.000000000000000000e+00 0.000000000000000000e+00 1.000000000000000000e+10
2.123858088093512342e-02 6.802142161304257752e+04 5.050023179423534020e+04 2.532784370389091782e+04 2.466014679319391834e-01 5.919239254961855477e+04 7.171353876646340331e-26 5.895028580762349600e-26 3.613346164245032567e-26 3.047511802401122183e-01 6.220907805634362692e-26 1.000000000000000000e+00 0.000000000000000000e+00 0.000000000000000000e+00 0.000000000000000000e+00 1.000000000000000000e+00 1.000000000000000000e+10 0.000000000000000000e+00 0.000000000000000000e+00 0.000000000000000000e+00 1.000000000000000000e+10
2.449422455303571639e-02 4.509931354051336530e+04 2.867907491818911512e+04 1.743413260760802586e+04 2.377236913904631488e-01 3.897597391054536274e+04 5.644532785898499152e-26 4.173858409845563213e-26 2.363575320366439148e-26 3.016521219549691546e-01 4.516889530945812598e-26 1.000000000000000000e+00 0.000000000000000000e+00 0.000000000000000000e+00 0.000000000000000000e+00 1.000000000000000000e+00 1.000000000000000000e+10 0.000000000000000000e+00 0.000000000000000000e+00 0.000000000000000000e+00 1.000000000000000000e+10
2.824892302447100725e-02 3.024418712665560088e+04 1.677867727914734496e+04 1.106212813917691165e+04 2.259298958236787835e-01 2.776309099508606232e+04 4.358034681887300166e-26 2.893297196440096717e-26 1.835793354851805413e-26 2.593906799755115733e-01 3.826664887296948769e-26 1.000000000000000000e+00 0.000000000000000000e+00 0.000000000000000000e+00 0.000000000000000000e+00 1.000000000000000000e+00 1.000000000000000000e+10 0.000000000000000000e+00 0.000000000000000000e+00 0.000000000000000000e+00 1.000000000000000000e+10
3.257917597328415654e-02 2.013884116546630321e+04 1.111827382129447142e+04 7.217077004534508887e+03 2.007585668649220501e-01 1.837550993710432158e+04 3.524690748622842102e-26 1.860216268506446948e-26 1.670573883098935089e-26 2.584559653270560586e-01 3.239191477942362545e-26 1.000000000000000000e+00 0.000000000000000000e+00 0.000000000000000000e+00 0.000000000000000000e+00 1.000000000000000000e+00 1.000000000000000000e+10 0.000000000000000000e+00 0.000000000000000000e+00 0.000000000000000000e+00 1.000000000000000000e+10
3.757320964692217186e-02 1.409192708500609297e+04 7.658559338959816159e+03 4.670349430512253093e+03 2.090094344463552523e-01 1.297954922967412676e+04 2.796248653176687596e-26 1.754382038521652073e-26 9.993425947346725832e-27 2.331459093239603986e-01 2.476359030747663475e-26 1.000000000000000000e+00 0.000000000000000000e+00 0.000000000000000000e+00 0.000000000000000000e+00 1.000000000000000000e+00 1.000000000000000000e+10 0.000000000000000000e+00 0.000000000000000000e+00 0.000000000000000000e+00 1.000000000000000000e+10
4.333277441790538143e-02 9.625091679184237364e+03 4.564020720724411149e+03 3.027505864460331395e+03 1.909360717921085304e-01 8.467831043031364970e+03 2.244368088223253891e-26 1.528768770049126065e-26 8.246267859437409435e-27 2.290536046611805210e-01 1.954369567303222845e-26 1.000000000000000000e+00 0.000000000000000000e+00 0.000000000000000000e+00 0.000000000000000000e+00 1.000000000000000000e+00 1.000000000000000000e+10 0.000000000000000000e+00 0.000000000000000000e+00 0.000000000000000000e+00 1.000000000000000000e+10
4.997521788524898756e-02 6.906477908355084764e+03 2.913896497752971300e+03 2.167717104154631670e+03 1.762136503416838196e-01 6.316761517664434905e+03 1.811804828962667673e-26 9.426040051964976539e-27 6.328276298521310344e-27 2.140402879428477678e-01 1.642216668393152780e-26 1.000000000000000000e+00 0.000000000000000000e+00 0.000000000000000000e+00 0.000000000000000000e+00 1.000000000000000000e+00 1.000000000000000000e+10 0.000000000000000000e+00 0.000000000000000000e+00 0.000000000000000000e+00 1.000000000000000000e+10
5.763587575980636674e-02 5.057490700644705612e+03 1.744524280271957650e+03 1.659765878509299455e+03 1.607964565628093589e-01 4.973975999223662257e+03 1.419118063622869071e-26 7.791804132217972011e-27 5.049657550574101979e-27 2.102859832317896527e-01 1.301333828210687175e-26 1.000000000000000000e+00 0.000000000000000000e+00 0.000000000000000000e+00 0.000000000000000000e+00 1.000000000000000000e+00 1.000000000000000000e+10 0.000000000000000000e+00 0.000000000000000000e+00 0.000000000000000000e+00 1.000000000000000000e+10
6.647082924635627776e-02 3.793668668192735822e+03 1.466241457706290930e+03 1.213857501968907854e+03 1.663969623460129499e-01 3.650269778936782131e+03 1.136233600322118463e-26 7.624470829955609062e-27 3.379202051167747762e-27 2.240175203906095702e-01 9.617002870653277069e-27 1.000000000000000000e+00 0.000000000000000000e+00 0.000000000000000000e+00 0.000000000000000000e+00 1.000000000000000000e+00 1.000000000000000000e+10 0.000000000000000000e+00 0.000000000000000000e+00 0.000000000000000000e+00 1.000000000000000000e+10
7.666008510240249207e-02 3.015369705148951653e+03 1.209403714289417167e+03 8.526455875941201157e+02 1.624310552833339860e-01 2.780880177904885386e+03 8.934574611634364271e-27 6.014044020233044459e-27 2.877525600102145175e-27 2.201638660169740747e-01 7.606608155133257430e-27 1.000000000000000000e+00 0.000000000000000000e+00 0.000000000000000000e+00 0.000000000000000000e+00 1.000000000000000000e+00 1.000000000000000000e+10 0.000000000000000000e+00 0.000000000000000000e+00 0.000000000000000000e+00 1.000000000000000000e+10
8.841124316543315376e-02 2.304977288742781639e+03 7.034833233396461765e+02 7.027543454316196403e+02 1.564360808214622367e-01 2.245576762949901877e+03 7.111392149617667263e-27 4.658318519337695739e-27 2.382862585439454604e-27 2.374278289695872513e-01 5.922779220387532284e-27 1.000000000000000000e+00 0.000000000000000000e+00 0.000000000000000000e+00 0.000000000000000000e+00 1.000000000000000000e+00 1.000000000000000000e+10 0.000000000000000000e+00 0.000000000000000000e+00 0.000000000000000000e+00 1.000000000000000000e+10
1.019637260722580097e-01 1.821531841920822444e+03 6.854625768147675444e+02 5.321115953437106327e+02 1.560698913017584399e-01 1.746575385955400634e+03 5.398071291977933412e-27 3.831544871258677731e-27 1.899125804685864377e-27 2.417184559875652228e-01 4.497900341409969684e-27 1.000000000000000000e+00 0.000000000000000000e+00 0.000000000000000000e+00 0.000000000000000000e+00 1.000000000000000000e+00 1.000000000000000000e+10 0.000000000000000000e+00 0.000000000000000000e+00 0.000000000000000000e+00 1.000000000000000000e+10
1.175936573483598035e-01 1.380196212606905192e+03 5.482648182332341094e+02 3.511727058374774515e+02 1.474103516201651087e-01 1.301098654023668814e+03 4.104902485974390520e-27 2.606606453892468096e-27 1.388304219743853855e-27 2.483948759146115126e-01 3.243167175188711936e-27 1.000000000000000000e+00 0.000000000000000000e+00 0.000000000000000000e+00 0.000000000000000000e+00 1.000000000000000000e+00 1.000000000000000000e+10 0.000000000000000000e+00 0.000000000000000000e+00 0.000000000000000000e+00 1.000000000000000000e+10
1.356194872553388164e-01 1.069389245827817831e+03 3.825419493786167777e+02 3.062637373531023286e+02 1.559299465555511466e-01 1.012120531957542312e+03 3.040460085198800876e-27 1.803852821987671138e-27 1.182832096538261067e-27 2.631435022877265939e-01 2.512273668293020665e-27 1.000000000000000000e+00 0.000000000000000000e+00 0.000000000000000000e+00 0.000000000000000000e+00 1.000000000000000000e+00 1.000000000000000000e+10 0.000000000000000000e+00 0.000000000000000000e+00 0.000000000000000000e+00 1.000000000000000000e+10
1.564084810196403053e-01 8.101636905741337387e+02 3.091382793054494869e+02 2.355358475203585158e+02 1.531714160406874303e-01 7.534728488770585955e+02 2.256910424533296939e-27 1.484926706001008654e-27 8.381944084062562836e-28 2.834778966827153357e-01 1.727722597582016389e-27 1.000000000000000000e+00 0.000000000000000000e+00 0.000000000000000000e+00 0.000000000000000000e+00 1.000000000000000000e+00 1.000000000000000000e+10 0.000000000000000000e+00 0.000000000000000000e+00 0.000000000000000000e+00 1.000000000000000000e+10
1.803842016362447453e-01 6.301112465159550311e+02 2.416856351781030980e+02 1.898778719234968548e+02 1.624549915081098805e-01 5.862881676123496391e+02 1.719804284510896103e-27 1.110520308281387514e-27 6.126412759412991685e-28 3.107577548871913731e-01 1.227523116517544627e-27 1.000000000000000000e+00 0.000000000000000000e+00 0.000000000000000000e+00 0.000000000000000000e+00 1.000000000000000000e+00 1.000000000000000000e+10 0.000000000000000000e+00 0.000000000000000000e+00 0.000000000000000000e+00 1.000000000000000000e+10
2.080351397048574025e-01 4.753543160983371081e+02 2.156798089289762288e+02 1.319014595927583855e+02 1.679758800885349512e-01 4.291078809812060513e+02 1.341119007230107146e-27 9.147294010568571589e-28 4.707594041436092895e-28 3.499882268155304899e-01 8.456262724142841503e-28 1.000000000000000000e+00 0.000000000000000000e+00 0.000000000000000000e+00 0.000000000000000000e+00 1.000000000000000000e+00 1.000000000000000000e+10 0.000000000000000000e+00 0.000000000000000000e+00 0.000000000000000000e+00 1.000000000000000000e+10
2.399246661262133540e-01 3.691431377882063884e+02 1.639330933701049844e+02 1.020496511991365480e+02 1.748077330910107752e-01 3.297762587162553132e+02 1.079924398161991103e-27 8.405412648551112939e-28 3.304843079430788705e-28 3.798038386041842074e-01 6.043606665932045884e-28 1.000000000000000000e+00 0.000000000000000000e+00 0.000000000000000000e+00 0.000000000000000000e+00 1.000000000000000000e+00 1.000000000000000000e+10 0.000000000000000000e+00 0.000000000000000000e+00 0.000000000000000000e+00 1.000000000000000000e+10
2.767025104385807399e-01 2.909054594629549797e+02 1.351471216877181405e+02 8.352377004390658044e+01 1.853129845578931623e-01 2.552616549417242027e+02 8.801871996270097155e-28 6.739190770547092344e-28 2.359490878550235231e-28 4.115732624132888429e-01 4.094478563209680188e-28 1.000000000000000000e+00 0.000000000000000000e+00 0.000000000000000000e+00 0.000000000000000000e+00 1.000000000000000000e+00 1.000000000000000000e+10 0.000000000000000000e+00 0.000000000000000000e+00 0.000000000000000000e+00 1.000000000000000000e+10
3.191179986585286343e-01 2.273992692408718881e+02 1.037532615462880017e+02 7.050705265818416478e+01 1.927178628828426776e-01 1.983223258560531121e+02 7.632334640433856708e-28 6.792773580226426887e-28 1.839131059301548884e-28 4.476048795734479668e-01 2.989292136361267725e-28 1.000000000000000000e+00 0.000000000000000000e+00 0.000000000000000000e+00 0.000000000000000000e+00 1.000000000000000000e+00 1.000000000000000000e+10 0.000000000000000000e+00 0.000000000000000000e+00 0.000000000000000000e+00 1.000000000000000000e+10
3.680353203388414540e-01 1.867442782892034643e+02 9.630800454151872714e+01 5.064394463696004323e+01 2.168495031433392561e-01 1.500089956142882954e+02 6.917528526869191633e-28 5.840226131244527789e-28 1.329625090979776556e-28 4.935948750069301671e-01 2.129046154677980947e-28 1.000000000000000000e+00 0.000000000000000000e+00 0.000000000000000000e+00 0.000000000000000000e+00 1.000000000000000000e+00 1.000000000000000000e+10 0.000000000000000000e+00 0.000000000000000000e+00 0.000000000000000000e+00 1.000000000000000000e+10
4.244511359005219142e-01 1.578706275586522452e+02 1.086308500389378224e+02 4.012169495838473665e+01 2.484612484955378287e-01 1.141563874486521826e+02 6.695706462431178135e-28 4.867564273247540907e-28 8.323654266187637755e-29 5.531999801337370570e-01 1.394604783932645219e-28 1.000000000000000000e+00 0.000000000000000000e+00 0.000000000000000000e+00 0.000000000000000000e+00 1.000000000000000000e+00 1.000000000000000000e+10 0.000000000000000000e+00 0.000000000000000000e+00 0.000000000000000000e+00 1.000000000000000000e+10
4.895148829774688681e-01 1.288809175291528959e+02 1.173666672689360837e+02 2.908893392755998519e+01 2.592576070812999123e-01 8.869462853180442607e+01 6.110131903182254485e-28 5.157858499512597360e-28 6.532844655872812975e-29 5.965041754181630296e-01 1.023520512727388247e-28 1.000000000000000000e+00 0.000000000000000000e+00 0.000000000000000000e+00 0.000000000000000000e+00 1.000000000000000000e+00 1.000000000000000000e+10 0.000000000000000000e+00 0.000000000000000000e+00 0.000000000000000000e+00 1.000000000000000000e+10
5.645521955031491679e-01 1.078927212653900227e+02 8.801851681228990287e+01 2.529548950556245046e+01 2.756184135581986605e-01 7.283068731374893900e+01 6.048082446697789829e-28 4.263667573888710879e-28 5.134105162580447550e-29 6.420566678977146502e-01 7.814185795747816928e-29 1.000000000000000000e+00 0.000000000000000000e+00 0.000000000000000000e+00 0.000000000000000000e+00 1.000000000000000000e+00 1.000000000000000000e+10 0.000000000000000000e+00 0.000000000000000000e+00 0.000000000000000000e+00 1.000000000000000000e+10
6.510919126887823039e-01 9.164452059870224332e+01 7.207138406322077628e+01 2.485072317741803971e+01 2.934959878366469321e-01 6.059286340497946810e+01 7.031986404254276583e-28 3.866758299251197003e-28 4.350614269249163002e-29 6.976204701048789314e-01 6.212943989442078425e-29 1.000000000000000000e+00 0.000000000000000000e+00 0.000000000000000000e+00 0.000000000000000000e+00 1.000000000000000000e+00 1.000000000000000000e+10 0.000000000000000000e+00 0.000000000000000000e+00 0.000000000000000000e+00 1.000000000000000000e+10
7.508972281844089602e-01 8.378421563783342663e+01 8.464374504214015360e+01 2.235004939067497176e+01 3.239583711910820063e-01 5.260620999132905951e+01 7.448832709035130468e-28 4.142793187154804335e-28 3.554792901261077833e-29 7.676826246899327577e-01 4.940165923612856578e-29 1.000000000000000000e+00 0.000000000000000000e+00 0.000000000000000000e+00 0.000000000000000000e+00 1.000000000000000000e+00 1.000000000000000000e+10 0.000000000000000000e+00 0.000000000000000000e+00 0.000000000000000000e+00 1.000000000000000000e+10
8.660016140678794550e-01 7.173634763258637292e+01 6.307442662981597437e+01 1.862353896613742066e+01 3.251598207623286330e-01 4.489130241150688505e+01 7.696779606226312556e-28 3.560442458561761504e-28 3.321650663835404887e-29 7.995744640186934760e-01 4.404590354056409655e-29 1.000000000000000000e+00 0.000000000000000000e+00 0.000000000000000000e+00 0.000000000000000000e+00 1.000000000000000000e+00 1.000000000000000000e+10 0.000000000000000000e+00 0.000000000000000000e+00 0.000000000000000000e+00 1.000000000000000000e+10
9.987502515910116063e-01 6.235568138299131391e+01 4.620970034266630933e+01 2.009981138753187935e+01 3.202942712672856018e-01 4.074718957056722957e+01 8.654410943650155295e-28 2.723114571647559631e-28 2.946409237650847562e-29 8.134151628576269388e-01 3.862101334406637108e-29 1.000000000000000000e+00 0.000000000000000000e+00 0.000000000000000000e+00 0.000000000000000000e+00 1.000000000000000000e+00 1.000000000000000000e+10 0.000000000000000000e+00 0.000000000000000000e+00 0.000000000000000000e+00 1.000000000000000000e+10
1.151847812808953542e+00 5.597275762443758396e+01 5.664819353616017850e+01 1.493248571527794155e+01 3.163374356015277167e-01 3.481865162563610738e+01 1.242436242902161272e-27 3.336406682665991304e-28 2.503422184345900328e-29 8.307635870923926191e-01 3.239168132653079288e-29 1.000000000000000000e+00 0.000000000000000000e+00 0.000000000000000000e+00 0.000000000000000000e+00 1.000000000000000000e+00 1.000000000000000000e+10 0.000000000000000000e+00 0.000000000000000000e+00 0.000000000000000000e+00 1.000000000000000000e+10
1.328413566614123908e+00 5.375852642484387189e+01 3.707478260337978071e+01 1.626187918908416208e+01 3.103233996876435530e-01 3.519394996754351013e+01 1.320785088316179454e-27 2.257818001558049079e-28 2.995181907114855112e-29 8.080611734535759760e-01 3.770099464855818895e-29 1.000000000000000000e+00 0.000000000000000000e+00 0.000000000000000000e+00 0.000000000000000000e+00 1.000000000000000000e+00 1.000000000000000000e+10 0.000000000000000000e+00 0.000000000000000000e+00 0.000000000000000000e+00 1.000000000000000000e+10
1.532044931926391351e+00 4.493605730734041259e+01 3.000389377297868521e+01 1.486365592438892591e+01 2.727208676981605073e-01 3.391266198475165794e+01 7.869689611308110897e-28 1.843871882244785823e-28 3.064981751197942065e-29 7.471202452593349586e-01 3.952707783850716000e-29 1.000000000000000000e+00 0.000000000000000000e+00 0.000000000000000000e+00 0.000000000000000000e+00 1.000000000000000000e+00 1.000000000000000000e+10 0.000000000000000000e+00 0.000000000000000000e+00 0.000000000000000000e+00 1.000000000000000000e+10
1.766890772896739126e+00 3.939778636544206591e+01 2.301644801421221942e+01 1.325762594148694973e+01 2.523693832464076747e-01 3.112290915371199773e+01 5.174785693708137177e-28 1.413688530413428122e-28 3.203847740595736784e-29 7.023709962989969080e-01 4.150876369204861333e-29 1.000000000000000000e+00 0.000000000000000000e+00 0.000000000000000000e+00 0.000000000000000000e+00 1.000000000000000000e+00 1.000000000000000000e+10 0.000000000000000000e+00 0.000000000000000000e+00 0.000000000000000000e+00 1.000000000000000000e+10
2.037735929469222107e+00 3.648612310682489124e+01 2.476446116122383501e+01 1.053741474444731807e+01 2.466369347694370162e-01 2.771345015953064461e+01 5.732647777080243936e-28 1.904532212356557285e-28 2.639225184156552486e-29 6.989844508491820374e-01 3.632164309076045167e-29 1.000000000000000000e+00 0.000000000000000000e+00 0.000000000000000000e+00 0.000000000000000000e+00 1.000000000000000000e+00 1.000000000000000000e+10 0.000000000000000000e+00 0.000000000000000000e+00 0.000000000000000000e+00 1.000000000000000000e+10
2.350098705559579226e+00 3.309731394897745105e+01 2.687472327463445509e+01 7.577341775348720887e+00 2.366326644648431288e-01 2.453415961649689336e+01 3.639918870198956964e-28 1.778929441411256416e-28 2.401279188584847002e-29 6.874741911941377737e-01 3.350901710112517335e-29 1.000000000000000000e+00 0.000000000000000000e+00 0.000000000000000000e+00 0.000000000000000000e+00 1.000000000000000000e+00 1.000000000000000000e+10 0.000000000000000000e+00 0.000000000000000000e+00 0.000000000000000000e+00 1.000000000000000000e+10
