# R (Mpc), mean rho (Msol/kpc^3), errup (Msol/kpc^3), errlow, std, median rho (Msol/kpc^3), mean pth (Msol/kpc/s^2), errup(Msol/kpc/s^2), errlow, std, median pth (Msol/kpc/s^2), mean gas-mass-weighted metal (fraction), errup, errlow, std, median metal, mean gas-mass-weighted temp (K), errup, errlow, std, median temp  
#  nprofs 197, mean mh 212276381774.970978, median mh 202333523928.364166 
#  Mass range 11.00 - 11.5
1.040961082911032697e-02 1.565170737604795140e+05 9.349998358547361568e+04 6.741847763624349318e+04 2.490244196793986176e-01 1.396533233705202583e+05 1.286232582102695527e-25 2.312412386143598285e-25 2.531233520321177212e-26 5.478047369682114143e-01 4.237607665191055276e-26 1.000000000000000000e+00 0.000000000000000000e+00 0.000000000000000000e+00 0.000000000000000000e+00 1.000000000000000000e+00 1.000000000000000000e+10 0.000000000000000000e+00 0.000000000000000000e+00 0.000000000000000000e+00 1.000000000000000000e+10
1.200529105910367808e-02 1.190969558099497081e+05 7.761238267634420481e+04 6.010928663106326712e+04 2.900128310657767439e-01 1.096474026199650398e+05 1.097295692624097678e-25 1.847745641294702183e-25 2.423637502754755229e-26 5.374593147009913974e-01 4.133778254024876680e-26 1.000000000000000000e+00 0.000000000000000000e+00 0.000000000000000000e+00 0.000000000000000000e+00 1.000000000000000000e+00 1.000000000000000000e+10 0.000000000000000000e+00 0.000000000000000000e+00 0.000000000000000000e+00 1.000000000000000000e+10
1.384557172980430476e-02 8.990817590012022993e+04 5.097772595864020695e+04 4.167075502154339483e+04 2.639859141498051009e-01 8.523187542557368579e+04 9.861741805696798365e-26 1.299050722238926675e-25 3.435072166617700486e-26 4.540688965990038461e-01 5.392641103958257953e-26 1.000000000000000000e+00 0.000000000000000000e+00 0.000000000000000000e+00 0.000000000000000000e+00 1.000000000000000000e+00 1.000000000000000000e+10 0.000000000000000000e+00 0.000000000000000000e+00 0.000000000000000000e+00 1.000000000000000000e+10
1.596794743096121086e-02 6.803259386324770458e+04 4.679861751760838524e+04 2.727853112960684302e+04 2.795730498783123852e-01 5.834422933179597749e+04 8.483736990634907914e-26 9.277136293732412125e-26 3.849715432093248380e-26 4.172482138309687172e-01 5.779012112720253504e-26 1.000000000000000000e+00 0.000000000000000000e+00 0.000000000000000000e+00 0.000000000000000000e+00 1.000000000000000000e+00 1.000000000000000000e+10 0.000000000000000000e+00 0.000000000000000000e+00 0.000000000000000000e+00 1.000000000000000000e+10
1.841566026551830909e-02 4.920866803375432210e+04 3.622971033349839854e+04 2.413424779876380853e+04 3.070751329634652249e-01 4.319164283529976092e+04 6.617750108807451514e-26 4.775322040086028717e-26 3.108713346406279959e-26 3.757326748541550687e-01 5.171918928069072507e-26 1.000000000000000000e+00 0.000000000000000000e+00 0.000000000000000000e+00 0.000000000000000000e+00 1.000000000000000000e+00 1.000000000000000000e+10 0.000000000000000000e+00 0.000000000000000000e+00 0.000000000000000000e+00 1.000000000000000000e+10
2.123858088093512342e-02 3.525408498931640497e+04 2.518541006094466866e+04 1.629052988348189319e+04 3.042941900444961489e-01 3.102423148603366280e+04 5.502109141489134733e-26 4.049439795783095658e-26 2.049872989561076691e-26 3.156735174069688621e-01 4.351617033328567718e-26 1.000000000000000000e+00 0.000000000000000000e+00 0.000000000000000000e+00 0.000000000000000000e+00 1.000000000000000000e+00 1.000000000000000000e+10 0.000000000000000000e+00 0.000000000000000000e+00 0.000000000000000000e+00 1.000000000000000000e+10
2.449422455303571639e-02 2.492098886473402308e+04 1.547614568817976397e+04 1.204803089665765401e+04 3.050877824230124880e-01 2.225220161722226476e+04 4.516090099141182272e-26 3.244382111242915667e-26 1.786999980321047801e-26 3.087023159062573519e-01 3.613245517686666298e-26 1.000000000000000000e+00 0.000000000000000000e+00 0.000000000000000000e+00 0.000000000000000000e+00 1.000000000000000000e+00 1.000000000000000000e+10 0.000000000000000000e+00 0.000000000000000000e+00 0.000000000000000000e+00 1.000000000000000000e+10
2.824892302447100725e-02 1.747271631193669236e+04 1.188891221123364448e+04 7.516010781799614961e+03 2.926918843121814606e-01 1.507087332096218597e+04 3.617040036418584170e-26 2.654195081987332622e-26 1.460186663056290392e-26 2.776431798640163207e-01 3.065708009932215629e-26 1.000000000000000000e+00 0.000000000000000000e+00 0.000000000000000000e+00 0.000000000000000000e+00 1.000000000000000000e+00 1.000000000000000000e+10 0.000000000000000000e+00 0.000000000000000000e+00 0.000000000000000000e+00 1.000000000000000000e+10
3.257917597328415654e-02 1.269137173967823401e+04 8.067757804336450135e+03 4.741658633189134889e+03 2.757720007093962811e-01 1.070896833612435694e+04 3.005215100696390142e-26 2.150727634313979813e-26 1.121004076319962969e-26 2.618506141415766764e-01 2.472578956517423135e-26 1.000000000000000000e+00 0.000000000000000000e+00 0.000000000000000000e+00 0.000000000000000000e+00 1.000000000000000000e+00 1.000000000000000000e+10 0.000000000000000000e+00 0.000000000000000000e+00 0.000000000000000000e+00 1.000000000000000000e+10
3.757320964692217186e-02 8.607363291424717318e+03 5.385528445457965063e+03 2.979648840000855671e+03 2.402733766317045883e-01 7.190499189093887253e+03 2.395057645561491958e-26 1.460723940459298318e-26 7.154573421110947836e-27 2.361778738686637902e-01 2.034200163925620003e-26 1.000000000000000000e+00 0.000000000000000000e+00 0.000000000000000000e+00 0.000000000000000000e+00 1.000000000000000000e+00 1.000000000000000000e+10 0.000000000000000000e+00 0.000000000000000000e+00 0.000000000000000000e+00 1.000000000000000000e+10
4.333277441790538143e-02 6.132044027017602275e+03 3.431521856150129679e+03 2.044337866390299041e+03 2.057801184330126931e-01 5.368261185779092557e+03 1.977209486088793063e-26 1.406701621240416899e-26 5.506311648360130266e-27 2.330457409205263508e-01 1.612253684249484553e-26 1.000000000000000000e+00 0.000000000000000000e+00 0.000000000000000000e+00 0.000000000000000000e+00 1.000000000000000000e+00 1.000000000000000000e+10 0.000000000000000000e+00 0.000000000000000000e+00 0.000000000000000000e+00 1.000000000000000000e+10
4.997521788524898756e-02 4.459397314899096273e+03 2.403946603150581723e+03 1.290770744902808929e+03 1.873472232981885643e-01 3.978919682258083412e+03 1.554245074262141399e-26 1.123580928799212639e-26 4.519980307243166496e-27 2.279631401681166403e-01 1.286547456529660106e-26 1.000000000000000000e+00 0.000000000000000000e+00 0.000000000000000000e+00 0.000000000000000000e+00 1.000000000000000000e+00 1.000000000000000000e+10 0.000000000000000000e+00 0.000000000000000000e+00 0.000000000000000000e+00 1.000000000000000000e+10
5.763587575980636674e-02 3.431718363774949921e+03 1.756795166795265231e+03 9.477522205607319847e+02 1.728538235954395208e-01 3.111565124243603805e+03 1.252936834459394890e-26 7.207963442184434208e-27 4.211857333397340538e-27 2.240817726320529779e-01 1.097734156488238445e-26 1.000000000000000000e+00 0.000000000000000000e+00 0.000000000000000000e+00 0.000000000000000000e+00 1.000000000000000000e+00 1.000000000000000000e+10 0.000000000000000000e+00 0.000000000000000000e+00 0.000000000000000000e+00 1.000000000000000000e+10
6.647082924635627776e-02 2.725298913323725628e+03 1.130825880502668042e+03 7.882118868019811089e+02 1.620143539057324611e-01 2.547598943628878260e+03 9.878367706000356836e-27 5.772503314889079796e-27 3.078022222684785557e-27 2.208858219689262825e-01 8.216989875365622794e-27 1.000000000000000000e+00 0.000000000000000000e+00 0.000000000000000000e+00 0.000000000000000000e+00 1.000000000000000000e+00 1.000000000000000000e+10 0.000000000000000000e+00 0.000000000000000000e+00 0.000000000000000000e+00 1.000000000000000000e+10
7.666008510240249207e-02 2.144152322634781285e+03 8.991350425117593659e+02 5.588887603130435764e+02 1.629647438980072471e-01 1.995390629633830486e+03 7.466531472384103674e-27 3.725246516829898179e-27 2.868979863335319065e-27 2.267665484372173579e-01 6.745613684179667711e-27 1.000000000000000000e+00 0.000000000000000000e+00 0.000000000000000000e+00 0.000000000000000000e+00 1.000000000000000000e+00 1.000000000000000000e+10 0.000000000000000000e+00 0.000000000000000000e+00 0.000000000000000000e+00 1.000000000000000000e+10
8.841124316543315376e-02 1.729592687353289193e+03 6.541897506598422751e+02 4.754187645686502037e+02 1.607631728782757397e-01 1.590749185087340493e+03 5.739948395391415142e-27 3.524851577884782404e-27 1.833435197727955712e-27 2.274550841826753211e-01 4.910545003062297003e-27 1.000000000000000000e+00 0.000000000000000000e+00 0.000000000000000000e+00 0.000000000000000000e+00 1.000000000000000000e+00 1.000000000000000000e+10 0.000000000000000000e+00 0.000000000000000000e+00 0.000000000000000000e+00 1.000000000000000000e+10
1.019637260722580097e-01 1.320371258488362855e+03 4.684421374136647955e+02 4.053637607256198407e+02 1.514096853172707535e-01 1.279241514271925553e+03 4.350461190796654948e-27 2.584854115203296293e-27 1.567661728010049362e-27 2.366881978699971190e-01 3.765284437442509761e-27 1.000000000000000000e+00 0.000000000000000000e+00 0.000000000000000000e+00 0.000000000000000000e+00 1.000000000000000000e+00 1.000000000000000000e+10 0.000000000000000000e+00 0.000000000000000000e+00 0.000000000000000000e+00 1.000000000000000000e+10
1.175936573483598035e-01 1.029171429412336920e+03 4.377549806451264658e+02 2.676662218796125217e+02 1.521101954133300127e-01 9.604814509070785107e+02 3.308825621834393938e-27 2.664367859803434751e-27 1.046863933779624622e-27 2.610373226265211288e-01 2.610317644840264277e-27 1.000000000000000000e+00 0.000000000000000000e+00 0.000000000000000000e+00 0.000000000000000000e+00 1.000000000000000000e+00 1.000000000000000000e+10 0.000000000000000000e+00 0.000000000000000000e+00 0.000000000000000000e+00 1.000000000000000000e+10
1.356194872553388164e-01 8.181031274480081947e+02 2.978547566173591576e+02 2.597497920960755664e+02 1.583039104894700122e-01 7.753679406151451303e+02 2.507362184345752714e-27 2.148052406074266366e-27 7.796972362124995301e-28 2.820217833590968892e-01 1.833606376503939374e-27 1.000000000000000000e+00 0.000000000000000000e+00 0.000000000000000000e+00 0.000000000000000000e+00 1.000000000000000000e+00 1.000000000000000000e+10 0.000000000000000000e+00 0.000000000000000000e+00 0.000000000000000000e+00 1.000000000000000000e+10
1.564084810196403053e-01 6.352571769044012626e+02 2.999429907554200554e+02 1.626058988839942572e+02 1.661821204301312249e-01 5.636870277021328093e+02 1.882777228665833700e-27 1.684377549734016664e-27 5.340368051321408454e-28 3.111912497866513028e-01 1.248052110990202018e-27 1.000000000000000000e+00 0.000000000000000000e+00 0.000000000000000000e+00 0.000000000000000000e+00 1.000000000000000000e+00 1.000000000000000000e+10 0.000000000000000000e+00 0.000000000000000000e+00 0.000000000000000000e+00 1.000000000000000000e+10
1.803842016362447453e-01 4.863970640704341122e+02 2.227194999958031758e+02 1.423921314180416857e+02 1.707065355614829083e-01 4.423855906325359229e+02 1.394091468105535134e-27 1.156089921094425301e-27 4.230028496708419680e-28 3.387353157828895123e-01 8.872975298457024861e-28 1.000000000000000000e+00 0.000000000000000000e+00 0.000000000000000000e+00 0.000000000000000000e+00 1.000000000000000000e+00 1.000000000000000000e+10 0.000000000000000000e+00 0.000000000000000000e+00 0.000000000000000000e+00 1.000000000000000000e+10
2.080351397048574025e-01 3.724175286132092992e+02 1.717095064205229278e+02 1.213887423648854167e+02 1.836694730455642188e-01 3.338249125938373822e+02 1.050373268927620687e-27 7.869512634328351492e-28 2.940676986037393168e-28 3.710743826192918760e-01 6.026500656049643606e-28 1.000000000000000000e+00 0.000000000000000000e+00 0.000000000000000000e+00 0.000000000000000000e+00 1.000000000000000000e+00 1.000000000000000000e+10 0.000000000000000000e+00 0.000000000000000000e+00 0.000000000000000000e+00 1.000000000000000000e+10
2.399246661262133540e-01 2.876043258526196951e+02 1.539132520445942589e+02 8.925734015539677557e+01 1.937492409664470228e-01 2.528920413997359731e+02 8.184043359728623056e-28 6.422484525340389528e-28 2.358922903718434787e-28 4.094600623662153493e-01 4.256450014936434014e-28 1.000000000000000000e+00 0.000000000000000000e+00 0.000000000000000000e+00 0.000000000000000000e+00 1.000000000000000000e+00 1.000000000000000000e+10 0.000000000000000000e+00 0.000000000000000000e+00 0.000000000000000000e+00 1.000000000000000000e+10
2.767025104385807399e-01 2.257570287255230710e+02 1.300407408572008023e+02 6.185845135772983383e+01 2.077030885637996538e-01 1.866217287911626102e+02 6.864238505047531470e-28 5.482535631618861373e-28 1.732429394385889475e-28 4.535344528506629613e-01 2.984973520278365900e-28 1.000000000000000000e+00 0.000000000000000000e+00 0.000000000000000000e+00 0.000000000000000000e+00 1.000000000000000000e+00 1.000000000000000000e+10 0.000000000000000000e+00 0.000000000000000000e+00 0.000000000000000000e+00 1.000000000000000000e+10
3.191179986585286343e-01 1.832162853258471387e+02 1.104157019138868918e+02 4.873813257051162395e+01 2.222495014527949564e-01 1.456629592275219238e+02 6.306602633981894738e-28 4.887185925047182634e-28 1.277233076875199521e-28 4.975150476568150903e-01 2.211422935951812215e-28 1.000000000000000000e+00 0.000000000000000000e+00 0.000000000000000000e+00 0.000000000000000000e+00 1.000000000000000000e+00 1.000000000000000000e+10 0.000000000000000000e+00 0.000000000000000000e+00 0.000000000000000000e+00 1.000000000000000000e+10
3.680353203388414540e-01 1.555620480847855163e+02 9.295693173872322745e+01 3.676557683238924312e+01 2.457325847930570961e-01 1.148234951931906664e+02 6.533370128631691773e-28 4.425063732450101544e-28 9.855796775123077712e-29 5.476755616445816433e-01 1.663094642674881904e-28 1.000000000000000000e+00 0.000000000000000000e+00 0.000000000000000000e+00 0.000000000000000000e+00 1.000000000000000000e+00 1.000000000000000000e+10 0.000000000000000000e+00 0.000000000000000000e+00 0.000000000000000000e+00 1.000000000000000000e+10
4.244511359005219142e-01 1.330754628997991631e+02 7.523244321778679478e+01 2.823473207059883094e+01 2.693456492537927849e-01 8.910119087952040218e+01 7.451660223185275310e-28 3.301141887293930496e-28 6.199310874990965501e-29 6.084387943444269364e-01 1.108785988998371206e-28 1.000000000000000000e+00 0.000000000000000000e+00 0.000000000000000000e+00 0.000000000000000000e+00 1.000000000000000000e+00 1.000000000000000000e+10 0.000000000000000000e+00 0.000000000000000000e+00 0.000000000000000000e+00 1.000000000000000000e+10
4.895148829774688681e-01 1.140794504967832097e+02 6.257792252896184948e+01 2.447479855616836630e+01 2.948115602538322055e-01 7.011656042714822945e+01 8.972485621183414209e-28 3.857715342532703690e-28 4.931663180549674378e-29 6.768449281486027536e-01 8.051895517287251636e-29 1.000000000000000000e+00 0.000000000000000000e+00 0.000000000000000000e+00 0.000000000000000000e+00 1.000000000000000000e+00 1.000000000000000000e+10 0.000000000000000000e+00 0.000000000000000000e+00 0.000000000000000000e+00 1.000000000000000000e+10
5.645521955031491679e-01 1.032018077040938664e+02 6.800203220601515852e+01 1.937036071425226424e+01 3.252803521405442377e-01 5.580940326292444809e+01 9.607141191887598041e-28 4.024678535901046011e-28 4.218830455059779879e-29 7.371563407978932725e-01 6.396129033472953136e-29 1.000000000000000000e+00 0.000000000000000000e+00 0.000000000000000000e+00 0.000000000000000000e+00 1.000000000000000000e+00 1.000000000000000000e+10 0.000000000000000000e+00 0.000000000000000000e+00 0.000000000000000000e+00 1.000000000000000000e+10
6.510919126887823039e-01 8.435287909038525811e+01 5.773977976254834488e+01 1.652374735452383092e+01 3.294793973462423198e-01 4.639968334329601163e+01 8.093430830210663093e-28 3.292304905734353516e-28 3.322074418058543365e-29 7.777305787178659946e-01 4.882397194616602160e-29 1.000000000000000000e+00 0.000000000000000000e+00 0.000000000000000000e+00 0.000000000000000000e+00 1.000000000000000000e+00 1.000000000000000000e+10 0.000000000000000000e+00 0.000000000000000000e+00 0.000000000000000000e+00 1.000000000000000000e+10
7.508972281844089602e-01 6.999039855878591254e+01 5.672264868313183683e+01 1.488171582026168593e+01 3.309078182233335386e-01 3.939400295501272353e+01 6.075532534464005575e-28 3.618537198939748651e-28 3.226346678371169706e-29 8.130820273690149147e-01 4.318771736398287634e-29 1.000000000000000000e+00 0.000000000000000000e+00 0.000000000000000000e+00 0.000000000000000000e+00 1.000000000000000000e+00 1.000000000000000000e+10 0.000000000000000000e+00 0.000000000000000000e+00 0.000000000000000000e+00 1.000000000000000000e+10
8.660016140678794550e-01 6.114235166583245018e+01 5.637089663522086624e+01 1.454202938309622084e+01 3.409491351335955378e-01 3.599703358999115466e+01 4.743708105218533007e-28 4.042823292961797124e-28 3.720251799311305723e-29 8.530589061906407311e-01 4.610224756335381119e-29 1.000000000000000000e+00 0.000000000000000000e+00 0.000000000000000000e+00 0.000000000000000000e+00 1.000000000000000000e+00 1.000000000000000000e+10 0.000000000000000000e+00 0.000000000000000000e+00 0.000000000000000000e+00 1.000000000000000000e+10
9.987502515910116063e-01 5.339242915058711247e+01 4.808942337990781368e+01 1.632088324188947936e+01 3.363688300240237905e-01 3.411308669554053097e+01 4.406991564016920449e-28 3.675515456554474572e-28 3.243240782131829521e-29 8.768648460444793402e-01 3.960346088170637271e-29 1.000000000000000000e+00 0.000000000000000000e+00 0.000000000000000000e+00 0.000000000000000000e+00 1.000000000000000000e+00 1.000000000000000000e+10 0.000000000000000000e+00 0.000000000000000000e+00 0.000000000000000000e+00 1.000000000000000000e+10
1.151847812808953542e+00 4.677767545075813871e+01 5.094815541075564624e+01 1.518460848117365458e+01 3.232658444066596193e-01 3.196533030747258053e+01 3.739146640981018228e-28 3.984180883645453838e-28 2.930594408485688075e-29 8.610203671889719024e-01 3.603698034759917597e-29 1.000000000000000000e+00 0.000000000000000000e+00 0.000000000000000000e+00 0.000000000000000000e+00 1.000000000000000000e+00 1.000000000000000000e+10 0.000000000000000000e+00 0.000000000000000000e+00 0.000000000000000000e+00 1.000000000000000000e+10
1.328413566614123908e+00 4.286305160007037784e+01 3.190221175910615514e+01 1.499061703092383269e+01 3.089867696046865175e-01 3.130636992407628227e+01 4.248652222297532517e-28 3.234261488266974100e-28 3.384355850676356285e-29 8.424347964861135241e-01 4.169499673639957728e-29 1.000000000000000000e+00 0.000000000000000000e+00 0.000000000000000000e+00 0.000000000000000000e+00 1.000000000000000000e+00 1.000000000000000000e+10 0.000000000000000000e+00 0.000000000000000000e+00 0.000000000000000000e+00 1.000000000000000000e+10
1.532044931926391351e+00 4.163421388644987786e+01 3.438222738057304184e+01 1.324362860280291621e+01 3.129012569643195296e-01 2.899234586183409590e+01 5.950564284206342192e-28 3.716773592766086180e-28 3.177712167473477824e-29 8.649569608522074127e-01 3.878160320944252192e-29 1.000000000000000000e+00 0.000000000000000000e+00 0.000000000000000000e+00 0.000000000000000000e+00 1.000000000000000000e+00 1.000000000000000000e+10 0.000000000000000000e+00 0.000000000000000000e+00 0.000000000000000000e+00 1.000000000000000000e+10
1.766890772896739126e+00 3.923988411408997479e+01 2.915550180765982446e+01 1.265502853407483208e+01 3.049050567416884405e-01 2.703494533693385193e+01 9.201876823254242861e-28 3.565027395501532781e-28 3.407641827439811744e-29 8.544050942802327020e-01 4.118637238984086964e-29 1.000000000000000000e+00 0.000000000000000000e+00 0.000000000000000000e+00 0.000000000000000000e+00 1.000000000000000000e+00 1.000000000000000000e+10 0.000000000000000000e+00 0.000000000000000000e+00 0.000000000000000000e+00 1.000000000000000000e+10
2.037735929469222107e+00 3.805654625122587476e+01 2.772045170656901192e+01 1.340453590641236481e+01 3.033257666486870452e-01 2.708447303944497619e+01 1.231682085527041901e-27 3.029645525420319632e-28 3.935179523057469363e-29 8.587618108568196851e-01 4.595724344597269938e-29 1.000000000000000000e+00 0.000000000000000000e+00 0.000000000000000000e+00 0.000000000000000000e+00 1.000000000000000000e+00 1.000000000000000000e+10 0.000000000000000000e+00 0.000000000000000000e+00 0.000000000000000000e+00 1.000000000000000000e+10
2.350098705559579226e+00 3.295210104142459784e+01 2.489002642654907405e+01 1.127307448475251306e+01 2.868771825648643303e-01 2.439237108357804473e+01 6.568083076744509384e-28 2.818484698015949090e-28 3.949983009187129703e-29 8.705619187364374012e-01 4.573483878895058577e-29 1.000000000000000000e+00 0.000000000000000000e+00 0.000000000000000000e+00 0.000000000000000000e+00 1.000000000000000000e+00 1.000000000000000000e+10 0.000000000000000000e+00 0.000000000000000000e+00 0.000000000000000000e+00 1.000000000000000000e+10
