# R (Mpc), mean rho (Msol/kpc^3), errup (Msol/kpc^3), errlow, std, median rho (Msol/kpc^3), mean pth (Msol/kpc/s^2), errup(Msol/kpc/s^2), errlow, std, median pth (Msol/kpc/s^2), mean gas-mass-weighted metal (fraction), errup, errlow, std, median metal, mean gas-mass-weighted temp (K), errup, errlow, std, median temp  
#  nprofs 184, mean mh 548685792792.223572, median mh 500492572855.476868 
#  Mass range 11.50 - 12.0
1.040961082911032697e-02 4.726521892468412407e+05 2.645426943406048231e+05 1.639690969934397726e+05 2.609297966778152400e-01 4.248193077152408659e+05 2.522646023615595881e-25 3.080772229662282736e-25 6.646277303439054784e-26 4.771701914950113310e-01 1.133622701963102812e-25 1.000000000000000000e+00 0.000000000000000000e+00 0.000000000000000000e+00 0.000000000000000000e+00 1.000000000000000000e+00 1.000000000000000000e+10 0.000000000000000000e+00 0.000000000000000000e+00 0.000000000000000000e+00 1.000000000000000000e+10
1.200529105910367808e-02 3.718864434517837362e+05 2.141285433023928199e+05 1.575714254012040619e+05 2.467212154562785920e-01 3.482070505622180644e+05 2.531924880293789665e-25 3.148930618214806677e-25 7.122018189568469878e-26 4.630604352318700712e-01 1.207331330602159978e-25 1.000000000000000000e+00 0.000000000000000000e+00 0.000000000000000000e+00 0.000000000000000000e+00 1.000000000000000000e+00 1.000000000000000000e+10 0.000000000000000000e+00 0.000000000000000000e+00 0.000000000000000000e+00 1.000000000000000000e+10
1.384557172980430476e-02 2.778511698093641899e+05 1.489372560782140936e+05 1.244761728803666774e+05 2.609376794564733371e-01 2.598570276123557123e+05 2.306492078918224814e-25 2.628649655879182922e-25 9.408805338570406196e-26 4.200610834255757431e-01 1.472021587643697355e-25 1.000000000000000000e+00 0.000000000000000000e+00 0.000000000000000000e+00 0.000000000000000000e+00 1.000000000000000000e+00 1.000000000000000000e+10 0.000000000000000000e+00 0.000000000000000000e+00 0.000000000000000000e+00 1.000000000000000000e+10
1.596794743096121086e-02 1.980403576794256223e+05 1.171704893749838811e+05 9.045309367496077903e+04 2.732456424561255925e-01 1.807594632334620110e+05 2.655643998025103043e-25 2.793574876444029267e-25 1.042421986488240008e-25 3.939179976804072503e-01 1.781469014387289368e-25 1.000000000000000000e+00 0.000000000000000000e+00 0.000000000000000000e+00 0.000000000000000000e+00 1.000000000000000000e+00 1.000000000000000000e+10 0.000000000000000000e+00 0.000000000000000000e+00 0.000000000000000000e+00 1.000000000000000000e+10
1.841566026551830909e-02 1.332152869403270015e+05 7.608981353827122075e+04 6.451399699271891586e+04 2.752267443163949889e-01 1.251202350423330645e+05 2.401354105921086400e-25 2.398156952647100995e-25 1.038373991855440748e-25 3.657234980300435034e-01 1.767735814202530926e-25 1.000000000000000000e+00 0.000000000000000000e+00 0.000000000000000000e+00 0.000000000000000000e+00 1.000000000000000000e+00 1.000000000000000000e+10 0.000000000000000000e+00 0.000000000000000000e+00 0.000000000000000000e+00 1.000000000000000000e+10
2.123858088093512342e-02 8.833094451537779241e+04 5.934102453968406189e+04 4.425481851126929541e+04 2.662241036801963334e-01 8.008491384612448746e+04 2.185545210841810145e-25 2.115361143366601155e-25 8.015126028573089257e-26 3.497835296628883373e-01 1.524851242004803463e-25 1.000000000000000000e+00 0.000000000000000000e+00 0.000000000000000000e+00 0.000000000000000000e+00 1.000000000000000000e+00 1.000000000000000000e+10 0.000000000000000000e+00 0.000000000000000000e+00 0.000000000000000000e+00 1.000000000000000000e+10
2.449422455303571639e-02 5.821556941918482335e+04 4.678775535275207949e+04 2.255152922018296522e+04 2.649058859822155387e-01 4.824838275862479350e+04 1.836792484113567701e-25 1.740162944533896058e-25 7.340881270661174330e-26 3.215532685755700948e-01 1.399356593689846560e-25 1.000000000000000000e+00 0.000000000000000000e+00 0.000000000000000000e+00 0.000000000000000000e+00 1.000000000000000000e+00 1.000000000000000000e+10 0.000000000000000000e+00 0.000000000000000000e+00 0.000000000000000000e+00 1.000000000000000000e+10
2.824892302447100725e-02 3.758907744221932808e+04 2.441978753437009436e+04 1.239722248522873633e+04 2.421263439088792158e-01 3.085540878704959323e+04 1.537140522054169375e-25 1.234910913621138999e-25 5.154499089596050166e-26 3.110421915687816563e-01 1.130671709696450149e-25 1.000000000000000000e+00 0.000000000000000000e+00 0.000000000000000000e+00 0.000000000000000000e+00 1.000000000000000000e+00 1.000000000000000000e+10 0.000000000000000000e+00 0.000000000000000000e+00 0.000000000000000000e+00 1.000000000000000000e+10
3.257917597328415654e-02 2.560573648926540773e+04 1.863074529623157287e+04 8.258462665760749587e+03 2.394312775781505254e-01 2.088029156514058559e+04 1.291475147819028255e-25 1.015153079128537572e-25 4.470846696244115047e-26 3.135288204212244856e-01 9.417423543048263706e-26 1.000000000000000000e+00 0.000000000000000000e+00 0.000000000000000000e+00 0.000000000000000000e+00 1.000000000000000000e+00 1.000000000000000000e+10 0.000000000000000000e+00 0.000000000000000000e+00 0.000000000000000000e+00 1.000000000000000000e+10
3.757320964692217186e-02 1.757388306286473380e+04 1.066124056286025370e+04 5.316406074331736818e+03 2.168807730330643280e-01 1.468010356972786394e+04 1.036656249862118723e-25 9.176696802491344635e-26 3.208417445125873693e-26 2.947065393403281996e-01 7.535551610831826676e-26 1.000000000000000000e+00 0.000000000000000000e+00 0.000000000000000000e+00 0.000000000000000000e+00 1.000000000000000000e+00 1.000000000000000000e+10 0.000000000000000000e+00 0.000000000000000000e+00 0.000000000000000000e+00 1.000000000000000000e+10
4.333277441790538143e-02 1.311741906311579623e+04 6.621893886845877205e+03 4.012807286691766421e+03 1.941982697099075283e-01 1.149031390730297971e+04 8.707593819633874085e-26 6.450958907372326846e-26 2.684017475716680659e-26 2.890537249008285903e-01 6.364625888210591796e-26 1.000000000000000000e+00 0.000000000000000000e+00 0.000000000000000000e+00 0.000000000000000000e+00 1.000000000000000000e+00 1.000000000000000000e+10 0.000000000000000000e+00 0.000000000000000000e+00 0.000000000000000000e+00 1.000000000000000000e+10
4.997521788524898756e-02 9.881368467814034375e+03 4.713069911168568069e+03 2.875625565292902138e+03 1.890855117179946476e-01 8.722850579352780187e+03 7.065168613050601881e-26 5.302746883342982635e-26 2.082891187110292696e-26 2.827634459550267265e-01 5.065780795448638347e-26 1.000000000000000000e+00 0.000000000000000000e+00 0.000000000000000000e+00 0.000000000000000000e+00 1.000000000000000000e+00 1.000000000000000000e+10 0.000000000000000000e+00 0.000000000000000000e+00 0.000000000000000000e+00 1.000000000000000000e+10
5.763587575980636674e-02 7.765294561233185050e+03 4.228440769340800216e+03 2.211301407662098427e+03 1.849050655334537607e-01 6.911962185886472980e+03 5.772902283208170291e-26 3.907121556092199340e-26 2.175062308050875745e-26 2.871900110454693178e-01 4.544714543713036064e-26 1.000000000000000000e+00 0.000000000000000000e+00 0.000000000000000000e+00 0.000000000000000000e+00 1.000000000000000000e+00 1.000000000000000000e+10 0.000000000000000000e+00 0.000000000000000000e+00 0.000000000000000000e+00 1.000000000000000000e+10
6.647082924635627776e-02 6.291255076715356154e+03 3.023449738504692505e+03 1.680954690681942793e+03 1.786167397781848742e-01 5.587000872252185218e+03 4.579251868694610632e-26 3.581158999814578473e-26 1.498479956551554940e-26 2.805054360880694930e-01 3.421597131440827352e-26 1.000000000000000000e+00 0.000000000000000000e+00 0.000000000000000000e+00 0.000000000000000000e+00 1.000000000000000000e+00 1.000000000000000000e+10 0.000000000000000000e+00 0.000000000000000000e+00 0.000000000000000000e+00 1.000000000000000000e+10
7.666008510240249207e-02 4.817283608694140639e+03 2.289337495677264997e+03 1.418140334581854859e+03 1.762858834478818748e-01 4.353287185184381087e+03 3.433565551060333973e-26 2.695470394649786081e-26 1.188829305206352507e-26 2.849941208883582933e-01 2.612400275943797991e-26 1.000000000000000000e+00 0.000000000000000000e+00 0.000000000000000000e+00 0.000000000000000000e+00 1.000000000000000000e+00 1.000000000000000000e+10 0.000000000000000000e+00 0.000000000000000000e+00 0.000000000000000000e+00 1.000000000000000000e+10
8.841124316543315376e-02 3.824927700613529851e+03 1.923262061756721323e+03 9.897106006043509296e+02 1.810030713206987607e-01 3.396039859269245881e+03 2.558296889801569135e-26 2.285523890291107291e-26 9.495174585473547575e-27 2.908935464980539343e-01 1.947684638283030987e-26 1.000000000000000000e+00 0.000000000000000000e+00 0.000000000000000000e+00 0.000000000000000000e+00 1.000000000000000000e+00 1.000000000000000000e+10 0.000000000000000000e+00 0.000000000000000000e+00 0.000000000000000000e+00 1.000000000000000000e+10
1.019637260722580097e-01 2.966440072661708655e+03 1.758317157020512695e+03 8.362143114176462859e+02 1.821530377843025850e-01 2.603537871919571899e+03 1.893480413610633079e-26 1.709260483515765374e-26 7.875070244373449815e-27 2.993455690784340151e-01 1.487623105522094309e-26 1.000000000000000000e+00 0.000000000000000000e+00 0.000000000000000000e+00 0.000000000000000000e+00 1.000000000000000000e+00 1.000000000000000000e+10 0.000000000000000000e+00 0.000000000000000000e+00 0.000000000000000000e+00 1.000000000000000000e+10
1.175936573483598035e-01 2.268519998325032248e+03 1.305407461461624962e+03 7.434125825126466225e+02 1.856425035407856527e-01 2.034269891731064718e+03 1.360611100261420828e-26 1.215945354203975729e-26 6.125816636457920572e-27 3.094286185173130699e-01 1.068308284019463039e-26 1.000000000000000000e+00 0.000000000000000000e+00 0.000000000000000000e+00 0.000000000000000000e+00 1.000000000000000000e+00 1.000000000000000000e+10 0.000000000000000000e+00 0.000000000000000000e+00 0.000000000000000000e+00 1.000000000000000000e+10
1.356194872553388164e-01 1.727121011332223134e+03 8.667524968036300379e+02 5.998359726678152128e+02 1.843907596456778875e-01 1.608421121242153731e+03 9.417270978235991865e-27 7.946530619426752439e-27 4.495651051848386735e-27 3.123510017700177333e-01 7.469695609529737413e-27 1.000000000000000000e+00 0.000000000000000000e+00 0.000000000000000000e+00 0.000000000000000000e+00 1.000000000000000000e+00 1.000000000000000000e+10 0.000000000000000000e+00 0.000000000000000000e+00 0.000000000000000000e+00 1.000000000000000000e+10
1.564084810196403053e-01 1.274417404869677284e+03 5.648733205111839197e+02 5.364058303682828637e+02 1.780658061382325852e-01 1.244535984433578960e+03 6.434420585681089648e-27 5.497007390581222705e-27 3.168448260043763047e-27 3.151649342955132327e-01 5.243221275012889704e-27 1.000000000000000000e+00 0.000000000000000000e+00 0.000000000000000000e+00 0.000000000000000000e+00 1.000000000000000000e+00 1.000000000000000000e+10 0.000000000000000000e+00 0.000000000000000000e+00 0.000000000000000000e+00 1.000000000000000000e+10
1.803842016362447453e-01 9.357041467718619288e+02 4.342188077223239588e+02 3.490462354578335180e+02 1.761410786912654403e-01 8.854006313405201354e+02 4.412497496500470563e-27 3.739810322540424826e-27 2.061138807400528197e-27 3.249344396389904355e-01 3.474959685126457269e-27 1.000000000000000000e+00 0.000000000000000000e+00 0.000000000000000000e+00 0.000000000000000000e+00 1.000000000000000000e+00 1.000000000000000000e+10 0.000000000000000000e+00 0.000000000000000000e+00 0.000000000000000000e+00 1.000000000000000000e+10
2.080351397048574025e-01 6.699217685960984454e+02 2.855121619657974179e+02 2.388979416076999769e+02 1.714274534211990275e-01 6.333529995442729614e+02 3.027421364247672894e-27 2.887024963893397413e-27 1.319997831988521454e-27 3.405039541261103975e-01 2.236320867514468446e-27 1.000000000000000000e+00 0.000000000000000000e+00 0.000000000000000000e+00 0.000000000000000000e+00 1.000000000000000000e+00 1.000000000000000000e+10 0.000000000000000000e+00 0.000000000000000000e+00 0.000000000000000000e+00 1.000000000000000000e+10
2.399246661262133540e-01 5.021910682710677065e+02 2.380081822271608871e+02 1.466176098660141633e+02 1.830303553961362961e-01 4.465634645872811461e+02 2.126312222141773539e-27 1.855494786019298992e-27 9.511521123488602032e-28 3.666877650302313718e-01 1.544489750099011646e-27 1.000000000000000000e+00 0.000000000000000000e+00 0.000000000000000000e+00 0.000000000000000000e+00 1.000000000000000000e+00 1.000000000000000000e+10 0.000000000000000000e+00 0.000000000000000000e+00 0.000000000000000000e+00 1.000000000000000000e+10
2.767025104385807399e-01 3.773609828446886354e+02 2.119767336909019377e+02 1.108501545398817427e+02 1.948448511804820593e-01 3.299968163403185599e+02 1.526571057196780141e-27 1.342085994827865667e-27 6.848407751215213735e-28 3.950068170445929505e-01 1.015550099311037634e-27 1.000000000000000000e+00 0.000000000000000000e+00 0.000000000000000000e+00 0.000000000000000000e+00 1.000000000000000000e+00 1.000000000000000000e+10 0.000000000000000000e+00 0.000000000000000000e+00 0.000000000000000000e+00 1.000000000000000000e+10
3.191179986585286343e-01 2.760317939646440095e+02 1.498725462039276408e+02 9.049712447614459165e+01 1.988579912974084984e-01 2.414376067855856718e+02 1.144403459767291183e-27 1.097445870249918894e-27 3.774877802571403223e-28 4.249320628587736071e-01 6.143030684185225664e-28 1.000000000000000000e+00 0.000000000000000000e+00 0.000000000000000000e+00 0.000000000000000000e+00 1.000000000000000000e+00 1.000000000000000000e+10 0.000000000000000000e+00 0.000000000000000000e+00 0.000000000000000000e+00 1.000000000000000000e+10
3.680353203388414540e-01 2.041476675386523425e+02 1.045713868093865813e+02 5.735851484787109200e+01 2.059701260999988182e-01 1.681282643236945660e+02 9.153040759046693483e-28 7.755319548470030816e-28 2.513462171161033809e-28 4.603648996789816983e-01 4.086519873124731174e-28 1.000000000000000000e+00 0.000000000000000000e+00 0.000000000000000000e+00 0.000000000000000000e+00 1.000000000000000000e+00 1.000000000000000000e+10 0.000000000000000000e+00 0.000000000000000000e+00 0.000000000000000000e+00 1.000000000000000000e+10
4.244511359005219142e-01 1.589409240127705800e+02 8.124036606992001452e+01 5.051170148840755303e+01 2.271143338807029843e-01 1.300171425049693426e+02 7.672904600054879263e-28 5.759718620701456974e-28 2.000645833949655758e-28 5.041385474224719943e-01 2.949593709937389211e-28 1.000000000000000000e+00 0.000000000000000000e+00 0.000000000000000000e+00 0.000000000000000000e+00 1.000000000000000000e+00 1.000000000000000000e+10 0.000000000000000000e+00 0.000000000000000000e+00 0.000000000000000000e+00 1.000000000000000000e+10
4.895148829774688681e-01 1.237217688657740524e+02 6.884053562263495962e+01 3.410614235760401414e+01 2.388398254796891551e-01 9.607609234253054353e+01 6.903721392000855131e-28 4.883200141436107762e-28 1.439892947463551369e-28 5.507896754703425213e-01 2.053958542026658336e-28 1.000000000000000000e+00 0.000000000000000000e+00 0.000000000000000000e+00 0.000000000000000000e+00 1.000000000000000000e+00 1.000000000000000000e+10 0.000000000000000000e+00 0.000000000000000000e+00 0.000000000000000000e+00 1.000000000000000000e+10
5.645521955031491679e-01 1.028039220123555850e+02 7.732990464702490385e+01 2.908480192121049157e+01 2.626983829193422215e-01 7.536033300161585657e+01 6.820455758383574548e-28 4.860595652967796196e-28 9.505570010593633194e-29 6.172704572453970862e-01 1.400208438391580694e-28 1.000000000000000000e+00 0.000000000000000000e+00 0.000000000000000000e+00 0.000000000000000000e+00 1.000000000000000000e+00 1.000000000000000000e+10 0.000000000000000000e+00 0.000000000000000000e+00 0.000000000000000000e+00 1.000000000000000000e+10
6.510919126887823039e-01 9.461030555869152181e+01 7.902404803240476383e+01 2.417907316471508494e+01 3.045404956737677860e-01 6.077926052700441062e+01 7.207846236144522312e-28 5.516292522024591922e-28 6.541332201142819082e-29 7.036734379177830290e-01 9.260371241962817915e-29 1.000000000000000000e+00 0.000000000000000000e+00 0.000000000000000000e+00 0.000000000000000000e+00 1.000000000000000000e+00 1.000000000000000000e+10 0.000000000000000000e+00 0.000000000000000000e+00 0.000000000000000000e+00 1.000000000000000000e+10
7.508972281844089602e-01 8.133668631627392642e+01 8.001721274019722330e+01 1.956033575308369166e+01 3.214023017837016605e-01 4.940968700533288427e+01 6.462820013989255308e-28 5.192125820703504990e-28 5.321838111237360614e-29 7.513210198579609589e-01 7.248620288852914875e-29 1.000000000000000000e+00 0.000000000000000000e+00 0.000000000000000000e+00 0.000000000000000000e+00 1.000000000000000000e+00 1.000000000000000000e+10 0.000000000000000000e+00 0.000000000000000000e+00 0.000000000000000000e+00 1.000000000000000000e+10
8.660016140678794550e-01 6.661421287663111457e+01 6.013934590705089533e+01 1.862755717022602298e+01 3.070060377841941635e-01 4.418864980714721469e+01 5.467518513058169248e-28 3.599793286871339302e-28 4.754159405757520462e-29 7.645864707390237491e-01 6.428341268065084924e-29 1.000000000000000000e+00 0.000000000000000000e+00 0.000000000000000000e+00 0.000000000000000000e+00 1.000000000000000000e+00 1.000000000000000000e+10 0.000000000000000000e+00 0.000000000000000000e+00 0.000000000000000000e+00 1.000000000000000000e+10
9.987502515910116063e-01 5.632004650555933267e+01 5.093132560670009923e+01 1.667418475581575876e+01 2.964307131270539908e-01 3.885439907856108732e+01 5.698449189960628283e-28 4.448219469517631669e-28 4.172986877626585001e-29 7.835118034534503950e-01 5.383560775211918910e-29 1.000000000000000000e+00 0.000000000000000000e+00 0.000000000000000000e+00 0.000000000000000000e+00 1.000000000000000000e+00 1.000000000000000000e+10 0.000000000000000000e+00 0.000000000000000000e+00 0.000000000000000000e+00 1.000000000000000000e+10
1.151847812808953542e+00 5.050378724194396085e+01 4.288736960259443265e+01 1.590572381668949831e+01 3.024727320855256640e-01 3.579482309711434596e+01 6.424226267653733356e-28 4.670507380483425077e-28 3.604520908005027657e-29 8.074221386743087869e-01 4.653138252815865596e-29 1.000000000000000000e+00 0.000000000000000000e+00 0.000000000000000000e+00 0.000000000000000000e+00 1.000000000000000000e+00 1.000000000000000000e+10 0.000000000000000000e+00 0.000000000000000000e+00 0.000000000000000000e+00 1.000000000000000000e+10
1.328413566614123908e+00 4.657862781571687805e+01 4.329269480345971033e+01 1.304548040827577893e+01 2.984779707705114693e-01 3.111591028382258983e+01 7.558545067382242958e-28 4.746723341268021188e-28 2.956770837171696762e-29 8.084411606091264080e-01 3.965657114458570640e-29 1.000000000000000000e+00 0.000000000000000000e+00 0.000000000000000000e+00 0.000000000000000000e+00 1.000000000000000000e+00 1.000000000000000000e+10 0.000000000000000000e+00 0.000000000000000000e+00 0.000000000000000000e+00 1.000000000000000000e+10
1.532044931926391351e+00 4.391274771284325595e+01 4.318881713843686043e+01 1.278415756813133797e+01 2.944194541002566057e-01 2.978852128808001609e+01 1.018116048447044010e-27 3.771378577806812770e-28 3.060184542994526898e-29 7.871319994547623100e-01 4.081269121786907704e-29 1.000000000000000000e+00 0.000000000000000000e+00 0.000000000000000000e+00 0.000000000000000000e+00 1.000000000000000000e+00 1.000000000000000000e+10 0.000000000000000000e+00 0.000000000000000000e+00 0.000000000000000000e+00 1.000000000000000000e+10
1.766890772896739126e+00 3.828515228126386205e+01 2.600390829507155033e+01 1.226519909843032607e+01 2.719056387160817545e-01 2.808405389744593705e+01 7.991426174392227785e-28 2.765045711465030513e-28 4.161749860136494068e-29 7.461532265895115534e-01 5.173471097926179557e-29 1.000000000000000000e+00 0.000000000000000000e+00 0.000000000000000000e+00 0.000000000000000000e+00 1.000000000000000000e+00 1.000000000000000000e+10 0.000000000000000000e+00 0.000000000000000000e+00 0.000000000000000000e+00 1.000000000000000000e+10
2.037735929469222107e+00 3.256963203872324186e+01 2.477459520641861701e+01 1.024904352914174943e+01 2.474331762009754909e-01 2.578569603330315374e+01 3.798829877509564690e-28 2.300650586197707094e-28 3.460218517087643780e-29 7.090891314231915210e-01 4.615693082168085693e-29 1.000000000000000000e+00 0.000000000000000000e+00 0.000000000000000000e+00 0.000000000000000000e+00 1.000000000000000000e+00 1.000000000000000000e+10 0.000000000000000000e+00 0.000000000000000000e+00 0.000000000000000000e+00 1.000000000000000000e+10
2.350098705559579226e+00 3.073420491226425355e+01 2.672349271379111713e+01 7.973836524373686174e+00 2.420896758418995820e-01 2.332203110922866074e+01 2.698341546598415941e-28 2.203314486886033267e-28 3.437755176139131683e-29 6.907757883166255608e-01 4.752255258630235321e-29 1.000000000000000000e+00 0.000000000000000000e+00 0.000000000000000000e+00 0.000000000000000000e+00 1.000000000000000000e+00 1.000000000000000000e+10 0.000000000000000000e+00 0.000000000000000000e+00 0.000000000000000000e+00 1.000000000000000000e+10
