# R (Mpc), mean rho (Msol/kpc^3), errup (Msol/kpc^3), errlow, std, median rho (Msol/kpc^3), mean pth (Msol/kpc/s^2), errup(Msol/kpc/s^2), errlow, std, median pth (Msol/kpc/s^2), mean gas-mass-weighted metal (fraction), errup, errlow, std, median metal, mean gas-mass-weighted temp (K), errup, errlow, std, median temp  
#  nprofs 200, mean mh 210653488725.898987, median mh 200233188049.925751 
#  Mass range 11.00 - 11.5
1.040961082911032697e-02 2.285463171978865867e+05 1.505905377384722815e+05 8.914159083703051147e+04 2.578873709884993426e-01 1.907073558354023844e+05 1.129791646671598118e-25 2.211328093301138299e-25 1.604798294586856150e-26 5.086000711879116176e-01 3.460455527472806553e-26 1.000000000000000000e+00 0.000000000000000000e+00 0.000000000000000000e+00 0.000000000000000000e+00 1.000000000000000000e+00 1.000000000000000000e+10 0.000000000000000000e+00 0.000000000000000000e+00 0.000000000000000000e+00 1.000000000000000000e+10
1.200529105910367808e-02 1.833985290675271535e+05 1.388652580209527514e+05 7.636045498172557564e+04 2.621638540299492393e-01 1.579000749143183348e+05 1.020430932468423170e-25 1.608941554363409713e-25 2.691232374841853346e-26 4.695256857796626382e-01 4.579312445445916800e-26 1.000000000000000000e+00 0.000000000000000000e+00 0.000000000000000000e+00 0.000000000000000000e+00 1.000000000000000000e+00 1.000000000000000000e+10 0.000000000000000000e+00 0.000000000000000000e+00 0.000000000000000000e+00 1.000000000000000000e+10
1.384557172980430476e-02 1.315393461844560225e+05 9.750129234733188059e+04 6.115347512444027234e+04 2.813149903341622959e-01 1.171739845533249027e+05 8.859279993678749076e-26 1.316673255443577479e-25 3.410789461990069135e-26 4.533608689912600465e-01 5.101755614729077306e-26 1.000000000000000000e+00 0.000000000000000000e+00 0.000000000000000000e+00 0.000000000000000000e+00 1.000000000000000000e+00 1.000000000000000000e+10 0.000000000000000000e+00 0.000000000000000000e+00 0.000000000000000000e+00 1.000000000000000000e+10
1.596794743096121086e-02 9.638792369265909656e+04 6.506830915675975848e+04 4.744236317636664171e+04 2.753624968766029135e-01 8.809094218396244105e+04 7.506660763803903379e-26 8.099191570900799632e-26 2.916967882746183114e-26 3.899239204413407767e-01 4.810133047409512279e-26 1.000000000000000000e+00 0.000000000000000000e+00 0.000000000000000000e+00 0.000000000000000000e+00 1.000000000000000000e+00 1.000000000000000000e+10 0.000000000000000000e+00 0.000000000000000000e+00 0.000000000000000000e+00 1.000000000000000000e+10
1.841566026551830909e-02 6.557589239236222056e+04 4.839957945510777063e+04 3.270531458154314532e+04 2.985242568556326082e-01 5.704175564759208646e+04 6.011005333508093466e-26 6.298318067532929528e-26 2.301448361308110070e-26 3.647145405883998048e-01 4.052792648277033170e-26 1.000000000000000000e+00 0.000000000000000000e+00 0.000000000000000000e+00 0.000000000000000000e+00 1.000000000000000000e+00 1.000000000000000000e+10 0.000000000000000000e+00 0.000000000000000000e+00 0.000000000000000000e+00 1.000000000000000000e+10
2.123858088093512342e-02 4.416134604806343850e+04 3.334031416656542569e+04 1.819366680997168442e+04 2.664198704718088173e-01 3.783149151541717583e+04 5.278595371293999175e-26 4.987992899369583817e-26 2.055324656403166226e-26 2.979327863231243101e-01 4.099864491818745770e-26 1.000000000000000000e+00 0.000000000000000000e+00 0.000000000000000000e+00 0.000000000000000000e+00 1.000000000000000000e+00 1.000000000000000000e+10 0.000000000000000000e+00 0.000000000000000000e+00 0.000000000000000000e+00 1.000000000000000000e+10
2.449422455303571639e-02 2.939908077591468464e+04 2.137511996789261320e+04 1.127417629063658751e+04 2.730519234366491355e-01 2.473979903403017670e+04 4.289249863988039561e-26 3.307788543940678751e-26 1.791398240795567850e-26 2.997326978159151611e-01 3.457279381301262055e-26 1.000000000000000000e+00 0.000000000000000000e+00 0.000000000000000000e+00 0.000000000000000000e+00 1.000000000000000000e+00 1.000000000000000000e+10 0.000000000000000000e+00 0.000000000000000000e+00 0.000000000000000000e+00 1.000000000000000000e+10
2.824892302447100725e-02 2.013771018734234895e+04 1.482604736184310605e+04 7.321536988207652030e+03 2.672848344802279397e-01 1.679111571028310937e+04 3.477261635027376349e-26 2.309998722750410236e-26 1.435217428115915915e-26 2.754544830726932680e-01 2.982517653928690025e-26 1.000000000000000000e+00 0.000000000000000000e+00 0.000000000000000000e+00 0.000000000000000000e+00 1.000000000000000000e+00 1.000000000000000000e+10 0.000000000000000000e+00 0.000000000000000000e+00 0.000000000000000000e+00 1.000000000000000000e+10
3.257917597328415654e-02 1.348502573152231344e+04 8.563562965854702270e+03 5.058668991287749122e+03 2.506960143591976942e-01 1.152343624472973715e+04 2.850778785092987815e-26 1.921302709988992805e-26 1.059467718564215538e-26 2.515174211410193816e-01 2.301202070715217331e-26 1.000000000000000000e+00 0.000000000000000000e+00 0.000000000000000000e+00 0.000000000000000000e+00 1.000000000000000000e+00 1.000000000000000000e+10 0.000000000000000000e+00 0.000000000000000000e+00 0.000000000000000000e+00 1.000000000000000000e+10
3.757320964692217186e-02 9.529424761057296564e+03 6.425072875562609624e+03 3.481021072021470900e+03 2.405239061757272756e-01 8.103053046461753183e+03 2.359504568804563742e-26 1.585644875292686501e-26 7.362600853118285362e-27 2.397483110313727017e-01 1.934083086308002269e-26 1.000000000000000000e+00 0.000000000000000000e+00 0.000000000000000000e+00 0.000000000000000000e+00 1.000000000000000000e+00 1.000000000000000000e+10 0.000000000000000000e+00 0.000000000000000000e+00 0.000000000000000000e+00 1.000000000000000000e+10
4.333277441790538143e-02 6.549055185943197102e+03 3.599738567495236566e+03 2.015257329438186389e+03 2.066967423194175091e-01 5.634324190348095726e+03 1.838921672273970475e-26 8.437389738015790846e-27 6.912477358653392186e-27 2.263798489067467556e-01 1.632678879274723132e-26 1.000000000000000000e+00 0.000000000000000000e+00 0.000000000000000000e+00 0.000000000000000000e+00 1.000000000000000000e+00 1.000000000000000000e+10 0.000000000000000000e+00 0.000000000000000000e+00 0.000000000000000000e+00 1.000000000000000000e+10
4.997521788524898756e-02 4.714905547790423952e+03 2.351141060485386333e+03 1.597961991785006376e+03 1.947317983902740746e-01 4.316144515957017575e+03 1.516590800840878601e-26 9.877683922650841290e-27 5.065066247171516902e-27 2.244764600849719072e-01 1.278207917617342094e-26 1.000000000000000000e+00 0.000000000000000000e+00 0.000000000000000000e+00 0.000000000000000000e+00 1.000000000000000000e+00 1.000000000000000000e+10 0.000000000000000000e+00 0.000000000000000000e+00 0.000000000000000000e+00 1.000000000000000000e+10
5.763587575980636674e-02 3.613974992581197967e+03 1.592667198179045954e+03 1.117566896800870381e+03 1.845188360458550614e-01 3.336486509600924364e+03 1.233136554380666917e-26 6.757683555666734932e-27 3.946232975306157904e-27 2.211437080777824693e-01 1.074458824002498828e-26 1.000000000000000000e+00 0.000000000000000000e+00 0.000000000000000000e+00 0.000000000000000000e+00 1.000000000000000000e+00 1.000000000000000000e+10 0.000000000000000000e+00 0.000000000000000000e+00 0.000000000000000000e+00 1.000000000000000000e+10
6.647082924635627776e-02 2.871812885040550100e+03 1.404285059243906289e+03 9.153065009726133212e+02 1.822500550841675560e-01 2.663860549014249955e+03 9.682459511976674840e-27 5.040712607038549477e-27 3.179996433221490247e-27 2.176898030844615362e-01 8.486574051945720608e-27 1.000000000000000000e+00 0.000000000000000000e+00 0.000000000000000000e+00 0.000000000000000000e+00 1.000000000000000000e+00 1.000000000000000000e+10 0.000000000000000000e+00 0.000000000000000000e+00 0.000000000000000000e+00 1.000000000000000000e+10
7.666008510240249207e-02 2.257940178455512523e+03 1.031912488284659048e+03 6.379598632331858425e+02 1.789507993493197890e-01 2.049797522087807920e+03 7.525190811085047922e-27 4.973656266621074861e-27 2.110903235573962451e-27 2.260652345197433633e-01 6.129085966356447007e-27 1.000000000000000000e+00 0.000000000000000000e+00 0.000000000000000000e+00 0.000000000000000000e+00 1.000000000000000000e+00 1.000000000000000000e+10 0.000000000000000000e+00 0.000000000000000000e+00 0.000000000000000000e+00 1.000000000000000000e+10
8.841124316543315376e-02 1.720471238650999112e+03 7.732313477181101007e+02 4.036043349127878628e+02 1.648618493902636040e-01 1.545433592017247520e+03 5.741633307166849613e-27 3.405244244183731183e-27 1.725371435688478287e-27 2.286098106154329790e-01 4.727034316190787151e-27 1.000000000000000000e+00 0.000000000000000000e+00 0.000000000000000000e+00 0.000000000000000000e+00 1.000000000000000000e+00 1.000000000000000000e+10 0.000000000000000000e+00 0.000000000000000000e+00 0.000000000000000000e+00 1.000000000000000000e+10
1.019637260722580097e-01 1.290486078210846927e+03 5.406644301260016618e+02 3.490470297998064098e+02 1.598595070166297094e-01 1.191955381285526983e+03 4.288738770706507758e-27 3.027406037785862706e-27 1.493830268374356908e-27 2.500953710840337907e-01 3.511625879635160434e-27 1.000000000000000000e+00 0.000000000000000000e+00 0.000000000000000000e+00 0.000000000000000000e+00 1.000000000000000000e+00 1.000000000000000000e+10 0.000000000000000000e+00 0.000000000000000000e+00 0.000000000000000000e+00 1.000000000000000000e+10
1.175936573483598035e-01 1.014966121465891661e+03 3.946713703856651136e+02 2.514978200496348109e+02 1.572411017139054290e-01 9.218773976550937732e+02 3.210567125136293519e-27 2.214395739558812853e-27 9.855926520150357592e-28 2.605900962923349828e-01 2.475815330885549858e-27 1.000000000000000000e+00 0.000000000000000000e+00 0.000000000000000000e+00 0.000000000000000000e+00 1.000000000000000000e+00 1.000000000000000000e+10 0.000000000000000000e+00 0.000000000000000000e+00 0.000000000000000000e+00 1.000000000000000000e+10
1.356194872553388164e-01 7.940430387286088489e+02 2.739645141345213233e+02 1.938459324433410984e+02 1.581593044600150544e-01 7.214576659287326947e+02 2.404996343328270751e-27 1.706043354851588216e-27 7.048625202446153537e-28 2.763872555939838604e-01 1.770410889985246627e-27 1.000000000000000000e+00 0.000000000000000000e+00 0.000000000000000000e+00 0.000000000000000000e+00 1.000000000000000000e+00 1.000000000000000000e+10 0.000000000000000000e+00 0.000000000000000000e+00 0.000000000000000000e+00 1.000000000000000000e+10
1.564084810196403053e-01 6.003400983816917460e+02 2.228471046939098414e+02 1.387851686869883565e+02 1.499449580561623419e-01 5.524858732510406298e+02 1.793920947523087521e-27 1.410017552296166281e-27 4.684457759521972110e-28 2.950287224737165870e-01 1.200150848618323745e-27 1.000000000000000000e+00 0.000000000000000000e+00 0.000000000000000000e+00 0.000000000000000000e+00 1.000000000000000000e+00 1.000000000000000000e+10 0.000000000000000000e+00 0.000000000000000000e+00 0.000000000000000000e+00 1.000000000000000000e+10
1.803842016362447453e-01 4.553375859113830870e+02 1.819661805273542541e+02 1.170784312981146513e+02 1.527639017723006754e-01 4.165845057774052975e+02 1.365474881900984241e-27 1.053225514516737189e-27 4.090602700112738696e-28 3.275200546812033209e-01 8.740227112751412785e-28 1.000000000000000000e+00 0.000000000000000000e+00 0.000000000000000000e+00 0.000000000000000000e+00 1.000000000000000000e+00 1.000000000000000000e+10 0.000000000000000000e+00 0.000000000000000000e+00 0.000000000000000000e+00 1.000000000000000000e+10
2.080351397048574025e-01 3.527478018560101987e+02 1.378442048292104687e+02 9.855859983234068977e+01 1.669927984998481885e-01 3.198073838204549588e+02 1.065160889186889000e-27 8.430637497631857775e-28 2.981661353656899062e-28 3.697240602173337831e-01 6.075300296270455826e-28 1.000000000000000000e+00 0.000000000000000000e+00 0.000000000000000000e+00 0.000000000000000000e+00 1.000000000000000000e+00 1.000000000000000000e+10 0.000000000000000000e+00 0.000000000000000000e+00 0.000000000000000000e+00 1.000000000000000000e+10
2.399246661262133540e-01 2.776213294183989433e+02 1.310528461970237117e+02 8.016590965505716326e+01 1.877229602796605112e-01 2.410759502420464173e+02 8.703267777660770738e-28 8.154075252381033862e-28 2.165171730970106920e-28 4.175939563029235080e-01 4.114720588551063989e-28 1.000000000000000000e+00 0.000000000000000000e+00 0.000000000000000000e+00 0.000000000000000000e+00 1.000000000000000000e+00 1.000000000000000000e+10 0.000000000000000000e+00 0.000000000000000000e+00 0.000000000000000000e+00 1.000000000000000000e+10
2.767025104385807399e-01 2.200386875002334364e+02 1.073482153150239355e+02 5.166734616781855038e+01 2.035395250324764926e-01 1.806795708634585935e+02 7.367160337728426892e-28 7.196854586585389603e-28 1.628427562086710169e-28 4.638833612212787116e-01 2.944016753144425420e-28 1.000000000000000000e+00 0.000000000000000000e+00 0.000000000000000000e+00 0.000000000000000000e+00 1.000000000000000000e+00 1.000000000000000000e+10 0.000000000000000000e+00 0.000000000000000000e+00 0.000000000000000000e+00 1.000000000000000000e+10
3.191179986585286343e-01 1.761418702678346335e+02 1.049979395759933141e+02 4.643639659363238081e+01 2.183267634555872139e-01 1.395143178264497692e+02 6.380739981939021108e-28 7.183915466235842161e-28 1.193784717910406180e-28 5.074656866280152778e-01 2.100854262580717555e-28 1.000000000000000000e+00 0.000000000000000000e+00 0.000000000000000000e+00 0.000000000000000000e+00 1.000000000000000000e+00 1.000000000000000000e+10 0.000000000000000000e+00 0.000000000000000000e+00 0.000000000000000000e+00 1.000000000000000000e+10
3.680353203388414540e-01 1.412536036718711046e+02 9.085481195957184752e+01 3.549055913042664656e+01 2.319656694114355378e-01 1.073240990808857447e+02 5.714879764344645850e-28 6.676811768784129810e-28 9.096008307703574592e-29 5.531853557450097103e-01 1.524983371809151036e-28 1.000000000000000000e+00 0.000000000000000000e+00 0.000000000000000000e+00 0.000000000000000000e+00 1.000000000000000000e+00 1.000000000000000000e+10 0.000000000000000000e+00 0.000000000000000000e+00 0.000000000000000000e+00 1.000000000000000000e+10
4.244511359005219142e-01 1.199483153772780355e+02 8.499091530300302111e+01 3.047286855756058088e+01 2.573143045313482924e-01 8.685471494041121332e+01 5.521235078245037975e-28 5.411365988027148795e-28 7.214819923720054182e-29 6.070962403290985909e-01 1.149193500525152780e-28 1.000000000000000000e+00 0.000000000000000000e+00 0.000000000000000000e+00 0.000000000000000000e+00 1.000000000000000000e+00 1.000000000000000000e+10 0.000000000000000000e+00 0.000000000000000000e+00 0.000000000000000000e+00 1.000000000000000000e+10
4.895148829774688681e-01 9.726427811678740909e+01 7.403273315331338722e+01 2.329511945741061396e+01 2.694696062058068442e-01 6.760910201881779358e+01 5.219849834189750150e-28 4.337133071154655539e-28 6.267201199622189325e-29 6.570246826680199437e-01 9.230437648523113769e-29 1.000000000000000000e+00 0.000000000000000000e+00 0.000000000000000000e+00 0.000000000000000000e+00 1.000000000000000000e+00 1.000000000000000000e+10 0.000000000000000000e+00 0.000000000000000000e+00 0.000000000000000000e+00 1.000000000000000000e+10
5.645521955031491679e-01 8.642258264279723790e+01 6.911299374505347259e+01 2.108443696439677950e+01 2.944509031452309245e-01 5.628851972184646257e+01 4.901080403047060245e-28 3.854189132291104618e-28 5.240864246972874908e-29 7.009024450560055186e-01 7.470228430745010744e-29 1.000000000000000000e+00 0.000000000000000000e+00 0.000000000000000000e+00 0.000000000000000000e+00 1.000000000000000000e+00 1.000000000000000000e+10 0.000000000000000000e+00 0.000000000000000000e+00 0.000000000000000000e+00 1.000000000000000000e+10
6.510919126887823039e-01 6.926586475828285927e+01 5.560208759021357849e+01 1.809228398303099539e+01 2.932972737719050094e-01 4.631094656717140623e+01 4.200042427418334215e-28 3.492398423297025492e-28 4.962545626970319795e-29 7.399405471647167998e-01 6.572880566226677645e-29 1.000000000000000000e+00 0.000000000000000000e+00 0.000000000000000000e+00 0.000000000000000000e+00 1.000000000000000000e+00 1.000000000000000000e+10 0.000000000000000000e+00 0.000000000000000000e+00 0.000000000000000000e+00 1.000000000000000000e+10
7.508972281844089602e-01 5.902776921859303627e+01 5.202176006888495863e+01 1.572307260789884609e+01 2.916925289873730787e-01 4.018826423955900395e+01 4.036382540894200123e-28 4.374476075558959075e-28 4.340748253450547587e-29 7.879059998698328959e-01 5.580163446783263235e-29 1.000000000000000000e+00 0.000000000000000000e+00 0.000000000000000000e+00 0.000000000000000000e+00 1.000000000000000000e+00 1.000000000000000000e+10 0.000000000000000000e+00 0.000000000000000000e+00 0.000000000000000000e+00 1.000000000000000000e+10
8.660016140678794550e-01 5.554109508435787745e+01 5.646360296695321779e+01 1.524608673532114977e+01 3.149812888192314864e-01 3.662934581370817000e+01 4.268227521344894553e-28 5.166547944756762029e-28 4.141713552121642242e-29 8.465389657732924622e-01 5.159126424318531337e-29 1.000000000000000000e+00 0.000000000000000000e+00 0.000000000000000000e+00 0.000000000000000000e+00 1.000000000000000000e+00 1.000000000000000000e+10 0.000000000000000000e+00 0.000000000000000000e+00 0.000000000000000000e+00 1.000000000000000000e+10
9.987502515910116063e-01 5.012541726834055567e+01 4.555586948525223079e+01 1.629243182901558740e+01 3.184856194294022336e-01 3.431709190689247180e+01 4.355597437911122095e-28 4.985671574364578204e-28 4.771677045954545247e-29 8.833164685619678824e-01 5.560884241157318349e-29 1.000000000000000000e+00 0.000000000000000000e+00 0.000000000000000000e+00 0.000000000000000000e+00 1.000000000000000000e+00 1.000000000000000000e+10 0.000000000000000000e+00 0.000000000000000000e+00 0.000000000000000000e+00 1.000000000000000000e+10
1.151847812808953542e+00 4.625138360532477577e+01 5.015943168285187426e+01 1.408054870689841920e+01 3.209562574631626974e-01 3.089138669931027437e+01 4.510557805879753707e-28 5.027846432128486953e-28 3.734960867568194092e-29 8.874106441582200189e-01 4.468568133851465897e-29 1.000000000000000000e+00 0.000000000000000000e+00 0.000000000000000000e+00 0.000000000000000000e+00 1.000000000000000000e+00 1.000000000000000000e+10 0.000000000000000000e+00 0.000000000000000000e+00 0.000000000000000000e+00 1.000000000000000000e+10
1.328413566614123908e+00 4.247723409454508925e+01 3.397765300002375000e+01 1.544766713060366392e+01 3.080287218688154138e-01 3.142674025559176698e+01 5.099462142721009685e-28 5.140344498974588672e-28 4.071579419938638848e-29 8.708372692347312594e-01 4.841543934324819227e-29 1.000000000000000000e+00 0.000000000000000000e+00 0.000000000000000000e+00 0.000000000000000000e+00 1.000000000000000000e+00 1.000000000000000000e+10 0.000000000000000000e+00 0.000000000000000000e+00 0.000000000000000000e+00 1.000000000000000000e+10
1.532044931926391351e+00 4.215513908979759350e+01 3.615951664187624459e+01 1.386270375748379990e+01 3.178718606564684968e-01 2.920029554865551091e+01 7.306796292241410721e-28 5.247280551114144500e-28 4.051909632330021072e-29 8.904251386305815918e-01 4.769202316154948738e-29 1.000000000000000000e+00 0.000000000000000000e+00 0.000000000000000000e+00 0.000000000000000000e+00 1.000000000000000000e+00 1.000000000000000000e+10 0.000000000000000000e+00 0.000000000000000000e+00 0.000000000000000000e+00 1.000000000000000000e+10
1.766890772896739126e+00 3.966728429918309473e+01 3.059986897428404262e+01 1.291280342971139028e+01 3.088391087837945581e-01 2.734233907537839059e+01 1.126333246995859852e-27 3.730527115291088578e-28 5.429406253346081857e-29 8.878644675524902663e-01 6.168566481767685451e-29 1.000000000000000000e+00 0.000000000000000000e+00 0.000000000000000000e+00 0.000000000000000000e+00 1.000000000000000000e+00 1.000000000000000000e+10 0.000000000000000000e+00 0.000000000000000000e+00 0.000000000000000000e+00 1.000000000000000000e+10
2.037735929469222107e+00 3.931819597552606638e+01 2.733488793588651333e+01 1.366145149539889481e+01 3.130507748294393267e-01 2.710208701765439798e+01 1.575950392399159874e-27 3.526470688883602617e-28 6.510594774000917346e-29 8.934588375826401085e-01 7.311712646266888488e-29 1.000000000000000000e+00 0.000000000000000000e+00 0.000000000000000000e+00 0.000000000000000000e+00 1.000000000000000000e+00 1.000000000000000000e+10 0.000000000000000000e+00 0.000000000000000000e+00 0.000000000000000000e+00 1.000000000000000000e+10
2.350098705559579226e+00 3.495310608282767362e+01 2.310595855799785170e+01 1.224488884066943228e+01 2.965384111352860064e-01 2.557475620375847569e+01 1.221638126676329668e-27 2.685612272509981259e-28 6.877587883719468418e-29 8.838224094758163618e-01 7.729663886926520251e-29 1.000000000000000000e+00 0.000000000000000000e+00 0.000000000000000000e+00 0.000000000000000000e+00 1.000000000000000000e+00 1.000000000000000000e+10 0.000000000000000000e+00 0.000000000000000000e+00 0.000000000000000000e+00 1.000000000000000000e+10
