# R (Mpc), mean rho (Msol/kpc^3), errup (Msol/kpc^3), errlow, std, median rho (Msol/kpc^3), mean pth (Msol/kpc/s^2), errup(Msol/kpc/s^2), errlow, std, median pth (Msol/kpc/s^2), mean gas-mass-weighted metal (fraction), errup, errlow, std, median metal, mean gas-mass-weighted temp (K), errup, errlow, std, median temp  
#  nprofs 198, mean mh 211371237404.690887, median mh 203046498862.095856 
#  Mass range 11.00 - 11.5
1.040961082911032697e-02 2.250703743787230633e+05 1.382103865461750538e+05 9.159755845239246264e+04 2.374102091623991884e-01 1.982909818030780298e+05 1.019751099578353431e-25 1.414916588702096499e-25 1.949206648412943794e-26 4.795595999904089801e-01 3.736224606426911419e-26 1.000000000000000000e+00 0.000000000000000000e+00 0.000000000000000000e+00 0.000000000000000000e+00 1.000000000000000000e+00 1.000000000000000000e+10 0.000000000000000000e+00 0.000000000000000000e+00 0.000000000000000000e+00 1.000000000000000000e+10
1.200529105910367808e-02 1.745282329072470602e+05 1.138908710028890637e+05 7.202185050282972225e+04 2.519272923341559500e-01 1.570812544351776596e+05 1.070786107498706209e-25 1.518229063429701257e-25 2.279736741688726582e-26 4.927658851626029457e-01 4.132871879954292070e-26 1.000000000000000000e+00 0.000000000000000000e+00 0.000000000000000000e+00 0.000000000000000000e+00 1.000000000000000000e+00 1.000000000000000000e+10 0.000000000000000000e+00 0.000000000000000000e+00 0.000000000000000000e+00 1.000000000000000000e+10
1.384557172980430476e-02 1.269283982631383842e+05 7.530796997712634038e+04 5.370423968434638664e+04 2.627213419762323698e-01 1.152874983647538465e+05 9.895899123107292987e-26 1.259324089655630266e-25 3.307155722264527541e-26 4.549395543441820955e-01 5.131564416425888423e-26 1.000000000000000000e+00 0.000000000000000000e+00 0.000000000000000000e+00 0.000000000000000000e+00 1.000000000000000000e+00 1.000000000000000000e+10 0.000000000000000000e+00 0.000000000000000000e+00 0.000000000000000000e+00 1.000000000000000000e+10
1.596794743096121086e-02 9.368107246411178494e+04 5.646013555921180523e+04 4.418238412635982240e+04 2.663900392684603879e-01 8.518225592197576771e+04 8.227559893884745004e-26 7.581688614156505559e-26 3.891080952402397114e-26 4.374623266738676963e-01 5.539066364528678797e-26 1.000000000000000000e+00 0.000000000000000000e+00 0.000000000000000000e+00 0.000000000000000000e+00 1.000000000000000000e+00 1.000000000000000000e+10 0.000000000000000000e+00 0.000000000000000000e+00 0.000000000000000000e+00 1.000000000000000000e+10
1.841566026551830909e-02 6.460214573929071048e+04 4.690370797416480491e+04 2.875264449447835068e+04 2.777208458613097952e-01 5.529639566085378465e+04 6.413223072144657766e-26 5.877664087603879981e-26 2.930432688081855685e-26 3.752385716764697343e-01 4.592954446647222398e-26 1.000000000000000000e+00 0.000000000000000000e+00 0.000000000000000000e+00 0.000000000000000000e+00 1.000000000000000000e+00 1.000000000000000000e+10 0.000000000000000000e+00 0.000000000000000000e+00 0.000000000000000000e+00 1.000000000000000000e+10
2.123858088093512342e-02 4.542825259555859520e+04 3.007118890039739199e+04 1.559265601000979223e+04 2.568456884036698917e-01 3.846471858948278532e+04 5.396142495948365228e-26 4.682498382704033673e-26 2.197656417839983351e-26 3.298675709013774715e-01 4.075046238536518835e-26 1.000000000000000000e+00 0.000000000000000000e+00 0.000000000000000000e+00 0.000000000000000000e+00 1.000000000000000000e+00 1.000000000000000000e+10 0.000000000000000000e+00 0.000000000000000000e+00 0.000000000000000000e+00 1.000000000000000000e+10
2.449422455303571639e-02 3.037651179523334577e+04 2.298208494114071073e+04 1.206443148308970740e+04 2.536389655294519763e-01 2.549257745077378058e+04 4.310758043864529806e-26 2.857536272149995816e-26 2.070058934296390880e-26 3.041085387531985984e-01 3.787883005359249808e-26 1.000000000000000000e+00 0.000000000000000000e+00 0.000000000000000000e+00 0.000000000000000000e+00 1.000000000000000000e+00 1.000000000000000000e+10 0.000000000000000000e+00 0.000000000000000000e+00 0.000000000000000000e+00 1.000000000000000000e+10
2.824892302447100725e-02 2.013946063801913624e+04 1.513317859791338196e+04 7.476045701672606810e+03 2.559190568683027966e-01 1.656895567616512562e+04 3.313688770994930663e-26 2.634507370215423840e-26 1.199547377691128060e-26 2.654912389446255072e-01 2.686654686266335648e-26 1.000000000000000000e+00 0.000000000000000000e+00 0.000000000000000000e+00 0.000000000000000000e+00 1.000000000000000000e+00 1.000000000000000000e+10 0.000000000000000000e+00 0.000000000000000000e+00 0.000000000000000000e+00 1.000000000000000000e+10
3.257917597328415654e-02 1.322985777650425007e+04 8.609490362567048578e+03 4.995083873995087743e+03 2.384702099201631842e-01 1.130357876425372524e+04 2.779182426211955031e-26 1.552033240578473805e-26 1.121886788496966177e-26 2.450227012670803672e-01 2.400129361126802316e-26 1.000000000000000000e+00 0.000000000000000000e+00 0.000000000000000000e+00 0.000000000000000000e+00 1.000000000000000000e+00 1.000000000000000000e+10 0.000000000000000000e+00 0.000000000000000000e+00 0.000000000000000000e+00 1.000000000000000000e+10
3.757320964692217186e-02 8.713091966648555172e+03 5.285633736874478018e+03 3.102988158861145166e+03 2.249375686149925890e-01 7.663349546686448775e+03 2.161386121715858838e-26 1.502017978924369651e-26 7.483635413190800489e-27 2.286781124169080803e-01 1.804797673225844665e-26 1.000000000000000000e+00 0.000000000000000000e+00 0.000000000000000000e+00 0.000000000000000000e+00 1.000000000000000000e+00 1.000000000000000000e+10 0.000000000000000000e+00 0.000000000000000000e+00 0.000000000000000000e+00 1.000000000000000000e+10
4.333277441790538143e-02 6.094738155644427025e+03 3.282971319029487859e+03 1.885119120474342708e+03 1.983848346112737637e-01 5.460431927611689389e+03 1.740601566262220711e-26 9.398651614219903700e-27 6.168202938007318188e-27 2.063431486164958029e-01 1.579708620539285947e-26 1.000000000000000000e+00 0.000000000000000000e+00 0.000000000000000000e+00 0.000000000000000000e+00 1.000000000000000000e+00 1.000000000000000000e+10 0.000000000000000000e+00 0.000000000000000000e+00 0.000000000000000000e+00 1.000000000000000000e+10
4.997521788524898756e-02 4.656548582301064926e+03 2.707330151292994742e+03 1.315169482932014489e+03 1.924019066474259576e-01 4.050046334672038029e+03 1.441278064145549568e-26 8.264279120326183023e-27 4.887260579068011216e-27 2.027424224714593493e-01 1.276410531060204468e-26 1.000000000000000000e+00 0.000000000000000000e+00 0.000000000000000000e+00 0.000000000000000000e+00 1.000000000000000000e+00 1.000000000000000000e+10 0.000000000000000000e+00 0.000000000000000000e+00 0.000000000000000000e+00 1.000000000000000000e+10
5.763587575980636674e-02 3.648675960824651611e+03 1.988345221871406011e+03 1.184483966222726394e+03 1.857239513974320577e-01 3.328918960292016436e+03 1.159359656460536657e-26 6.271688337999980454e-27 3.151876233815061480e-27 1.975639878441726727e-01 9.898437368781275291e-27 1.000000000000000000e+00 0.000000000000000000e+00 0.000000000000000000e+00 0.000000000000000000e+00 1.000000000000000000e+00 1.000000000000000000e+10 0.000000000000000000e+00 0.000000000000000000e+00 0.000000000000000000e+00 1.000000000000000000e+10
6.647082924635627776e-02 2.846396883397932470e+03 1.428278887787306303e+03 8.804934957389655210e+02 1.773976135397138387e-01 2.615706102985158395e+03 9.327797692678124230e-27 6.197850587044298153e-27 3.196921341585902979e-27 2.199076245177558064e-01 8.018728165307426121e-27 1.000000000000000000e+00 0.000000000000000000e+00 0.000000000000000000e+00 0.000000000000000000e+00 1.000000000000000000e+00 1.000000000000000000e+10 0.000000000000000000e+00 0.000000000000000000e+00 0.000000000000000000e+00 1.000000000000000000e+10
7.666008510240249207e-02 2.219628257740904701e+03 1.098381711276440910e+03 5.759060721105606717e+02 1.634370449678079207e-01 2.009713949840147507e+03 7.266051455483847412e-27 5.456151653030759841e-27 2.180922102741902117e-27 2.278681368918705763e-01 6.013857946319366570e-27 1.000000000000000000e+00 0.000000000000000000e+00 0.000000000000000000e+00 0.000000000000000000e+00 1.000000000000000000e+00 1.000000000000000000e+10 0.000000000000000000e+00 0.000000000000000000e+00 0.000000000000000000e+00 1.000000000000000000e+10
8.841124316543315376e-02 1.703050655422030559e+03 7.868716009917911833e+02 5.023969394277833089e+02 1.655857404908846753e-01 1.602201024363153920e+03 5.502549269737083699e-27 4.505966525928693851e-27 1.891445492858098313e-27 2.414965129519051068e-01 4.624283513525558741e-27 1.000000000000000000e+00 0.000000000000000000e+00 0.000000000000000000e+00 0.000000000000000000e+00 1.000000000000000000e+00 1.000000000000000000e+10 0.000000000000000000e+00 0.000000000000000000e+00 0.000000000000000000e+00 1.000000000000000000e+10
1.019637260722580097e-01 1.303745232394790264e+03 5.688009067840062016e+02 3.396188469561070633e+02 1.600313135397344877e-01 1.178674564644362817e+03 4.160011164575474731e-27 3.356728201094716186e-27 1.495994570245330986e-27 2.555596271469171010e-01 3.424527216007498845e-27 1.000000000000000000e+00 0.000000000000000000e+00 0.000000000000000000e+00 0.000000000000000000e+00 1.000000000000000000e+00 1.000000000000000000e+10 0.000000000000000000e+00 0.000000000000000000e+00 0.000000000000000000e+00 1.000000000000000000e+10
1.175936573483598035e-01 1.013098467717469475e+03 4.473775911451822367e+02 2.334107902099297007e+02 1.618212807840375411e-01 8.973268542112922432e+02 3.126083972781727287e-27 2.484316613912634513e-27 1.057553510319419310e-27 2.710178525093873692e-01 2.431344155358267796e-27 1.000000000000000000e+00 0.000000000000000000e+00 0.000000000000000000e+00 0.000000000000000000e+00 1.000000000000000000e+00 1.000000000000000000e+10 0.000000000000000000e+00 0.000000000000000000e+00 0.000000000000000000e+00 1.000000000000000000e+10
1.356194872553388164e-01 7.880134522830035166e+02 3.170472592151741082e+02 1.730285898136752394e+02 1.522489688989278334e-01 7.122389111623701865e+02 2.318890078339143008e-27 1.871934166547030399e-27 7.500999537142087751e-28 2.752554349050002069e-01 1.787937431115812304e-27 1.000000000000000000e+00 0.000000000000000000e+00 0.000000000000000000e+00 0.000000000000000000e+00 1.000000000000000000e+00 1.000000000000000000e+10 0.000000000000000000e+00 0.000000000000000000e+00 0.000000000000000000e+00 1.000000000000000000e+10
1.564084810196403053e-01 6.055942142147180220e+02 2.762677309647665425e+02 1.493337422987833065e+02 1.543093826762773624e-01 5.460712216469760278e+02 1.729484384063412568e-27 1.478808349094907141e-27 5.287294438854848137e-28 3.001058204003711483e-01 1.252865842895186663e-27 1.000000000000000000e+00 0.000000000000000000e+00 0.000000000000000000e+00 0.000000000000000000e+00 1.000000000000000000e+00 1.000000000000000000e+10 0.000000000000000000e+00 0.000000000000000000e+00 0.000000000000000000e+00 1.000000000000000000e+10
1.803842016362447453e-01 4.543242997126637874e+02 2.085100298783312383e+02 1.058288646919773441e+02 1.543199904349851492e-01 4.081992118543138304e+02 1.286111216088280048e-27 9.829044926158627702e-28 3.817461500716614151e-28 3.225395261069801678e-01 8.601236956674489000e-28 1.000000000000000000e+00 0.000000000000000000e+00 0.000000000000000000e+00 0.000000000000000000e+00 1.000000000000000000e+00 1.000000000000000000e+10 0.000000000000000000e+00 0.000000000000000000e+00 0.000000000000000000e+00 1.000000000000000000e+10
2.080351397048574025e-01 3.559385111133402120e+02 1.484547881304480939e+02 1.016833789954396252e+02 1.729281836424615137e-01 3.198383015462443950e+02 9.801846683297815837e-28 7.265606338035112558e-28 2.991462960272989732e-28 3.586074190992106780e-01 5.980218410970933588e-28 1.000000000000000000e+00 0.000000000000000000e+00 0.000000000000000000e+00 0.000000000000000000e+00 1.000000000000000000e+00 1.000000000000000000e+10 0.000000000000000000e+00 0.000000000000000000e+00 0.000000000000000000e+00 1.000000000000000000e+10
2.399246661262133540e-01 2.706832457754584311e+02 1.279406193450461728e+02 7.855395631712156046e+01 1.797193981925388484e-01 2.405006290738579082e+02 7.658202924319286252e-28 5.732971394376669327e-28 2.190941653252389026e-28 3.963381146550109535e-01 4.078423262336610203e-28 1.000000000000000000e+00 0.000000000000000000e+00 0.000000000000000000e+00 0.000000000000000000e+00 1.000000000000000000e+00 1.000000000000000000e+10 0.000000000000000000e+00 0.000000000000000000e+00 0.000000000000000000e+00 1.000000000000000000e+10
2.767025104385807399e-01 2.111165427395259542e+02 1.020890023107508000e+02 5.558781002233990876e+01 1.937085809749205523e-01 1.786099859214943990e+02 6.249875250242324730e-28 5.466778399099840739e-28 1.703392903620711343e-28 4.365039967550162769e-01 2.944419131914659127e-28 1.000000000000000000e+00 0.000000000000000000e+00 0.000000000000000000e+00 0.000000000000000000e+00 1.000000000000000000e+00 1.000000000000000000e+10 0.000000000000000000e+00 0.000000000000000000e+00 0.000000000000000000e+00 1.000000000000000000e+10
3.191179986585286343e-01 1.671623300678886608e+02 9.671269833193417753e+01 4.291288907071866277e+01 2.061734531363012823e-01 1.367023411365062202e+02 5.360471950639594476e-28 4.551657393519368135e-28 1.146504571617148349e-28 4.786788340521946350e-01 2.000214443884389514e-28 1.000000000000000000e+00 0.000000000000000000e+00 0.000000000000000000e+00 0.000000000000000000e+00 1.000000000000000000e+00 1.000000000000000000e+10 0.000000000000000000e+00 0.000000000000000000e+00 0.000000000000000000e+00 1.000000000000000000e+10
3.680353203388414540e-01 1.364046470094902475e+02 8.346667218160351354e+01 3.587139988170785898e+01 2.253947276583075365e-01 1.083834501964103367e+02 5.003067357264236686e-28 4.090990770587270203e-28 8.121081057552972650e-29 5.281044623359560930e-01 1.402508556092851266e-28 1.000000000000000000e+00 0.000000000000000000e+00 0.000000000000000000e+00 0.000000000000000000e+00 1.000000000000000000e+00 1.000000000000000000e+10 0.000000000000000000e+00 0.000000000000000000e+00 0.000000000000000000e+00 1.000000000000000000e+10
4.244511359005219142e-01 1.194240250742076768e+02 7.423455120673750685e+01 2.738012860043932051e+01 2.517930864989458839e-01 8.469318739404309326e+01 4.930253912922295574e-28 3.591707001228571104e-28 6.185385518453108120e-29 5.797839230638025532e-01 1.054913917323952524e-28 1.000000000000000000e+00 0.000000000000000000e+00 0.000000000000000000e+00 0.000000000000000000e+00 1.000000000000000000e+00 1.000000000000000000e+10 0.000000000000000000e+00 0.000000000000000000e+00 0.000000000000000000e+00 1.000000000000000000e+10
4.895148829774688681e-01 9.649034147179860099e+01 6.741544123337864391e+01 2.323659677687619052e+01 2.654550902482973318e-01 6.773778724634182424e+01 4.599820948120656096e-28 3.476621059338467601e-28 5.630943317452215803e-29 6.343557157018914205e-01 8.604005669454513422e-29 1.000000000000000000e+00 0.000000000000000000e+00 0.000000000000000000e+00 0.000000000000000000e+00 1.000000000000000000e+00 1.000000000000000000e+10 0.000000000000000000e+00 0.000000000000000000e+00 0.000000000000000000e+00 1.000000000000000000e+10
5.645521955031491679e-01 8.515327443479860392e+01 6.317141042700607301e+01 2.183564591477477279e+01 2.922227405540552825e-01 5.549193476267985403e+01 4.690891694754480568e-28 3.298346718257813839e-28 4.229048944946639234e-29 6.966572321517159327e-01 6.314915538977430259e-29 1.000000000000000000e+00 0.000000000000000000e+00 0.000000000000000000e+00 0.000000000000000000e+00 1.000000000000000000e+00 1.000000000000000000e+10 0.000000000000000000e+00 0.000000000000000000e+00 0.000000000000000000e+00 1.000000000000000000e+10
6.510919126887823039e-01 6.931377704501866788e+01 5.468112985876283005e+01 1.698849513628872288e+01 2.968587998108959125e-01 4.521151572961737486e+01 4.073074495833665747e-28 3.195772193512882866e-28 3.997408075746617827e-29 7.387831180565045397e-01 5.533811432095403900e-29 1.000000000000000000e+00 0.000000000000000000e+00 0.000000000000000000e+00 0.000000000000000000e+00 1.000000000000000000e+00 1.000000000000000000e+10 0.000000000000000000e+00 0.000000000000000000e+00 0.000000000000000000e+00 1.000000000000000000e+10
7.508972281844089602e-01 6.052664480117663004e+01 5.487092537634358536e+01 1.508507979170963864e+01 3.035943441992870473e-01 3.867146401274008127e+01 4.199866043634811180e-28 3.723823271393516919e-28 3.299068875237895098e-29 7.877596789762125740e-01 4.463627554075694118e-29 1.000000000000000000e+00 0.000000000000000000e+00 0.000000000000000000e+00 0.000000000000000000e+00 1.000000000000000000e+00 1.000000000000000000e+10 0.000000000000000000e+00 0.000000000000000000e+00 0.000000000000000000e+00 1.000000000000000000e+10
8.660016140678794550e-01 5.573686091677916465e+01 5.779175293834286720e+01 1.340144124005252024e+01 3.222513578213773155e-01 3.439722156865498448e+01 4.146519141395757451e-28 5.235495361214071704e-28 3.191629798634367248e-29 8.432184262911077699e-01 4.131857895253984893e-29 1.000000000000000000e+00 0.000000000000000000e+00 0.000000000000000000e+00 0.000000000000000000e+00 1.000000000000000000e+00 1.000000000000000000e+10 0.000000000000000000e+00 0.000000000000000000e+00 0.000000000000000000e+00 1.000000000000000000e+10
9.987502515910116063e-01 4.996487061736426938e+01 5.045138446932483589e+01 1.481526159325929015e+01 3.237013623300371012e-01 3.215869497063467009e+01 4.225133325525425632e-28 4.198821155962924981e-28 3.087261188101350987e-29 8.794840679123038241e-01 3.834550202712588023e-29 1.000000000000000000e+00 0.000000000000000000e+00 0.000000000000000000e+00 0.000000000000000000e+00 1.000000000000000000e+00 1.000000000000000000e+10 0.000000000000000000e+00 0.000000000000000000e+00 0.000000000000000000e+00 1.000000000000000000e+10
1.151847812808953542e+00 4.594290358316494860e+01 5.508061474299658755e+01 1.458063619382912535e+01 3.257408434547537923e-01 3.076046945814782774e+01 4.236296939968422970e-28 4.630364007737160717e-28 2.670479815071700664e-29 8.863497506084891953e-01 3.347595180953495845e-29 1.000000000000000000e+00 0.000000000000000000e+00 0.000000000000000000e+00 0.000000000000000000e+00 1.000000000000000000e+00 1.000000000000000000e+10 0.000000000000000000e+00 0.000000000000000000e+00 0.000000000000000000e+00 1.000000000000000000e+10
1.328413566614123908e+00 4.201244895378037825e+01 3.451901181051970724e+01 1.471397681193614382e+01 3.111265000036490536e-01 3.051103417858362121e+01 4.660570677375224874e-28 4.781677491723330674e-28 3.329118083901138159e-29 8.661232831199957571e-01 4.045455404363017589e-29 1.000000000000000000e+00 0.000000000000000000e+00 0.000000000000000000e+00 0.000000000000000000e+00 1.000000000000000000e+00 1.000000000000000000e+10 0.000000000000000000e+00 0.000000000000000000e+00 0.000000000000000000e+00 1.000000000000000000e+10
1.532044931926391351e+00 4.084238277209900758e+01 3.531099158665801951e+01 1.342630317242993065e+01 3.150260877211393806e-01 2.808034157595580638e+01 6.889736130656937815e-28 4.514742601475126414e-28 3.527312521212272153e-29 8.798905752863659391e-01 4.203380992642745892e-29 1.000000000000000000e+00 0.000000000000000000e+00 0.000000000000000000e+00 0.000000000000000000e+00 1.000000000000000000e+00 1.000000000000000000e+10 0.000000000000000000e+00 0.000000000000000000e+00 0.000000000000000000e+00 1.000000000000000000e+10
1.766890772896739126e+00 3.873289349865191156e+01 2.823886605651083670e+01 1.292042951289031016e+01 3.070591332168026155e-01 2.678686538856090493e+01 1.163035201875425446e-27 3.151742565539966242e-28 4.995025278779611120e-29 8.790301125718671393e-01 5.705173161484122711e-29 1.000000000000000000e+00 0.000000000000000000e+00 0.000000000000000000e+00 0.000000000000000000e+00 1.000000000000000000e+00 1.000000000000000000e+10 0.000000000000000000e+00 0.000000000000000000e+00 0.000000000000000000e+00 1.000000000000000000e+10
2.037735929469222107e+00 3.891441443417936341e+01 2.577427592590213123e+01 1.315064687131626187e+01 3.122047430137636637e-01 2.661450531715482271e+01 1.657696481112026913e-27 2.869864427488713354e-28 5.532989980390850232e-29 8.857617260523132918e-01 6.229453748380192702e-29 1.000000000000000000e+00 0.000000000000000000e+00 0.000000000000000000e+00 0.000000000000000000e+00 1.000000000000000000e+00 1.000000000000000000e+10 0.000000000000000000e+00 0.000000000000000000e+00 0.000000000000000000e+00 1.000000000000000000e+10
2.350098705559579226e+00 3.453517850323333249e+01 2.092605967992807336e+01 1.234949947351269905e+01 2.958003943996643792e-01 2.551211321121395059e+01 1.256106995408727353e-27 2.379155070899946223e-28 6.017145755217971583e-29 8.886521338834871830e-01 6.711431501021165299e-29 1.000000000000000000e+00 0.000000000000000000e+00 0.000000000000000000e+00 0.000000000000000000e+00 1.000000000000000000e+00 1.000000000000000000e+10 0.000000000000000000e+00 0.000000000000000000e+00 0.000000000000000000e+00 1.000000000000000000e+10
