# R (Mpc), mean rho (Msol/kpc^3), errup (Msol/kpc^3), errlow, std, median rho (Msol/kpc^3), mean pth (Msol/kpc/s^2), errup(Msol/kpc/s^2), errlow, std, median pth (Msol/kpc/s^2), mean gas-mass-weighted metal (fraction), errup, errlow, std, median metal, mean gas-mass-weighted temp (K), errup, errlow, std, median temp  
#  nprofs 212, mean mh 212490848902.874268, median mh 202729317954.001892 
#  Mass range 11.00 - 11.5
1.040961082911032697e-02 2.169442600049599423e+05 1.148222105737871025e+05 8.629861415825028962e+04 2.596097523650329197e-01 2.006953387630730867e+05 1.267317276069007515e-25 1.921713560349636553e-25 1.952205753870767886e-26 5.161491115488334724e-01 3.841072649634735222e-26 1.000000000000000000e+00 0.000000000000000000e+00 0.000000000000000000e+00 0.000000000000000000e+00 1.000000000000000000e+00 1.000000000000000000e+10 0.000000000000000000e+00 0.000000000000000000e+00 0.000000000000000000e+00 1.000000000000000000e+10
1.200529105910367808e-02 1.607283161431292247e+05 8.985222745214492898e+04 7.117048896231463004e+04 2.671098794442694491e-01 1.445277480500602105e+05 8.574176450312797281e-26 1.065733867572068264e-25 2.403770165160856968e-26 4.467275463680333014e-01 4.198954094858175250e-26 1.000000000000000000e+00 0.000000000000000000e+00 0.000000000000000000e+00 0.000000000000000000e+00 1.000000000000000000e+00 1.000000000000000000e+10 0.000000000000000000e+00 0.000000000000000000e+00 0.000000000000000000e+00 1.000000000000000000e+10
1.384557172980430476e-02 1.169477815305569529e+05 8.738379038532784034e+04 4.932741013574433600e+04 2.714681608405090651e-01 1.024963961050160142e+05 9.671884524623934383e-26 1.153831300813254325e-25 3.721997286695720243e-26 4.440071832087017500e-01 5.475538661722414307e-26 1.000000000000000000e+00 0.000000000000000000e+00 0.000000000000000000e+00 0.000000000000000000e+00 1.000000000000000000e+00 1.000000000000000000e+10 0.000000000000000000e+00 0.000000000000000000e+00 0.000000000000000000e+00 1.000000000000000000e+10
1.596794743096121086e-02 8.364097771518251102e+04 5.614638447452256514e+04 3.021438751763470646e+04 2.780410558897418172e-01 6.870573522326198872e+04 8.505221644315301601e-26 9.546361158883906811e-26 3.822380406825572184e-26 4.198982244668820196e-01 5.980294275982910222e-26 1.000000000000000000e+00 0.000000000000000000e+00 0.000000000000000000e+00 0.000000000000000000e+00 1.000000000000000000e+00 1.000000000000000000e+10 0.000000000000000000e+00 0.000000000000000000e+00 0.000000000000000000e+00 1.000000000000000000e+10
1.841566026551830909e-02 5.758811114394656033e+04 3.661434924163264077e+04 2.453049100658149109e+04 2.806835667701955139e-01 5.127293588080984046e+04 7.448699839346444655e-26 6.493430756313982085e-26 3.373792159448004209e-26 3.593129864888984226e-01 5.713184657003701084e-26 1.000000000000000000e+00 0.000000000000000000e+00 0.000000000000000000e+00 0.000000000000000000e+00 1.000000000000000000e+00 1.000000000000000000e+10 0.000000000000000000e+00 0.000000000000000000e+00 0.000000000000000000e+00 1.000000000000000000e+10
2.123858088093512342e-02 4.004747489686941844e+04 2.575327419395795732e+04 1.603860177643542193e+04 2.704851953633527484e-01 3.524165765876160003e+04 6.271393765661622791e-26 5.646276047132807246e-26 2.621383177729594210e-26 3.364005267589114667e-01 4.853961898024263336e-26 1.000000000000000000e+00 0.000000000000000000e+00 0.000000000000000000e+00 0.000000000000000000e+00 1.000000000000000000e+00 1.000000000000000000e+10 0.000000000000000000e+00 0.000000000000000000e+00 0.000000000000000000e+00 1.000000000000000000e+10
2.449422455303571639e-02 2.748549518530999558e+04 1.730533984584216523e+04 1.173451852334388605e+04 2.577834918349667381e-01 2.458281611192645505e+04 4.755828329016629206e-26 3.285325625711520306e-26 2.157798339613157454e-26 2.921964389029419462e-01 4.009710416661107365e-26 1.000000000000000000e+00 0.000000000000000000e+00 0.000000000000000000e+00 0.000000000000000000e+00 1.000000000000000000e+00 1.000000000000000000e+10 0.000000000000000000e+00 0.000000000000000000e+00 0.000000000000000000e+00 1.000000000000000000e+10
2.824892302447100725e-02 1.913342932684051266e+04 1.184378696845417289e+04 8.557374453700675076e+03 2.723287998237464147e-01 1.721797943173110252e+04 4.012502465072017839e-26 3.220974420001145992e-26 1.416482338288811585e-26 2.921076302527798596e-01 3.197470742847437902e-26 1.000000000000000000e+00 0.000000000000000000e+00 0.000000000000000000e+00 0.000000000000000000e+00 1.000000000000000000e+00 1.000000000000000000e+10 0.000000000000000000e+00 0.000000000000000000e+00 0.000000000000000000e+00 1.000000000000000000e+10
3.257917597328415654e-02 1.304488893208789341e+04 5.852126613188072952e+03 5.681606839560979097e+03 2.391919691119994418e-01 1.224031535109125616e+04 3.180167330142968401e-26 2.221866431828154151e-26 1.139157693278949367e-26 2.714830295475952338e-01 2.568407911206678957e-26 1.000000000000000000e+00 0.000000000000000000e+00 0.000000000000000000e+00 0.000000000000000000e+00 1.000000000000000000e+00 1.000000000000000000e+10 0.000000000000000000e+00 0.000000000000000000e+00 0.000000000000000000e+00 1.000000000000000000e+10
3.757320964692217186e-02 9.453656439253136341e+03 4.593315205760110985e+03 3.640479246966079700e+03 2.200034148185931182e-01 8.615573007179107663e+03 2.559947052226017010e-26 1.727535804636672228e-26 1.023684713436544185e-26 2.492713912225518469e-01 2.211508152043827903e-26 1.000000000000000000e+00 0.000000000000000000e+00 0.000000000000000000e+00 0.000000000000000000e+00 1.000000000000000000e+00 1.000000000000000000e+10 0.000000000000000000e+00 0.000000000000000000e+00 0.000000000000000000e+00 1.000000000000000000e+10
4.333277441790538143e-02 6.889072709516606665e+03 3.207441358188383674e+03 2.443763031020181188e+03 2.208914733020451993e-01 6.270587301482852126e+03 2.109630933700857874e-26 1.168653459486051415e-26 8.213104526930942636e-27 2.449691543948511185e-01 1.852071525884785117e-26 1.000000000000000000e+00 0.000000000000000000e+00 0.000000000000000000e+00 0.000000000000000000e+00 1.000000000000000000e+00 1.000000000000000000e+10 0.000000000000000000e+00 0.000000000000000000e+00 0.000000000000000000e+00 1.000000000000000000e+10
4.997521788524898756e-02 5.261556032446510471e+03 2.309445945598116850e+03 1.540978079677002825e+03 2.010691137967935416e-01 4.750263073343840006e+03 1.702332128188216465e-26 1.048647409761820113e-26 5.994294442466062414e-27 2.413957177015447764e-01 1.442382110318233980e-26 1.000000000000000000e+00 0.000000000000000000e+00 0.000000000000000000e+00 0.000000000000000000e+00 1.000000000000000000e+00 1.000000000000000000e+10 0.000000000000000000e+00 0.000000000000000000e+00 0.000000000000000000e+00 1.000000000000000000e+10
5.763587575980636674e-02 4.035571298443113392e+03 2.176596308005946412e+03 1.012474597932843608e+03 1.775160658774466438e-01 3.502691315832981672e+03 1.347925618652874484e-26 8.411883339820072502e-27 4.489998723565622023e-27 2.318388568342851508e-01 1.152050170732225642e-26 1.000000000000000000e+00 0.000000000000000000e+00 0.000000000000000000e+00 0.000000000000000000e+00 1.000000000000000000e+00 1.000000000000000000e+10 0.000000000000000000e+00 0.000000000000000000e+00 0.000000000000000000e+00 1.000000000000000000e+10
6.647082924635627776e-02 3.130768614523489305e+03 1.484605422628777887e+03 8.438420945552663852e+02 1.672880617262750280e-01 2.844211140392192647e+03 1.076748734024849182e-26 7.076759229917509046e-27 3.640493011485593952e-27 2.308224587544375761e-01 9.049635399880341076e-27 1.000000000000000000e+00 0.000000000000000000e+00 0.000000000000000000e+00 0.000000000000000000e+00 1.000000000000000000e+00 1.000000000000000000e+10 0.000000000000000000e+00 0.000000000000000000e+00 0.000000000000000000e+00 1.000000000000000000e+10
7.666008510240249207e-02 2.435675818312327465e+03 1.093565460059930047e+03 6.724727932582482026e+02 1.588388277831288276e-01 2.262050230653322615e+03 8.439295070325976052e-27 5.587397758829450819e-27 2.586670427785207898e-27 2.341589848453866085e-01 6.752563871177472809e-27 1.000000000000000000e+00 0.000000000000000000e+00 0.000000000000000000e+00 0.000000000000000000e+00 1.000000000000000000e+00 1.000000000000000000e+10 0.000000000000000000e+00 0.000000000000000000e+00 0.000000000000000000e+00 1.000000000000000000e+10
8.841124316543315376e-02 1.875770805869775586e+03 7.876630066002353487e+02 4.835083327310314871e+02 1.493868059346016297e-01 1.735890386043502531e+03 6.420878957994901218e-27 4.406291605225941549e-27 1.803613865542231498e-27 2.350834947555061893e-01 4.950599726279466960e-27 1.000000000000000000e+00 0.000000000000000000e+00 0.000000000000000000e+00 0.000000000000000000e+00 1.000000000000000000e+00 1.000000000000000000e+10 0.000000000000000000e+00 0.000000000000000000e+00 0.000000000000000000e+00 1.000000000000000000e+10
1.019637260722580097e-01 1.457702604967386833e+03 6.391430634293183175e+02 3.547534662907000893e+02 1.517552064423978997e-01 1.319915813012493800e+03 4.884549995838023777e-27 2.884278007777354963e-27 1.291885004382838378e-27 2.463753895277252526e-01 3.692959791970823901e-27 1.000000000000000000e+00 0.000000000000000000e+00 0.000000000000000000e+00 0.000000000000000000e+00 1.000000000000000000e+00 1.000000000000000000e+10 0.000000000000000000e+00 0.000000000000000000e+00 0.000000000000000000e+00 1.000000000000000000e+10
1.175936573483598035e-01 1.124935781062036540e+03 4.767630912070442264e+02 2.909174765132052016e+02 1.488202915426252992e-01 1.029300882938535779e+03 3.681592362099040826e-27 2.096867503673243735e-27 1.048999856229453001e-27 2.620369009937872917e-01 2.718017187678710555e-27 1.000000000000000000e+00 0.000000000000000000e+00 0.000000000000000000e+00 0.000000000000000000e+00 1.000000000000000000e+00 1.000000000000000000e+10 0.000000000000000000e+00 0.000000000000000000e+00 0.000000000000000000e+00 1.000000000000000000e+10
1.356194872553388164e-01 8.969158789422302789e+02 3.722703054011842596e+02 2.217494208896277996e+02 1.598761972679562660e-01 8.055404541299124048e+02 2.864256896864275226e-27 1.533364852621465709e-27 7.757077713593869970e-28 2.806661633506809528e-01 1.944240825610250839e-27 1.000000000000000000e+00 0.000000000000000000e+00 0.000000000000000000e+00 0.000000000000000000e+00 1.000000000000000000e+00 1.000000000000000000e+10 0.000000000000000000e+00 0.000000000000000000e+00 0.000000000000000000e+00 1.000000000000000000e+10
1.564084810196403053e-01 7.090888347333582260e+02 2.923303496866730029e+02 1.769335822389837176e+02 1.693930136979601153e-01 6.241781460557667742e+02 2.249519105598926771e-27 1.441492509441323949e-27 5.280914827464264918e-28 3.069991765951680662e-01 1.343759273258665849e-27 1.000000000000000000e+00 0.000000000000000000e+00 0.000000000000000000e+00 0.000000000000000000e+00 1.000000000000000000e+00 1.000000000000000000e+10 0.000000000000000000e+00 0.000000000000000000e+00 0.000000000000000000e+00 1.000000000000000000e+10
1.803842016362447453e-01 5.361117987002885457e+02 2.312928077739655919e+02 1.210555536153496519e+02 1.678694403725017603e-01 4.710286693919504160e+02 1.752876114910646286e-27 1.176976087335368749e-27 3.669917754963778171e-28 3.325424127683890285e-01 9.394478948907839634e-28 1.000000000000000000e+00 0.000000000000000000e+00 0.000000000000000000e+00 0.000000000000000000e+00 1.000000000000000000e+00 1.000000000000000000e+10 0.000000000000000000e+00 0.000000000000000000e+00 0.000000000000000000e+00 1.000000000000000000e+10
2.080351397048574025e-01 4.176363390113236278e+02 2.154977636115294217e+02 1.064762251823358952e+02 1.755656606062315217e-01 3.615188919076881575e+02 1.400655772461128661e-27 8.622913389773363690e-28 3.053443225671886463e-28 3.572272940289124565e-01 6.838060451972580171e-28 1.000000000000000000e+00 0.000000000000000000e+00 0.000000000000000000e+00 0.000000000000000000e+00 1.000000000000000000e+00 1.000000000000000000e+10 0.000000000000000000e+00 0.000000000000000000e+00 0.000000000000000000e+00 1.000000000000000000e+10
2.399246661262133540e-01 3.195505234075205863e+02 1.511755636887936021e+02 8.366775101025314143e+01 1.756710736949867457e-01 2.791494915512870421e+02 1.113440455247544088e-27 6.423022606130540462e-28 2.159039460132075435e-28 3.814091239746247863e-01 4.717290817811692587e-28 1.000000000000000000e+00 0.000000000000000000e+00 0.000000000000000000e+00 0.000000000000000000e+00 1.000000000000000000e+00 1.000000000000000000e+10 0.000000000000000000e+00 0.000000000000000000e+00 0.000000000000000000e+00 1.000000000000000000e+10
2.767025104385807399e-01 2.450294133701860062e+02 1.106605318084587566e+02 6.280770531784310151e+01 1.715939032997372271e-01 2.154917771143917662e+02 9.271368984178651350e-28 5.038262861238918010e-28 1.688851513970395901e-28 4.016893521932517475e-01 3.485092390256092164e-28 1.000000000000000000e+00 0.000000000000000000e+00 0.000000000000000000e+00 0.000000000000000000e+00 1.000000000000000000e+00 1.000000000000000000e+10 0.000000000000000000e+00 0.000000000000000000e+00 0.000000000000000000e+00 1.000000000000000000e+10
3.191179986585286343e-01 1.991253614278577686e+02 9.007977609215652137e+01 4.303740857066875947e+01 1.939250308503277787e-01 1.621088943695418720e+02 8.366875336249969485e-28 4.451323863131399406e-28 1.126486740447108402e-28 4.414733156285313154e-01 2.291767639349907927e-28 1.000000000000000000e+00 0.000000000000000000e+00 0.000000000000000000e+00 0.000000000000000000e+00 1.000000000000000000e+00 1.000000000000000000e+10 0.000000000000000000e+00 0.000000000000000000e+00 0.000000000000000000e+00 1.000000000000000000e+10
3.680353203388414540e-01 1.646681286947086278e+02 9.670737012518881670e+01 3.979924603627301849e+01 2.160886609385395674e-01 1.293741231746379867e+02 7.959822971718156740e-28 4.110957212642228897e-28 7.509398207884317065e-29 4.888950500119543241e-01 1.549433101679170172e-28 1.000000000000000000e+00 0.000000000000000000e+00 0.000000000000000000e+00 0.000000000000000000e+00 1.000000000000000000e+00 1.000000000000000000e+10 0.000000000000000000e+00 0.000000000000000000e+00 0.000000000000000000e+00 1.000000000000000000e+10
4.244511359005219142e-01 1.351745112331360872e+02 9.517628624872888565e+01 2.713355392775763164e+01 2.401943345310571243e-01 9.513262966952059685e+01 7.630836692154897803e-28 4.067300781226638904e-28 5.980637123704976450e-29 5.441957263576290282e-01 1.137127262956792515e-28 1.000000000000000000e+00 0.000000000000000000e+00 0.000000000000000000e+00 0.000000000000000000e+00 1.000000000000000000e+00 1.000000000000000000e+10 0.000000000000000000e+00 0.000000000000000000e+00 0.000000000000000000e+00 1.000000000000000000e+10
4.895148829774688681e-01 1.139237845471438249e+02 8.999977950091249568e+01 2.288030724694563389e+01 2.572957664965670466e-01 7.631463334261513864e+01 7.510604107995882930e-28 4.000100411086596558e-28 4.690563130802170118e-29 5.997417603834611644e-01 8.253733358743049752e-29 1.000000000000000000e+00 0.000000000000000000e+00 0.000000000000000000e+00 0.000000000000000000e+00 1.000000000000000000e+00 1.000000000000000000e+10 0.000000000000000000e+00 0.000000000000000000e+00 0.000000000000000000e+00 1.000000000000000000e+10
5.645521955031491679e-01 9.563331616096381538e+01 7.524174364210097110e+01 2.221266165262903769e+01 2.763128523453771135e-01 6.282286922033745213e+01 7.477050041194174278e-28 4.441951987020611377e-28 4.214974697959101666e-29 6.625497535065423271e-01 6.412335759224806657e-29 1.000000000000000000e+00 0.000000000000000000e+00 0.000000000000000000e+00 0.000000000000000000e+00 1.000000000000000000e+00 1.000000000000000000e+10 0.000000000000000000e+00 0.000000000000000000e+00 0.000000000000000000e+00 1.000000000000000000e+10
6.510919126887823039e-01 8.492883748378591235e+01 7.317041661876274361e+01 1.890361665762998911e+01 2.963671974354221694e-01 5.242859533478731748e+01 8.074215565741220410e-28 3.646441615680824286e-28 2.848533807617724571e-29 7.151579189208261411e-01 4.408874364119958779e-29 1.000000000000000000e+00 0.000000000000000000e+00 0.000000000000000000e+00 0.000000000000000000e+00 1.000000000000000000e+00 1.000000000000000000e+10 0.000000000000000000e+00 0.000000000000000000e+00 0.000000000000000000e+00 1.000000000000000000e+10
7.508972281844089602e-01 7.369870621309675585e+01 5.579788395967833736e+01 1.629928942249624413e+01 2.980323434722401132e-01 4.446105912437695196e+01 7.783984442144028739e-28 2.829592898782825353e-28 2.498921629781283110e-29 7.399267919714654917e-01 3.733563026050448355e-29 1.000000000000000000e+00 0.000000000000000000e+00 0.000000000000000000e+00 0.000000000000000000e+00 1.000000000000000000e+00 1.000000000000000000e+10 0.000000000000000000e+00 0.000000000000000000e+00 0.000000000000000000e+00 1.000000000000000000e+10
8.660016140678794550e-01 6.633225262902659836e+01 5.127873602692398691e+01 1.518056834497874519e+01 2.992815706091190853e-01 4.023568519483767858e+01 6.689636111719723003e-28 2.942539212081793528e-28 2.651007103372612454e-29 7.463596340315030719e-01 3.724285746950187870e-29 1.000000000000000000e+00 0.000000000000000000e+00 0.000000000000000000e+00 0.000000000000000000e+00 1.000000000000000000e+00 1.000000000000000000e+10 0.000000000000000000e+00 0.000000000000000000e+00 0.000000000000000000e+00 1.000000000000000000e+10
9.987502515910116063e-01 5.941968091876685065e+01 4.597378254902687189e+01 1.438039748782525251e+01 3.027860088124794680e-01 3.716475284978711358e+01 5.779618172778697870e-28 2.223917005929800148e-28 3.031567067972965742e-29 7.694402453417051868e-01 3.908990065285082022e-29 1.000000000000000000e+00 0.000000000000000000e+00 0.000000000000000000e+00 0.000000000000000000e+00 1.000000000000000000e+00 1.000000000000000000e+10 0.000000000000000000e+00 0.000000000000000000e+00 0.000000000000000000e+00 1.000000000000000000e+10
1.151847812808953542e+00 5.536462296610542921e+01 4.286601358924623639e+01 1.518770991962780670e+01 3.088408914177630527e-01 3.530585428145941762e+01 5.521415958010754763e-28 2.180605387131073140e-28 2.167107426737250803e-29 7.968600868943584992e-01 2.954602393161139718e-29 1.000000000000000000e+00 0.000000000000000000e+00 0.000000000000000000e+00 0.000000000000000000e+00 1.000000000000000000e+00 1.000000000000000000e+10 0.000000000000000000e+00 0.000000000000000000e+00 0.000000000000000000e+00 1.000000000000000000e+10
1.328413566614123908e+00 4.856754099636843591e+01 3.330598957125819481e+01 1.296045697448949952e+01 2.876383028515391849e-01 3.290069693504321435e+01 4.677488879222597185e-28 1.865304158795976233e-28 2.591575906609582789e-29 7.739136800866946997e-01 3.378059449333312744e-29 1.000000000000000000e+00 0.000000000000000000e+00 0.000000000000000000e+00 0.000000000000000000e+00 1.000000000000000000e+00 1.000000000000000000e+10 0.000000000000000000e+00 0.000000000000000000e+00 0.000000000000000000e+00 1.000000000000000000e+10
1.532044931926391351e+00 4.383719284389681548e+01 2.805310346693722323e+01 1.442475288801690070e+01 2.768822752864283365e-01 3.316457224291679040e+01 3.413380285239426977e-28 1.812442908685452434e-28 2.986930691183079919e-29 7.606339464166803621e-01 3.727553382163126355e-29 1.000000000000000000e+00 0.000000000000000000e+00 0.000000000000000000e+00 0.000000000000000000e+00 1.000000000000000000e+00 1.000000000000000000e+10 0.000000000000000000e+00 0.000000000000000000e+00 0.000000000000000000e+00 1.000000000000000000e+10
1.766890772896739126e+00 3.854874301225567734e+01 2.672154974708737996e+01 1.125408503053807863e+01 2.560285134965023524e-01 2.916953705556361598e+01 2.602805240075111113e-28 1.832443061614303787e-28 2.925121396389821345e-29 7.418337300702340098e-01 3.641780474074411668e-29 1.000000000000000000e+00 0.000000000000000000e+00 0.000000000000000000e+00 0.000000000000000000e+00 1.000000000000000000e+00 1.000000000000000000e+10 0.000000000000000000e+00 0.000000000000000000e+00 0.000000000000000000e+00 1.000000000000000000e+10
2.037735929469222107e+00 3.381741216542518202e+01 1.642329456059800208e+01 1.156385784854593979e+01 2.316660836622138897e-01 2.809259150548261630e+01 2.212413206405068866e-28 1.120787533364206334e-28 2.426369745276677248e-29 7.076691785094753051e-01 3.156444890265286161e-29 1.000000000000000000e+00 0.000000000000000000e+00 0.000000000000000000e+00 0.000000000000000000e+00 1.000000000000000000e+00 1.000000000000000000e+10 0.000000000000000000e+00 0.000000000000000000e+00 0.000000000000000000e+00 1.000000000000000000e+10
2.350098705559579226e+00 3.147947850075727416e+01 1.698733317401484300e+01 8.815247529083933387e+00 2.292020294466865504e-01 2.516814118543103262e+01 2.410709643639428290e-28 9.842611249685421059e-29 2.228166462752999336e-29 6.992248690934209643e-01 2.967274163226889902e-29 1.000000000000000000e+00 0.000000000000000000e+00 0.000000000000000000e+00 0.000000000000000000e+00 1.000000000000000000e+00 1.000000000000000000e+10 0.000000000000000000e+00 0.000000000000000000e+00 0.000000000000000000e+00 1.000000000000000000e+10
