# R (Mpc), mean rho (Msol/kpc^3), errup (Msol/kpc^3), errlow, std, median rho (Msol/kpc^3), mean pth (Msol/kpc/s^2), errup(Msol/kpc/s^2), errlow, std, median pth (Msol/kpc/s^2), mean gas-mass-weighted metal (fraction), errup, errlow, std, median metal, mean gas-mass-weighted temp (K), errup, errlow, std, median temp  
#  nprofs 189, mean mh 209378935375.906342, median mh 195664525334.019012 
#  Mass range 11.00 - 11.5
1.040961082911032697e-02 3.005879770246373955e+05 2.161740531771607057e+05 1.186826239375816367e+05 3.122749478656927646e-01 2.414961844384370197e+05 1.102079202117459447e-25 1.947096756183296836e-25 2.308376332119171532e-26 4.815696219041821213e-01 4.366001993985439083e-26 1.000000000000000000e+00 0.000000000000000000e+00 0.000000000000000000e+00 0.000000000000000000e+00 1.000000000000000000e+00 1.000000000000000000e+10 0.000000000000000000e+00 0.000000000000000000e+00 0.000000000000000000e+00 1.000000000000000000e+10
1.200529105910367808e-02 2.324094041636967740e+05 1.703106263148729631e+05 9.891569114821980475e+04 3.032115380217137446e-01 1.907637116220103635e+05 1.162086853217582193e-25 1.481880746942275360e-25 4.346052513082561644e-26 4.680182671714359643e-01 6.389833093543356608e-26 1.000000000000000000e+00 0.000000000000000000e+00 0.000000000000000000e+00 0.000000000000000000e+00 1.000000000000000000e+00 1.000000000000000000e+10 0.000000000000000000e+00 0.000000000000000000e+00 0.000000000000000000e+00 1.000000000000000000e+10
1.384557172980430476e-02 1.644855854505899188e+05 1.012977029493802111e+05 7.950342427965281240e+04 2.886042469004175826e-01 1.472207363958382339e+05 8.841250045435205574e-26 9.878073829947022878e-26 3.566163102657300149e-26 4.282291058538517103e-01 5.621861798299559749e-26 1.000000000000000000e+00 0.000000000000000000e+00 0.000000000000000000e+00 0.000000000000000000e+00 1.000000000000000000e+00 1.000000000000000000e+10 0.000000000000000000e+00 0.000000000000000000e+00 0.000000000000000000e+00 1.000000000000000000e+10
1.596794743096121086e-02 1.174600868126084824e+05 8.407366525297889893e+04 5.126922997962999216e+04 2.946892593126647641e-01 1.003482113824183325e+05 7.545172185898195680e-26 7.405844906476123584e-26 3.312804200378940710e-26 3.685995972842548984e-01 5.666655119176429920e-26 1.000000000000000000e+00 0.000000000000000000e+00 0.000000000000000000e+00 0.000000000000000000e+00 1.000000000000000000e+00 1.000000000000000000e+10 0.000000000000000000e+00 0.000000000000000000e+00 0.000000000000000000e+00 1.000000000000000000e+10
1.841566026551830909e-02 8.257199498300199048e+04 6.205769686119668768e+04 3.434143342666685203e+04 2.876490640121266984e-01 7.054325123201741371e+04 6.565393985310577962e-26 5.798144677365625128e-26 2.704362060640588057e-26 3.202342055743168658e-01 4.955951794912791384e-26 1.000000000000000000e+00 0.000000000000000000e+00 0.000000000000000000e+00 0.000000000000000000e+00 1.000000000000000000e+00 1.000000000000000000e+10 0.000000000000000000e+00 0.000000000000000000e+00 0.000000000000000000e+00 1.000000000000000000e+10
2.123858088093512342e-02 5.557643786353223550e+04 4.352777097792748100e+04 2.679137643940348062e+04 2.795373265272400043e-01 4.854182618703830667e+04 5.220422664063549601e-26 5.416777079567867521e-26 2.165480110316556595e-26 3.132899672529390611e-01 4.051883961452610280e-26 1.000000000000000000e+00 0.000000000000000000e+00 0.000000000000000000e+00 0.000000000000000000e+00 1.000000000000000000e+00 1.000000000000000000e+10 0.000000000000000000e+00 0.000000000000000000e+00 0.000000000000000000e+00 1.000000000000000000e+10
2.449422455303571639e-02 3.657529068593032571e+04 2.349991523523080104e+04 1.708363909725155099e+04 2.659547694478070490e-01 3.305237231265999435e+04 4.249893560810749914e-26 3.475342752601840024e-26 1.547757057780978620e-26 2.844654444795027826e-01 3.333158380537305677e-26 1.000000000000000000e+00 0.000000000000000000e+00 0.000000000000000000e+00 0.000000000000000000e+00 1.000000000000000000e+00 1.000000000000000000e+10 0.000000000000000000e+00 0.000000000000000000e+00 0.000000000000000000e+00 1.000000000000000000e+10
2.824892302447100725e-02 2.381427052503832601e+04 1.528458154884498435e+04 1.006837270562218146e+04 2.556013074951372643e-01 2.146437418965691541e+04 3.473441847001141319e-26 2.619824803133511482e-26 1.337135429514685700e-26 2.640926139977926024e-01 2.884669726070414460e-26 1.000000000000000000e+00 0.000000000000000000e+00 0.000000000000000000e+00 0.000000000000000000e+00 1.000000000000000000e+00 1.000000000000000000e+10 0.000000000000000000e+00 0.000000000000000000e+00 0.000000000000000000e+00 1.000000000000000000e+10
3.257917597328415654e-02 1.541879096344175377e+04 7.925463189906166008e+03 6.100912848000019949e+03 2.395036621712876568e-01 1.371232541597998170e+04 2.715728390337174547e-26 1.883308718246906038e-26 9.418861225877759848e-27 2.328312021877768367e-01 2.344842190535704432e-26 1.000000000000000000e+00 0.000000000000000000e+00 0.000000000000000000e+00 0.000000000000000000e+00 1.000000000000000000e+00 1.000000000000000000e+10 0.000000000000000000e+00 0.000000000000000000e+00 0.000000000000000000e+00 1.000000000000000000e+10
3.757320964692217186e-02 1.028686983356482961e+04 5.858581300218287652e+03 4.072750618548613602e+03 2.175705602011575035e-01 9.517348340851152898e+03 2.394944186469158903e-26 1.586219892525449329e-26 7.480912835823624773e-27 2.252867587295482588e-01 2.069966330513951750e-26 1.000000000000000000e+00 0.000000000000000000e+00 0.000000000000000000e+00 0.000000000000000000e+00 1.000000000000000000e+00 1.000000000000000000e+10 0.000000000000000000e+00 0.000000000000000000e+00 0.000000000000000000e+00 1.000000000000000000e+10
4.333277441790538143e-02 7.015600335539971638e+03 3.530991307024482921e+03 2.580844599959456900e+03 1.954967321809468472e-01 6.443562329641706128e+03 1.890787571262407550e-26 1.250257635493788702e-26 5.751361865087404435e-27 2.189661124400057446e-01 1.557733854004006668e-26 1.000000000000000000e+00 0.000000000000000000e+00 0.000000000000000000e+00 0.000000000000000000e+00 1.000000000000000000e+00 1.000000000000000000e+10 0.000000000000000000e+00 0.000000000000000000e+00 0.000000000000000000e+00 1.000000000000000000e+10
4.997521788524898756e-02 5.126703782590442643e+03 1.787199886766718009e+03 1.784969400340090488e+03 1.725155378464427458e-01 4.880409588174553392e+03 1.569269619794402730e-26 8.985752223981044022e-27 5.560977538172294785e-27 2.144914651063715705e-01 1.367316621226078822e-26 1.000000000000000000e+00 0.000000000000000000e+00 0.000000000000000000e+00 0.000000000000000000e+00 1.000000000000000000e+00 1.000000000000000000e+10 0.000000000000000000e+00 0.000000000000000000e+00 0.000000000000000000e+00 1.000000000000000000e+10
5.763587575980636674e-02 3.814336547978306044e+03 1.574391078534769804e+03 1.047245663191931271e+03 1.618013031267458435e-01 3.546886728548449355e+03 1.209276572179923019e-26 6.108713696782008636e-27 4.032734069097459493e-27 2.126195836458170396e-01 1.053506094516368461e-26 1.000000000000000000e+00 0.000000000000000000e+00 0.000000000000000000e+00 0.000000000000000000e+00 1.000000000000000000e+00 1.000000000000000000e+10 0.000000000000000000e+00 0.000000000000000000e+00 0.000000000000000000e+00 1.000000000000000000e+10
6.647082924635627776e-02 2.985194950892683664e+03 1.153601479932240181e+03 8.953312811857429097e+02 1.547841369065160178e-01 2.864651996055501968e+03 9.341651755215576155e-27 5.773110835627381073e-27 2.970919809676452642e-27 2.108315357239179955e-01 8.091573034864995371e-27 1.000000000000000000e+00 0.000000000000000000e+00 0.000000000000000000e+00 0.000000000000000000e+00 1.000000000000000000e+00 1.000000000000000000e+10 0.000000000000000000e+00 0.000000000000000000e+00 0.000000000000000000e+00 1.000000000000000000e+10
7.666008510240249207e-02 2.309670469208093891e+03 8.444810385329237761e+02 5.948018943671468151e+02 1.533059232512034853e-01 2.158707374384821833e+03 7.079372567420131334e-27 3.834558062532196049e-27 2.463023959999715454e-27 2.108965053626358221e-01 6.262847427114411723e-27 1.000000000000000000e+00 0.000000000000000000e+00 0.000000000000000000e+00 0.000000000000000000e+00 1.000000000000000000e+00 1.000000000000000000e+10 0.000000000000000000e+00 0.000000000000000000e+00 0.000000000000000000e+00 1.000000000000000000e+10
8.841124316543315376e-02 1.695225557020728729e+03 6.281429099825247704e+02 4.820749864667400288e+02 1.494360557454493810e-01 1.609718039703599288e+03 5.126569881785219588e-27 2.607127285002857236e-27 1.865035760351679745e-27 2.148401558703347536e-01 4.543338445859499456e-27 1.000000000000000000e+00 0.000000000000000000e+00 0.000000000000000000e+00 0.000000000000000000e+00 1.000000000000000000e+00 1.000000000000000000e+10 0.000000000000000000e+00 0.000000000000000000e+00 0.000000000000000000e+00 1.000000000000000000e+10
1.019637260722580097e-01 1.290463818251982957e+03 4.639462010117626960e+02 3.567219370006534973e+02 1.469199190028982749e-01 1.214429681562592350e+03 3.866773868469318238e-27 2.160582346284788622e-27 1.352484099891095874e-27 2.326511183342067912e-01 3.319031866751933142e-27 1.000000000000000000e+00 0.000000000000000000e+00 0.000000000000000000e+00 0.000000000000000000e+00 1.000000000000000000e+00 1.000000000000000000e+10 0.000000000000000000e+00 0.000000000000000000e+00 0.000000000000000000e+00 1.000000000000000000e+10
1.175936573483598035e-01 9.843530916874428840e+02 4.009309257219046003e+02 2.557613450985652435e+02 1.442608680055852688e-01 9.069180585980935803e+02 2.853797928438391764e-27 1.796860845572745871e-27 9.714456487337759348e-28 2.489730370785172286e-01 2.303669852060899524e-27 1.000000000000000000e+00 0.000000000000000000e+00 0.000000000000000000e+00 0.000000000000000000e+00 1.000000000000000000e+00 1.000000000000000000e+10 0.000000000000000000e+00 0.000000000000000000e+00 0.000000000000000000e+00 1.000000000000000000e+10
1.356194872553388164e-01 7.589805319180773040e+02 2.818779582123125920e+02 1.853610265196983278e+02 1.571873857946224085e-01 6.847139602920274228e+02 2.084463884948190834e-27 1.318806865756915437e-27 6.460560658105869858e-28 2.705963320206037914e-01 1.567898153187900522e-27 1.000000000000000000e+00 0.000000000000000000e+00 0.000000000000000000e+00 0.000000000000000000e+00 1.000000000000000000e+00 1.000000000000000000e+10 0.000000000000000000e+00 0.000000000000000000e+00 0.000000000000000000e+00 1.000000000000000000e+10
1.564084810196403053e-01 5.574986188925564647e+02 2.483891712889765699e+02 1.167640679306649076e+02 1.531930930871136243e-01 4.942034947916926626e+02 1.544965420561138757e-27 9.650730042637350047e-28 4.356533682440293061e-28 3.038059522638209553e-01 1.083582522950427822e-27 1.000000000000000000e+00 0.000000000000000000e+00 0.000000000000000000e+00 0.000000000000000000e+00 1.000000000000000000e+00 1.000000000000000000e+10 0.000000000000000000e+00 0.000000000000000000e+00 0.000000000000000000e+00 1.000000000000000000e+10
1.803842016362447453e-01 4.120062381377455836e+02 1.825978561344856530e+02 9.806143735412786100e+01 1.545808676816330107e-01 3.716663048661802691e+02 1.155677001753595797e-27 9.083449493905090243e-28 3.322220255860390870e-28 3.392950554318371892e-01 7.303292737703408644e-28 1.000000000000000000e+00 0.000000000000000000e+00 0.000000000000000000e+00 0.000000000000000000e+00 1.000000000000000000e+00 1.000000000000000000e+10 0.000000000000000000e+00 0.000000000000000000e+00 0.000000000000000000e+00 1.000000000000000000e+10
2.080351397048574025e-01 3.213313004723693211e+02 1.436469353753029736e+02 7.636354890247881144e+01 1.727769438778480049e-01 2.841859029643426311e+02 8.957732563864628386e-28 8.147827759261271213e-28 2.229445077852429120e-28 3.770612877294726162e-01 4.858617263088073836e-28 1.000000000000000000e+00 0.000000000000000000e+00 0.000000000000000000e+00 0.000000000000000000e+00 1.000000000000000000e+00 1.000000000000000000e+10 0.000000000000000000e+00 0.000000000000000000e+00 0.000000000000000000e+00 1.000000000000000000e+10
2.399246661262133540e-01 2.404858355079373382e+02 1.221405842973759661e+02 5.953604064220738223e+01 1.739818249340325251e-01 2.086068404809514334e+02 7.082989556781733058e-28 6.778007301417311699e-28 1.661973254855142017e-28 4.134649114375235635e-01 3.332080455790990424e-28 1.000000000000000000e+00 0.000000000000000000e+00 0.000000000000000000e+00 0.000000000000000000e+00 1.000000000000000000e+00 1.000000000000000000e+10 0.000000000000000000e+00 0.000000000000000000e+00 0.000000000000000000e+00 1.000000000000000000e+10
2.767025104385807399e-01 1.925757731046324750e+02 8.278514341931588660e+01 4.914478607399371413e+01 1.920996149738438963e-01 1.607751084395715395e+02 5.922277906440453752e-28 5.613235125585087524e-28 1.325906142788162559e-28 4.534731469109795077e-01 2.400292205666929633e-28 1.000000000000000000e+00 0.000000000000000000e+00 0.000000000000000000e+00 0.000000000000000000e+00 1.000000000000000000e+00 1.000000000000000000e+10 0.000000000000000000e+00 0.000000000000000000e+00 0.000000000000000000e+00 1.000000000000000000e+10
3.191179986585286343e-01 1.648968341387828218e+02 9.510248996798240739e+01 3.767860137137702736e+01 2.218049581353917221e-01 1.253998014446154770e+02 5.201150515224877337e-28 5.686686099351050608e-28 1.072732309175338142e-28 4.949794941631557865e-01 1.855616629147303792e-28 1.000000000000000000e+00 0.000000000000000000e+00 0.000000000000000000e+00 0.000000000000000000e+00 1.000000000000000000e+00 1.000000000000000000e+10 0.000000000000000000e+00 0.000000000000000000e+00 0.000000000000000000e+00 1.000000000000000000e+10
3.680353203388414540e-01 1.257692900653779020e+02 7.962801530889475998e+01 3.096437533324224489e+01 2.157440979811543202e-01 9.925935264519367252e+01 4.539030783644027590e-28 4.748558676958695633e-28 8.153273399901162552e-29 5.369401746372145512e-01 1.354567651364551502e-28 1.000000000000000000e+00 0.000000000000000000e+00 0.000000000000000000e+00 0.000000000000000000e+00 1.000000000000000000e+00 1.000000000000000000e+10 0.000000000000000000e+00 0.000000000000000000e+00 0.000000000000000000e+00 1.000000000000000000e+10
4.244511359005219142e-01 1.041092300171734450e+02 6.714462148440716760e+01 2.720440839939659128e+01 2.294288298169411822e-01 8.049300132727040591e+01 4.229220386299663142e-28 4.666163310612272831e-28 7.768615968639401096e-29 5.831282933955828085e-01 1.133397019637000397e-28 1.000000000000000000e+00 0.000000000000000000e+00 0.000000000000000000e+00 0.000000000000000000e+00 1.000000000000000000e+00 1.000000000000000000e+10 0.000000000000000000e+00 0.000000000000000000e+00 0.000000000000000000e+00 1.000000000000000000e+10
4.895148829774688681e-01 8.886721874387495745e+01 6.092489914734655088e+01 2.212555270646829797e+01 2.538429573653536719e-01 6.427519363760454496e+01 4.093600619219970372e-28 3.901555460863391924e-28 6.493639865132629252e-29 6.386565594219161257e-01 8.866828019624570075e-29 1.000000000000000000e+00 0.000000000000000000e+00 0.000000000000000000e+00 0.000000000000000000e+00 1.000000000000000000e+00 1.000000000000000000e+10 0.000000000000000000e+00 0.000000000000000000e+00 0.000000000000000000e+00 1.000000000000000000e+10
5.645521955031491679e-01 8.083705722961282447e+01 5.500128373518123936e+01 2.215844546301740792e+01 2.828540496585422725e-01 5.542604012304855843e+01 4.210422850693600943e-28 4.438375861184566459e-28 5.826435514119642715e-29 6.935870137146936676e-01 7.635269938673535401e-29 1.000000000000000000e+00 0.000000000000000000e+00 0.000000000000000000e+00 0.000000000000000000e+00 1.000000000000000000e+00 1.000000000000000000e+10 0.000000000000000000e+00 0.000000000000000000e+00 0.000000000000000000e+00 1.000000000000000000e+10
6.510919126887823039e-01 6.463435772756307074e+01 5.030829642586718364e+01 1.737025200855074303e+01 2.823385711048027047e-01 4.515956373273607483e+01 4.036137302078722766e-28 3.718096384771513590e-28 5.222416800556258918e-29 7.489948206476776393e-01 6.653034393873800449e-29 1.000000000000000000e+00 0.000000000000000000e+00 0.000000000000000000e+00 0.000000000000000000e+00 1.000000000000000000e+00 1.000000000000000000e+10 0.000000000000000000e+00 0.000000000000000000e+00 0.000000000000000000e+00 1.000000000000000000e+10
7.508972281844089602e-01 5.860831845101295556e+01 5.017363793365382918e+01 1.479572409589318838e+01 2.975077075159176521e-01 3.861304905503961749e+01 4.344020568181672391e-28 4.160556545221616429e-28 5.169014614068150308e-29 8.059229241463997662e-01 6.350286398832011402e-29 1.000000000000000000e+00 0.000000000000000000e+00 0.000000000000000000e+00 0.000000000000000000e+00 1.000000000000000000e+00 1.000000000000000000e+10 0.000000000000000000e+00 0.000000000000000000e+00 0.000000000000000000e+00 1.000000000000000000e+10
8.660016140678794550e-01 5.609117788733323806e+01 5.773860006099272368e+01 1.300262248925879049e+01 3.281801216343731564e-01 3.382077696962892333e+01 4.230530177034597173e-28 5.148492675700706001e-28 3.741503527621031189e-29 8.598982155268279914e-01 4.697826715750761789e-29 1.000000000000000000e+00 0.000000000000000000e+00 0.000000000000000000e+00 0.000000000000000000e+00 1.000000000000000000e+00 1.000000000000000000e+10 0.000000000000000000e+00 0.000000000000000000e+00 0.000000000000000000e+00 1.000000000000000000e+10
9.987502515910116063e-01 5.007338648661074387e+01 5.138035001810838764e+01 1.320598779395008648e+01 3.296547680302326921e-01 3.059841212081076378e+01 4.124562143520405595e-28 4.389597666258338005e-28 4.000418478825881224e-29 8.873812142352762722e-01 4.741210046522440283e-29 1.000000000000000000e+00 0.000000000000000000e+00 0.000000000000000000e+00 0.000000000000000000e+00 1.000000000000000000e+00 1.000000000000000000e+10 0.000000000000000000e+00 0.000000000000000000e+00 0.000000000000000000e+00 1.000000000000000000e+10
1.151847812808953542e+00 4.411246673241191019e+01 4.477362727292442912e+01 1.381388452406141099e+01 3.178693497809707003e-01 3.016591723914833167e+01 4.271264797311780310e-28 4.912724509606640576e-28 4.275461358289124077e-29 8.884020878876498495e-01 4.958265303875017943e-29 1.000000000000000000e+00 0.000000000000000000e+00 0.000000000000000000e+00 0.000000000000000000e+00 1.000000000000000000e+00 1.000000000000000000e+10 0.000000000000000000e+00 0.000000000000000000e+00 0.000000000000000000e+00 1.000000000000000000e+10
1.328413566614123908e+00 4.042771703066582489e+01 3.021005981093452064e+01 1.387681225036305754e+01 3.048921732426906339e-01 2.961600914712796495e+01 4.853887417226455278e-28 3.895484437080725656e-28 3.566064859203724868e-29 8.659279281039811149e-01 4.289213982223334930e-29 1.000000000000000000e+00 0.000000000000000000e+00 0.000000000000000000e+00 0.000000000000000000e+00 1.000000000000000000e+00 1.000000000000000000e+10 0.000000000000000000e+00 0.000000000000000000e+00 0.000000000000000000e+00 1.000000000000000000e+10
1.532044931926391351e+00 3.900054902162854376e+01 3.314725815784613872e+01 1.280196410803132601e+01 3.060347543871265175e-01 2.750792629752474383e+01 6.897925555130034497e-28 4.748528497428425750e-28 3.626095288450152352e-29 8.740045693051696762e-01 4.306333405054512557e-29 1.000000000000000000e+00 0.000000000000000000e+00 0.000000000000000000e+00 0.000000000000000000e+00 1.000000000000000000e+00 1.000000000000000000e+10 0.000000000000000000e+00 0.000000000000000000e+00 0.000000000000000000e+00 1.000000000000000000e+10
1.766890772896739126e+00 3.677227441767337979e+01 2.985986603225127212e+01 1.148593841043738806e+01 2.980967079047184831e-01 2.559866657522328026e+01 1.077665391810100973e-27 3.997779312288742011e-28 3.979836984649412315e-29 8.775006036741255233e-01 4.672824598773772830e-29 1.000000000000000000e+00 0.000000000000000000e+00 0.000000000000000000e+00 0.000000000000000000e+00 1.000000000000000000e+00 1.000000000000000000e+10 0.000000000000000000e+00 0.000000000000000000e+00 0.000000000000000000e+00 1.000000000000000000e+10
2.037735929469222107e+00 3.594271473371796333e+01 2.510517598623242819e+01 1.125469521984038046e+01 2.977397462909838755e-01 2.484016949912438221e+01 1.368715015010976322e-27 2.827609555622809593e-28 5.706134236622221108e-29 8.638767487542793333e-01 6.470406955164014709e-29 1.000000000000000000e+00 0.000000000000000000e+00 0.000000000000000000e+00 0.000000000000000000e+00 1.000000000000000000e+00 1.000000000000000000e+10 0.000000000000000000e+00 0.000000000000000000e+00 0.000000000000000000e+00 1.000000000000000000e+10
2.350098705559579226e+00 3.167752274943132562e+01 2.223590980052847144e+01 1.094694427161416428e+01 2.811672478767600625e-01 2.420036436396419433e+01 9.145755943365440637e-28 2.828477435983759381e-28 5.133522877489719703e-29 8.547879975675255482e-01 5.894913718041589247e-29 1.000000000000000000e+00 0.000000000000000000e+00 0.000000000000000000e+00 0.000000000000000000e+00 1.000000000000000000e+00 1.000000000000000000e+10 0.000000000000000000e+00 0.000000000000000000e+00 0.000000000000000000e+00 1.000000000000000000e+10
