# R (Mpc), mean rho (Msol/kpc^3), errup (Msol/kpc^3), errlow, std, median rho (Msol/kpc^3), mean pth (Msol/kpc/s^2), errup(Msol/kpc/s^2), errlow, std, median pth (Msol/kpc/s^2), mean gas-mass-weighted metal (fraction), errup, errlow, std, median metal, mean gas-mass-weighted temp (K), errup, errlow, std, median temp  
#  nprofs 195, mean mh 211852427597.532410, median mh 202888050514.190491 
#  Mass range 11.00 - 11.5
1.040961082911032697e-02 2.185767786723796453e+05 1.406267970380415209e+05 9.963811334258304851e+04 2.558487717916403947e-01 2.035245069645747426e+05 1.128515708254395179e-25 1.797230245509233091e-25 1.664113507740288153e-26 4.991857114318564714e-01 3.629439385626751300e-26 1.000000000000000000e+00 0.000000000000000000e+00 0.000000000000000000e+00 0.000000000000000000e+00 1.000000000000000000e+00 1.000000000000000000e+10 0.000000000000000000e+00 0.000000000000000000e+00 0.000000000000000000e+00 1.000000000000000000e+10
1.200529105910367808e-02 1.724723446481789288e+05 1.017268113560480124e+05 6.991312520359338669e+04 2.376014592587207819e-01 1.572614972665011301e+05 9.947166884205226973e-26 1.553844078405108743e-25 1.922162562704690693e-26 4.549998892320135657e-01 3.949147277121720077e-26 1.000000000000000000e+00 0.000000000000000000e+00 0.000000000000000000e+00 0.000000000000000000e+00 1.000000000000000000e+00 1.000000000000000000e+10 0.000000000000000000e+00 0.000000000000000000e+00 0.000000000000000000e+00 1.000000000000000000e+10
1.384557172980430476e-02 1.353960117462868220e+05 8.255343609516206197e+04 6.890194400455092546e+04 2.784281246613753980e-01 1.273455886239304382e+05 9.625893301242218402e-26 1.337477766779461544e-25 3.025292669183655972e-26 4.481184133339395914e-01 4.933553430369621677e-26 1.000000000000000000e+00 0.000000000000000000e+00 0.000000000000000000e+00 0.000000000000000000e+00 1.000000000000000000e+00 1.000000000000000000e+10 0.000000000000000000e+00 0.000000000000000000e+00 0.000000000000000000e+00 1.000000000000000000e+10
1.596794743096121086e-02 9.865511118407559115e+04 6.890069273075244564e+04 5.114719120765035768e+04 3.003291938977689646e-01 9.186570830005085736e+04 7.673031602780735016e-26 8.893220628793632878e-26 2.691854155538737253e-26 4.078752282433182330e-01 4.634686409069937706e-26 1.000000000000000000e+00 0.000000000000000000e+00 0.000000000000000000e+00 0.000000000000000000e+00 1.000000000000000000e+00 1.000000000000000000e+10 0.000000000000000000e+00 0.000000000000000000e+00 0.000000000000000000e+00 1.000000000000000000e+10
1.841566026551830909e-02 6.945376585793470440e+04 4.892502365673369059e+04 3.339555700572927890e+04 2.858250215819765905e-01 6.021604662267778622e+04 5.981651931951330636e-26 5.299569795590335395e-26 2.507829016480572942e-26 3.323770571101208327e-01 4.529571050816537076e-26 1.000000000000000000e+00 0.000000000000000000e+00 0.000000000000000000e+00 0.000000000000000000e+00 1.000000000000000000e+00 1.000000000000000000e+10 0.000000000000000000e+00 0.000000000000000000e+00 0.000000000000000000e+00 1.000000000000000000e+10
2.123858088093512342e-02 4.874294029610598227e+04 4.021562767346407782e+04 2.088612530455969681e+04 2.825729892215338435e-01 4.038037824087347690e+04 5.551872789925294003e-26 4.717528986002092913e-26 2.502861111071220481e-26 3.341068476596657510e-01 4.305636094221901663e-26 1.000000000000000000e+00 0.000000000000000000e+00 0.000000000000000000e+00 0.000000000000000000e+00 1.000000000000000000e+00 1.000000000000000000e+10 0.000000000000000000e+00 0.000000000000000000e+00 0.000000000000000000e+00 1.000000000000000000e+10
2.449422455303571639e-02 3.226415820690111650e+04 2.519572235184442980e+04 1.361559042057242914e+04 2.662575916108030905e-01 2.777741815840610070e+04 4.264992448631109081e-26 3.305955940657401850e-26 1.573894403663464197e-26 2.911477709629205490e-01 3.421140143003003727e-26 1.000000000000000000e+00 0.000000000000000000e+00 0.000000000000000000e+00 0.000000000000000000e+00 1.000000000000000000e+00 1.000000000000000000e+10 0.000000000000000000e+00 0.000000000000000000e+00 0.000000000000000000e+00 1.000000000000000000e+10
2.824892302447100725e-02 2.073513435333870075e+04 1.500731618314087973e+04 7.740620322351744107e+03 2.648849846426648558e-01 1.730412395326503247e+04 3.359275422867399282e-26 2.315602791086270694e-26 1.316743499796480506e-26 2.672508409165668120e-01 2.774815057581471862e-26 1.000000000000000000e+00 0.000000000000000000e+00 0.000000000000000000e+00 0.000000000000000000e+00 1.000000000000000000e+00 1.000000000000000000e+10 0.000000000000000000e+00 0.000000000000000000e+00 0.000000000000000000e+00 1.000000000000000000e+10
3.257917597328415654e-02 1.462149164408517026e+04 1.061636258609271863e+04 4.840931683186654482e+03 2.483333281737093723e-01 1.184317593185999249e+04 2.906253667125883178e-26 1.621088414965820362e-26 1.152110479985610296e-26 2.480978617516282347e-01 2.574276168240492745e-26 1.000000000000000000e+00 0.000000000000000000e+00 0.000000000000000000e+00 0.000000000000000000e+00 1.000000000000000000e+00 1.000000000000000000e+10 0.000000000000000000e+00 0.000000000000000000e+00 0.000000000000000000e+00 1.000000000000000000e+10
3.757320964692217186e-02 9.474447391596833768e+03 6.341208451011969373e+03 3.469855726812882494e+03 2.293498057530695411e-01 8.196017233847691386e+03 2.307473204018673983e-26 1.290553932286711911e-26 7.393991345682158091e-27 2.359244646607070173e-01 1.908632511041333042e-26 1.000000000000000000e+00 0.000000000000000000e+00 0.000000000000000000e+00 0.000000000000000000e+00 1.000000000000000000e+00 1.000000000000000000e+10 0.000000000000000000e+00 0.000000000000000000e+00 0.000000000000000000e+00 1.000000000000000000e+10
4.333277441790538143e-02 6.425186958990480889e+03 4.089125192834546397e+03 1.971054238718235865e+03 2.142864157808534731e-01 5.494304629902324450e+03 1.831106290338044184e-26 8.241349005702862320e-27 8.242929610887897415e-27 2.174236832185720558e-01 1.737094847151521186e-26 1.000000000000000000e+00 0.000000000000000000e+00 0.000000000000000000e+00 0.000000000000000000e+00 1.000000000000000000e+00 1.000000000000000000e+10 0.000000000000000000e+00 0.000000000000000000e+00 0.000000000000000000e+00 1.000000000000000000e+10
4.997521788524898756e-02 4.592448849271691870e+03 2.371051282467819874e+03 1.350785748023813085e+03 1.861948447159240128e-01 4.104733759138621281e+03 1.471322230271160788e-26 8.398814261468612059e-27 5.373024776109174606e-27 2.124881779721042863e-01 1.316378840842584965e-26 1.000000000000000000e+00 0.000000000000000000e+00 0.000000000000000000e+00 0.000000000000000000e+00 1.000000000000000000e+00 1.000000000000000000e+10 0.000000000000000000e+00 0.000000000000000000e+00 0.000000000000000000e+00 1.000000000000000000e+10
5.763587575980636674e-02 3.544749946752533106e+03 1.916798281599793427e+03 9.374387245918660483e+02 1.782506597278499805e-01 3.194160840631464907e+03 1.212347667623595520e-26 6.832144014771094659e-27 4.481137422759974121e-27 2.214083400517220801e-01 1.084299573315328167e-26 1.000000000000000000e+00 0.000000000000000000e+00 0.000000000000000000e+00 0.000000000000000000e+00 1.000000000000000000e+00 1.000000000000000000e+10 0.000000000000000000e+00 0.000000000000000000e+00 0.000000000000000000e+00 1.000000000000000000e+10
6.647082924635627776e-02 2.699249998885486093e+03 1.175258789646337846e+03 7.060529935000383830e+02 1.523680271901687311e-01 2.496436937957685586e+03 9.397672657556792440e-27 6.078233390874557837e-27 2.521859710278150629e-27 2.136320380589362411e-01 7.904727096830603807e-27 1.000000000000000000e+00 0.000000000000000000e+00 0.000000000000000000e+00 0.000000000000000000e+00 1.000000000000000000e+00 1.000000000000000000e+10 0.000000000000000000e+00 0.000000000000000000e+00 0.000000000000000000e+00 1.000000000000000000e+10
7.666008510240249207e-02 2.192918569952913003e+03 9.005086315073306196e+02 6.208370301421864497e+02 1.586177222952833699e-01 2.039117666779062574e+03 7.464183973523920591e-27 4.135389482322006603e-27 2.630685665065901593e-27 2.219756616843015784e-01 6.541383125933737362e-27 1.000000000000000000e+00 0.000000000000000000e+00 0.000000000000000000e+00 0.000000000000000000e+00 1.000000000000000000e+00 1.000000000000000000e+10 0.000000000000000000e+00 0.000000000000000000e+00 0.000000000000000000e+00 1.000000000000000000e+10
8.841124316543315376e-02 1.686835360798829015e+03 7.341406475371090892e+02 4.740331998342960560e+02 1.640992787528770258e-01 1.553846244167723853e+03 5.588923152602308301e-27 3.294050116453116957e-27 1.929481930625556320e-27 2.328806693320800425e-01 4.720531468913171911e-27 1.000000000000000000e+00 0.000000000000000000e+00 0.000000000000000000e+00 0.000000000000000000e+00 1.000000000000000000e+00 1.000000000000000000e+10 0.000000000000000000e+00 0.000000000000000000e+00 0.000000000000000000e+00 1.000000000000000000e+10
1.019637260722580097e-01 1.307372484051979882e+03 5.069765294292851650e+02 3.324859915588950798e+02 1.532188547291468694e-01 1.202171394086422424e+03 4.260729327131069731e-27 2.976616339599918803e-27 1.511209494269990595e-27 2.471225130834012462e-01 3.520869618034343190e-27 1.000000000000000000e+00 0.000000000000000000e+00 0.000000000000000000e+00 0.000000000000000000e+00 1.000000000000000000e+00 1.000000000000000000e+10 0.000000000000000000e+00 0.000000000000000000e+00 0.000000000000000000e+00 1.000000000000000000e+10
1.175936573483598035e-01 1.026402806318446437e+03 4.160588488267476350e+02 2.573456601138110500e+02 1.546235688402405606e-01 9.326315113780219690e+02 3.252150353112184003e-27 2.157201335607326957e-27 1.110899694814318147e-27 2.619393815860057151e-01 2.569700802629370201e-27 1.000000000000000000e+00 0.000000000000000000e+00 0.000000000000000000e+00 0.000000000000000000e+00 1.000000000000000000e+00 1.000000000000000000e+10 0.000000000000000000e+00 0.000000000000000000e+00 0.000000000000000000e+00 1.000000000000000000e+10
1.356194872553388164e-01 7.785544585859527160e+02 3.206275494250011207e+02 1.848379495318258705e+02 1.533391247296192195e-01 7.016612792925392341e+02 2.356044740298831522e-27 1.715428266311910805e-27 7.731072007784842020e-28 2.783496529175690792e-01 1.779646398340907605e-27 1.000000000000000000e+00 0.000000000000000000e+00 0.000000000000000000e+00 0.000000000000000000e+00 1.000000000000000000e+00 1.000000000000000000e+10 0.000000000000000000e+00 0.000000000000000000e+00 0.000000000000000000e+00 1.000000000000000000e+10
1.564084810196403053e-01 5.964413138565271311e+02 2.716730429873293815e+02 1.514101788790573551e+02 1.519753010817675720e-01 5.399075982676288277e+02 1.783717520940521452e-27 1.232524822369686707e-27 5.755897681748857561e-28 3.063340070047659847e-01 1.246663412219564859e-27 1.000000000000000000e+00 0.000000000000000000e+00 0.000000000000000000e+00 0.000000000000000000e+00 1.000000000000000000e+00 1.000000000000000000e+10 0.000000000000000000e+00 0.000000000000000000e+00 0.000000000000000000e+00 1.000000000000000000e+10
1.803842016362447453e-01 4.523395973488585469e+02 2.188378174597103225e+02 1.123647350829531888e+02 1.578615022568543025e-01 4.081695492708861366e+02 1.337401458534548287e-27 1.009269263641415933e-27 4.251093200600746650e-28 3.327242184502293698e-01 8.691720299695592803e-28 1.000000000000000000e+00 0.000000000000000000e+00 0.000000000000000000e+00 0.000000000000000000e+00 1.000000000000000000e+00 1.000000000000000000e+10 0.000000000000000000e+00 0.000000000000000000e+00 0.000000000000000000e+00 1.000000000000000000e+10
2.080351397048574025e-01 3.482021761239861348e+02 1.357207055020457460e+02 9.523014386873362014e+01 1.687703938251591540e-01 3.126789361524833453e+02 1.045276702493999411e-27 7.438520113621515631e-28 3.124796752859707309e-28 3.720841315230540847e-01 5.972431284327445359e-28 1.000000000000000000e+00 0.000000000000000000e+00 0.000000000000000000e+00 0.000000000000000000e+00 1.000000000000000000e+00 1.000000000000000000e+10 0.000000000000000000e+00 0.000000000000000000e+00 0.000000000000000000e+00 1.000000000000000000e+10
2.399246661262133540e-01 2.766978303044295444e+02 1.271875881769984176e+02 8.589924790060004511e+01 1.898041018267659086e-01 2.422254530465230573e+02 8.518526187892447883e-28 6.181523150017854429e-28 2.404971849162154903e-28 4.172135712345778624e-01 4.346757591019088681e-28 1.000000000000000000e+00 0.000000000000000000e+00 0.000000000000000000e+00 0.000000000000000000e+00 1.000000000000000000e+00 1.000000000000000000e+10 0.000000000000000000e+00 0.000000000000000000e+00 0.000000000000000000e+00 1.000000000000000000e+10
2.767025104385807399e-01 2.181970307393694384e+02 1.030578401391427690e+02 5.933851544653919063e+01 2.010295862271487821e-01 1.816111742703124889e+02 7.297657118774432188e-28 6.739032614722768034e-28 1.577825246647275711e-28 4.611189313095145903e-01 2.924317167197262716e-28 1.000000000000000000e+00 0.000000000000000000e+00 0.000000000000000000e+00 0.000000000000000000e+00 1.000000000000000000e+00 1.000000000000000000e+10 0.000000000000000000e+00 0.000000000000000000e+00 0.000000000000000000e+00 1.000000000000000000e+10
3.191179986585286343e-01 1.746221807058248316e+02 1.031870500752903865e+02 4.515366014351540969e+01 2.172816373351001695e-01 1.391619732487391445e+02 6.533740203226558844e-28 7.029924983616103066e-28 1.302060707172544524e-28 5.102465856441256165e-01 2.194853582038027907e-28 1.000000000000000000e+00 0.000000000000000000e+00 0.000000000000000000e+00 0.000000000000000000e+00 1.000000000000000000e+00 1.000000000000000000e+10 0.000000000000000000e+00 0.000000000000000000e+00 0.000000000000000000e+00 1.000000000000000000e+10
3.680353203388414540e-01 1.453085418822300028e+02 8.333970947921530126e+01 3.631214582570869709e+01 2.415773375216005436e-01 1.094169528921514001e+02 6.179884789363102525e-28 5.438499638121161328e-28 9.319482742525248989e-29 5.601601581723717471e-01 1.565848621459655381e-28 1.000000000000000000e+00 0.000000000000000000e+00 0.000000000000000000e+00 0.000000000000000000e+00 1.000000000000000000e+00 1.000000000000000000e+10 0.000000000000000000e+00 0.000000000000000000e+00 0.000000000000000000e+00 1.000000000000000000e+10
4.244511359005219142e-01 1.272355653085182325e+02 8.142802226620690931e+01 2.896438165175796087e+01 2.695641649319561184e-01 8.518399461291491548e+01 6.308600611462984284e-28 5.553080767118260621e-28 7.482510593647338202e-29 6.208457275003776976e-01 1.194359458146637142e-28 1.000000000000000000e+00 0.000000000000000000e+00 0.000000000000000000e+00 0.000000000000000000e+00 1.000000000000000000e+00 1.000000000000000000e+10 0.000000000000000000e+00 0.000000000000000000e+00 0.000000000000000000e+00 1.000000000000000000e+10
4.895148829774688681e-01 1.070294458768399579e+02 7.148029445302161378e+01 2.570920535392996698e+01 2.903435748847147391e-01 6.950833698633148572e+01 6.121051085730396615e-28 4.860627859279711159e-28 5.757036444291378708e-29 6.766537036507228597e-01 8.736001118619128157e-29 1.000000000000000000e+00 0.000000000000000000e+00 0.000000000000000000e+00 0.000000000000000000e+00 1.000000000000000000e+00 1.000000000000000000e+10 0.000000000000000000e+00 0.000000000000000000e+00 0.000000000000000000e+00 1.000000000000000000e+10
5.645521955031491679e-01 9.110327904138873123e+01 6.535751227370673178e+01 2.169382910478639559e+01 3.085363729485355866e-01 5.562904852999629668e+01 5.706835532974960499e-28 4.294950142499773521e-28 5.355722132940204355e-29 7.264459572888486427e-01 7.656181387801199610e-29 1.000000000000000000e+00 0.000000000000000000e+00 0.000000000000000000e+00 0.000000000000000000e+00 1.000000000000000000e+00 1.000000000000000000e+10 0.000000000000000000e+00 0.000000000000000000e+00 0.000000000000000000e+00 1.000000000000000000e+10
6.510919126887823039e-01 7.340749835975836390e+01 5.779321284393397917e+01 1.865537549078416646e+01 3.111263297031527930e-01 4.623595151830530625e+01 5.246913511657666637e-28 4.024267556869659478e-28 4.508086023447438531e-29 7.768042939409257608e-01 6.039676900699323333e-29 1.000000000000000000e+00 0.000000000000000000e+00 0.000000000000000000e+00 0.000000000000000000e+00 1.000000000000000000e+00 1.000000000000000000e+10 0.000000000000000000e+00 0.000000000000000000e+00 0.000000000000000000e+00 1.000000000000000000e+10
7.508972281844089602e-01 6.372887190592958007e+01 5.324306721925373154e+01 1.660441474074657009e+01 3.138359776733020690e-01 4.094921989120703643e+01 5.006586116996189965e-28 4.214637643898512011e-28 4.257882532197614480e-29 8.196617504939230914e-01 5.493190003434454346e-29 1.000000000000000000e+00 0.000000000000000000e+00 0.000000000000000000e+00 0.000000000000000000e+00 1.000000000000000000e+00 1.000000000000000000e+10 0.000000000000000000e+00 0.000000000000000000e+00 0.000000000000000000e+00 1.000000000000000000e+10
8.660016140678794550e-01 5.841079757281885065e+01 6.005954595379900240e+01 1.598338162880766333e+01 3.326287145569764570e-01 3.684569806707924045e+01 4.745126479344764633e-28 5.574347413644338535e-28 4.204396022774286808e-29 8.711765945064213756e-01 5.110684919649691668e-29 1.000000000000000000e+00 0.000000000000000000e+00 0.000000000000000000e+00 0.000000000000000000e+00 1.000000000000000000e+00 1.000000000000000000e+10 0.000000000000000000e+00 0.000000000000000000e+00 0.000000000000000000e+00 1.000000000000000000e+10
9.987502515910116063e-01 5.246135153964705466e+01 5.602702761569266698e+01 1.697623110568781968e+01 3.338218486404233576e-01 3.428647690769779643e+01 4.501647149986586823e-28 5.178487748275032982e-28 3.795306248429096673e-29 9.008972680855441562e-01 4.538761884864801589e-29 1.000000000000000000e+00 0.000000000000000000e+00 0.000000000000000000e+00 0.000000000000000000e+00 1.000000000000000000e+00 1.000000000000000000e+10 0.000000000000000000e+00 0.000000000000000000e+00 0.000000000000000000e+00 1.000000000000000000e+10
1.151847812808953542e+00 4.708019746878676415e+01 5.137109744817389156e+01 1.510882405605388712e+01 3.264068603453116890e-01 3.174578067802581671e+01 4.193129796399699140e-28 4.593023451198695475e-28 3.023222040225180569e-29 8.900992168729018328e-01 3.709950025503400654e-29 1.000000000000000000e+00 0.000000000000000000e+00 0.000000000000000000e+00 0.000000000000000000e+00 1.000000000000000000e+00 1.000000000000000000e+10 0.000000000000000000e+00 0.000000000000000000e+00 0.000000000000000000e+00 1.000000000000000000e+10
1.328413566614123908e+00 4.183982901539926047e+01 3.197877184172698506e+01 1.510221773979253435e+01 3.064363500223086789e-01 3.088615632134239419e+01 4.704660981275953952e-28 4.420967674237872894e-28 3.657412725970807138e-29 8.596697754511383183e-01 4.394351195609690678e-29 1.000000000000000000e+00 0.000000000000000000e+00 0.000000000000000000e+00 0.000000000000000000e+00 1.000000000000000000e+00 1.000000000000000000e+10 0.000000000000000000e+00 0.000000000000000000e+00 0.000000000000000000e+00 1.000000000000000000e+10
1.532044931926391351e+00 4.007866226399321619e+01 3.381701493239377498e+01 1.398615446287951158e+01 3.052308125008416639e-01 2.950196570930767237e+01 6.678899103345430797e-28 4.220312288917542953e-28 3.593411121066476184e-29 8.726265054753393757e-01 4.274456425770380191e-29 1.000000000000000000e+00 0.000000000000000000e+00 0.000000000000000000e+00 0.000000000000000000e+00 1.000000000000000000e+00 1.000000000000000000e+10 0.000000000000000000e+00 0.000000000000000000e+00 0.000000000000000000e+00 1.000000000000000000e+10
1.766890772896739126e+00 3.839202518204175618e+01 2.684638334885798372e+01 1.291091933454512208e+01 2.996084938119575325e-01 2.719809891678156788e+01 1.095428229971773539e-27 3.342431067993600540e-28 3.967795721051367028e-29 8.719773962486446761e-01 4.682251709695611643e-29 1.000000000000000000e+00 0.000000000000000000e+00 0.000000000000000000e+00 0.000000000000000000e+00 1.000000000000000000e+00 1.000000000000000000e+10 0.000000000000000000e+00 0.000000000000000000e+00 0.000000000000000000e+00 1.000000000000000000e+10
2.037735929469222107e+00 3.774761764516574658e+01 2.608338007694404581e+01 1.330665679648034683e+01 3.017145183323934887e-01 2.726058306191392688e+01 1.479222146344144356e-27 3.040015008630207914e-28 5.689425958891151128e-29 8.703293024327563021e-01 6.342735990432905779e-29 1.000000000000000000e+00 0.000000000000000000e+00 0.000000000000000000e+00 0.000000000000000000e+00 1.000000000000000000e+00 1.000000000000000000e+10 0.000000000000000000e+00 0.000000000000000000e+00 0.000000000000000000e+00 1.000000000000000000e+10
2.350098705559579226e+00 3.337327617283472847e+01 2.329000525365925256e+01 1.233213481609384488e+01 2.875838651919004896e-01 2.539808072696313701e+01 9.513745688860668107e-28 2.522994647049473035e-28 5.241687277940442501e-29 8.816572333623169389e-01 5.918378449237616882e-29 1.000000000000000000e+00 0.000000000000000000e+00 0.000000000000000000e+00 0.000000000000000000e+00 1.000000000000000000e+00 1.000000000000000000e+10 0.000000000000000000e+00 0.000000000000000000e+00 0.000000000000000000e+00 1.000000000000000000e+10
