# R (Mpc), mean rho (Msol/kpc^3), errup (Msol/kpc^3), errlow, std, median rho (Msol/kpc^3), mean pth (Msol/kpc/s^2), errup(Msol/kpc/s^2), errlow, std, median pth (Msol/kpc/s^2), mean gas-mass-weighted metal (fraction), errup, errlow, std, median metal, mean gas-mass-weighted temp (K), errup, errlow, std, median temp  
#  nprofs 190, mean mh 210921579130.944397, median mh 199660308455.909302 
#  Mass range 11.00 - 11.5
1.040961082911032697e-02 2.298983113183331734e+05 1.268605169312389917e+05 8.831983601506140258e+04 2.363847500659827794e-01 2.065604535162303946e+05 1.042741560344998717e-25 1.355104009871714805e-25 1.594865206795222127e-26 4.803639453517576374e-01 3.444679012514913754e-26 1.000000000000000000e+00 0.000000000000000000e+00 0.000000000000000000e+00 0.000000000000000000e+00 1.000000000000000000e+00 1.000000000000000000e+10 0.000000000000000000e+00 0.000000000000000000e+00 0.000000000000000000e+00 1.000000000000000000e+10
1.200529105910367808e-02 1.705692337882019056e+05 9.060960690559062641e+04 6.617045262727900990e+04 2.515508247912922601e-01 1.569716449073572585e+05 7.909722246808145928e-26 8.610935321853446740e-26 2.271401920572623439e-26 4.164770071620244596e-01 4.037502035045673615e-26 1.000000000000000000e+00 0.000000000000000000e+00 0.000000000000000000e+00 0.000000000000000000e+00 1.000000000000000000e+00 1.000000000000000000e+10 0.000000000000000000e+00 0.000000000000000000e+00 0.000000000000000000e+00 1.000000000000000000e+10
1.384557172980430476e-02 1.322653389309224731e+05 8.059948880657026893e+04 5.349396458257069753e+04 2.650633404935189286e-01 1.220010424088232976e+05 8.789972379792636221e-26 1.289612123440143601e-25 2.831657542493862603e-26 4.357757097273575742e-01 4.685140938394798434e-26 1.000000000000000000e+00 0.000000000000000000e+00 0.000000000000000000e+00 0.000000000000000000e+00 1.000000000000000000e+00 1.000000000000000000e+10 0.000000000000000000e+00 0.000000000000000000e+00 0.000000000000000000e+00 1.000000000000000000e+10
1.596794743096121086e-02 1.022552104305872490e+05 7.069937379811839492e+04 4.247999589426667080e+04 2.382736732252748180e-01 9.030414328119570564e+04 7.166460112588080521e-26 8.465652875183655084e-26 2.643109500158794942e-26 3.898380611162700071e-01 4.530142052935101787e-26 1.000000000000000000e+00 0.000000000000000000e+00 0.000000000000000000e+00 0.000000000000000000e+00 1.000000000000000000e+00 1.000000000000000000e+10 0.000000000000000000e+00 0.000000000000000000e+00 0.000000000000000000e+00 1.000000000000000000e+10
1.841566026551830909e-02 7.108482914319001429e+04 4.748218302211471018e+04 3.470135728692081466e+04 2.926827452955871878e-01 6.396185093213092478e+04 6.331593101326131558e-26 6.864093637539392053e-26 2.599091623046407843e-26 3.636623254599588018e-01 4.580538138448345194e-26 1.000000000000000000e+00 0.000000000000000000e+00 0.000000000000000000e+00 0.000000000000000000e+00 1.000000000000000000e+00 1.000000000000000000e+10 0.000000000000000000e+00 0.000000000000000000e+00 0.000000000000000000e+00 1.000000000000000000e+10
2.123858088093512342e-02 4.826818714138583891e+04 3.026424759734336112e+04 2.046545394791728177e+04 2.813217297071842760e-01 4.239394266905578843e+04 5.255662293906431277e-26 4.490519792451127537e-26 2.278362184239685473e-26 3.279684619642328491e-01 4.104098270965782642e-26 1.000000000000000000e+00 0.000000000000000000e+00 0.000000000000000000e+00 0.000000000000000000e+00 1.000000000000000000e+00 1.000000000000000000e+10 0.000000000000000000e+00 0.000000000000000000e+00 0.000000000000000000e+00 1.000000000000000000e+10
2.449422455303571639e-02 3.140925747466891335e+04 2.281683897615854221e+04 1.188017956569228227e+04 2.819877316062765482e-01 2.641087692701954074e+04 4.363138142169996786e-26 3.591877929623358340e-26 1.865742015924591567e-26 3.017827627359782605e-01 3.458887223968025716e-26 1.000000000000000000e+00 0.000000000000000000e+00 0.000000000000000000e+00 0.000000000000000000e+00 1.000000000000000000e+00 1.000000000000000000e+10 0.000000000000000000e+00 0.000000000000000000e+00 0.000000000000000000e+00 1.000000000000000000e+10
2.824892302447100725e-02 1.990077599323178219e+04 1.372250484264826082e+04 7.790700211412167846e+03 2.710888537144006682e-01 1.653461022522810890e+04 3.413451782012721577e-26 2.282795710924091881e-26 1.432370101095014111e-26 2.775472813816052819e-01 2.803967603291660922e-26 1.000000000000000000e+00 0.000000000000000000e+00 0.000000000000000000e+00 0.000000000000000000e+00 1.000000000000000000e+00 1.000000000000000000e+10 0.000000000000000000e+00 0.000000000000000000e+00 0.000000000000000000e+00 1.000000000000000000e+10
3.257917597328415654e-02 1.277984612950548762e+04 8.766888876207542125e+03 4.580412462524520379e+03 2.462209151032858367e-01 1.089772796392876808e+04 2.849452677392304317e-26 1.795072949422306347e-26 9.706743563596953897e-27 2.624669814147588820e-01 2.267634600566555857e-26 1.000000000000000000e+00 0.000000000000000000e+00 0.000000000000000000e+00 0.000000000000000000e+00 1.000000000000000000e+00 1.000000000000000000e+10 0.000000000000000000e+00 0.000000000000000000e+00 0.000000000000000000e+00 1.000000000000000000e+10
3.757320964692217186e-02 8.383337428953582275e+03 4.368797583632073838e+03 2.657985241448349370e+03 2.302356729432366855e-01 7.322613756097552141e+03 2.301464989762603386e-26 1.282329503500991227e-26 7.425808384339458531e-27 2.560500419599036626e-01 1.901446228750902274e-26 1.000000000000000000e+00 0.000000000000000000e+00 0.000000000000000000e+00 0.000000000000000000e+00 1.000000000000000000e+00 1.000000000000000000e+10 0.000000000000000000e+00 0.000000000000000000e+00 0.000000000000000000e+00 1.000000000000000000e+10
4.333277441790538143e-02 5.792301285924848344e+03 3.100192609664298288e+03 2.193002702725846120e+03 2.173389387176493104e-01 5.217521918425318290e+03 1.862416028060758679e-26 1.244230473362023017e-26 6.006496888827910178e-27 2.493738305056317772e-01 1.476580631414726025e-26 1.000000000000000000e+00 0.000000000000000000e+00 0.000000000000000000e+00 0.000000000000000000e+00 1.000000000000000000e+00 1.000000000000000000e+10 0.000000000000000000e+00 0.000000000000000000e+00 0.000000000000000000e+00 1.000000000000000000e+10
4.997521788524898756e-02 4.307397349166559252e+03 2.322685986304248217e+03 1.236004315997025060e+03 1.877476090180137114e-01 3.859311689753651081e+03 1.566451160703645934e-26 1.000712782787745273e-26 4.742557456192438815e-27 2.437602833723862272e-01 1.218156098321189409e-26 1.000000000000000000e+00 0.000000000000000000e+00 0.000000000000000000e+00 0.000000000000000000e+00 1.000000000000000000e+00 1.000000000000000000e+10 0.000000000000000000e+00 0.000000000000000000e+00 0.000000000000000000e+00 1.000000000000000000e+10
5.763587575980636674e-02 3.260389088526133946e+03 1.716784100234332527e+03 1.036272048817972063e+03 1.880436701003407596e-01 2.937444702534492990e+03 1.281476697006773146e-26 8.042545712101448993e-27 3.905369469902185489e-27 2.637466029711275084e-01 9.418297408694346423e-27 1.000000000000000000e+00 0.000000000000000000e+00 0.000000000000000000e+00 0.000000000000000000e+00 1.000000000000000000e+00 1.000000000000000000e+10 0.000000000000000000e+00 0.000000000000000000e+00 0.000000000000000000e+00 1.000000000000000000e+10
6.647082924635627776e-02 2.606806853296527152e+03 1.421328444247817515e+03 7.820601546471764323e+02 1.780119621979115163e-01 2.315945681206726476e+03 1.037519528157941484e-26 5.074887035026121798e-27 3.340450186693821344e-27 2.531107982632903597e-01 8.020230761798571892e-27 1.000000000000000000e+00 0.000000000000000000e+00 0.000000000000000000e+00 0.000000000000000000e+00 1.000000000000000000e+00 1.000000000000000000e+10 0.000000000000000000e+00 0.000000000000000000e+00 0.000000000000000000e+00 1.000000000000000000e+10
7.666008510240249207e-02 2.004373563251402402e+03 9.599436256041926754e+02 5.787430294434791449e+02 1.622059731381054470e-01 1.822583409351143928e+03 8.144154654429373256e-27 4.350853730756483769e-27 2.581163710463966299e-27 2.639573434832424570e-01 6.013649006396107547e-27 1.000000000000000000e+00 0.000000000000000000e+00 0.000000000000000000e+00 0.000000000000000000e+00 1.000000000000000000e+00 1.000000000000000000e+10 0.000000000000000000e+00 0.000000000000000000e+00 0.000000000000000000e+00 1.000000000000000000e+10
8.841124316543315376e-02 1.568157834192222708e+03 6.823101702490787375e+02 4.409988121311353098e+02 1.581843328451835451e-01 1.436518889558824185e+03 6.535526982956323455e-27 3.377871680121815771e-27 1.821931233900587304e-27 2.805555365371549814e-01 4.422314167907209760e-27 1.000000000000000000e+00 0.000000000000000000e+00 0.000000000000000000e+00 0.000000000000000000e+00 1.000000000000000000e+00 1.000000000000000000e+10 0.000000000000000000e+00 0.000000000000000000e+00 0.000000000000000000e+00 1.000000000000000000e+10
1.019637260722580097e-01 1.238882592622358516e+03 5.673148063206167535e+02 2.879192342007519301e+02 1.573970990478847365e-01 1.100214472871599128e+03 5.158817995968967341e-27 3.160744145676971741e-27 1.308973020093479507e-27 2.949036785559043250e-01 3.254199987106243883e-27 1.000000000000000000e+00 0.000000000000000000e+00 0.000000000000000000e+00 0.000000000000000000e+00 1.000000000000000000e+00 1.000000000000000000e+10 0.000000000000000000e+00 0.000000000000000000e+00 0.000000000000000000e+00 1.000000000000000000e+10
1.175936573483598035e-01 9.840706986803776317e+02 3.940584914575173343e+02 2.829995791944612620e+02 1.673515631538737836e-01 8.950551735809546017e+02 4.037614078292998060e-27 2.193914244188180708e-27 1.244423465995745247e-27 3.138576276610937077e-01 2.550145882223726826e-27 1.000000000000000000e+00 0.000000000000000000e+00 0.000000000000000000e+00 0.000000000000000000e+00 1.000000000000000000e+00 1.000000000000000000e+10 0.000000000000000000e+00 0.000000000000000000e+00 0.000000000000000000e+00 1.000000000000000000e+10
1.356194872553388164e-01 7.629717080390709043e+02 3.617910521325652553e+02 1.959696688641134870e+02 1.663327694272901391e-01 6.819268031918199995e+02 3.207938641751374963e-27 1.565505888763367339e-27 8.417395848281915111e-28 3.369817538867245221e-01 1.755269812207019201e-27 1.000000000000000000e+00 0.000000000000000000e+00 0.000000000000000000e+00 0.000000000000000000e+00 1.000000000000000000e+00 1.000000000000000000e+10 0.000000000000000000e+00 0.000000000000000000e+00 0.000000000000000000e+00 1.000000000000000000e+10
1.564084810196403053e-01 5.932887986233762376e+02 2.784989901345111321e+02 1.827193907879503740e+02 1.772622770515188684e-01 5.334403759805588834e+02 2.660955315203942250e-27 1.112208944911872904e-27 7.151739737535143035e-28 3.662661732200284126e-01 1.291161201668900571e-27 1.000000000000000000e+00 0.000000000000000000e+00 0.000000000000000000e+00 0.000000000000000000e+00 1.000000000000000000e+00 1.000000000000000000e+10 0.000000000000000000e+00 0.000000000000000000e+00 0.000000000000000000e+00 1.000000000000000000e+10
1.803842016362447453e-01 4.606109610516430166e+02 1.819636868593236159e+02 1.515862988534233295e+02 1.843212934247997759e-01 4.180502060862100961e+02 2.228951129270753571e-27 7.845992923037413137e-28 4.938736118491063902e-28 3.904077060770687058e-01 8.914991471421199062e-28 1.000000000000000000e+00 0.000000000000000000e+00 0.000000000000000000e+00 0.000000000000000000e+00 1.000000000000000000e+00 1.000000000000000000e+10 0.000000000000000000e+00 0.000000000000000000e+00 0.000000000000000000e+00 1.000000000000000000e+10
2.080351397048574025e-01 3.518196839277856043e+02 1.361576133899188790e+02 1.075237177320825595e+02 1.922901782511147739e-01 3.174794866433467178e+02 1.924009707031506344e-27 7.742554253599318737e-28 3.207985020968866949e-28 4.275655392914280428e-01 6.015784987133986682e-28 1.000000000000000000e+00 0.000000000000000000e+00 0.000000000000000000e+00 0.000000000000000000e+00 1.000000000000000000e+00 1.000000000000000000e+10 0.000000000000000000e+00 0.000000000000000000e+00 0.000000000000000000e+00 1.000000000000000000e+10
2.399246661262133540e-01 2.809739147353488420e+02 1.267395242337812533e+02 8.813894087414016099e+01 2.118202302728335873e-01 2.394331725662063945e+02 1.761408604760482580e-27 6.481973666606022749e-28 2.643111838326379666e-28 4.687939893849230599e-01 4.342995987863566900e-28 1.000000000000000000e+00 0.000000000000000000e+00 0.000000000000000000e+00 0.000000000000000000e+00 1.000000000000000000e+00 1.000000000000000000e+10 0.000000000000000000e+00 0.000000000000000000e+00 0.000000000000000000e+00 1.000000000000000000e+10
2.767025104385807399e-01 2.226197648776731910e+02 1.139287386332843255e+02 6.527931578223638098e+01 2.230357223775024378e-01 1.794676274929574049e+02 1.649125228420341507e-27 6.152102571907057938e-28 1.819486267888330746e-28 5.092816868819914911e-01 2.932964816152578194e-28 1.000000000000000000e+00 0.000000000000000000e+00 0.000000000000000000e+00 0.000000000000000000e+00 1.000000000000000000e+00 1.000000000000000000e+10 0.000000000000000000e+00 0.000000000000000000e+00 0.000000000000000000e+00 1.000000000000000000e+10
3.191179986585286343e-01 1.749655393823166492e+02 8.154540746694428321e+01 5.618549653218649098e+01 2.323225561617302815e-01 1.422377316580150932e+02 1.604187312387956243e-27 5.412794210506958958e-28 1.455821812029902520e-28 5.543912949512248556e-01 2.185533971363233774e-28 1.000000000000000000e+00 0.000000000000000000e+00 0.000000000000000000e+00 0.000000000000000000e+00 1.000000000000000000e+00 1.000000000000000000e+10 0.000000000000000000e+00 0.000000000000000000e+00 0.000000000000000000e+00 1.000000000000000000e+10
3.680353203388414540e-01 1.404848270428972512e+02 6.734409563701514401e+01 4.299038854906628160e+01 2.413557449610393424e-01 1.089895463112882936e+02 1.608776212457598885e-27 4.659545739477488343e-28 1.098474680014170256e-28 5.951440289362011082e-01 1.597205548532454282e-28 1.000000000000000000e+00 0.000000000000000000e+00 0.000000000000000000e+00 0.000000000000000000e+00 1.000000000000000000e+00 1.000000000000000000e+10 0.000000000000000000e+00 0.000000000000000000e+00 0.000000000000000000e+00 1.000000000000000000e+10
4.244511359005219142e-01 1.202396786357593754e+02 7.475563936328106251e+01 2.763677153568406908e+01 2.667773874290590985e-01 8.091017974540781665e+01 1.855377586184937752e-27 4.699698953234380207e-28 7.119783780231154362e-29 6.494169418308243236e-01 1.071523942565349901e-28 1.000000000000000000e+00 0.000000000000000000e+00 0.000000000000000000e+00 0.000000000000000000e+00 1.000000000000000000e+00 1.000000000000000000e+10 0.000000000000000000e+00 0.000000000000000000e+00 0.000000000000000000e+00 1.000000000000000000e+10
4.895148829774688681e-01 1.049834996265868341e+02 7.097948770615180081e+01 2.354842927551249687e+01 2.935145896637462726e-01 6.520711753149591061e+01 2.215363042976007241e-27 4.471923471118192986e-28 5.346480176700337092e-29 7.119536943701394449e-01 7.799063532552080971e-29 1.000000000000000000e+00 0.000000000000000000e+00 0.000000000000000000e+00 0.000000000000000000e+00 1.000000000000000000e+00 1.000000000000000000e+10 0.000000000000000000e+00 0.000000000000000000e+00 0.000000000000000000e+00 1.000000000000000000e+10
5.645521955031491679e-01 9.501795338528962986e+01 7.330749161100024480e+01 2.046536015969899225e+01 3.267972497735479598e-01 5.243880552652243665e+01 2.698420337372455356e-27 5.551570395247397790e-28 3.801551821926060559e-29 7.725000940643491631e-01 5.644932129724251665e-29 1.000000000000000000e+00 0.000000000000000000e+00 0.000000000000000000e+00 0.000000000000000000e+00 1.000000000000000000e+00 1.000000000000000000e+10 0.000000000000000000e+00 0.000000000000000000e+00 0.000000000000000000e+00 1.000000000000000000e+10
6.510919126887823039e-01 8.142137001936667673e+01 7.684425514210339259e+01 1.471822608650168362e+01 3.445729608938036814e-01 4.018962716182825545e+01 3.049364654665407049e-27 4.843162737465174538e-28 3.095623224576601240e-29 8.290437711639109253e-01 4.367687736539244854e-29 1.000000000000000000e+00 0.000000000000000000e+00 0.000000000000000000e+00 0.000000000000000000e+00 1.000000000000000000e+00 1.000000000000000000e+10 0.000000000000000000e+00 0.000000000000000000e+00 0.000000000000000000e+00 1.000000000000000000e+10
7.508972281844089602e-01 7.390198724861970447e+01 6.562205058453794493e+01 1.285087437368903096e+01 3.533308479138106972e-01 3.531023426405175769e+01 3.429740514961313371e-27 4.652343187336936410e-28 3.522847841893325659e-29 8.712806809242189532e-01 4.505131838402564299e-29 1.000000000000000000e+00 0.000000000000000000e+00 0.000000000000000000e+00 0.000000000000000000e+00 1.000000000000000000e+00 1.000000000000000000e+10 0.000000000000000000e+00 0.000000000000000000e+00 0.000000000000000000e+00 1.000000000000000000e+10
8.660016140678794550e-01 6.529029421169315128e+01 5.703253845318840831e+01 1.603616932502399450e+01 3.565240656248100382e-01 3.422652301509641859e+01 3.745632970098974558e-27 4.692177972253878661e-28 2.883623279142842469e-29 9.125360919925868952e-01 3.732787079244960431e-29 1.000000000000000000e+00 0.000000000000000000e+00 0.000000000000000000e+00 0.000000000000000000e+00 1.000000000000000000e+00 1.000000000000000000e+10 0.000000000000000000e+00 0.000000000000000000e+00 0.000000000000000000e+00 1.000000000000000000e+10
9.987502515910116063e-01 5.753539569713917956e+01 5.004633349654311303e+01 1.449734646880466116e+01 3.550284510273271077e-01 3.081837251750152618e+01 2.898588590547447311e-27 4.983657333547814840e-28 3.108289343071266445e-29 9.320533619647646262e-01 3.796537879136867135e-29 1.000000000000000000e+00 0.000000000000000000e+00 0.000000000000000000e+00 0.000000000000000000e+00 1.000000000000000000e+00 1.000000000000000000e+10 0.000000000000000000e+00 0.000000000000000000e+00 0.000000000000000000e+00 1.000000000000000000e+10
1.151847812808953542e+00 5.038264528499004058e+01 4.300872362892985734e+01 1.368166763642230066e+01 3.485953108710708737e-01 2.906349880921106532e+01 1.807429113445765324e-27 3.911856397955010547e-28 3.693696352171913383e-29 9.222359242903820364e-01 4.324860417313395420e-29 1.000000000000000000e+00 0.000000000000000000e+00 0.000000000000000000e+00 0.000000000000000000e+00 1.000000000000000000e+00 1.000000000000000000e+10 0.000000000000000000e+00 0.000000000000000000e+00 0.000000000000000000e+00 1.000000000000000000e+10
1.328413566614123908e+00 4.396834657395359613e+01 4.216023767344937312e+01 1.171689271472715355e+01 3.326718330872073803e-01 2.634486255995266291e+01 1.053871701185832601e-27 3.514946380944563273e-28 3.756518320172649593e-29 9.020648270095762422e-01 4.403716745568148973e-29 1.000000000000000000e+00 0.000000000000000000e+00 0.000000000000000000e+00 0.000000000000000000e+00 1.000000000000000000e+00 1.000000000000000000e+10 0.000000000000000000e+00 0.000000000000000000e+00 0.000000000000000000e+00 1.000000000000000000e+10
1.532044931926391351e+00 3.998377647866168871e+01 3.947709143051800140e+01 1.227040139769999882e+01 3.286275354535059812e-01 2.588383416659554470e+01 7.744978661143360914e-28 4.983928609579435460e-28 3.372253487775929736e-29 9.104601277681336757e-01 4.120390633794025374e-29 1.000000000000000000e+00 0.000000000000000000e+00 0.000000000000000000e+00 0.000000000000000000e+00 1.000000000000000000e+00 1.000000000000000000e+10 0.000000000000000000e+00 0.000000000000000000e+00 0.000000000000000000e+00 1.000000000000000000e+10
1.766890772896739126e+00 3.749175982455004430e+01 2.971044834955193892e+01 1.192428104263808741e+01 3.213148287864296959e-01 2.564534954377162279e+01 8.820716169740017307e-28 3.750399058934661501e-28 3.417703842578493518e-29 9.079346429686551145e-01 4.153685880800493605e-29 1.000000000000000000e+00 0.000000000000000000e+00 0.000000000000000000e+00 0.000000000000000000e+00 1.000000000000000000e+00 1.000000000000000000e+10 0.000000000000000000e+00 0.000000000000000000e+00 0.000000000000000000e+00 1.000000000000000000e+10
2.037735929469222107e+00 3.700403412452187979e+01 2.540532561482732277e+01 1.304068520472462112e+01 3.285520841173574791e-01 2.552358441374367359e+01 1.436866221139555371e-27 2.888661231936433764e-28 5.690217444634947617e-29 9.219824844848479861e-01 6.374736728862389793e-29 1.000000000000000000e+00 0.000000000000000000e+00 0.000000000000000000e+00 0.000000000000000000e+00 1.000000000000000000e+00 1.000000000000000000e+10 0.000000000000000000e+00 0.000000000000000000e+00 0.000000000000000000e+00 1.000000000000000000e+10
2.350098705559579226e+00 3.685649826263184536e+01 2.668670825579632577e+01 1.019856616810148253e+01 3.281972062006343061e-01 2.246554160167563197e+01 2.204720936269398115e-27 3.566788353580608430e-28 4.951983875630080649e-29 9.339191957097329189e-01 5.772959592481297586e-29 1.000000000000000000e+00 0.000000000000000000e+00 0.000000000000000000e+00 0.000000000000000000e+00 1.000000000000000000e+00 1.000000000000000000e+10 0.000000000000000000e+00 0.000000000000000000e+00 0.000000000000000000e+00 1.000000000000000000e+10
