# R (Mpc), mean rho (Msol/kpc^3), errup (Msol/kpc^3), errlow, std, median rho (Msol/kpc^3), mean pth (Msol/kpc/s^2), errup(Msol/kpc/s^2), errlow, std, median pth (Msol/kpc/s^2), mean gas-mass-weighted metal (fraction), errup, errlow, std, median metal, mean gas-mass-weighted temp (K), errup, errlow, std, median temp  
#  nprofs 174, mean mh 541483621405.185364, median mh 488519220944.755432 
#  Mass range 11.50 - 12.0
1.040961082911032697e-02 4.711446258731350536e+05 2.698901895809473353e+05 2.223059457928912307e+05 2.466374057221693838e-01 4.449100535403831745e+05 2.610660943069336728e-25 3.246966159446775279e-25 7.798931740547164362e-26 4.715112638003162715e-01 1.217515347626087404e-25 1.000000000000000000e+00 0.000000000000000000e+00 0.000000000000000000e+00 0.000000000000000000e+00 1.000000000000000000e+00 1.000000000000000000e+10 0.000000000000000000e+00 0.000000000000000000e+00 0.000000000000000000e+00 1.000000000000000000e+10
1.200529105910367808e-02 3.698778098422412877e+05 2.444178206459284993e+05 1.484840970284205396e+05 2.476617562681947549e-01 3.299486969049830223e+05 2.604321163220623941e-25 3.212626492498252192e-25 9.278709713394501693e-26 4.718455116029732777e-01 1.415109897863077895e-25 1.000000000000000000e+00 0.000000000000000000e+00 0.000000000000000000e+00 0.000000000000000000e+00 1.000000000000000000e+00 1.000000000000000000e+10 0.000000000000000000e+00 0.000000000000000000e+00 0.000000000000000000e+00 1.000000000000000000e+10
1.384557172980430476e-02 2.737953223300875979e+05 1.592014438240066520e+05 1.174766339446116763e+05 2.531210416355108017e-01 2.493567528845641646e+05 2.441392807018309713e-25 2.354428469786304289e-25 1.074862109267533689e-25 4.257879383460897449e-01 1.590965281335558550e-25 1.000000000000000000e+00 0.000000000000000000e+00 0.000000000000000000e+00 0.000000000000000000e+00 1.000000000000000000e+00 1.000000000000000000e+10 0.000000000000000000e+00 0.000000000000000000e+00 0.000000000000000000e+00 1.000000000000000000e+10
1.596794743096121086e-02 1.989399652810942789e+05 9.564010357124891016e+04 9.638875122336806089e+04 2.608189642086126692e-01 1.962490925973273988e+05 2.649727447399345570e-25 2.364666687267562138e-25 1.296632719246577652e-25 4.345183796700641254e-01 1.878384196959192579e-25 1.000000000000000000e+00 0.000000000000000000e+00 0.000000000000000000e+00 0.000000000000000000e+00 1.000000000000000000e+00 1.000000000000000000e+10 0.000000000000000000e+00 0.000000000000000000e+00 0.000000000000000000e+00 1.000000000000000000e+10
1.841566026551830909e-02 1.373651248446229147e+05 9.099647673228466010e+04 6.225051754604209418e+04 2.624003980937028579e-01 1.247059813881215669e+05 2.283811538024114487e-25 1.965842868598419659e-25 1.133358880820755530e-25 3.808171108909358948e-01 1.797913603121857930e-25 1.000000000000000000e+00 0.000000000000000000e+00 0.000000000000000000e+00 0.000000000000000000e+00 1.000000000000000000e+00 1.000000000000000000e+10 0.000000000000000000e+00 0.000000000000000000e+00 0.000000000000000000e+00 1.000000000000000000e+10
2.123858088093512342e-02 9.363253869864137960e+04 7.123805212107964326e+04 3.967633348521261360e+04 2.597970702224583484e-01 8.282067760571104009e+04 1.972605503462966556e-25 1.590881838413690857e-25 8.992806813769495372e-26 3.338084214442293418e-01 1.528736231165068764e-25 1.000000000000000000e+00 0.000000000000000000e+00 0.000000000000000000e+00 0.000000000000000000e+00 1.000000000000000000e+00 1.000000000000000000e+10 0.000000000000000000e+00 0.000000000000000000e+00 0.000000000000000000e+00 1.000000000000000000e+10
2.449422455303571639e-02 6.375245596446346462e+04 4.607572238346596714e+04 2.511592686914149090e+04 2.632956584712917714e-01 5.415779456618409313e+04 1.872925594043681055e-25 1.564481849345499388e-25 7.521639688744862432e-26 3.242002804331552412e-01 1.423602924077917923e-25 1.000000000000000000e+00 0.000000000000000000e+00 0.000000000000000000e+00 0.000000000000000000e+00 1.000000000000000000e+00 1.000000000000000000e+10 0.000000000000000000e+00 0.000000000000000000e+00 0.000000000000000000e+00 1.000000000000000000e+10
2.824892302447100725e-02 4.197534910733629658e+04 3.581528133624295879e+04 1.389535807397163808e+04 2.616645382448842816e-01 3.340854063366941409e+04 1.483903048046759306e-25 1.193039246885098893e-25 5.052178411867516698e-26 2.964117382628839170e-01 1.134630127933189126e-25 1.000000000000000000e+00 0.000000000000000000e+00 0.000000000000000000e+00 0.000000000000000000e+00 1.000000000000000000e+00 1.000000000000000000e+10 0.000000000000000000e+00 0.000000000000000000e+00 0.000000000000000000e+00 1.000000000000000000e+10
3.257917597328415654e-02 2.814568810550531998e+04 2.159102961006759506e+04 8.175652348197430911e+03 2.471412585119293348e-01 2.170561136562267711e+04 1.180305191138821855e-25 9.613490509561193484e-26 3.336611625303073258e-26 2.804447673516949346e-01 8.681050380658598912e-26 1.000000000000000000e+00 0.000000000000000000e+00 0.000000000000000000e+00 0.000000000000000000e+00 1.000000000000000000e+00 1.000000000000000000e+10 0.000000000000000000e+00 0.000000000000000000e+00 0.000000000000000000e+00 1.000000000000000000e+10
3.757320964692217186e-02 1.968322045672649620e+04 1.166128562097563190e+04 6.270020126638502916e+03 2.324980214220326580e-01 1.653590573839479475e+04 1.017432324378645635e-25 7.709166887181746636e-26 2.587071554201112054e-26 2.739865737036059068e-01 7.312437646767152241e-26 1.000000000000000000e+00 0.000000000000000000e+00 0.000000000000000000e+00 0.000000000000000000e+00 1.000000000000000000e+00 1.000000000000000000e+10 0.000000000000000000e+00 0.000000000000000000e+00 0.000000000000000000e+00 1.000000000000000000e+10
4.333277441790538143e-02 1.349569959725693479e+04 7.036606133251509164e+03 3.771105004958051722e+03 2.008613901214755526e-01 1.188028215677406843e+04 8.380378540701846174e-26 6.157008431768287389e-26 2.789602551996891002e-26 2.700001917636149495e-01 6.314795879928605172e-26 1.000000000000000000e+00 0.000000000000000000e+00 0.000000000000000000e+00 0.000000000000000000e+00 1.000000000000000000e+00 1.000000000000000000e+10 0.000000000000000000e+00 0.000000000000000000e+00 0.000000000000000000e+00 1.000000000000000000e+10
4.997521788524898756e-02 9.629507160910685343e+03 4.297186918075389258e+03 3.085093482770041192e+03 1.726912770035144984e-01 8.989353633761344099e+03 6.919423365331486580e-26 5.579036827534738292e-26 2.129084807568281725e-26 2.766799227253646798e-01 5.145745802048422014e-26 1.000000000000000000e+00 0.000000000000000000e+00 0.000000000000000000e+00 0.000000000000000000e+00 1.000000000000000000e+00 1.000000000000000000e+10 0.000000000000000000e+00 0.000000000000000000e+00 0.000000000000000000e+00 1.000000000000000000e+10
5.763587575980636674e-02 7.676708731941918813e+03 3.280231464691803012e+03 2.441119711535896386e+03 1.707936469783531974e-01 7.134940308836396980e+03 5.716272521760284502e-26 5.170928571964536556e-26 1.719138294614885875e-26 2.764077088072312560e-01 4.157470417477768358e-26 1.000000000000000000e+00 0.000000000000000000e+00 0.000000000000000000e+00 0.000000000000000000e+00 1.000000000000000000e+00 1.000000000000000000e+10 0.000000000000000000e+00 0.000000000000000000e+00 0.000000000000000000e+00 1.000000000000000000e+10
6.647082924635627776e-02 6.006990556048515828e+03 2.369312315174143805e+03 1.646389089046025219e+03 1.715712770633422701e-01 5.467737568281921995e+03 4.355697708606164776e-26 3.766658352107230166e-26 1.379130890577963673e-26 2.712364957422751521e-01 3.344958408310048674e-26 1.000000000000000000e+00 0.000000000000000000e+00 0.000000000000000000e+00 0.000000000000000000e+00 1.000000000000000000e+00 1.000000000000000000e+10 0.000000000000000000e+00 0.000000000000000000e+00 0.000000000000000000e+00 1.000000000000000000e+10
7.666008510240249207e-02 4.767407844292741174e+03 2.258665361700300309e+03 1.166048676274821446e+03 1.659011714249513103e-01 4.290616313921531400e+03 3.309677159449479985e-26 2.843777097826280758e-26 1.074870409739534233e-26 2.694448555218029728e-01 2.492613374592398446e-26 1.000000000000000000e+00 0.000000000000000000e+00 0.000000000000000000e+00 0.000000000000000000e+00 1.000000000000000000e+00 1.000000000000000000e+10 0.000000000000000000e+00 0.000000000000000000e+00 0.000000000000000000e+00 1.000000000000000000e+10
8.841124316543315376e-02 3.784899652898071508e+03 1.887252124467795511e+03 9.854917633689060494e+02 1.746434604374318966e-01 3.413105708061092628e+03 2.463330692848493884e-26 2.142090356792026071e-26 9.066337197544538829e-27 2.748394592502667599e-01 1.956193588693501488e-26 1.000000000000000000e+00 0.000000000000000000e+00 0.000000000000000000e+00 0.000000000000000000e+00 1.000000000000000000e+00 1.000000000000000000e+10 0.000000000000000000e+00 0.000000000000000000e+00 0.000000000000000000e+00 1.000000000000000000e+10
1.019637260722580097e-01 2.943647540553923136e+03 1.709517407284763976e+03 7.028835787853670354e+02 1.782135785065147027e-01 2.553323988473644022e+03 1.806639396672989695e-26 1.390334463948828135e-26 5.761166611984315434e-27 2.831387107274562775e-01 1.346391952490820064e-26 1.000000000000000000e+00 0.000000000000000000e+00 0.000000000000000000e+00 0.000000000000000000e+00 1.000000000000000000e+00 1.000000000000000000e+10 0.000000000000000000e+00 0.000000000000000000e+00 0.000000000000000000e+00 1.000000000000000000e+10
1.175936573483598035e-01 2.227016471121027735e+03 1.276957986973188781e+03 5.524812583080561126e+02 1.835851553460254304e-01 1.894245022010749835e+03 1.299625600625227886e-26 1.149173778795890200e-26 4.445273872776738176e-27 2.918261927787144105e-01 9.779877128674611157e-27 1.000000000000000000e+00 0.000000000000000000e+00 0.000000000000000000e+00 0.000000000000000000e+00 1.000000000000000000e+00 1.000000000000000000e+10 0.000000000000000000e+00 0.000000000000000000e+00 0.000000000000000000e+00 1.000000000000000000e+10
1.356194872553388164e-01 1.671528917815257955e+03 9.316727676115638133e+02 5.207139770905382647e+02 1.785628430664318589e-01 1.518379148250603976e+03 9.098482210120264286e-27 7.905116194144278676e-27 3.403987039765131247e-27 2.999538502333484735e-01 6.987745514930566515e-27 1.000000000000000000e+00 0.000000000000000000e+00 0.000000000000000000e+00 0.000000000000000000e+00 1.000000000000000000e+00 1.000000000000000000e+10 0.000000000000000000e+00 0.000000000000000000e+00 0.000000000000000000e+00 1.000000000000000000e+10
1.564084810196403053e-01 1.257314928641598271e+03 5.358752906343643190e+02 4.751157970159681554e+02 1.719146311798562810e-01 1.217966067155444307e+03 6.413019777548421245e-27 5.162571797838781617e-27 2.869828181569713425e-27 3.077398721801742898e-01 5.152693815424156187e-27 1.000000000000000000e+00 0.000000000000000000e+00 0.000000000000000000e+00 0.000000000000000000e+00 1.000000000000000000e+00 1.000000000000000000e+10 0.000000000000000000e+00 0.000000000000000000e+00 0.000000000000000000e+00 1.000000000000000000e+10
1.803842016362447453e-01 9.313660645683700068e+02 3.977322011779724562e+02 3.264097561050278955e+02 1.710660552539995938e-01 8.847907887354731429e+02 4.461272116600698079e-27 3.637707602127847610e-27 2.100039574030162434e-27 3.195115759696096069e-01 3.559588117601811818e-27 1.000000000000000000e+00 0.000000000000000000e+00 0.000000000000000000e+00 0.000000000000000000e+00 1.000000000000000000e+00 1.000000000000000000e+10 0.000000000000000000e+00 0.000000000000000000e+00 0.000000000000000000e+00 1.000000000000000000e+10
2.080351397048574025e-01 6.765719467413152870e+02 2.830298028896424967e+02 2.082987710887989579e+02 1.714746548305705609e-01 6.226602734173584395e+02 3.065641509231742744e-27 2.450961471954910371e-27 1.445775736475350672e-27 3.379399461524766890e-01 2.377726347546924489e-27 1.000000000000000000e+00 0.000000000000000000e+00 0.000000000000000000e+00 0.000000000000000000e+00 1.000000000000000000e+00 1.000000000000000000e+10 0.000000000000000000e+00 0.000000000000000000e+00 0.000000000000000000e+00 1.000000000000000000e+10
2.399246661262133540e-01 4.979625347623843936e+02 2.208782771907013966e+02 1.743080926029971920e+02 1.767096570216427631e-01 4.706000382857964723e+02 2.121228941764867513e-27 1.770041724221360744e-27 9.606454675021915509e-28 3.576844002847942572e-01 1.556510338945018764e-27 1.000000000000000000e+00 0.000000000000000000e+00 0.000000000000000000e+00 0.000000000000000000e+00 1.000000000000000000e+00 1.000000000000000000e+10 0.000000000000000000e+00 0.000000000000000000e+00 0.000000000000000000e+00 1.000000000000000000e+10
2.767025104385807399e-01 3.726494371660795650e+02 1.654167396540378832e+02 1.254031657042157235e+02 1.974770245354637854e-01 3.333409313157512770e+02 1.489242205017305612e-27 1.229826942792432391e-27 5.808326325647054175e-28 3.875646883599679349e-01 9.530845394516142163e-28 1.000000000000000000e+00 0.000000000000000000e+00 0.000000000000000000e+00 0.000000000000000000e+00 1.000000000000000000e+00 1.000000000000000000e+10 0.000000000000000000e+00 0.000000000000000000e+00 0.000000000000000000e+00 1.000000000000000000e+10
3.191179986585286343e-01 2.676389796828944441e+02 1.377668279517458245e+02 8.082252024830643222e+01 1.975619985625467478e-01 2.294280473367372792e+02 1.063150282314086456e-27 9.456850384175995926e-28 3.835961699523527732e-28 4.173059450053556163e-01 6.157747571834136367e-28 1.000000000000000000e+00 0.000000000000000000e+00 0.000000000000000000e+00 0.000000000000000000e+00 1.000000000000000000e+00 1.000000000000000000e+10 0.000000000000000000e+00 0.000000000000000000e+00 0.000000000000000000e+00 1.000000000000000000e+10
3.680353203388414540e-01 1.989516816307752549e+02 9.963892110173617311e+01 5.730345574057038505e+01 2.065627705107612178e-01 1.647493431042993279e+02 8.136451275222108417e-28 7.408740613427751823e-28 2.552153270379070335e-28 4.492197951256253208e-01 4.098820268290856561e-28 1.000000000000000000e+00 0.000000000000000000e+00 0.000000000000000000e+00 0.000000000000000000e+00 1.000000000000000000e+00 1.000000000000000000e+10 0.000000000000000000e+00 0.000000000000000000e+00 0.000000000000000000e+00 1.000000000000000000e+10
4.244511359005219142e-01 1.525951025474102210e+02 7.897670904825224625e+01 4.334615894958018600e+01 2.171757884144402684e-01 1.228349128294164814e+02 7.069593399366892768e-28 5.965036833975306219e-28 1.840957450720563377e-28 4.870197417820685826e-01 2.919914416925365107e-28 1.000000000000000000e+00 0.000000000000000000e+00 0.000000000000000000e+00 0.000000000000000000e+00 1.000000000000000000e+00 1.000000000000000000e+10 0.000000000000000000e+00 0.000000000000000000e+00 0.000000000000000000e+00 1.000000000000000000e+10
4.895148829774688681e-01 1.198546755708937468e+02 6.836557191509746190e+01 3.555675509624018815e+01 2.365519041537110234e-01 9.565637691127591324e+01 6.488509892283687734e-28 4.885236185124996316e-28 1.199000351080600588e-28 5.406035568598964725e-01 1.863757853318948851e-28 1.000000000000000000e+00 0.000000000000000000e+00 0.000000000000000000e+00 0.000000000000000000e+00 1.000000000000000000e+00 1.000000000000000000e+10 0.000000000000000000e+00 0.000000000000000000e+00 0.000000000000000000e+00 1.000000000000000000e+10
5.645521955031491679e-01 1.002343424168440009e+02 5.992351513514122985e+01 2.884880224282085948e+01 2.603619256843744401e-01 7.460110692474893312e+01 6.942492720705151061e-28 5.467330924247791035e-28 8.499997060625523356e-29 6.190179861618860802e-01 1.294416349816246294e-28 1.000000000000000000e+00 0.000000000000000000e+00 0.000000000000000000e+00 0.000000000000000000e+00 1.000000000000000000e+00 1.000000000000000000e+10 0.000000000000000000e+00 0.000000000000000000e+00 0.000000000000000000e+00 1.000000000000000000e+10
6.510919126887823039e-01 9.245724924128343503e+01 8.269016980612492773e+01 2.405323315479640911e+01 3.071880591548464268e-01 5.923237538677356895e+01 7.329569210115941748e-28 6.056635202999264778e-28 5.560463200553363838e-29 7.065431717170707060e-01 8.543588120070996581e-29 1.000000000000000000e+00 0.000000000000000000e+00 0.000000000000000000e+00 0.000000000000000000e+00 1.000000000000000000e+00 1.000000000000000000e+10 0.000000000000000000e+00 0.000000000000000000e+00 0.000000000000000000e+00 1.000000000000000000e+10
7.508972281844089602e-01 8.028631290560525713e+01 8.011551416701057349e+01 1.756264902326022082e+01 3.255113878945533612e-01 4.744125347526194503e+01 6.425542381894865257e-28 5.348193608566750134e-28 4.502013056776245253e-29 7.598146489948733873e-01 6.494488731617639013e-29 1.000000000000000000e+00 0.000000000000000000e+00 0.000000000000000000e+00 0.000000000000000000e+00 1.000000000000000000e+00 1.000000000000000000e+10 0.000000000000000000e+00 0.000000000000000000e+00 0.000000000000000000e+00 1.000000000000000000e+10
8.660016140678794550e-01 6.500100158996687583e+01 5.477884695446905994e+01 1.632932278146025595e+01 3.042456935756620573e-01 4.244369221869213504e+01 5.995381252802535696e-28 4.055446865331632944e-28 3.884838217875538364e-29 7.723683904351141827e-01 5.567035342892529121e-29 1.000000000000000000e+00 0.000000000000000000e+00 0.000000000000000000e+00 0.000000000000000000e+00 1.000000000000000000e+00 1.000000000000000000e+10 0.000000000000000000e+00 0.000000000000000000e+00 0.000000000000000000e+00 1.000000000000000000e+10
9.987502515910116063e-01 5.561273262215834734e+01 5.098319607220872030e+01 1.572331194770136520e+01 2.951827851781296808e-01 3.815777357056990837e+01 6.453754234367742883e-28 4.338791966187533523e-28 3.751650851781533244e-29 7.910949240654564507e-01 4.963168214261327219e-29 1.000000000000000000e+00 0.000000000000000000e+00 0.000000000000000000e+00 0.000000000000000000e+00 1.000000000000000000e+00 1.000000000000000000e+10 0.000000000000000000e+00 0.000000000000000000e+00 0.000000000000000000e+00 1.000000000000000000e+10
1.151847812808953542e+00 4.997971805858971095e+01 4.083159477881241628e+01 1.585698913347589212e+01 3.012631086518187673e-01 3.564255746335173569e+01 6.887513108067443072e-28 4.161502666625357242e-28 3.807231643704485739e-29 8.066674276074712324e-01 4.798597199353317919e-29 1.000000000000000000e+00 0.000000000000000000e+00 0.000000000000000000e+00 0.000000000000000000e+00 1.000000000000000000e+00 1.000000000000000000e+10 0.000000000000000000e+00 0.000000000000000000e+00 0.000000000000000000e+00 1.000000000000000000e+10
1.328413566614123908e+00 4.513820049542845680e+01 3.951779044013660069e+01 1.314321712962637179e+01 2.894288223998903731e-01 3.143630704342240989e+01 8.154099635912995648e-28 4.121803545204548714e-28 3.174749572950240629e-29 7.938379143322921161e-01 4.186264397875755741e-29 1.000000000000000000e+00 0.000000000000000000e+00 0.000000000000000000e+00 0.000000000000000000e+00 1.000000000000000000e+00 1.000000000000000000e+10 0.000000000000000000e+00 0.000000000000000000e+00 0.000000000000000000e+00 1.000000000000000000e+10
1.532044931926391351e+00 4.341279637473310515e+01 3.963219071800121185e+01 1.253030121761011983e+01 2.926836674228490143e-01 2.950182784646440837e+01 1.063528661960415942e-27 3.751859536984564784e-28 3.072452290565217986e-29 7.873810250139403610e-01 4.105147679529177079e-29 1.000000000000000000e+00 0.000000000000000000e+00 0.000000000000000000e+00 0.000000000000000000e+00 1.000000000000000000e+00 1.000000000000000000e+10 0.000000000000000000e+00 0.000000000000000000e+00 0.000000000000000000e+00 1.000000000000000000e+10
1.766890772896739126e+00 3.765350726945118254e+01 2.502883603530614565e+01 1.199437465541400272e+01 2.674775755431293423e-01 2.801587542192759273e+01 7.790509649995168529e-28 2.956250338194512703e-28 3.886963796120920195e-29 7.494648898351499167e-01 4.893749521511551318e-29 1.000000000000000000e+00 0.000000000000000000e+00 0.000000000000000000e+00 0.000000000000000000e+00 1.000000000000000000e+00 1.000000000000000000e+10 0.000000000000000000e+00 0.000000000000000000e+00 0.000000000000000000e+00 1.000000000000000000e+10
2.037735929469222107e+00 3.216393417675913469e+01 2.250941275939969444e+01 9.969028667815180711e+00 2.431181430588063297e-01 2.562573804745201045e+01 3.765200627314855769e-28 2.115067967388032483e-28 3.457945320497105511e-29 6.961921317686741162e-01 4.665744421799323409e-29 1.000000000000000000e+00 0.000000000000000000e+00 0.000000000000000000e+00 0.000000000000000000e+00 1.000000000000000000e+00 1.000000000000000000e+10 0.000000000000000000e+00 0.000000000000000000e+00 0.000000000000000000e+00 1.000000000000000000e+10
2.350098705559579226e+00 3.013658132447443805e+01 2.366456735272381451e+01 7.396973704941412819e+00 2.356845422511406885e-01 2.314422797854047786e+01 2.750920908140707761e-28 1.892975790891004836e-28 3.965418290226852212e-29 6.751070876595707260e-01 5.339593219578398874e-29 1.000000000000000000e+00 0.000000000000000000e+00 0.000000000000000000e+00 0.000000000000000000e+00 1.000000000000000000e+00 1.000000000000000000e+10 0.000000000000000000e+00 0.000000000000000000e+00 0.000000000000000000e+00 1.000000000000000000e+10
