# R (Mpc), mean rho (Msol/kpc^3), errup (Msol/kpc^3), errlow, std, median rho (Msol/kpc^3), mean pth (Msol/kpc/s^2), errup(Msol/kpc/s^2), errlow, std, median pth (Msol/kpc/s^2), mean gas-mass-weighted metal (fraction), errup, errlow, std, median metal, mean gas-mass-weighted temp (K), errup, errlow, std, median temp  
#  nprofs 182, mean mh 539576958513.035217, median mh 479733508739.150269 
#  Mass range 11.50 - 12.0
1.040961082911032697e-02 4.796203486626624945e+05 2.256388683484623907e+05 1.953637143333696877e+05 2.376616727116875882e-01 4.496485151426746743e+05 2.758101558579125912e-25 3.572883955736973771e-25 6.991898735527454132e-26 4.689678357682652843e-01 1.210661203819707153e-25 1.000000000000000000e+00 0.000000000000000000e+00 0.000000000000000000e+00 0.000000000000000000e+00 1.000000000000000000e+00 1.000000000000000000e+10 0.000000000000000000e+00 0.000000000000000000e+00 0.000000000000000000e+00 1.000000000000000000e+10
1.200529105910367808e-02 3.692743770199291175e+05 2.358416897930008126e+05 1.298647148127249966e+05 2.410339324205649503e-01 3.232999996793650789e+05 2.712836114155047513e-25 3.392511469368162212e-25 8.023073286535089232e-26 4.553399489855255999e-01 1.331959579965924361e-25 1.000000000000000000e+00 0.000000000000000000e+00 0.000000000000000000e+00 0.000000000000000000e+00 1.000000000000000000e+00 1.000000000000000000e+10 0.000000000000000000e+00 0.000000000000000000e+00 0.000000000000000000e+00 1.000000000000000000e+10
1.384557172980430476e-02 2.656529577160467161e+05 1.580023179997398111e+05 1.141644657039692102e+05 2.317113587142578535e-01 2.431939116978064121e+05 2.643170404729859305e-25 3.076776200483946536e-25 1.100520115646707529e-25 4.495753348276000927e-01 1.612120402855590068e-25 1.000000000000000000e+00 0.000000000000000000e+00 0.000000000000000000e+00 0.000000000000000000e+00 1.000000000000000000e+00 1.000000000000000000e+10 0.000000000000000000e+00 0.000000000000000000e+00 0.000000000000000000e+00 1.000000000000000000e+10
1.596794743096121086e-02 1.906279703875213454e+05 1.010834844592110603e+05 8.385807028774246282e+04 2.528118387243719623e-01 1.777643773598227417e+05 2.836370709710996651e-25 3.234822486719888038e-25 1.180578075204899992e-25 4.330743167360545098e-01 1.801056945922662181e-25 1.000000000000000000e+00 0.000000000000000000e+00 0.000000000000000000e+00 0.000000000000000000e+00 1.000000000000000000e+00 1.000000000000000000e+10 0.000000000000000000e+00 0.000000000000000000e+00 0.000000000000000000e+00 1.000000000000000000e+10
1.841566026551830909e-02 1.324003041358332266e+05 7.929140800674882485e+04 6.192927468473282352e+04 2.670985549037080964e-01 1.214776299371084315e+05 2.420145719110518888e-25 2.124916997918289641e-25 1.047394798036610389e-25 3.737536518398374974e-01 1.792091877640901167e-25 1.000000000000000000e+00 0.000000000000000000e+00 0.000000000000000000e+00 0.000000000000000000e+00 1.000000000000000000e+00 1.000000000000000000e+10 0.000000000000000000e+00 0.000000000000000000e+00 0.000000000000000000e+00 1.000000000000000000e+10
2.123858088093512342e-02 9.048248185506121081e+04 6.667758614288497483e+04 4.075351319313050044e+04 2.757081047090803594e-01 7.980564427242253441e+04 2.196806961912572071e-25 1.904454433291385337e-25 9.598024852848254363e-26 3.624006256408701665e-01 1.682875323692727993e-25 1.000000000000000000e+00 0.000000000000000000e+00 0.000000000000000000e+00 0.000000000000000000e+00 1.000000000000000000e+00 1.000000000000000000e+10 0.000000000000000000e+00 0.000000000000000000e+00 0.000000000000000000e+00 1.000000000000000000e+10
2.449422455303571639e-02 6.066995623188478930e+04 5.176321925692031073e+04 2.235556553846110546e+04 2.783687189904297532e-01 4.801940505718393979e+04 1.888828450102172357e-25 1.503349815242753710e-25 6.580853821675536579e-26 3.340173606487422675e-01 1.326339350609655797e-25 1.000000000000000000e+00 0.000000000000000000e+00 0.000000000000000000e+00 0.000000000000000000e+00 1.000000000000000000e+00 1.000000000000000000e+10 0.000000000000000000e+00 0.000000000000000000e+00 0.000000000000000000e+00 1.000000000000000000e+10
2.824892302447100725e-02 4.093818966907632421e+04 3.558247928479271650e+04 1.477786413581410307e+04 2.658615691051510188e-01 3.267707034223494338e+04 1.575585138454702948e-25 1.303771227907531976e-25 5.312725000245226530e-26 3.330711756150360192e-01 1.116423257280178914e-25 1.000000000000000000e+00 0.000000000000000000e+00 0.000000000000000000e+00 0.000000000000000000e+00 1.000000000000000000e+00 1.000000000000000000e+10 0.000000000000000000e+00 0.000000000000000000e+00 0.000000000000000000e+00 1.000000000000000000e+10
3.257917597328415654e-02 2.726085092276055002e+04 1.796704671803766178e+04 8.629671041338726354e+03 2.483574742162514837e-01 2.215840406521250043e+04 1.287859269251546204e-25 9.070231994297156823e-26 5.456178505086860830e-26 3.070112236224241120e-01 1.009260228099123917e-25 1.000000000000000000e+00 0.000000000000000000e+00 0.000000000000000000e+00 0.000000000000000000e+00 1.000000000000000000e+00 1.000000000000000000e+10 0.000000000000000000e+00 0.000000000000000000e+00 0.000000000000000000e+00 1.000000000000000000e+10
3.757320964692217186e-02 1.878140960234229715e+04 1.359371683462222427e+04 5.151219751482369247e+03 2.272823837335386232e-01 1.518486762930839541e+04 1.058785954555219139e-25 7.365772527642655372e-26 4.071755710798275405e-26 3.083104023712492370e-01 7.984130352770470127e-26 1.000000000000000000e+00 0.000000000000000000e+00 0.000000000000000000e+00 0.000000000000000000e+00 1.000000000000000000e+00 1.000000000000000000e+10 0.000000000000000000e+00 0.000000000000000000e+00 0.000000000000000000e+00 1.000000000000000000e+10
4.333277441790538143e-02 1.330473717694685547e+04 7.026684647090212820e+03 3.727843205445757121e+03 1.934728437039384685e-01 1.139370961316306784e+04 8.274782317433469768e-26 6.197103445921414698e-26 2.818955378161224810e-26 2.827113058927739342e-01 6.214639324564726205e-26 1.000000000000000000e+00 0.000000000000000000e+00 0.000000000000000000e+00 0.000000000000000000e+00 1.000000000000000000e+00 1.000000000000000000e+10 0.000000000000000000e+00 0.000000000000000000e+00 0.000000000000000000e+00 1.000000000000000000e+10
4.997521788524898756e-02 1.004479679119381944e+04 5.851582118732716481e+03 2.424003406935425119e+03 1.867772964274933556e-01 8.468211982122917107e+03 6.834922103749109495e-26 5.127910693998988397e-26 2.396340065202447506e-26 2.797702702104515327e-01 5.221226080801591867e-26 1.000000000000000000e+00 0.000000000000000000e+00 0.000000000000000000e+00 0.000000000000000000e+00 1.000000000000000000e+00 1.000000000000000000e+10 0.000000000000000000e+00 0.000000000000000000e+00 0.000000000000000000e+00 1.000000000000000000e+10
5.763587575980636674e-02 7.891483218723300524e+03 4.032821058207763599e+03 2.133894420246076152e+03 1.845302622755264077e-01 7.003899176226080272e+03 5.555666006287239184e-26 3.946870709224323234e-26 2.053150757553504006e-26 2.821578850734894894e-01 4.351483586059481514e-26 1.000000000000000000e+00 0.000000000000000000e+00 0.000000000000000000e+00 0.000000000000000000e+00 1.000000000000000000e+00 1.000000000000000000e+10 0.000000000000000000e+00 0.000000000000000000e+00 0.000000000000000000e+00 1.000000000000000000e+10
6.647082924635627776e-02 6.091949279262184064e+03 2.515727519279034823e+03 1.827862725968723225e+03 1.762129816908384050e-01 5.618565177204278370e+03 4.351991825434161477e-26 3.165491250788090812e-26 1.640993273306424610e-26 2.772421299287510243e-01 3.460178119453387452e-26 1.000000000000000000e+00 0.000000000000000000e+00 0.000000000000000000e+00 0.000000000000000000e+00 1.000000000000000000e+00 1.000000000000000000e+10 0.000000000000000000e+00 0.000000000000000000e+00 0.000000000000000000e+00 1.000000000000000000e+10
7.666008510240249207e-02 4.841013449783484248e+03 1.696189226744798361e+03 1.507671473157775836e+03 1.759437569592698092e-01 4.470116047029554466e+03 3.331788217628347007e-26 2.577008106677932291e-26 1.266462854061964495e-26 2.793286454842590083e-01 2.628167492939122864e-26 1.000000000000000000e+00 0.000000000000000000e+00 0.000000000000000000e+00 0.000000000000000000e+00 1.000000000000000000e+00 1.000000000000000000e+10 0.000000000000000000e+00 0.000000000000000000e+00 0.000000000000000000e+00 1.000000000000000000e+10
8.841124316543315376e-02 3.828495926895663160e+03 1.794794508205031889e+03 1.057449637248391355e+03 1.805319570607396285e-01 3.469568189772832739e+03 2.531384302760488807e-26 2.147889213077660827e-26 9.130111809949404875e-27 2.861783067815015236e-01 1.918883253741386949e-26 1.000000000000000000e+00 0.000000000000000000e+00 0.000000000000000000e+00 0.000000000000000000e+00 1.000000000000000000e+00 1.000000000000000000e+10 0.000000000000000000e+00 0.000000000000000000e+00 0.000000000000000000e+00 1.000000000000000000e+10
1.019637260722580097e-01 2.921094351776510848e+03 1.417080969560094218e+03 8.143838704759609755e+02 1.841652194698204514e-01 2.595256963087455915e+03 1.853908253912605301e-26 1.556065313022173051e-26 7.562123416018271943e-27 2.957344360267439298e-01 1.434278204579605349e-26 1.000000000000000000e+00 0.000000000000000000e+00 0.000000000000000000e+00 0.000000000000000000e+00 1.000000000000000000e+00 1.000000000000000000e+10 0.000000000000000000e+00 0.000000000000000000e+00 0.000000000000000000e+00 1.000000000000000000e+10
1.175936573483598035e-01 2.198196047223611458e+03 1.160182448322518667e+03 6.657551121139447332e+02 1.776965251799507151e-01 1.993831496444330696e+03 1.320010609359454456e-26 1.224167595466510112e-26 5.010196027237537609e-27 2.998965883066985749e-01 9.967373598881875755e-27 1.000000000000000000e+00 0.000000000000000000e+00 0.000000000000000000e+00 0.000000000000000000e+00 1.000000000000000000e+00 1.000000000000000000e+10 0.000000000000000000e+00 0.000000000000000000e+00 0.000000000000000000e+00 1.000000000000000000e+10
1.356194872553388164e-01 1.674224677594059358e+03 7.866356422980891239e+02 5.589449709566472393e+02 1.801357184599136907e-01 1.554992329127805760e+03 9.152503982228297445e-27 8.528386870310512418e-27 3.729754123935805984e-27 3.072295816985325390e-01 6.948416322127606845e-27 1.000000000000000000e+00 0.000000000000000000e+00 0.000000000000000000e+00 0.000000000000000000e+00 1.000000000000000000e+00 1.000000000000000000e+10 0.000000000000000000e+00 0.000000000000000000e+00 0.000000000000000000e+00 1.000000000000000000e+10
1.564084810196403053e-01 1.252954154076267741e+03 5.843958253931925810e+02 4.269525680944149144e+02 1.772694907412179777e-01 1.173894354080895027e+03 6.310446379952193162e-27 5.889718267772954230e-27 2.676436398632081483e-27 3.145769099047402428e-01 4.927594147658236856e-27 1.000000000000000000e+00 0.000000000000000000e+00 0.000000000000000000e+00 0.000000000000000000e+00 1.000000000000000000e+00 1.000000000000000000e+10 0.000000000000000000e+00 0.000000000000000000e+00 0.000000000000000000e+00 1.000000000000000000e+10
1.803842016362447453e-01 9.226996578318431830e+02 4.229086288948637957e+02 3.144613658469694428e+02 1.765407159568019024e-01 8.790337337722476150e+02 4.310223759150589777e-27 3.273995254071980198e-27 2.115525397974131558e-27 3.232403922855166534e-01 3.556669672101414446e-27 1.000000000000000000e+00 0.000000000000000000e+00 0.000000000000000000e+00 0.000000000000000000e+00 1.000000000000000000e+00 1.000000000000000000e+10 0.000000000000000000e+00 0.000000000000000000e+00 0.000000000000000000e+00 1.000000000000000000e+10
2.080351397048574025e-01 6.699270712231274274e+02 3.028152071164111021e+02 2.272014797067744780e+02 1.701415391110815689e-01 6.350173127410098459e+02 2.962284186405969960e-27 2.124994103319996372e-27 1.370055535439098058e-27 3.315195942692282238e-01 2.308476953900182610e-27 1.000000000000000000e+00 0.000000000000000000e+00 0.000000000000000000e+00 0.000000000000000000e+00 1.000000000000000000e+00 1.000000000000000000e+10 0.000000000000000000e+00 0.000000000000000000e+00 0.000000000000000000e+00 1.000000000000000000e+10
2.399246661262133540e-01 4.973127353447646328e+02 2.155649134270317973e+02 1.628653690724569287e+02 1.744345736036842232e-01 4.645875830965823070e+02 2.079028457069980796e-27 1.456842656680746385e-27 9.359780992861842374e-28 3.502607246827302845e-01 1.554125948150020956e-27 1.000000000000000000e+00 0.000000000000000000e+00 0.000000000000000000e+00 0.000000000000000000e+00 1.000000000000000000e+00 1.000000000000000000e+10 0.000000000000000000e+00 0.000000000000000000e+00 0.000000000000000000e+00 1.000000000000000000e+10
2.767025104385807399e-01 3.742520427683051594e+02 1.614398122293624169e+02 1.160482796181909464e+02 1.931863347876288939e-01 3.335551559915162443e+02 1.490844744685895464e-27 1.163673684345044182e-27 6.822805518323346098e-28 3.839384292475300775e-01 1.059706326820501584e-27 1.000000000000000000e+00 0.000000000000000000e+00 0.000000000000000000e+00 0.000000000000000000e+00 1.000000000000000000e+00 1.000000000000000000e+10 0.000000000000000000e+00 0.000000000000000000e+00 0.000000000000000000e+00 1.000000000000000000e+10
3.191179986585286343e-01 2.705707014050706789e+02 1.296831710282022243e+02 8.102288902391669012e+01 1.964329309305949400e-01 2.348755408860211276e+02 1.103495132634684253e-27 9.674764413581240995e-28 3.707802745925531204e-28 4.186928400154981134e-01 6.104716005964726615e-28 1.000000000000000000e+00 0.000000000000000000e+00 0.000000000000000000e+00 0.000000000000000000e+00 1.000000000000000000e+00 1.000000000000000000e+10 0.000000000000000000e+00 0.000000000000000000e+00 0.000000000000000000e+00 1.000000000000000000e+10
3.680353203388414540e-01 1.990733866627886073e+02 1.011080347851693091e+02 5.243948400439032298e+01 2.061133008989737836e-01 1.642233376275139562e+02 8.741011360817594553e-28 7.666147844745714607e-28 2.559407499290924778e-28 4.548832960578729212e-01 4.076207026287505598e-28 1.000000000000000000e+00 0.000000000000000000e+00 0.000000000000000000e+00 0.000000000000000000e+00 1.000000000000000000e+00 1.000000000000000000e+10 0.000000000000000000e+00 0.000000000000000000e+00 0.000000000000000000e+00 1.000000000000000000e+10
4.244511359005219142e-01 1.529303448916218713e+02 8.658307148764994565e+01 4.392488441051413872e+01 2.200270398380112791e-01 1.245886263473981472e+02 7.394778321507752850e-28 6.319634621481956794e-28 1.606666104252766315e-28 4.914183961674477019e-01 2.618442154510156383e-28 1.000000000000000000e+00 0.000000000000000000e+00 0.000000000000000000e+00 0.000000000000000000e+00 1.000000000000000000e+00 1.000000000000000000e+10 0.000000000000000000e+00 0.000000000000000000e+00 0.000000000000000000e+00 1.000000000000000000e+10
4.895148829774688681e-01 1.187577736220483473e+02 6.383105266674786549e+01 3.333936825126428971e+01 2.300562934014847849e-01 9.442379615907313450e+01 6.795810695772216032e-28 5.724283482041864219e-28 1.151977886596442062e-28 5.389740497021963117e-01 1.811869987095617766e-28 1.000000000000000000e+00 0.000000000000000000e+00 0.000000000000000000e+00 0.000000000000000000e+00 1.000000000000000000e+00 1.000000000000000000e+10 0.000000000000000000e+00 0.000000000000000000e+00 0.000000000000000000e+00 1.000000000000000000e+10
5.645521955031491679e-01 9.940187903997193075e+01 6.751211195630206419e+01 2.719607502829684620e+01 2.573450996682609127e-01 7.284153308818302719e+01 7.170608647956216567e-28 6.027725389739008372e-28 7.705986656896012536e-29 6.177108813457724557e-01 1.224342069682331060e-28 1.000000000000000000e+00 0.000000000000000000e+00 0.000000000000000000e+00 0.000000000000000000e+00 1.000000000000000000e+00 1.000000000000000000e+10 0.000000000000000000e+00 0.000000000000000000e+00 0.000000000000000000e+00 1.000000000000000000e+10
6.510919126887823039e-01 8.924624176514132046e+01 7.948108476651074739e+01 2.182021901097984795e+01 2.945865651342687852e-01 5.798656806959937882e+01 7.210661581788943056e-28 6.117641551261297803e-28 6.376465768162011072e-29 7.017226513304853919e-01 9.274123109130179734e-29 1.000000000000000000e+00 0.000000000000000000e+00 0.000000000000000000e+00 0.000000000000000000e+00 1.000000000000000000e+00 1.000000000000000000e+10 0.000000000000000000e+00 0.000000000000000000e+00 0.000000000000000000e+00 1.000000000000000000e+10
7.508972281844089602e-01 8.072543353631429852e+01 8.184116598869793791e+01 1.882611753641747754e+01 3.210287753850472603e-01 4.843999499035878387e+01 7.276786597802502216e-28 5.408881435502669445e-28 5.460174747646993627e-29 7.646956360691353760e-01 7.528557628777496564e-29 1.000000000000000000e+00 0.000000000000000000e+00 0.000000000000000000e+00 0.000000000000000000e+00 1.000000000000000000e+00 1.000000000000000000e+10 0.000000000000000000e+00 0.000000000000000000e+00 0.000000000000000000e+00 1.000000000000000000e+10
8.660016140678794550e-01 6.589723710938967827e+01 5.516079782633362072e+01 1.720696184924144134e+01 3.031456685374723237e-01 4.298380650484986631e+01 6.018557484608310268e-28 4.648292089960078681e-28 4.980245156527257304e-29 7.745172570278695545e-01 6.665550000203237824e-29 1.000000000000000000e+00 0.000000000000000000e+00 0.000000000000000000e+00 0.000000000000000000e+00 1.000000000000000000e+00 1.000000000000000000e+10 0.000000000000000000e+00 0.000000000000000000e+00 0.000000000000000000e+00 1.000000000000000000e+10
9.987502515910116063e-01 5.599325384914403969e+01 5.032256735800748260e+01 1.551193164939171254e+01 2.948283043072590925e-01 3.822230518651947051e+01 6.509241371940325503e-28 5.538613720390092203e-28 4.568748387124673894e-29 7.954434711615580023e-01 5.799985429649730466e-29 1.000000000000000000e+00 0.000000000000000000e+00 0.000000000000000000e+00 0.000000000000000000e+00 1.000000000000000000e+00 1.000000000000000000e+10 0.000000000000000000e+00 0.000000000000000000e+00 0.000000000000000000e+00 1.000000000000000000e+10
1.151847812808953542e+00 4.981545324199478131e+01 3.865372136102254075e+01 1.578761272756091216e+01 2.969696132017704548e-01 3.568335935986977603e+01 7.191528162710351269e-28 4.459284615030908905e-28 4.693113557311682457e-29 8.156069755240736852e-01 5.678460994180971324e-29 1.000000000000000000e+00 0.000000000000000000e+00 0.000000000000000000e+00 0.000000000000000000e+00 1.000000000000000000e+00 1.000000000000000000e+10 0.000000000000000000e+00 0.000000000000000000e+00 0.000000000000000000e+00 1.000000000000000000e+10
1.328413566614123908e+00 4.726139322083704997e+01 4.082726093905009179e+01 1.460231057896271523e+01 2.967825328014433439e-01 3.292389891310827466e+01 8.554516831325346431e-28 4.828838882194654379e-28 4.203839335304273789e-29 8.102621994367745772e-01 5.206886646248694808e-29 1.000000000000000000e+00 0.000000000000000000e+00 0.000000000000000000e+00 0.000000000000000000e+00 1.000000000000000000e+00 1.000000000000000000e+10 0.000000000000000000e+00 0.000000000000000000e+00 0.000000000000000000e+00 1.000000000000000000e+10
1.532044931926391351e+00 4.417630790888534165e+01 4.294611489855331854e+01 1.233331884821527069e+01 2.936957896146883407e-01 2.987971865304911034e+01 1.029208356031240917e-27 4.097908421204369072e-28 4.776530510771952742e-29 7.904474380222900054e-01 5.852789492194709414e-29 1.000000000000000000e+00 0.000000000000000000e+00 0.000000000000000000e+00 0.000000000000000000e+00 1.000000000000000000e+00 1.000000000000000000e+10 0.000000000000000000e+00 0.000000000000000000e+00 0.000000000000000000e+00 1.000000000000000000e+10
1.766890772896739126e+00 3.825955957574309707e+01 2.430611018546169078e+01 1.331292080786356635e+01 2.673048885389179841e-01 2.930275841300326789e+01 7.651107439583121205e-28 2.840603043741298671e-28 4.896875926871961376e-29 7.453142641059489204e-01 5.961994058537450403e-29 1.000000000000000000e+00 0.000000000000000000e+00 0.000000000000000000e+00 0.000000000000000000e+00 1.000000000000000000e+00 1.000000000000000000e+10 0.000000000000000000e+00 0.000000000000000000e+00 0.000000000000000000e+00 1.000000000000000000e+10
2.037735929469222107e+00 3.293856841566753246e+01 2.477038436824038214e+01 1.080881672382503389e+01 2.455182366471941879e-01 2.645985942441519612e+01 3.776134571347212413e-28 2.240539581078901660e-28 4.046770587212155406e-29 6.963153117735895181e-01 5.221876373059964126e-29 1.000000000000000000e+00 0.000000000000000000e+00 0.000000000000000000e+00 0.000000000000000000e+00 1.000000000000000000e+00 1.000000000000000000e+10 0.000000000000000000e+00 0.000000000000000000e+00 0.000000000000000000e+00 1.000000000000000000e+10
2.350098705559579226e+00 3.082595174707752861e+01 2.620283012732637928e+01 7.983946317407735194e+00 2.375582969289875002e-01 2.375541396340405953e+01 2.817090692638442319e-28 2.170279777143776742e-28 4.752958439164426987e-29 6.666241230287136554e-01 6.174434186328529986e-29 1.000000000000000000e+00 0.000000000000000000e+00 0.000000000000000000e+00 0.000000000000000000e+00 1.000000000000000000e+00 1.000000000000000000e+10 0.000000000000000000e+00 0.000000000000000000e+00 0.000000000000000000e+00 1.000000000000000000e+10
