# R (Mpc), mean rho (Msol/kpc^3), errup (Msol/kpc^3), errlow, std, median rho (Msol/kpc^3), mean pth (Msol/kpc/s^2), errup(Msol/kpc/s^2), errlow, std, median pth (Msol/kpc/s^2), mean gas-mass-weighted metal (fraction), errup, errlow, std, median metal, mean gas-mass-weighted temp (K), errup, errlow, std, median temp  
#  nprofs 197, mean mh 211075960774.280853, median mh 200233521999.358551 
#  Mass range 11.00 - 11.5
1.040961082911032697e-02 2.252178935912459565e+05 1.321956338113054808e+05 8.928723604543425608e+04 2.568621468813055420e-01 1.984879226486978878e+05 1.033969551043662511e-25 1.679899416672635153e-25 1.931262992481523046e-26 4.869446747615681081e-01 3.681538438272675165e-26 1.000000000000000000e+00 0.000000000000000000e+00 0.000000000000000000e+00 0.000000000000000000e+00 1.000000000000000000e+00 1.000000000000000000e+10 0.000000000000000000e+00 0.000000000000000000e+00 0.000000000000000000e+00 1.000000000000000000e+10
1.200529105910367808e-02 1.775342900654794648e+05 1.160804650392668555e+05 7.103720946125793853e+04 2.555090562746975547e-01 1.542122561330805765e+05 9.544225663521640394e-26 1.238721461925655436e-25 2.233087836314845281e-26 4.650302962706597265e-01 4.029892886236029285e-26 1.000000000000000000e+00 0.000000000000000000e+00 0.000000000000000000e+00 0.000000000000000000e+00 1.000000000000000000e+00 1.000000000000000000e+10 0.000000000000000000e+00 0.000000000000000000e+00 0.000000000000000000e+00 1.000000000000000000e+10
1.384557172980430476e-02 1.329973412540478166e+05 8.485381754343504144e+04 6.357826872360709240e+04 2.531915985685469495e-01 1.211001049491642771e+05 8.581847146756661082e-26 1.229433938247180297e-25 2.891327122635031639e-26 4.557768687052454193e-01 4.539711891533514799e-26 1.000000000000000000e+00 0.000000000000000000e+00 0.000000000000000000e+00 0.000000000000000000e+00 1.000000000000000000e+00 1.000000000000000000e+10 0.000000000000000000e+00 0.000000000000000000e+00 0.000000000000000000e+00 1.000000000000000000e+10
1.596794743096121086e-02 9.779573885562973737e+04 6.739186620396497892e+04 4.216711031564878795e+04 2.598096363102339601e-01 8.809359970434883144e+04 7.470440113398431431e-26 7.067578293583495209e-26 3.330550999158330304e-26 3.929068159621412759e-01 5.142372272236922648e-26 1.000000000000000000e+00 0.000000000000000000e+00 0.000000000000000000e+00 0.000000000000000000e+00 1.000000000000000000e+00 1.000000000000000000e+10 0.000000000000000000e+00 0.000000000000000000e+00 0.000000000000000000e+00 1.000000000000000000e+10
1.841566026551830909e-02 6.878804150415386539e+04 4.807688448137884552e+04 3.582773821144370595e+04 2.884625575650396900e-01 6.369292664182919543e+04 6.073168083184748384e-26 5.153546729251798738e-26 2.759010624402478710e-26 3.447529412159365814e-01 4.654972482527644540e-26 1.000000000000000000e+00 0.000000000000000000e+00 0.000000000000000000e+00 0.000000000000000000e+00 1.000000000000000000e+00 1.000000000000000000e+10 0.000000000000000000e+00 0.000000000000000000e+00 0.000000000000000000e+00 1.000000000000000000e+10
2.123858088093512342e-02 4.639824096805914451e+04 4.022284042624072026e+04 1.854845621537978877e+04 2.896053153113527512e-01 3.930403531495031348e+04 4.994846381235690854e-26 4.433968481274556560e-26 1.863026655941206496e-26 3.363638537810799134e-01 3.480721900880384473e-26 1.000000000000000000e+00 0.000000000000000000e+00 0.000000000000000000e+00 0.000000000000000000e+00 1.000000000000000000e+00 1.000000000000000000e+10 0.000000000000000000e+00 0.000000000000000000e+00 0.000000000000000000e+00 1.000000000000000000e+10
2.449422455303571639e-02 3.111351222082072854e+04 2.638729125324300549e+04 1.085750949629020215e+04 2.716028470636224768e-01 2.439994686242365424e+04 4.209199923924176030e-26 2.967660553815183707e-26 1.551966299470935104e-26 3.048110093167126222e-01 3.234365905901236270e-26 1.000000000000000000e+00 0.000000000000000000e+00 0.000000000000000000e+00 0.000000000000000000e+00 1.000000000000000000e+00 1.000000000000000000e+10 0.000000000000000000e+00 0.000000000000000000e+00 0.000000000000000000e+00 1.000000000000000000e+10
2.824892302447100725e-02 2.113967013932624832e+04 1.619321786102079932e+04 8.566451644945296721e+03 2.619862229384182783e-01 1.804571188984610490e+04 3.453994410897273740e-26 2.730524910842812648e-26 1.157687304236423908e-26 2.757582193952172189e-01 2.669136327971084982e-26 1.000000000000000000e+00 0.000000000000000000e+00 0.000000000000000000e+00 0.000000000000000000e+00 1.000000000000000000e+00 1.000000000000000000e+10 0.000000000000000000e+00 0.000000000000000000e+00 0.000000000000000000e+00 1.000000000000000000e+10
3.257917597328415654e-02 1.379982224611961101e+04 9.522781458338937227e+03 4.444988389914539766e+03 2.501199029592056644e-01 1.114641478232627196e+04 2.645947514651366809e-26 2.003218653876476699e-26 8.005140643468203763e-27 2.528008962968406048e-01 2.063308076615600287e-26 1.000000000000000000e+00 0.000000000000000000e+00 0.000000000000000000e+00 0.000000000000000000e+00 1.000000000000000000e+00 1.000000000000000000e+10 0.000000000000000000e+00 0.000000000000000000e+00 0.000000000000000000e+00 1.000000000000000000e+10
3.757320964692217186e-02 9.384024350655388844e+03 5.637701024194218917e+03 3.260882543864645413e+03 2.300299176509181254e-01 8.215182144367487126e+03 2.200372543950083915e-26 1.832521215271993559e-26 6.515507378826219662e-27 2.501868035314177008e-01 1.728349616898133365e-26 1.000000000000000000e+00 0.000000000000000000e+00 0.000000000000000000e+00 0.000000000000000000e+00 1.000000000000000000e+00 1.000000000000000000e+10 0.000000000000000000e+00 0.000000000000000000e+00 0.000000000000000000e+00 1.000000000000000000e+10
4.333277441790538143e-02 6.340154419124070046e+03 3.004456348853429517e+03 2.474482501453038822e+03 2.015381148685229662e-01 5.938116211280081188e+03 1.791622409629255067e-26 1.110390142638030409e-26 6.093566917150759348e-27 2.254452481689603327e-01 1.526039860396522985e-26 1.000000000000000000e+00 0.000000000000000000e+00 0.000000000000000000e+00 0.000000000000000000e+00 1.000000000000000000e+00 1.000000000000000000e+10 0.000000000000000000e+00 0.000000000000000000e+00 0.000000000000000000e+00 1.000000000000000000e+10
4.997521788524898756e-02 4.557858631194333611e+03 2.336213280058638702e+03 1.389036978628719226e+03 1.838519719563826149e-01 4.101155902241158401e+03 1.437834714419491715e-26 8.727610018068626164e-27 5.456907363017029108e-27 2.166351416323296364e-01 1.270896031741582000e-26 1.000000000000000000e+00 0.000000000000000000e+00 0.000000000000000000e+00 0.000000000000000000e+00 1.000000000000000000e+00 1.000000000000000000e+10 0.000000000000000000e+00 0.000000000000000000e+00 0.000000000000000000e+00 1.000000000000000000e+10
5.763587575980636674e-02 3.530620498010081974e+03 1.295138645020661897e+03 1.167261446722558958e+03 1.633385951782170553e-01 3.378281421695491190e+03 1.184109997742388045e-26 6.975598515987769190e-27 4.398393703468073969e-27 2.131748768841949804e-01 1.047904945006429403e-26 1.000000000000000000e+00 0.000000000000000000e+00 0.000000000000000000e+00 0.000000000000000000e+00 1.000000000000000000e+00 1.000000000000000000e+10 0.000000000000000000e+00 0.000000000000000000e+00 0.000000000000000000e+00 1.000000000000000000e+10
6.647082924635627776e-02 2.846845530474503903e+03 1.348887083323118986e+03 8.019550612044070022e+02 1.657394306672504425e-01 2.580353880488282812e+03 9.486737649460131976e-27 5.583488236122570128e-27 3.398973015932202494e-27 2.164489013985692600e-01 8.293504357444407346e-27 1.000000000000000000e+00 0.000000000000000000e+00 0.000000000000000000e+00 0.000000000000000000e+00 1.000000000000000000e+00 1.000000000000000000e+10 0.000000000000000000e+00 0.000000000000000000e+00 0.000000000000000000e+00 1.000000000000000000e+10
7.666008510240249207e-02 2.145266083146077108e+03 9.082528857413917649e+02 6.245097300929276116e+02 1.620611047628414680e-01 2.007452545335183004e+03 7.265131798054776418e-27 4.270006329039950131e-27 2.594896509945846334e-27 2.290265245866982546e-01 6.309060712387777419e-27 1.000000000000000000e+00 0.000000000000000000e+00 0.000000000000000000e+00 0.000000000000000000e+00 1.000000000000000000e+00 1.000000000000000000e+10 0.000000000000000000e+00 0.000000000000000000e+00 0.000000000000000000e+00 1.000000000000000000e+10
8.841124316543315376e-02 1.712049027958374154e+03 7.474827252758941540e+02 5.116593114339927979e+02 1.674514775101748620e-01 1.574755111453147038e+03 5.605101846718734715e-27 3.492514076917654723e-27 1.907979039453005016e-27 2.431908408354786499e-01 4.633528912538050978e-27 1.000000000000000000e+00 0.000000000000000000e+00 0.000000000000000000e+00 0.000000000000000000e+00 1.000000000000000000e+00 1.000000000000000000e+10 0.000000000000000000e+00 0.000000000000000000e+00 0.000000000000000000e+00 1.000000000000000000e+10
1.019637260722580097e-01 1.296276937108726543e+03 5.862969560856988664e+02 3.545072056369891698e+02 1.581081044181006923e-01 1.209664064691984095e+03 4.204379970096762266e-27 2.592124951491298166e-27 1.476589404231685778e-27 2.576249483259524520e-01 3.451573007753322858e-27 1.000000000000000000e+00 0.000000000000000000e+00 0.000000000000000000e+00 0.000000000000000000e+00 1.000000000000000000e+00 1.000000000000000000e+10 0.000000000000000000e+00 0.000000000000000000e+00 0.000000000000000000e+00 1.000000000000000000e+10
1.175936573483598035e-01 1.005484738007753663e+03 4.214708867269155235e+02 2.702881363230153511e+02 1.625463129782368787e-01 9.130692289695230102e+02 3.159451165631346545e-27 2.224962778738362735e-27 1.147887792127228276e-27 2.758265294074205842e-01 2.443828136741113410e-27 1.000000000000000000e+00 0.000000000000000000e+00 0.000000000000000000e+00 0.000000000000000000e+00 1.000000000000000000e+00 1.000000000000000000e+10 0.000000000000000000e+00 0.000000000000000000e+00 0.000000000000000000e+00 1.000000000000000000e+10
1.356194872553388164e-01 7.817778769000841521e+02 3.499562183979070369e+02 2.032273817875762347e+02 1.622290120186566931e-01 7.011265615466589907e+02 2.396704065102769278e-27 1.837746957449972517e-27 7.762905944140600035e-28 2.949758959878133746e-01 1.741431495920092354e-27 1.000000000000000000e+00 0.000000000000000000e+00 0.000000000000000000e+00 0.000000000000000000e+00 1.000000000000000000e+00 1.000000000000000000e+10 0.000000000000000000e+00 0.000000000000000000e+00 0.000000000000000000e+00 1.000000000000000000e+10
1.564084810196403053e-01 5.933407802755331204e+02 2.715871818229098835e+02 1.453646068887060210e+02 1.533519811573659519e-01 5.403132537091073573e+02 1.789864545418437835e-27 1.294597490339461822e-27 5.646181523088243189e-28 3.103135477220755334e-01 1.214015723286944986e-27 1.000000000000000000e+00 0.000000000000000000e+00 0.000000000000000000e+00 0.000000000000000000e+00 1.000000000000000000e+00 1.000000000000000000e+10 0.000000000000000000e+00 0.000000000000000000e+00 0.000000000000000000e+00 1.000000000000000000e+10
1.803842016362447453e-01 4.520915930269261480e+02 2.022421215460984172e+02 1.090134932760420838e+02 1.524416715327392702e-01 4.076574088474116593e+02 1.368674062087877763e-27 1.112831336544912975e-27 3.921987403040495594e-28 3.364552727921638065e-01 8.366503552405024865e-28 1.000000000000000000e+00 0.000000000000000000e+00 0.000000000000000000e+00 0.000000000000000000e+00 1.000000000000000000e+00 1.000000000000000000e+10 0.000000000000000000e+00 0.000000000000000000e+00 0.000000000000000000e+00 1.000000000000000000e+10
2.080351397048574025e-01 3.529197939852380159e+02 1.513845824162327176e+02 1.030527436431398769e+02 1.714948180972479252e-01 3.194388838590138562e+02 1.073773752855901618e-27 8.166803303537628500e-28 2.870419788545427998e-28 3.755035298541076760e-01 5.791103652906605726e-28 1.000000000000000000e+00 0.000000000000000000e+00 0.000000000000000000e+00 0.000000000000000000e+00 1.000000000000000000e+00 1.000000000000000000e+10 0.000000000000000000e+00 0.000000000000000000e+00 0.000000000000000000e+00 1.000000000000000000e+10
2.399246661262133540e-01 2.782268691143378874e+02 1.251149676730277918e+02 7.724245765769140348e+01 1.832854001707736602e-01 2.397857152478767659e+02 8.754935972515010858e-28 6.412449499332676331e-28 2.131116785841945931e-28 4.123907736988841055e-01 4.050165290748919868e-28 1.000000000000000000e+00 0.000000000000000000e+00 0.000000000000000000e+00 0.000000000000000000e+00 1.000000000000000000e+00 1.000000000000000000e+10 0.000000000000000000e+00 0.000000000000000000e+00 0.000000000000000000e+00 1.000000000000000000e+10
2.767025104385807399e-01 2.159805126407914599e+02 1.060863734738815936e+02 5.329871303875113142e+01 1.977246221787666847e-01 1.805991089295399377e+02 7.258156391280092606e-28 6.422933118522090880e-28 1.500291750069867799e-28 4.575786176563855223e-01 2.797912322751704173e-28 1.000000000000000000e+00 0.000000000000000000e+00 0.000000000000000000e+00 0.000000000000000000e+00 1.000000000000000000e+00 1.000000000000000000e+10 0.000000000000000000e+00 0.000000000000000000e+00 0.000000000000000000e+00 1.000000000000000000e+10
3.191179986585286343e-01 1.713639585906232696e+02 1.022116358240115801e+02 4.395181554329151652e+01 2.093084084727227234e-01 1.373609328095933222e+02 6.335091673357570899e-28 5.250114294211369064e-28 1.106941255629525953e-28 4.986597760128241297e-01 2.035758884429799099e-28 1.000000000000000000e+00 0.000000000000000000e+00 0.000000000000000000e+00 0.000000000000000000e+00 1.000000000000000000e+00 1.000000000000000000e+10 0.000000000000000000e+00 0.000000000000000000e+00 0.000000000000000000e+00 1.000000000000000000e+10
3.680353203388414540e-01 1.380898502486470534e+02 7.782031652909242325e+01 3.542546373286744199e+01 2.230737172588121431e-01 1.084645866102651439e+02 5.595778090334348416e-28 4.341954628213838686e-28 8.524479365666089836e-29 5.392672881192911438e-01 1.478533976981807927e-28 1.000000000000000000e+00 0.000000000000000000e+00 0.000000000000000000e+00 0.000000000000000000e+00 1.000000000000000000e+00 1.000000000000000000e+10 0.000000000000000000e+00 0.000000000000000000e+00 0.000000000000000000e+00 1.000000000000000000e+10
4.244511359005219142e-01 1.192065693579335601e+02 6.913177174496604493e+01 2.537872903165166605e+01 2.503579767018935254e-01 8.384529850005120011e+01 5.323879175489099120e-28 3.436080287283402389e-28 6.591779719215609825e-29 5.870881156077586427e-01 1.095328897636024106e-28 1.000000000000000000e+00 0.000000000000000000e+00 0.000000000000000000e+00 0.000000000000000000e+00 1.000000000000000000e+00 1.000000000000000000e+10 0.000000000000000000e+00 0.000000000000000000e+00 0.000000000000000000e+00 1.000000000000000000e+10
4.895148829774688681e-01 9.567124587767496280e+01 6.166099273657124513e+01 2.519478376701015065e+01 2.636059201328684876e-01 6.912317017604644320e+01 4.953790605312134828e-28 3.033342961929119927e-28 5.388452406864886617e-29 6.396508628910606564e-01 8.426451268602719495e-29 1.000000000000000000e+00 0.000000000000000000e+00 0.000000000000000000e+00 0.000000000000000000e+00 1.000000000000000000e+00 1.000000000000000000e+10 0.000000000000000000e+00 0.000000000000000000e+00 0.000000000000000000e+00 1.000000000000000000e+10
5.645521955031491679e-01 8.555144753559571313e+01 5.845284998835947476e+01 2.033884288893650449e+01 2.958094637029478613e-01 5.431034667758380863e+01 5.066997510478295985e-28 3.236608422649678878e-28 3.803205552177739210e-29 7.025009241139710259e-01 5.910018957175059786e-29 1.000000000000000000e+00 0.000000000000000000e+00 0.000000000000000000e+00 0.000000000000000000e+00 1.000000000000000000e+00 1.000000000000000000e+10 0.000000000000000000e+00 0.000000000000000000e+00 0.000000000000000000e+00 1.000000000000000000e+10
6.510919126887823039e-01 6.957275112178041354e+01 5.190087537511519145e+01 1.639801283089323647e+01 2.985528080816410301e-01 4.519123812896881986e+01 4.433253319170668783e-28 3.089505513646771226e-28 3.852172448474754021e-29 7.426673507683715370e-01 5.341021658097333385e-29 1.000000000000000000e+00 0.000000000000000000e+00 0.000000000000000000e+00 0.000000000000000000e+00 1.000000000000000000e+00 1.000000000000000000e+10 0.000000000000000000e+00 0.000000000000000000e+00 0.000000000000000000e+00 1.000000000000000000e+10
7.508972281844089602e-01 6.006387621162026136e+01 5.459993126923553319e+01 1.379825272976525241e+01 3.003378112699724434e-01 3.780732037345192253e+01 4.329401597532003662e-28 3.477947458535051802e-28 3.002730223616042764e-29 7.891574548628310648e-01 4.223890526331544943e-29 1.000000000000000000e+00 0.000000000000000000e+00 0.000000000000000000e+00 0.000000000000000000e+00 1.000000000000000000e+00 1.000000000000000000e+10 0.000000000000000000e+00 0.000000000000000000e+00 0.000000000000000000e+00 1.000000000000000000e+10
8.660016140678794550e-01 5.552899323627978845e+01 5.987996504160649636e+01 1.425233000222860014e+01 3.210521420610003007e-01 3.503076964093379786e+01 4.100499886454273270e-28 5.057338580726008038e-28 3.412036208667121897e-29 8.445164076947840881e-01 4.318223436096157230e-29 1.000000000000000000e+00 0.000000000000000000e+00 0.000000000000000000e+00 0.000000000000000000e+00 1.000000000000000000e+00 1.000000000000000000e+10 0.000000000000000000e+00 0.000000000000000000e+00 0.000000000000000000e+00 1.000000000000000000e+10
9.987502515910116063e-01 4.997695139198610548e+01 4.490641161239800283e+01 1.625693707066135474e+01 3.233109923169016908e-01 3.401131314945605766e+01 4.101361490779388200e-28 4.363975086605428056e-28 3.562278300955598977e-29 8.763917334958974958e-01 4.314745025904386549e-29 1.000000000000000000e+00 0.000000000000000000e+00 0.000000000000000000e+00 0.000000000000000000e+00 1.000000000000000000e+00 1.000000000000000000e+10 0.000000000000000000e+00 0.000000000000000000e+00 0.000000000000000000e+00 1.000000000000000000e+10
1.151847812808953542e+00 4.640773945887303853e+01 5.372356961654287488e+01 1.430965784378129158e+01 3.253327248912042946e-01 3.081726462707690928e+01 4.249807841941139675e-28 4.329623665467363343e-28 2.877902527694381077e-29 8.804655510544108221e-01 3.574196757716876856e-29 1.000000000000000000e+00 0.000000000000000000e+00 0.000000000000000000e+00 0.000000000000000000e+00 1.000000000000000000e+00 1.000000000000000000e+10 0.000000000000000000e+00 0.000000000000000000e+00 0.000000000000000000e+00 1.000000000000000000e+10
1.328413566614123908e+00 4.188919427735577727e+01 3.348868057698130940e+01 1.424813788889851907e+01 3.087304064422902727e-01 3.026533556971901717e+01 4.619460552190878735e-28 4.119905368976007744e-28 3.686560895963530280e-29 8.589296313863511445e-01 4.401679987497562490e-29 1.000000000000000000e+00 0.000000000000000000e+00 0.000000000000000000e+00 0.000000000000000000e+00 1.000000000000000000e+00 1.000000000000000000e+10 0.000000000000000000e+00 0.000000000000000000e+00 0.000000000000000000e+00 1.000000000000000000e+10
1.532044931926391351e+00 4.055075747694232291e+01 3.619216151277775850e+01 1.434200988532053600e+01 3.104743525755732647e-01 2.918162498073910172e+01 6.830234703892124144e-28 4.848975160348928245e-28 3.589034396469456056e-29 8.787817623043885362e-01 4.261890670937864490e-29 1.000000000000000000e+00 0.000000000000000000e+00 0.000000000000000000e+00 0.000000000000000000e+00 1.000000000000000000e+00 1.000000000000000000e+10 0.000000000000000000e+00 0.000000000000000000e+00 0.000000000000000000e+00 1.000000000000000000e+10
1.766890772896739126e+00 3.825029999758439203e+01 2.854353071580393930e+01 1.296890002657096730e+01 3.016142565841956058e-01 2.721028750262917129e+01 1.061096531656321812e-27 3.632020416087646109e-28 4.585269983198907950e-29 8.766458048701993855e-01 5.269247280729211238e-29 1.000000000000000000e+00 0.000000000000000000e+00 0.000000000000000000e+00 0.000000000000000000e+00 1.000000000000000000e+00 1.000000000000000000e+10 0.000000000000000000e+00 0.000000000000000000e+00 0.000000000000000000e+00 1.000000000000000000e+10
2.037735929469222107e+00 3.806986409896250478e+01 2.770550493477481524e+01 1.339947185977750266e+01 3.045321153793457691e-01 2.689322280761754769e+01 1.450292135350045868e-27 2.901013930156508076e-28 6.032676740125503770e-29 8.705145916798726624e-01 6.637815801657929706e-29 1.000000000000000000e+00 0.000000000000000000e+00 0.000000000000000000e+00 0.000000000000000000e+00 1.000000000000000000e+00 1.000000000000000000e+10 0.000000000000000000e+00 0.000000000000000000e+00 0.000000000000000000e+00 1.000000000000000000e+10
2.350098705559579226e+00 3.322568169954711692e+01 2.138319102208940947e+01 1.278537524306180195e+01 2.870486890516861789e-01 2.588915823439625186e+01 9.073041709309324673e-28 2.732627927659140747e-28 6.088120960874894622e-29 8.794046554650206682e-01 6.761286623323644723e-29 1.000000000000000000e+00 0.000000000000000000e+00 0.000000000000000000e+00 0.000000000000000000e+00 1.000000000000000000e+00 1.000000000000000000e+10 0.000000000000000000e+00 0.000000000000000000e+00 0.000000000000000000e+00 1.000000000000000000e+10
