# R (Mpc), mean rho (Msol/kpc^3), errup (Msol/kpc^3), errlow, std, median rho (Msol/kpc^3), mean pth (Msol/kpc/s^2), errup(Msol/kpc/s^2), errlow, std, median pth (Msol/kpc/s^2), mean gas-mass-weighted metal (fraction), errup, errlow, std, median metal, mean gas-mass-weighted temp (K), errup, errlow, std, median temp  
#  nprofs 147, mean mh 555367762734.091675, median mh 510888461330.540527 
#  Mass range 11.50 - 12.0
1.040961082911032697e-02 5.734552346568497596e+05 2.969831981016533682e+05 2.018911912643931573e+05 2.080818778858544438e-01 5.228747567881903378e+05 3.170370172086446665e-25 3.341577851523899722e-25 6.429834681985533393e-26 4.723174872252202672e-01 1.207097002158420934e-25 1.000000000000000000e+00 0.000000000000000000e+00 0.000000000000000000e+00 0.000000000000000000e+00 1.000000000000000000e+00 1.000000000000000000e+10 0.000000000000000000e+00 0.000000000000000000e+00 0.000000000000000000e+00 1.000000000000000000e+10
1.200529105910367808e-02 4.500108809813283151e+05 2.451059254565984011e+05 1.684621115475941915e+05 2.306391023202521151e-01 4.157369654698211234e+05 2.788427782835787642e-25 3.101100481072205727e-25 7.012115835067586851e-26 4.348618190672010608e-01 1.341873344826486887e-25 1.000000000000000000e+00 0.000000000000000000e+00 0.000000000000000000e+00 0.000000000000000000e+00 1.000000000000000000e+00 1.000000000000000000e+10 0.000000000000000000e+00 0.000000000000000000e+00 0.000000000000000000e+00 1.000000000000000000e+10
1.384557172980430476e-02 3.393688978705841582e+05 1.772140967439686647e+05 1.260602348135767388e+05 2.351756171302638587e-01 3.000817299497218337e+05 2.727710061277386083e-25 3.321889752947799549e-25 1.030747050251729067e-25 4.295430467362374438e-01 1.669796972343082278e-25 1.000000000000000000e+00 0.000000000000000000e+00 0.000000000000000000e+00 0.000000000000000000e+00 1.000000000000000000e+00 1.000000000000000000e+10 0.000000000000000000e+00 0.000000000000000000e+00 0.000000000000000000e+00 1.000000000000000000e+10
1.596794743096121086e-02 2.320639089410158049e+05 1.209854275356036669e+05 9.554501628386053198e+04 2.423517511725553353e-01 2.115394683304049831e+05 3.112550830596368703e-25 3.081763081020236715e-25 1.427221732853260205e-25 4.028956010513231600e-01 2.166396945155616662e-25 1.000000000000000000e+00 0.000000000000000000e+00 0.000000000000000000e+00 0.000000000000000000e+00 1.000000000000000000e+00 1.000000000000000000e+10 0.000000000000000000e+00 0.000000000000000000e+00 0.000000000000000000e+00 1.000000000000000000e+10
1.841566026551830909e-02 1.597524120731942821e+05 1.126081115281879611e+05 7.207964444551737688e+04 2.671632746260933500e-01 1.403521777181889920e+05 2.783366883108273724e-25 2.329904071467841392e-25 1.128330736412286450e-25 3.633193240528429513e-01 2.059737567389120790e-25 1.000000000000000000e+00 0.000000000000000000e+00 0.000000000000000000e+00 0.000000000000000000e+00 1.000000000000000000e+00 1.000000000000000000e+10 0.000000000000000000e+00 0.000000000000000000e+00 0.000000000000000000e+00 1.000000000000000000e+10
2.123858088093512342e-02 1.070338169109386072e+05 7.613436029617841996e+04 5.077980630567035405e+04 2.699021372736194468e-01 9.626658352572361764e+04 2.344702558483420402e-25 2.348262214672416177e-25 8.714750829124380310e-26 3.524740926792150897e-01 1.617428936366885053e-25 1.000000000000000000e+00 0.000000000000000000e+00 0.000000000000000000e+00 0.000000000000000000e+00 1.000000000000000000e+00 1.000000000000000000e+10 0.000000000000000000e+00 0.000000000000000000e+00 0.000000000000000000e+00 1.000000000000000000e+10
2.449422455303571639e-02 6.975400443051778711e+04 4.422986693544076843e+04 2.708250061970621027e+04 2.523291215770950835e-01 5.926108237733058195e+04 2.093236221669041764e-25 1.681330291424185153e-25 1.089518200322449961e-25 3.386781035479095037e-01 1.693614067258580336e-25 1.000000000000000000e+00 0.000000000000000000e+00 0.000000000000000000e+00 0.000000000000000000e+00 1.000000000000000000e+00 1.000000000000000000e+10 0.000000000000000000e+00 0.000000000000000000e+00 0.000000000000000000e+00 1.000000000000000000e+10
2.824892302447100725e-02 4.622021816792873142e+04 3.302671041441255511e+04 1.716077672048746899e+04 2.359032559416463504e-01 3.989297486079225928e+04 1.678591726680235729e-25 1.628677178672194287e-25 6.488025400669809688e-26 3.251259230913687293e-01 1.282727376685933828e-25 1.000000000000000000e+00 0.000000000000000000e+00 0.000000000000000000e+00 0.000000000000000000e+00 1.000000000000000000e+00 1.000000000000000000e+10 0.000000000000000000e+00 0.000000000000000000e+00 0.000000000000000000e+00 1.000000000000000000e+10
3.257917597328415654e-02 3.214007171121929059e+04 1.982568224075407124e+04 9.770405132676438370e+03 2.190249705820474513e-01 2.767215361366187790e+04 1.377774009117913615e-25 1.090792868402148192e-25 5.099247966529626183e-26 3.079125740618978146e-01 1.043892617339712044e-25 1.000000000000000000e+00 0.000000000000000000e+00 0.000000000000000000e+00 0.000000000000000000e+00 1.000000000000000000e+00 1.000000000000000000e+10 0.000000000000000000e+00 0.000000000000000000e+00 0.000000000000000000e+00 1.000000000000000000e+10
3.757320964692217186e-02 2.293155731095095325e+04 1.165923209200517886e+04 8.238324306951422841e+03 2.163263673892285022e-01 2.085950769729114108e+04 1.109844609785417208e-25 8.823049345593118876e-26 3.815640508051297347e-26 3.026413009400021892e-01 8.069608056415490731e-26 1.000000000000000000e+00 0.000000000000000000e+00 0.000000000000000000e+00 0.000000000000000000e+00 1.000000000000000000e+00 1.000000000000000000e+10 0.000000000000000000e+00 0.000000000000000000e+00 0.000000000000000000e+00 1.000000000000000000e+10
4.333277441790538143e-02 1.668918847318511689e+04 7.671440776197059677e+03 5.038058913836815918e+03 1.948081762263721983e-01 1.474491303020502346e+04 8.923496857163309026e-26 6.809768944814752688e-26 3.307938937274334497e-26 2.802395004399336753e-01 7.031982484240181119e-26 1.000000000000000000e+00 0.000000000000000000e+00 0.000000000000000000e+00 0.000000000000000000e+00 1.000000000000000000e+00 1.000000000000000000e+10 0.000000000000000000e+00 0.000000000000000000e+00 0.000000000000000000e+00 1.000000000000000000e+10
4.997521788524898756e-02 1.209205938918238280e+04 5.841566326027603282e+03 3.546980150052204408e+03 1.835689969112431208e-01 1.089250949835220126e+04 7.226496682923977581e-26 5.024075953285841952e-26 3.279539378053295585e-26 2.814144990706495264e-01 6.076191462195798727e-26 1.000000000000000000e+00 0.000000000000000000e+00 0.000000000000000000e+00 0.000000000000000000e+00 1.000000000000000000e+00 1.000000000000000000e+10 0.000000000000000000e+00 0.000000000000000000e+00 0.000000000000000000e+00 1.000000000000000000e+10
5.763587575980636674e-02 9.223156718576419735e+03 3.914769806367721685e+03 3.179822980507713510e+03 1.841044709740026764e-01 8.524250914309264772e+03 5.708894721180088968e-26 4.523330112236618738e-26 2.316992337619100429e-26 2.765413401815791650e-01 4.562828582233713819e-26 1.000000000000000000e+00 0.000000000000000000e+00 0.000000000000000000e+00 0.000000000000000000e+00 1.000000000000000000e+00 1.000000000000000000e+10 0.000000000000000000e+00 0.000000000000000000e+00 0.000000000000000000e+00 1.000000000000000000e+10
6.647082924635627776e-02 7.043302347847520650e+03 3.308651997502847735e+03 2.385809851547241124e+03 1.871042340074242083e-01 6.341556726513574176e+03 4.550405866673675330e-26 3.666445836473523489e-26 1.916241984774252227e-26 2.801145714104297246e-01 3.687876315978387023e-26 1.000000000000000000e+00 0.000000000000000000e+00 0.000000000000000000e+00 0.000000000000000000e+00 1.000000000000000000e+00 1.000000000000000000e+10 0.000000000000000000e+00 0.000000000000000000e+00 0.000000000000000000e+00 1.000000000000000000e+10
7.666008510240249207e-02 5.458595060088481659e+03 2.648934763055231997e+03 1.847889939480658995e+03 1.809170598805199259e-01 5.110505629200035401e+03 3.574203326632069481e-26 2.996089550258682362e-26 1.594933241303764557e-26 2.901251919438468385e-01 2.910536417676373311e-26 1.000000000000000000e+00 0.000000000000000000e+00 0.000000000000000000e+00 0.000000000000000000e+00 1.000000000000000000e+00 1.000000000000000000e+10 0.000000000000000000e+00 0.000000000000000000e+00 0.000000000000000000e+00 1.000000000000000000e+10
8.841124316543315376e-02 4.246183376565308208e+03 2.277287814351499946e+03 1.379920051857571252e+03 1.809495155407170874e-01 3.874129863292576374e+03 2.736618899090954274e-26 2.295202759400123195e-26 1.128030555007057091e-26 2.911770105571921397e-01 2.205249119409999251e-26 1.000000000000000000e+00 0.000000000000000000e+00 0.000000000000000000e+00 0.000000000000000000e+00 1.000000000000000000e+00 1.000000000000000000e+10 0.000000000000000000e+00 0.000000000000000000e+00 0.000000000000000000e+00 1.000000000000000000e+10
1.019637260722580097e-01 3.448388953956775367e+03 1.898169992648022799e+03 1.055789756134669688e+03 1.940026763860085435e-01 3.021994942304811502e+03 2.064914894927457283e-26 1.708938216764244913e-26 8.560104750715729259e-27 3.016266443960923804e-01 1.671085122985167805e-26 1.000000000000000000e+00 0.000000000000000000e+00 0.000000000000000000e+00 0.000000000000000000e+00 1.000000000000000000e+00 1.000000000000000000e+10 0.000000000000000000e+00 0.000000000000000000e+00 0.000000000000000000e+00 1.000000000000000000e+10
1.175936573483598035e-01 2.560841267497850367e+03 1.370458063119455801e+03 8.444548319178179554e+02 1.847218534253848576e-01 2.336968084416560941e+03 1.491006865412280258e-26 1.268248129173931643e-26 5.723131605482275504e-27 3.050243893037477005e-01 1.145658236564974865e-26 1.000000000000000000e+00 0.000000000000000000e+00 0.000000000000000000e+00 0.000000000000000000e+00 1.000000000000000000e+00 1.000000000000000000e+10 0.000000000000000000e+00 0.000000000000000000e+00 0.000000000000000000e+00 1.000000000000000000e+10
1.356194872553388164e-01 1.918837396798580585e+03 9.678976708476868680e+02 5.021415735707107615e+02 1.731272979760793140e-01 1.729304004930820838e+03 1.055844731876243428e-26 9.802021387671532312e-27 4.337976283050759127e-27 3.068410374306151933e-01 8.238930795392646800e-27 1.000000000000000000e+00 0.000000000000000000e+00 0.000000000000000000e+00 0.000000000000000000e+00 1.000000000000000000e+00 1.000000000000000000e+10 0.000000000000000000e+00 0.000000000000000000e+00 0.000000000000000000e+00 1.000000000000000000e+10
1.564084810196403053e-01 1.446222366204239506e+03 7.329326989653575311e+02 4.143206530194830748e+02 1.771718055072205589e-01 1.305243940787775500e+03 7.243350789375811712e-27 6.811018978186341938e-27 2.568761560825191025e-27 3.095685380975328749e-01 5.445054710111201368e-27 1.000000000000000000e+00 0.000000000000000000e+00 0.000000000000000000e+00 0.000000000000000000e+00 1.000000000000000000e+00 1.000000000000000000e+10 0.000000000000000000e+00 0.000000000000000000e+00 0.000000000000000000e+00 1.000000000000000000e+10
1.803842016362447453e-01 1.071369857839740234e+03 5.873366745782832368e+02 2.511253886940398843e+02 1.764220938658655202e-01 9.461556352682162014e+02 4.881172606631979010e-27 4.599709811821764017e-27 1.656381136215581536e-27 3.091680727512159943e-01 3.698364561875607426e-27 1.000000000000000000e+00 0.000000000000000000e+00 0.000000000000000000e+00 0.000000000000000000e+00 1.000000000000000000e+00 1.000000000000000000e+10 0.000000000000000000e+00 0.000000000000000000e+00 0.000000000000000000e+00 1.000000000000000000e+10
2.080351397048574025e-01 7.834469740451473854e+02 3.933601727739378475e+02 1.938263038216623499e+02 1.734685307819014699e-01 7.032250933299744702e+02 3.323613167473026340e-27 3.058690008115177439e-27 1.305327576119369237e-27 3.163435579675380471e-01 2.599810641559578269e-27 1.000000000000000000e+00 0.000000000000000000e+00 0.000000000000000000e+00 0.000000000000000000e+00 1.000000000000000000e+00 1.000000000000000000e+10 0.000000000000000000e+00 0.000000000000000000e+00 0.000000000000000000e+00 1.000000000000000000e+10
2.399246661262133540e-01 5.708882292128353129e+02 2.679691765779291472e+02 1.361284580250044769e+02 1.677895009175743024e-01 5.176517377756524638e+02 2.254566527111797855e-27 2.130528995527363364e-27 7.321168522587038733e-28 3.202588721120581128e-01 1.605050335625003411e-27 1.000000000000000000e+00 0.000000000000000000e+00 0.000000000000000000e+00 0.000000000000000000e+00 1.000000000000000000e+00 1.000000000000000000e+10 0.000000000000000000e+00 0.000000000000000000e+00 0.000000000000000000e+00 1.000000000000000000e+10
2.767025104385807399e-01 4.241233199214242973e+02 2.164984919454905139e+02 1.025487784228425312e+02 1.753912281316216959e-01 3.698403774273906492e+02 1.562872971632106598e-27 1.606354424649077468e-27 5.718783610018865571e-28 3.376838450982538320e-01 1.110773085209717578e-27 1.000000000000000000e+00 0.000000000000000000e+00 0.000000000000000000e+00 0.000000000000000000e+00 1.000000000000000000e+00 1.000000000000000000e+10 0.000000000000000000e+00 0.000000000000000000e+00 0.000000000000000000e+00 1.000000000000000000e+10
3.191179986585286343e-01 3.112827331923737688e+02 1.515844450690930785e+02 7.062134293611862290e+01 1.844297050150129069e-01 2.650936361244628756e+02 1.103817936455025034e-27 1.079800570603327909e-27 3.512222820477234498e-28 3.590276427912579282e-01 6.908327067176443768e-28 1.000000000000000000e+00 0.000000000000000000e+00 0.000000000000000000e+00 0.000000000000000000e+00 1.000000000000000000e+00 1.000000000000000000e+10 0.000000000000000000e+00 0.000000000000000000e+00 0.000000000000000000e+00 1.000000000000000000e+10
3.680353203388414540e-01 2.311637408135086105e+02 1.301098481281493946e+02 5.538307205727704741e+01 1.829960841170395480e-01 1.983256511383553402e+02 8.339055679186188605e-28 8.475977958730573984e-28 2.150625056842192820e-28 3.892656885860301119e-01 4.322623980974019812e-28 1.000000000000000000e+00 0.000000000000000000e+00 0.000000000000000000e+00 0.000000000000000000e+00 1.000000000000000000e+00 1.000000000000000000e+10 0.000000000000000000e+00 0.000000000000000000e+00 0.000000000000000000e+00 1.000000000000000000e+10
4.244511359005219142e-01 1.682009376905610054e+02 9.169908869774636173e+01 4.408133146258472834e+01 1.847722097868647606e-01 1.451464975595816327e+02 6.613435234280120320e-28 5.712831511938299821e-28 1.759476654613824038e-28 4.272989815301150851e-01 3.136263550283120722e-28 1.000000000000000000e+00 0.000000000000000000e+00 0.000000000000000000e+00 0.000000000000000000e+00 1.000000000000000000e+00 1.000000000000000000e+10 0.000000000000000000e+00 0.000000000000000000e+00 0.000000000000000000e+00 1.000000000000000000e+10
4.895148829774688681e-01 1.381074328080433418e+02 7.538775824331440845e+01 3.147401105771105279e+01 2.151012236121846721e-01 1.083372302128793478e+02 5.975160983372630224e-28 4.804848669980250411e-28 9.869595838371107694e-29 4.807521120508436718e-01 1.937614424934691680e-28 1.000000000000000000e+00 0.000000000000000000e+00 0.000000000000000000e+00 0.000000000000000000e+00 1.000000000000000000e+00 1.000000000000000000e+10 0.000000000000000000e+00 0.000000000000000000e+00 0.000000000000000000e+00 1.000000000000000000e+10
5.645521955031491679e-01 1.096937784010698778e+02 6.268994069742964825e+01 2.192553595568227109e+01 2.199587625871641805e-01 8.277215157143413649e+01 5.389513302722073437e-28 4.016795855351983793e-28 7.807714579235217670e-29 5.195963638119257544e-01 1.403719229468421869e-28 1.000000000000000000e+00 0.000000000000000000e+00 0.000000000000000000e+00 0.000000000000000000e+00 1.000000000000000000e+00 1.000000000000000000e+10 0.000000000000000000e+00 0.000000000000000000e+00 0.000000000000000000e+00 1.000000000000000000e+10
6.510919126887823039e-01 9.182060472484317870e+01 6.273378345772964337e+01 2.610016891623688906e+01 2.309899123633850915e-01 7.358860303806555692e+01 5.179871686810642704e-28 3.730993612939472340e-28 8.698316061022097787e-29 5.747661605154513742e-01 1.255357250212422179e-28 1.000000000000000000e+00 0.000000000000000000e+00 0.000000000000000000e+00 0.000000000000000000e+00 1.000000000000000000e+00 1.000000000000000000e+10 0.000000000000000000e+00 0.000000000000000000e+00 0.000000000000000000e+00 1.000000000000000000e+10
7.508972281844089602e-01 8.303052419384867733e+01 6.266084453326613612e+01 2.160105365798343513e+01 2.679416137078968196e-01 5.972331893567086780e+01 5.425813593033830319e-28 3.599181288199553694e-28 5.800908085242118730e-29 6.447941644556719476e-01 8.793140823481031595e-29 1.000000000000000000e+00 0.000000000000000000e+00 0.000000000000000000e+00 0.000000000000000000e+00 1.000000000000000000e+00 1.000000000000000000e+10 0.000000000000000000e+00 0.000000000000000000e+00 0.000000000000000000e+00 1.000000000000000000e+10
8.660016140678794550e-01 6.955199465033105355e+01 5.005890285086496760e+01 1.840857498265078362e+01 2.619035268110887493e-01 4.942802978491434374e+01 5.439694437532193369e-28 3.183750729209456626e-28 5.113919998701775477e-29 6.786660007617459911e-01 7.295864089676330585e-29 1.000000000000000000e+00 0.000000000000000000e+00 0.000000000000000000e+00 0.000000000000000000e+00 1.000000000000000000e+00 1.000000000000000000e+10 0.000000000000000000e+00 0.000000000000000000e+00 0.000000000000000000e+00 1.000000000000000000e+10
9.987502515910116063e-01 6.042360744989392884e+01 4.686900777795494122e+01 1.636239199931152655e+01 2.709780623136989197e-01 4.252879927602428012e+01 5.771484133220937622e-28 3.724184921367741610e-28 4.505400487873717162e-29 7.239278416752842338e-01 6.026774387680718751e-29 1.000000000000000000e+00 0.000000000000000000e+00 0.000000000000000000e+00 0.000000000000000000e+00 1.000000000000000000e+00 1.000000000000000000e+10 0.000000000000000000e+00 0.000000000000000000e+00 0.000000000000000000e+00 1.000000000000000000e+10
1.151847812808953542e+00 5.448062755619170616e+01 4.232420312512498839e+01 1.475589897931169858e+01 2.805759147847995405e-01 3.768653475139088727e+01 7.945016561030241423e-28 3.326252549512627879e-28 3.626804216266544523e-29 7.558234422546998843e-01 4.812067773455435517e-29 1.000000000000000000e+00 0.000000000000000000e+00 0.000000000000000000e+00 0.000000000000000000e+00 1.000000000000000000e+00 1.000000000000000000e+10 0.000000000000000000e+00 0.000000000000000000e+00 0.000000000000000000e+00 1.000000000000000000e+10
1.328413566614123908e+00 5.045221632947179558e+01 4.138067927304095406e+01 1.308304868057158288e+01 2.865489619415381162e-01 3.284576343228934547e+01 1.294222830658373742e-27 4.004524421097022601e-28 2.749046100886594351e-29 7.798544041438223440e-01 3.744190083083891800e-29 1.000000000000000000e+00 0.000000000000000000e+00 0.000000000000000000e+00 0.000000000000000000e+00 1.000000000000000000e+00 1.000000000000000000e+10 0.000000000000000000e+00 0.000000000000000000e+00 0.000000000000000000e+00 1.000000000000000000e+10
1.532044931926391351e+00 4.881843719814111182e+01 3.933990792282583016e+01 1.047877860223153945e+01 2.908761216427063201e-01 2.937525443825380123e+01 1.866706913316270343e-27 3.287595715096759056e-28 2.217550501791642982e-29 7.771352012307807255e-01 3.332197991287646169e-29 1.000000000000000000e+00 0.000000000000000000e+00 0.000000000000000000e+00 0.000000000000000000e+00 1.000000000000000000e+00 1.000000000000000000e+10 0.000000000000000000e+00 0.000000000000000000e+00 0.000000000000000000e+00 1.000000000000000000e+10
1.766890772896739126e+00 4.329869986260091963e+01 3.151075748765492790e+01 1.014005889772322888e+01 2.744209911120270018e-01 2.795889264183668388e+01 1.430108862147840372e-27 2.493603519683390370e-28 2.921476921754267233e-29 7.413495096893952807e-01 3.997553977064771508e-29 1.000000000000000000e+00 0.000000000000000000e+00 0.000000000000000000e+00 0.000000000000000000e+00 1.000000000000000000e+00 1.000000000000000000e+10 0.000000000000000000e+00 0.000000000000000000e+00 0.000000000000000000e+00 1.000000000000000000e+10
2.037735929469222107e+00 3.622846687211018946e+01 2.205010925002859778e+01 1.033824235157366189e+01 2.374097523381618613e-01 2.820019115061621306e+01 5.899835584675457477e-28 2.247710063210253761e-28 3.049554100186936543e-29 6.731059201484144161e-01 4.363234457057108712e-29 1.000000000000000000e+00 0.000000000000000000e+00 0.000000000000000000e+00 0.000000000000000000e+00 1.000000000000000000e+00 1.000000000000000000e+10 0.000000000000000000e+00 0.000000000000000000e+00 0.000000000000000000e+00 1.000000000000000000e+10
2.350098705559579226e+00 3.305611032248493331e+01 2.437372448981330564e+01 8.059079010464515136e+00 2.324544755459011236e-01 2.476230946217324913e+01 2.941414953035058087e-28 1.968599126475181376e-28 3.112967625238544051e-29 6.563419001688486354e-01 4.544201204390526111e-29 1.000000000000000000e+00 0.000000000000000000e+00 0.000000000000000000e+00 0.000000000000000000e+00 1.000000000000000000e+00 1.000000000000000000e+10 0.000000000000000000e+00 0.000000000000000000e+00 0.000000000000000000e+00 1.000000000000000000e+10
