# R (Mpc), mean rho (Msol/kpc^3), errup (Msol/kpc^3), errlow, std, median rho (Msol/kpc^3), mean pth (Msol/kpc/s^2), errup(Msol/kpc/s^2), errlow, std, median pth (Msol/kpc/s^2), mean gas-mass-weighted metal (fraction), errup, errlow, std, median metal, mean gas-mass-weighted temp (K), errup, errlow, std, median temp  
#  nprofs 168, mean mh 528673149165.350281, median mh 478910429966.892029 
#  Mass range 11.50 - 12.0
1.040961082911032697e-02 4.680968324242319213e+05 2.454181495148116956e+05 2.035064124964009679e+05 2.309282436277101946e-01 4.371475266938512214e+05 3.226929086582688060e-25 4.966930683778437921e-25 7.564807760451120703e-26 4.951830946527798205e-01 1.283942701919240568e-25 1.000000000000000000e+00 0.000000000000000000e+00 0.000000000000000000e+00 0.000000000000000000e+00 1.000000000000000000e+00 1.000000000000000000e+10 0.000000000000000000e+00 0.000000000000000000e+00 0.000000000000000000e+00 1.000000000000000000e+10
1.200529105910367808e-02 3.475498057951166993e+05 2.095511044589036028e+05 1.501030748772129009e+05 2.306125419158589485e-01 3.204227939863679348e+05 2.743691380531128561e-25 3.575696083372996764e-25 9.641078334237768799e-26 4.745907772247521805e-01 1.426015421243024441e-25 1.000000000000000000e+00 0.000000000000000000e+00 0.000000000000000000e+00 0.000000000000000000e+00 1.000000000000000000e+00 1.000000000000000000e+10 0.000000000000000000e+00 0.000000000000000000e+00 0.000000000000000000e+00 1.000000000000000000e+10
1.384557172980430476e-02 2.519951574399173260e+05 1.866288457150344329e+05 1.065646569478034071e+05 2.419191905240367091e-01 2.242187517381338112e+05 2.991311610324749445e-25 4.100620238070566001e-25 1.416482089326663617e-25 4.477260676480662172e-01 1.983316629136884062e-25 1.000000000000000000e+00 0.000000000000000000e+00 0.000000000000000000e+00 0.000000000000000000e+00 1.000000000000000000e+00 1.000000000000000000e+10 0.000000000000000000e+00 0.000000000000000000e+00 0.000000000000000000e+00 1.000000000000000000e+10
1.596794743096121086e-02 1.770302093110686110e+05 1.378066014492450922e+05 6.089740580409487302e+04 2.528793542492268620e-01 1.486369875540637004e+05 2.642951804942554478e-25 3.055121941995519757e-25 8.755919468610994607e-26 3.978985919479497979e-01 1.539307940254602826e-25 1.000000000000000000e+00 0.000000000000000000e+00 0.000000000000000000e+00 0.000000000000000000e+00 1.000000000000000000e+00 1.000000000000000000e+10 0.000000000000000000e+00 0.000000000000000000e+00 0.000000000000000000e+00 1.000000000000000000e+10
1.841566026551830909e-02 1.243695431419403612e+05 9.039628102771032718e+04 4.675836719180055661e+04 2.639739412764425253e-01 1.017199434489528649e+05 2.692407316934177703e-25 3.076145167842679132e-25 1.276773775194016921e-25 4.142334672332976253e-01 1.898661820382163479e-25 1.000000000000000000e+00 0.000000000000000000e+00 0.000000000000000000e+00 0.000000000000000000e+00 1.000000000000000000e+00 1.000000000000000000e+10 0.000000000000000000e+00 0.000000000000000000e+00 0.000000000000000000e+00 1.000000000000000000e+10
2.123858088093512342e-02 8.697638163355441066e+04 6.803011795002520375e+04 2.914892654472448339e+04 2.620309295812685568e-01 6.940843547668283281e+04 2.359251959905299832e-25 2.278056800149032872e-25 1.107696935727988193e-25 3.738766675069679635e-01 1.798789103640533377e-25 1.000000000000000000e+00 0.000000000000000000e+00 0.000000000000000000e+00 0.000000000000000000e+00 1.000000000000000000e+00 1.000000000000000000e+10 0.000000000000000000e+00 0.000000000000000000e+00 0.000000000000000000e+00 1.000000000000000000e+10
2.449422455303571639e-02 5.823354151578400342e+04 4.373019488765991991e+04 1.942247095307994459e+04 2.595693639309072931e-01 4.598462593756185379e+04 1.894766906949689581e-25 1.514566010534966457e-25 8.170469287664241861e-26 3.259591644493605167e-01 1.493533756963042104e-25 1.000000000000000000e+00 0.000000000000000000e+00 0.000000000000000000e+00 0.000000000000000000e+00 1.000000000000000000e+00 1.000000000000000000e+10 0.000000000000000000e+00 0.000000000000000000e+00 0.000000000000000000e+00 1.000000000000000000e+10
2.824892302447100725e-02 3.876585393252979702e+04 2.320650374528673274e+04 1.088130209439288592e+04 2.319770344375778337e-01 3.069367372961982619e+04 1.557327391970041713e-25 1.176091624281734982e-25 7.589155355775127858e-26 3.295319325876436278e-01 1.293136698270549912e-25 1.000000000000000000e+00 0.000000000000000000e+00 0.000000000000000000e+00 0.000000000000000000e+00 1.000000000000000000e+00 1.000000000000000000e+10 0.000000000000000000e+00 0.000000000000000000e+00 0.000000000000000000e+00 1.000000000000000000e+10
3.257917597328415654e-02 2.705830216593560181e+04 1.646089372832687513e+04 6.932207873665918669e+03 2.173118279745195613e-01 2.233743183585224324e+04 1.303508601033435690e-25 1.142870181536358710e-25 4.579901843592862690e-26 3.244409176531611871e-01 9.345223603781367346e-26 1.000000000000000000e+00 0.000000000000000000e+00 0.000000000000000000e+00 0.000000000000000000e+00 1.000000000000000000e+00 1.000000000000000000e+10 0.000000000000000000e+00 0.000000000000000000e+00 0.000000000000000000e+00 1.000000000000000000e+10
3.757320964692217186e-02 1.886685100510433767e+04 1.115915643525650012e+04 5.448884654101251726e+03 2.125362491222740069e-01 1.584498614375804027e+04 1.071248751896896961e-25 8.850388173669435171e-26 4.281315428768493791e-26 3.118783355647813949e-01 8.191559264391716041e-26 1.000000000000000000e+00 0.000000000000000000e+00 0.000000000000000000e+00 0.000000000000000000e+00 1.000000000000000000e+00 1.000000000000000000e+10 0.000000000000000000e+00 0.000000000000000000e+00 0.000000000000000000e+00 1.000000000000000000e+10
4.333277441790538143e-02 1.383453898520157418e+04 8.551914888745353892e+03 3.677133521607533112e+03 1.964810618745194692e-01 1.149005097679804567e+04 8.527105699712396364e-26 6.009717865831536838e-26 3.434433574380049561e-26 2.850299779383931309e-01 6.956251218376290428e-26 1.000000000000000000e+00 0.000000000000000000e+00 0.000000000000000000e+00 0.000000000000000000e+00 1.000000000000000000e+00 1.000000000000000000e+10 0.000000000000000000e+00 0.000000000000000000e+00 0.000000000000000000e+00 1.000000000000000000e+10
4.997521788524898756e-02 1.036333230435831683e+04 5.740816712862202621e+03 2.836567819545075508e+03 1.936317003371159640e-01 8.969939425684475282e+03 6.876053641586919261e-26 5.342126564651358124e-26 2.610491772681923589e-26 2.688865881711396955e-01 5.463132343216710025e-26 1.000000000000000000e+00 0.000000000000000000e+00 0.000000000000000000e+00 0.000000000000000000e+00 1.000000000000000000e+00 1.000000000000000000e+10 0.000000000000000000e+00 0.000000000000000000e+00 0.000000000000000000e+00 1.000000000000000000e+10
5.763587575980636674e-02 8.048020985007627132e+03 3.676093411171167645e+03 2.803059822831369274e+03 1.744128951232966074e-01 7.451654834308851605e+03 5.490126720077847495e-26 4.547540888340744136e-26 1.989223508824676540e-26 2.606034824178261045e-01 4.391471910126249700e-26 1.000000000000000000e+00 0.000000000000000000e+00 0.000000000000000000e+00 0.000000000000000000e+00 1.000000000000000000e+00 1.000000000000000000e+10 0.000000000000000000e+00 0.000000000000000000e+00 0.000000000000000000e+00 1.000000000000000000e+10
6.647082924635627776e-02 6.369935237871262871e+03 2.941462724891871403e+03 1.938258384348801883e+03 1.732512817493511159e-01 5.907041389267622435e+03 4.341835637187139630e-26 3.423386692351371235e-26 1.552709699259104243e-26 2.605863240709322404e-01 3.457029238993572303e-26 1.000000000000000000e+00 0.000000000000000000e+00 0.000000000000000000e+00 0.000000000000000000e+00 1.000000000000000000e+00 1.000000000000000000e+10 0.000000000000000000e+00 0.000000000000000000e+00 0.000000000000000000e+00 1.000000000000000000e+10
7.666008510240249207e-02 4.991051978073721330e+03 2.290032150234156688e+03 1.486120850438025172e+03 1.664871157371411170e-01 4.592353066208828750e+03 3.347879134027981958e-26 2.537729692401706096e-26 1.321902381694009758e-26 2.616943049522453824e-01 2.748974208927187630e-26 1.000000000000000000e+00 0.000000000000000000e+00 0.000000000000000000e+00 0.000000000000000000e+00 1.000000000000000000e+00 1.000000000000000000e+10 0.000000000000000000e+00 0.000000000000000000e+00 0.000000000000000000e+00 1.000000000000000000e+10
8.841124316543315376e-02 3.922904012033891831e+03 1.689942901099252595e+03 1.312320104016194819e+03 1.674556506960251934e-01 3.698432751126975745e+03 2.541147286263538234e-26 2.263556393713718866e-26 9.672776358927529728e-27 2.710116231877925941e-01 2.056287238277205054e-26 1.000000000000000000e+00 0.000000000000000000e+00 0.000000000000000000e+00 0.000000000000000000e+00 1.000000000000000000e+00 1.000000000000000000e+10 0.000000000000000000e+00 0.000000000000000000e+00 0.000000000000000000e+00 1.000000000000000000e+10
1.019637260722580097e-01 3.054848977360334175e+03 1.330744916485330123e+03 9.262353480452914027e+02 1.621355946682073446e-01 2.874401857821464091e+03 1.879319970965681939e-26 1.716978826489858866e-26 6.668212148878855072e-27 2.732518107354469650e-01 1.457696739409716741e-26 1.000000000000000000e+00 0.000000000000000000e+00 0.000000000000000000e+00 0.000000000000000000e+00 1.000000000000000000e+00 1.000000000000000000e+10 0.000000000000000000e+00 0.000000000000000000e+00 0.000000000000000000e+00 1.000000000000000000e+10
1.175936573483598035e-01 2.350118523005996394e+03 1.054495868696263187e+03 7.534736930053916240e+02 1.623822788501504966e-01 2.222070827324268976e+03 1.375640394715037225e-26 1.193913053579502492e-26 5.245824600187398100e-27 2.822507083019791807e-01 1.079633493847047141e-26 1.000000000000000000e+00 0.000000000000000000e+00 0.000000000000000000e+00 0.000000000000000000e+00 1.000000000000000000e+00 1.000000000000000000e+10 0.000000000000000000e+00 0.000000000000000000e+00 0.000000000000000000e+00 1.000000000000000000e+10
1.356194872553388164e-01 1.807931314486256269e+03 7.941826390994110625e+02 6.004248404438312718e+02 1.624580386933950349e-01 1.712465127951044451e+03 9.865003727893052838e-27 1.011285379218886987e-26 3.308847875400304044e-27 2.847961580712705665e-01 7.196480766379039491e-27 1.000000000000000000e+00 0.000000000000000000e+00 0.000000000000000000e+00 0.000000000000000000e+00 1.000000000000000000e+00 1.000000000000000000e+10 0.000000000000000000e+00 0.000000000000000000e+00 0.000000000000000000e+00 1.000000000000000000e+10
1.564084810196403053e-01 1.364084392333053984e+03 6.187839209718110851e+02 4.353436305928981938e+02 1.638850067908411701e-01 1.288441630705089210e+03 6.843824034552102262e-27 6.355508002535045528e-27 2.178787614315652739e-27 2.921982539925804256e-01 5.001398622449290860e-27 1.000000000000000000e+00 0.000000000000000000e+00 0.000000000000000000e+00 0.000000000000000000e+00 1.000000000000000000e+00 1.000000000000000000e+10 0.000000000000000000e+00 0.000000000000000000e+00 0.000000000000000000e+00 1.000000000000000000e+10
1.803842016362447453e-01 1.013268096130287972e+03 4.905605555086763161e+02 2.881080541844326035e+02 1.639232705486888542e-01 9.245780330545787820e+02 4.680294555097869847e-27 4.531361360675493370e-27 1.460010766523117355e-27 2.994724594494709846e-01 3.302577510299302956e-27 1.000000000000000000e+00 0.000000000000000000e+00 0.000000000000000000e+00 0.000000000000000000e+00 1.000000000000000000e+00 1.000000000000000000e+10 0.000000000000000000e+00 0.000000000000000000e+00 0.000000000000000000e+00 1.000000000000000000e+10
2.080351397048574025e-01 7.525838288069180635e+02 3.815034805784827086e+02 1.911604660691830304e+02 1.803124952715846885e-01 6.524754490701774330e+02 3.256751105430642323e-27 2.844379749821388829e-27 1.012202358304827711e-27 3.242181502556639727e-01 2.167172028708680481e-27 1.000000000000000000e+00 0.000000000000000000e+00 0.000000000000000000e+00 0.000000000000000000e+00 1.000000000000000000e+00 1.000000000000000000e+10 0.000000000000000000e+00 0.000000000000000000e+00 0.000000000000000000e+00 1.000000000000000000e+10
2.399246661262133540e-01 5.402433010857921545e+02 2.865835270303349489e+02 1.330712933544516545e+02 1.798951416735770636e-01 4.665971476028470306e+02 2.252429612237579036e-27 2.172178347865382929e-27 6.339851538653437067e-28 3.458959840019623089e-01 1.368596206324517066e-27 1.000000000000000000e+00 0.000000000000000000e+00 0.000000000000000000e+00 0.000000000000000000e+00 1.000000000000000000e+00 1.000000000000000000e+10 0.000000000000000000e+00 0.000000000000000000e+00 0.000000000000000000e+00 1.000000000000000000e+10
2.767025104385807399e-01 3.922152415405457759e+02 1.797224350695876183e+02 9.505966947520045096e+01 1.879065842172806811e-01 3.345385280402161925e+02 1.543295954275283830e-27 1.372831095681888256e-27 4.034776416935368021e-28 3.603318559735730897e-01 8.729496591323543766e-28 1.000000000000000000e+00 0.000000000000000000e+00 0.000000000000000000e+00 0.000000000000000000e+00 1.000000000000000000e+00 1.000000000000000000e+10 0.000000000000000000e+00 0.000000000000000000e+00 0.000000000000000000e+00 1.000000000000000000e+10
3.191179986585286343e-01 2.823343813385760654e+02 1.480546600558075170e+02 6.896378280246034365e+01 1.866474311877847347e-01 2.394371031759980042e+02 1.108486097687767663e-27 8.979069002445353091e-28 2.862190924077071519e-28 3.869208662899508155e-01 5.795240882833348226e-28 1.000000000000000000e+00 0.000000000000000000e+00 0.000000000000000000e+00 0.000000000000000000e+00 1.000000000000000000e+00 1.000000000000000000e+10 0.000000000000000000e+00 0.000000000000000000e+00 0.000000000000000000e+00 1.000000000000000000e+10
3.680353203388414540e-01 2.147879247969360108e+02 1.133958605281789289e+02 6.626346515520715741e+01 1.972057374263670171e-01 1.859580307315254970e+02 8.922628825847451246e-28 5.627431908725757659e-28 2.184657247728010668e-28 4.238361590842650850e-01 4.015487509705065121e-28 1.000000000000000000e+00 0.000000000000000000e+00 0.000000000000000000e+00 0.000000000000000000e+00 1.000000000000000000e+00 1.000000000000000000e+10 0.000000000000000000e+00 0.000000000000000000e+00 0.000000000000000000e+00 1.000000000000000000e+10
4.244511359005219142e-01 1.615931857535392169e+02 9.307569926950958461e+01 4.116659003166104469e+01 1.971008479138691427e-01 1.337670146206395998e+02 7.531164867855787141e-28 4.696732550884845324e-28 1.522440867030433556e-28 4.579590898168207080e-01 2.664616951389133242e-28 1.000000000000000000e+00 0.000000000000000000e+00 0.000000000000000000e+00 0.000000000000000000e+00 1.000000000000000000e+00 1.000000000000000000e+10 0.000000000000000000e+00 0.000000000000000000e+00 0.000000000000000000e+00 1.000000000000000000e+10
4.895148829774688681e-01 1.330034072291402936e+02 7.876420369168175739e+01 3.497871440405769761e+01 2.252303880364949773e-01 1.052983603462761835e+02 7.058212917460093429e-28 4.752753004155874813e-28 1.068224519957669369e-28 5.140739630216438760e-01 1.783845028404194341e-28 1.000000000000000000e+00 0.000000000000000000e+00 0.000000000000000000e+00 0.000000000000000000e+00 1.000000000000000000e+00 1.000000000000000000e+10 0.000000000000000000e+00 0.000000000000000000e+00 0.000000000000000000e+00 1.000000000000000000e+10
5.645521955031491679e-01 1.073978809666752454e+02 6.425576964293745164e+01 2.882253885016503148e+01 2.353846342778479206e-01 8.331422162833143830e+01 6.712814302399863929e-28 4.482004075361482228e-28 1.028735499900943899e-28 5.706705958198287076e-01 1.488005018834094393e-28 1.000000000000000000e+00 0.000000000000000000e+00 0.000000000000000000e+00 0.000000000000000000e+00 1.000000000000000000e+00 1.000000000000000000e+10 0.000000000000000000e+00 0.000000000000000000e+00 0.000000000000000000e+00 1.000000000000000000e+10
6.510919126887823039e-01 9.093986946971945429e+01 5.129070904326520974e+01 2.294669282652359499e+01 2.502574739119301506e-01 6.769640982887321456e+01 6.731691770256764877e-28 3.812498066456308663e-28 6.832570752242941700e-29 6.183017677240210119e-01 1.036327650669889088e-28 1.000000000000000000e+00 0.000000000000000000e+00 0.000000000000000000e+00 0.000000000000000000e+00 1.000000000000000000e+00 1.000000000000000000e+10 0.000000000000000000e+00 0.000000000000000000e+00 0.000000000000000000e+00 1.000000000000000000e+10
7.508972281844089602e-01 7.955930927895244054e+01 5.416906603535476705e+01 2.001255971091913466e+01 2.618748851937907074e-01 5.791170252478465130e+01 7.499207155898550935e-28 3.666034575223291030e-28 6.294482865860671663e-29 6.727335892051365951e-01 8.889552826902827140e-29 1.000000000000000000e+00 0.000000000000000000e+00 0.000000000000000000e+00 0.000000000000000000e+00 1.000000000000000000e+00 1.000000000000000000e+10 0.000000000000000000e+00 0.000000000000000000e+00 0.000000000000000000e+00 1.000000000000000000e+10
8.660016140678794550e-01 7.263663825934656870e+01 5.358871267328966326e+01 1.874701138433101022e+01 2.770373278928214278e-01 4.986153395837294511e+01 9.658865658889777086e-28 3.241401145915095242e-28 5.424860340930951906e-29 7.147223682202699102e-01 7.385752439127314621e-29 1.000000000000000000e+00 0.000000000000000000e+00 0.000000000000000000e+00 0.000000000000000000e+00 1.000000000000000000e+00 1.000000000000000000e+10 0.000000000000000000e+00 0.000000000000000000e+00 0.000000000000000000e+00 1.000000000000000000e+10
9.987502515910116063e-01 6.497815417675367655e+01 4.401773496023270127e+01 1.635467000555179951e+01 2.803092491004204878e-01 4.356275057622575275e+01 1.504855463176625855e-27 2.704668100398947508e-28 4.236641949914259979e-29 7.537757497609115509e-01 5.740864302045350177e-29 1.000000000000000000e+00 0.000000000000000000e+00 0.000000000000000000e+00 0.000000000000000000e+00 1.000000000000000000e+00 1.000000000000000000e+10 0.000000000000000000e+00 0.000000000000000000e+00 0.000000000000000000e+00 1.000000000000000000e+10
1.151847812808953542e+00 6.108165278602051984e+01 3.731861369038981024e+01 1.370530348920788200e+01 2.968078645915154801e-01 3.681775918547508297e+01 1.913770823330735448e-27 3.385410797523990556e-28 3.172802262678475638e-29 8.064742899240705531e-01 4.314943240029502590e-29 1.000000000000000000e+00 0.000000000000000000e+00 0.000000000000000000e+00 0.000000000000000000e+00 1.000000000000000000e+00 1.000000000000000000e+10 0.000000000000000000e+00 0.000000000000000000e+00 0.000000000000000000e+00 1.000000000000000000e+10
1.328413566614123908e+00 5.597357667305806217e+01 4.028177666110015309e+01 1.249717751965717483e+01 3.041631833674205976e-01 3.334347808675444469e+01 1.774694050311402435e-27 3.941207259876671240e-28 3.154821986849791904e-29 8.349240447597636727e-01 4.144511398831727679e-29 1.000000000000000000e+00 0.000000000000000000e+00 0.000000000000000000e+00 0.000000000000000000e+00 1.000000000000000000e+00 1.000000000000000000e+10 0.000000000000000000e+00 0.000000000000000000e+00 0.000000000000000000e+00 1.000000000000000000e+10
1.532044931926391351e+00 5.287292576729251437e+01 3.932726112960644116e+01 1.132176043323498149e+01 3.134674609134994738e-01 3.061752995401390720e+01 1.562296383054924019e-27 3.965022394882167980e-28 2.641605169402688324e-29 8.646938732513621551e-01 3.618534094187702425e-29 1.000000000000000000e+00 0.000000000000000000e+00 0.000000000000000000e+00 0.000000000000000000e+00 1.000000000000000000e+00 1.000000000000000000e+10 0.000000000000000000e+00 0.000000000000000000e+00 0.000000000000000000e+00 1.000000000000000000e+10
1.766890772896739126e+00 4.592593790243239482e+01 3.492280316212882241e+01 1.062935632391104690e+01 2.883541542001211155e-01 2.889837525805510410e+01 1.473779804399966775e-27 2.833982474763178240e-28 2.686032401367875875e-29 8.243420801639469442e-01 3.712093118827572351e-29 1.000000000000000000e+00 0.000000000000000000e+00 0.000000000000000000e+00 0.000000000000000000e+00 1.000000000000000000e+00 1.000000000000000000e+10 0.000000000000000000e+00 0.000000000000000000e+00 0.000000000000000000e+00 1.000000000000000000e+10
2.037735929469222107e+00 4.033846999610416617e+01 2.263251702050326841e+01 9.578932357405236075e+00 2.645090608150817979e-01 2.723241557659148881e+01 1.198051580933572626e-27 1.841292351832254124e-28 2.293092922510451811e-29 7.714930483467272726e-01 3.435818822506352284e-29 1.000000000000000000e+00 0.000000000000000000e+00 0.000000000000000000e+00 0.000000000000000000e+00 1.000000000000000000e+00 1.000000000000000000e+10 0.000000000000000000e+00 0.000000000000000000e+00 0.000000000000000000e+00 1.000000000000000000e+10
2.350098705559579226e+00 3.493429857002318073e+01 2.243106269875400471e+01 7.704250127006190496e+00 2.459874014939502085e-01 2.457036094405064119e+01 7.724689803404523022e-28 1.670377835868732518e-28 2.587840834044720664e-29 7.410264201612727364e-01 3.707385286823855606e-29 1.000000000000000000e+00 0.000000000000000000e+00 0.000000000000000000e+00 0.000000000000000000e+00 1.000000000000000000e+00 1.000000000000000000e+10 0.000000000000000000e+00 0.000000000000000000e+00 0.000000000000000000e+00 1.000000000000000000e+10
