# R (Mpc), mean rho (Msol/kpc^3), errup (Msol/kpc^3), errlow, std, median rho (Msol/kpc^3), mean pth (Msol/kpc/s^2), errup(Msol/kpc/s^2), errlow, std, median pth (Msol/kpc/s^2), mean gas-mass-weighted metal (fraction), errup, errlow, std, median metal, mean gas-mass-weighted temp (K), errup, errlow, std, median temp  
#  nprofs 164, mean mh 218183633976.158813, median mh 214133023185.428711 
#  Mass range 11.00 - 11.5
1.040961082911032697e-02 2.454869584756530239e+05 1.308532924197525135e+05 8.671980759615032002e+04 2.457895329412941310e-01 2.226277417389944894e+05 1.053537386706997351e-25 1.648013817792234914e-25 1.914034484354249022e-26 4.858920149860507798e-01 3.837746227457839368e-26 1.000000000000000000e+00 0.000000000000000000e+00 0.000000000000000000e+00 0.000000000000000000e+00 1.000000000000000000e+00 1.000000000000000000e+10 0.000000000000000000e+00 0.000000000000000000e+00 0.000000000000000000e+00 1.000000000000000000e+10
1.200529105910367808e-02 1.988619386335953313e+05 1.060111305171588319e+05 8.133000387960328953e+04 2.350205070241861149e-01 1.826956331883219536e+05 1.186296872572299457e-25 1.751386692998327423e-25 2.390775377916963080e-26 4.900558433261686386e-01 4.364361154698384092e-26 1.000000000000000000e+00 0.000000000000000000e+00 0.000000000000000000e+00 0.000000000000000000e+00 1.000000000000000000e+00 1.000000000000000000e+10 0.000000000000000000e+00 0.000000000000000000e+00 0.000000000000000000e+00 1.000000000000000000e+10
1.384557172980430476e-02 1.480643652321453555e+05 8.780146755799002131e+04 6.109954256264714058e+04 2.456510405196664915e-01 1.342696301262455527e+05 9.978366119761275039e-26 1.304872812814068028e-25 4.807048676472274715e-26 4.444982598919858807e-01 6.715994126083546731e-26 1.000000000000000000e+00 0.000000000000000000e+00 0.000000000000000000e+00 0.000000000000000000e+00 1.000000000000000000e+00 1.000000000000000000e+10 0.000000000000000000e+00 0.000000000000000000e+00 0.000000000000000000e+00 1.000000000000000000e+10
1.596794743096121086e-02 1.106079674068486202e+05 6.370343567744718166e+04 4.481526173470157664e+04 2.607288266215485595e-01 9.808321883674597484e+04 7.924174762553545333e-26 8.791482985378007765e-26 3.183523714241701487e-26 3.745524797871559453e-01 5.502107329204863790e-26 1.000000000000000000e+00 0.000000000000000000e+00 0.000000000000000000e+00 0.000000000000000000e+00 1.000000000000000000e+00 1.000000000000000000e+10 0.000000000000000000e+00 0.000000000000000000e+00 0.000000000000000000e+00 1.000000000000000000e+10
1.841566026551830909e-02 8.043667539352341555e+04 4.180296741139767983e+04 3.707351915842171002e+04 2.581968642082939080e-01 7.457689902964784415e+04 7.556634366209368737e-26 7.579018207277496232e-26 2.540768695727198333e-26 3.399052610061819579e-01 5.217195957489545910e-26 1.000000000000000000e+00 0.000000000000000000e+00 0.000000000000000000e+00 0.000000000000000000e+00 1.000000000000000000e+00 1.000000000000000000e+10 0.000000000000000000e+00 0.000000000000000000e+00 0.000000000000000000e+00 1.000000000000000000e+10
2.123858088093512342e-02 5.324466237339274085e+04 4.028526230959498207e+04 1.924288619191223552e+04 2.577811140807630963e-01 4.541146581380101270e+04 6.055326216501899256e-26 5.986265803791289577e-26 2.451095764305015717e-26 3.250098862376357145e-01 4.582725071566008824e-26 1.000000000000000000e+00 0.000000000000000000e+00 0.000000000000000000e+00 0.000000000000000000e+00 1.000000000000000000e+00 1.000000000000000000e+10 0.000000000000000000e+00 0.000000000000000000e+00 0.000000000000000000e+00 1.000000000000000000e+10
2.449422455303571639e-02 3.757771048010772938e+04 3.013358632363235665e+04 1.301390616294723441e+04 2.482361028483484611e-01 3.105304256898810127e+04 4.966318734126357509e-26 3.693884182402325494e-26 2.464239828552443430e-26 2.885703056658960874e-01 4.426765327685095695e-26 1.000000000000000000e+00 0.000000000000000000e+00 0.000000000000000000e+00 0.000000000000000000e+00 1.000000000000000000e+00 1.000000000000000000e+10 0.000000000000000000e+00 0.000000000000000000e+00 0.000000000000000000e+00 1.000000000000000000e+10
2.824892302447100725e-02 2.384923850938507530e+04 1.762472229317977326e+04 8.027841232709866745e+03 2.406218639101776191e-01 2.007402975606091059e+04 3.874209064930041797e-26 2.514098698711998846e-26 1.506515732991911291e-26 2.644047445028318566e-01 3.251625113473913378e-26 1.000000000000000000e+00 0.000000000000000000e+00 0.000000000000000000e+00 0.000000000000000000e+00 1.000000000000000000e+00 1.000000000000000000e+10 0.000000000000000000e+00 0.000000000000000000e+00 0.000000000000000000e+00 1.000000000000000000e+10
3.257917597328415654e-02 1.604891579350310167e+04 8.605632749678821710e+03 5.131760963216256641e+03 2.273205708040009487e-01 1.389740492973052460e+04 3.213747564701648871e-26 2.341594672853990342e-26 1.104620716262307365e-26 2.391473293214060880e-01 2.661921907505176645e-26 1.000000000000000000e+00 0.000000000000000000e+00 0.000000000000000000e+00 0.000000000000000000e+00 1.000000000000000000e+00 1.000000000000000000e+10 0.000000000000000000e+00 0.000000000000000000e+00 0.000000000000000000e+00 1.000000000000000000e+10
3.757320964692217186e-02 1.098014788230840350e+04 5.464245510683900648e+03 4.116342398958401645e+03 2.159754450964544714e-01 9.890855479399517208e+03 2.697182139484562992e-26 1.685468928654653076e-26 8.845933212018911438e-27 2.221889458934120376e-01 2.312148255825440360e-26 1.000000000000000000e+00 0.000000000000000000e+00 0.000000000000000000e+00 0.000000000000000000e+00 1.000000000000000000e+00 1.000000000000000000e+10 0.000000000000000000e+00 0.000000000000000000e+00 0.000000000000000000e+00 1.000000000000000000e+10
4.333277441790538143e-02 7.750243976363798538e+03 3.438842929395748797e+03 2.363454988244614469e+03 2.052906063568516459e-01 6.758513786084769890e+03 2.061070852668452147e-26 1.384842858907224466e-26 6.533896809993724728e-27 2.152625723960660820e-01 1.772359013223105429e-26 1.000000000000000000e+00 0.000000000000000000e+00 0.000000000000000000e+00 0.000000000000000000e+00 1.000000000000000000e+00 1.000000000000000000e+10 0.000000000000000000e+00 0.000000000000000000e+00 0.000000000000000000e+00 1.000000000000000000e+10
4.997521788524898756e-02 5.864885990566372129e+03 2.641992494981361233e+03 1.939921614720240086e+03 1.933364875458979393e-01 5.385105116216303031e+03 1.738266874628016624e-26 9.064487012746590166e-27 6.602331005206614189e-27 2.178718042189551063e-01 1.581770078650983858e-26 1.000000000000000000e+00 0.000000000000000000e+00 0.000000000000000000e+00 0.000000000000000000e+00 1.000000000000000000e+00 1.000000000000000000e+10 0.000000000000000000e+00 0.000000000000000000e+00 0.000000000000000000e+00 1.000000000000000000e+10
5.763587575980636674e-02 4.284513142947338565e+03 2.106356298398754006e+03 1.326122031119202802e+03 1.666438690223732144e-01 4.009614369369500309e+03 1.366269159828781160e-26 7.361710590771714623e-27 4.449463735703297442e-27 1.944844352136550769e-01 1.207472798000107825e-26 1.000000000000000000e+00 0.000000000000000000e+00 0.000000000000000000e+00 0.000000000000000000e+00 1.000000000000000000e+00 1.000000000000000000e+10 0.000000000000000000e+00 0.000000000000000000e+00 0.000000000000000000e+00 1.000000000000000000e+10
6.647082924635627776e-02 3.216729005826242428e+03 1.342132399094409266e+03 1.088467383709917385e+03 1.648747621642147332e-01 3.056087521203426149e+03 1.048854742204812837e-26 5.633737511595621635e-27 3.425233180872056525e-27 2.038879711859969135e-01 9.264961348340679835e-27 1.000000000000000000e+00 0.000000000000000000e+00 0.000000000000000000e+00 0.000000000000000000e+00 1.000000000000000000e+00 1.000000000000000000e+10 0.000000000000000000e+00 0.000000000000000000e+00 0.000000000000000000e+00 1.000000000000000000e+10
7.666008510240249207e-02 2.519119038542252838e+03 1.234192113689437974e+03 8.211249165697909120e+02 1.604419309748286449e-01 2.391544158568658986e+03 7.981518445698587799e-27 5.748348125749429114e-27 2.239300245969667774e-27 2.035760750565429322e-01 6.618683854620355776e-27 1.000000000000000000e+00 0.000000000000000000e+00 0.000000000000000000e+00 0.000000000000000000e+00 1.000000000000000000e+00 1.000000000000000000e+10 0.000000000000000000e+00 0.000000000000000000e+00 0.000000000000000000e+00 1.000000000000000000e+10
8.841124316543315376e-02 1.929196190720973846e+03 8.566259592340688869e+02 5.142218361655100125e+02 1.503827889299662601e-01 1.789737836004381734e+03 5.933535146808823556e-27 3.569435276351366303e-27 2.013101996324717503e-27 2.101389142769372886e-01 5.166075986147898255e-27 1.000000000000000000e+00 0.000000000000000000e+00 0.000000000000000000e+00 0.000000000000000000e+00 1.000000000000000000e+00 1.000000000000000000e+10 0.000000000000000000e+00 0.000000000000000000e+00 0.000000000000000000e+00 1.000000000000000000e+10
1.019637260722580097e-01 1.414949963175045696e+03 4.635733582993502750e+02 3.845201624954937643e+02 1.372072177684303396e-01 1.369457443844956742e+03 4.278621432291860602e-27 2.679234190793760772e-27 1.510194947836816391e-27 2.129290122952279818e-01 3.744080209466489434e-27 1.000000000000000000e+00 0.000000000000000000e+00 0.000000000000000000e+00 0.000000000000000000e+00 1.000000000000000000e+00 1.000000000000000000e+10 0.000000000000000000e+00 0.000000000000000000e+00 0.000000000000000000e+00 1.000000000000000000e+10
1.175936573483598035e-01 1.109890831886321166e+03 3.559565125915780754e+02 3.005549190220629043e+02 1.379292442091669402e-01 1.070009363540525783e+03 3.201021554720297105e-27 2.002093466960891236e-27 1.220120600118795177e-27 2.250547353752223589e-01 2.779213021811727049e-27 1.000000000000000000e+00 0.000000000000000000e+00 0.000000000000000000e+00 0.000000000000000000e+00 1.000000000000000000e+00 1.000000000000000000e+10 0.000000000000000000e+00 0.000000000000000000e+00 0.000000000000000000e+00 1.000000000000000000e+10
1.356194872553388164e-01 8.802088122337669347e+02 2.991022263037434641e+02 2.654419334812023408e+02 1.419218877892233222e-01 8.454270066948367912e+02 2.373404290914999977e-27 1.582399328089824234e-27 7.870527399542374522e-28 2.381411972408181144e-01 1.933755132630635457e-27 1.000000000000000000e+00 0.000000000000000000e+00 0.000000000000000000e+00 0.000000000000000000e+00 1.000000000000000000e+00 1.000000000000000000e+10 0.000000000000000000e+00 0.000000000000000000e+00 0.000000000000000000e+00 1.000000000000000000e+10
1.564084810196403053e-01 6.878315638869856912e+02 2.776718900517977318e+02 1.745996238620968484e+02 1.510006924748554802e-01 6.322659335539144649e+02 1.811247378918131802e-27 1.379934157560032896e-27 5.889582272590799158e-28 2.654947258869095883e-01 1.396684341394144248e-27 1.000000000000000000e+00 0.000000000000000000e+00 0.000000000000000000e+00 0.000000000000000000e+00 1.000000000000000000e+00 1.000000000000000000e+10 0.000000000000000000e+00 0.000000000000000000e+00 0.000000000000000000e+00 1.000000000000000000e+10
1.803842016362447453e-01 5.330938279785892746e+02 2.480967953539177415e+02 1.437542707660839483e+02 1.667986513398470039e-01 4.745763646454655600e+02 1.401713835060069198e-27 1.225155960975402554e-27 3.963760240069639358e-28 3.048520594122858252e-01 9.629866462659055130e-28 1.000000000000000000e+00 0.000000000000000000e+00 0.000000000000000000e+00 0.000000000000000000e+00 1.000000000000000000e+00 1.000000000000000000e+10 0.000000000000000000e+00 0.000000000000000000e+00 0.000000000000000000e+00 1.000000000000000000e+10
2.080351397048574025e-01 4.036457888205601989e+02 1.662234564164494373e+02 1.026489734393176718e+02 1.625646341168864861e-01 3.634475898973948347e+02 1.100479538501915495e-27 1.001430510245316054e-27 2.642369679193123414e-28 3.418919248428061719e-01 6.502717105628272997e-28 1.000000000000000000e+00 0.000000000000000000e+00 0.000000000000000000e+00 0.000000000000000000e+00 1.000000000000000000e+00 1.000000000000000000e+10 0.000000000000000000e+00 0.000000000000000000e+00 0.000000000000000000e+00 1.000000000000000000e+10
2.399246661262133540e-01 3.168086188947968935e+02 1.518547161549120688e+02 8.584539932064905088e+01 1.784062835416974635e-01 2.808571513247031817e+02 8.906990102175549055e-28 8.759899268371182200e-28 2.036976172902151523e-28 3.862455263132267280e-01 4.622143394020794002e-28 1.000000000000000000e+00 0.000000000000000000e+00 0.000000000000000000e+00 0.000000000000000000e+00 1.000000000000000000e+00 1.000000000000000000e+10 0.000000000000000000e+00 0.000000000000000000e+00 0.000000000000000000e+00 1.000000000000000000e+10
2.767025104385807399e-01 2.513659853733105933e+02 1.549224791546465667e+02 5.314522156928762797e+01 1.960000330154452186e-01 2.028614820943727182e+02 7.459655078550460482e-28 8.010809367497227756e-28 1.538018743628620498e-28 4.348411819971851888e-01 3.222726455186551330e-28 1.000000000000000000e+00 0.000000000000000000e+00 0.000000000000000000e+00 0.000000000000000000e+00 1.000000000000000000e+00 1.000000000000000000e+10 0.000000000000000000e+00 0.000000000000000000e+00 0.000000000000000000e+00 1.000000000000000000e+10
3.191179986585286343e-01 2.108591992208170609e+02 1.511244872355113671e+02 4.538719489236430604e+01 2.183805945449222574e-01 1.597683045409732472e+02 6.512495663277893082e-28 8.095508569497743643e-28 1.122066649191238855e-28 4.800132576074898072e-01 2.349112079945619079e-28 1.000000000000000000e+00 0.000000000000000000e+00 0.000000000000000000e+00 0.000000000000000000e+00 1.000000000000000000e+00 1.000000000000000000e+10 0.000000000000000000e+00 0.000000000000000000e+00 0.000000000000000000e+00 1.000000000000000000e+10
3.680353203388414540e-01 1.781796591359311037e+02 1.405966285929984565e+02 2.960341617377163459e+01 2.483533454182468569e-01 1.209677632338222821e+02 5.898401060628278647e-28 6.857691192851151572e-28 6.800991853441985878e-29 5.256899977214882780e-01 1.525150556702743545e-28 1.000000000000000000e+00 0.000000000000000000e+00 0.000000000000000000e+00 0.000000000000000000e+00 1.000000000000000000e+00 1.000000000000000000e+10 0.000000000000000000e+00 0.000000000000000000e+00 0.000000000000000000e+00 1.000000000000000000e+10
4.244511359005219142e-01 1.371275340275532812e+02 1.110683410059984197e+02 2.288791661191660864e+01 2.461853037671190292e-01 9.393959612470656850e+01 5.286271758013025744e-28 5.325101584317931270e-28 3.912194768862148313e-29 5.659008017043445360e-01 9.556479517658685453e-29 1.000000000000000000e+00 0.000000000000000000e+00 0.000000000000000000e+00 0.000000000000000000e+00 1.000000000000000000e+00 1.000000000000000000e+10 0.000000000000000000e+00 0.000000000000000000e+00 0.000000000000000000e+00 1.000000000000000000e+10
4.895148829774688681e-01 1.126978695324945079e+02 9.417149999080193368e+01 2.048551423956148909e+01 2.603649967166085100e-01 7.361120375174611752e+01 4.854421162442525648e-28 4.783168293026219447e-28 4.289576984104330184e-29 6.163323838517509312e-01 7.972578507668470082e-29 1.000000000000000000e+00 0.000000000000000000e+00 0.000000000000000000e+00 0.000000000000000000e+00 1.000000000000000000e+00 1.000000000000000000e+10 0.000000000000000000e+00 0.000000000000000000e+00 0.000000000000000000e+00 1.000000000000000000e+10
5.645521955031491679e-01 9.670675093812374712e+01 6.735593105513274281e+01 2.131638041061398070e+01 2.874888660107727256e-01 6.305116621223080386e+01 4.757331753912563119e-28 3.989789859128861527e-28 3.907288140367224871e-29 6.755495770599848626e-01 6.508452246782582589e-29 1.000000000000000000e+00 0.000000000000000000e+00 0.000000000000000000e+00 0.000000000000000000e+00 1.000000000000000000e+00 1.000000000000000000e+10 0.000000000000000000e+00 0.000000000000000000e+00 0.000000000000000000e+00 1.000000000000000000e+10
6.510919126887823039e-01 8.667863477450954690e+01 7.870635811466141263e+01 2.123277556597540539e+01 3.172529397755076142e-01 5.270846186099684161e+01 4.755889532834974233e-28 5.165608490241008878e-28 3.930684696793272165e-29 7.399034006856864965e-01 5.633536226742799060e-29 1.000000000000000000e+00 0.000000000000000000e+00 0.000000000000000000e+00 0.000000000000000000e+00 1.000000000000000000e+00 1.000000000000000000e+10 0.000000000000000000e+00 0.000000000000000000e+00 0.000000000000000000e+00 1.000000000000000000e+10
7.508972281844089602e-01 7.497988862292091028e+01 6.819524638425960461e+01 1.823219074889816227e+01 3.271478103903788792e-01 4.449668797385572105e+01 4.631183345615076291e-28 4.598592588144454721e-28 3.644046707118477947e-29 7.877162024532821105e-01 4.872044620100700474e-29 1.000000000000000000e+00 0.000000000000000000e+00 0.000000000000000000e+00 0.000000000000000000e+00 1.000000000000000000e+00 1.000000000000000000e+10 0.000000000000000000e+00 0.000000000000000000e+00 0.000000000000000000e+00 1.000000000000000000e+10
8.660016140678794550e-01 6.253088713115255359e+01 5.138891144156231405e+01 1.938952081262238636e+01 3.175337948283394884e-01 4.174914532695841274e+01 3.735043969113665635e-28 3.620730668469433831e-28 3.685667094988835684e-29 8.004372145345356460e-01 4.603054220292100210e-29 1.000000000000000000e+00 0.000000000000000000e+00 0.000000000000000000e+00 0.000000000000000000e+00 1.000000000000000000e+00 1.000000000000000000e+10 0.000000000000000000e+00 0.000000000000000000e+00 0.000000000000000000e+00 1.000000000000000000e+10
9.987502515910116063e-01 5.338335508130923301e+01 4.781699585696562593e+01 1.794844278940188786e+01 3.142088164720586718e-01 3.722052886031683983e+01 2.952948239951296058e-28 3.145409149264489664e-28 3.401865590551158917e-29 8.144162151189751064e-01 4.122687989286103871e-29 1.000000000000000000e+00 0.000000000000000000e+00 0.000000000000000000e+00 0.000000000000000000e+00 1.000000000000000000e+00 1.000000000000000000e+10 0.000000000000000000e+00 0.000000000000000000e+00 0.000000000000000000e+00 1.000000000000000000e+10
1.151847812808953542e+00 4.739213511587802685e+01 4.664138094333939932e+01 1.677876679549756744e+01 3.059369059072635233e-01 3.414296418661707833e+01 2.730242308051645057e-28 3.347952923524408707e-28 4.148238900439526063e-29 8.212480719573376220e-01 4.735588353684709556e-29 1.000000000000000000e+00 0.000000000000000000e+00 0.000000000000000000e+00 0.000000000000000000e+00 1.000000000000000000e+00 1.000000000000000000e+10 0.000000000000000000e+00 0.000000000000000000e+00 0.000000000000000000e+00 1.000000000000000000e+10
1.328413566614123908e+00 4.338132556468742251e+01 3.466721122291334467e+01 1.707816170185727245e+01 2.903262186879275730e-01 3.402536851241394089e+01 2.545468936155311669e-28 2.720615310075821107e-28 4.077975468307756719e-29 7.947120901183000186e-01 4.811337617442077929e-29 1.000000000000000000e+00 0.000000000000000000e+00 0.000000000000000000e+00 0.000000000000000000e+00 1.000000000000000000e+00 1.000000000000000000e+10 0.000000000000000000e+00 0.000000000000000000e+00 0.000000000000000000e+00 1.000000000000000000e+10
1.532044931926391351e+00 4.042846890250301328e+01 3.311186723417074518e+01 1.631227736632644820e+01 2.854842241391175595e-01 3.188869101788660032e+01 3.141574455777983455e-28 2.947626343725467252e-28 4.527186903971859477e-29 7.883971672292396926e-01 5.188992975429833896e-29 1.000000000000000000e+00 0.000000000000000000e+00 0.000000000000000000e+00 0.000000000000000000e+00 1.000000000000000000e+00 1.000000000000000000e+10 0.000000000000000000e+00 0.000000000000000000e+00 0.000000000000000000e+00 1.000000000000000000e+10
1.766890772896739126e+00 3.700911222085984065e+01 2.412520965941878259e+01 1.502118443900336331e+01 2.724933302472429819e-01 3.011765895969087481e+01 5.069894330389351536e-28 1.964853518375815320e-28 4.319376995883157420e-29 7.533615713954551207e-01 5.004416299840769940e-29 1.000000000000000000e+00 0.000000000000000000e+00 0.000000000000000000e+00 0.000000000000000000e+00 1.000000000000000000e+00 1.000000000000000000e+10 0.000000000000000000e+00 0.000000000000000000e+00 0.000000000000000000e+00 1.000000000000000000e+10
2.037735929469222107e+00 3.474250063755290796e+01 2.519927763252928798e+01 1.251517835856849992e+01 2.675910133005058866e-01 2.727834769822630534e+01 6.075377249852026413e-28 2.214352480191797281e-28 4.161948030394767710e-29 7.472007336661061760e-01 4.803407455060415011e-29 1.000000000000000000e+00 0.000000000000000000e+00 0.000000000000000000e+00 0.000000000000000000e+00 1.000000000000000000e+00 1.000000000000000000e+10 0.000000000000000000e+00 0.000000000000000000e+00 0.000000000000000000e+00 1.000000000000000000e+10
2.350098705559579226e+00 3.134389124789709058e+01 1.968497908334673596e+01 1.058781129087585882e+01 2.465702059104459554e-01 2.582580348611505983e+01 3.490523153684893631e-28 1.939803513329298628e-28 4.428892258997263768e-29 7.244506348313577426e-01 5.264080946425091603e-29 1.000000000000000000e+00 0.000000000000000000e+00 0.000000000000000000e+00 0.000000000000000000e+00 1.000000000000000000e+00 1.000000000000000000e+10 0.000000000000000000e+00 0.000000000000000000e+00 0.000000000000000000e+00 1.000000000000000000e+10
