# R (Mpc), mean rho (Msol/kpc^3), errup (Msol/kpc^3), errlow, std, median rho (Msol/kpc^3), mean pth (Msol/kpc/s^2), errup(Msol/kpc/s^2), errlow, std, median pth (Msol/kpc/s^2), mean gas-mass-weighted metal (fraction), errup, errlow, std, median metal, mean gas-mass-weighted temp (K), errup, errlow, std, median temp  
#  nprofs 181, mean mh 548469952038.097229, median mh 506124040299.246338 
#  Mass range 11.50 - 12.0
1.040961082911032697e-02 4.505293732570785214e+05 2.519503397277859622e+05 1.791960584937079693e+05 2.155118061628996662e-01 4.150908060013506911e+05 2.837446395703298180e-25 4.260147841755969049e-25 5.902941481272247531e-26 4.997388682485376932e-01 1.020864828245478417e-25 1.000000000000000000e+00 0.000000000000000000e+00 0.000000000000000000e+00 0.000000000000000000e+00 1.000000000000000000e+00 1.000000000000000000e+10 0.000000000000000000e+00 0.000000000000000000e+00 0.000000000000000000e+00 1.000000000000000000e+10
1.200529105910367808e-02 3.492496616673200042e+05 1.715649117690594285e+05 1.726027665487209451e+05 2.314326920062782511e-01 3.412100188760647434e+05 2.910458273538389691e-25 3.930078694809919244e-25 9.199135991513708768e-26 4.853348388041994199e-01 1.379500189330596750e-25 1.000000000000000000e+00 0.000000000000000000e+00 0.000000000000000000e+00 0.000000000000000000e+00 1.000000000000000000e+00 1.000000000000000000e+10 0.000000000000000000e+00 0.000000000000000000e+00 0.000000000000000000e+00 1.000000000000000000e+10
1.384557172980430476e-02 2.646455583959964570e+05 1.480529054847301741e+05 1.184679139115373837e+05 2.482572357597288282e-01 2.453434965470522584e+05 2.432465101816552244e-25 2.684428660658039782e-25 1.153340517783763733e-25 4.557412844806539853e-01 1.612880316851557942e-25 1.000000000000000000e+00 0.000000000000000000e+00 0.000000000000000000e+00 0.000000000000000000e+00 1.000000000000000000e+00 1.000000000000000000e+10 0.000000000000000000e+00 0.000000000000000000e+00 0.000000000000000000e+00 1.000000000000000000e+10
1.596794743096121086e-02 1.934898064320093545e+05 1.186047482956571330e+05 8.599920788784384786e+04 2.518080428793199044e-01 1.786644915943272936e+05 2.643377777260733205e-25 3.179037657901542220e-25 1.017970938196146474e-25 4.073249525207867094e-01 1.687605501240558917e-25 1.000000000000000000e+00 0.000000000000000000e+00 0.000000000000000000e+00 0.000000000000000000e+00 1.000000000000000000e+00 1.000000000000000000e+10 0.000000000000000000e+00 0.000000000000000000e+00 0.000000000000000000e+00 1.000000000000000000e+10
1.841566026551830909e-02 1.361313312223997491e+05 8.311782817988212628e+04 5.430639006321905617e+04 2.593654522221492398e-01 1.189286371544505382e+05 2.429052822204197528e-25 2.261207287425122876e-25 9.907276607222037682e-26 3.590095870035853731e-01 1.772833316779636667e-25 1.000000000000000000e+00 0.000000000000000000e+00 0.000000000000000000e+00 0.000000000000000000e+00 1.000000000000000000e+00 1.000000000000000000e+10 0.000000000000000000e+00 0.000000000000000000e+00 0.000000000000000000e+00 1.000000000000000000e+10
2.123858088093512342e-02 9.240733520928303187e+04 5.656395763152807194e+04 4.073989161432792025e+04 2.625513804667894413e-01 8.128844250161504897e+04 2.059867320475178643e-25 1.610700594674699632e-25 9.132980589823472694e-26 3.456108003153707253e-01 1.621171442575086589e-25 1.000000000000000000e+00 0.000000000000000000e+00 0.000000000000000000e+00 0.000000000000000000e+00 1.000000000000000000e+00 1.000000000000000000e+10 0.000000000000000000e+00 0.000000000000000000e+00 0.000000000000000000e+00 1.000000000000000000e+10
2.449422455303571639e-02 6.145535801105820428e+04 4.846688879640283267e+04 1.873408741122737047e+04 2.573547217727826797e-01 4.875812754954795673e+04 1.818964428753501016e-25 1.356519706727087500e-25 7.905136393137244242e-26 3.356745345700931638e-01 1.424423106010657112e-25 1.000000000000000000e+00 0.000000000000000000e+00 0.000000000000000000e+00 0.000000000000000000e+00 1.000000000000000000e+00 1.000000000000000000e+10 0.000000000000000000e+00 0.000000000000000000e+00 0.000000000000000000e+00 1.000000000000000000e+10
2.824892302447100725e-02 4.207185086850589869e+04 2.887435205032010708e+04 1.502819485748879379e+04 2.646128049032780427e-01 3.445737227308244474e+04 1.461990146028650275e-25 1.218595981092516722e-25 6.234259122472264186e-26 3.028966778737203214e-01 1.137039803891929271e-25 1.000000000000000000e+00 0.000000000000000000e+00 0.000000000000000000e+00 0.000000000000000000e+00 1.000000000000000000e+00 1.000000000000000000e+10 0.000000000000000000e+00 0.000000000000000000e+00 0.000000000000000000e+00 1.000000000000000000e+10
3.257917597328415654e-02 2.908530507356123780e+04 2.094821331461165391e+04 1.017633245092838843e+04 2.516976187925136221e-01 2.360690406814551534e+04 1.237110734173653431e-25 9.705267189803104688e-26 4.604277976948978741e-26 2.883189848097344465e-01 9.560418006710966886e-26 1.000000000000000000e+00 0.000000000000000000e+00 0.000000000000000000e+00 0.000000000000000000e+00 1.000000000000000000e+00 1.000000000000000000e+10 0.000000000000000000e+00 0.000000000000000000e+00 0.000000000000000000e+00 1.000000000000000000e+10
3.757320964692217186e-02 2.004275867063490296e+04 1.068669530985727397e+04 7.080428441519739863e+03 2.270074188260844672e-01 1.716055943294205281e+04 1.026355886284472004e-25 7.690581101973468559e-26 3.776419482603338340e-26 2.829576894833572553e-01 8.107260955461025187e-26 1.000000000000000000e+00 0.000000000000000000e+00 0.000000000000000000e+00 0.000000000000000000e+00 1.000000000000000000e+00 1.000000000000000000e+10 0.000000000000000000e+00 0.000000000000000000e+00 0.000000000000000000e+00 1.000000000000000000e+10
4.333277441790538143e-02 1.381943512131564421e+04 7.094447701259397945e+03 4.532073274167827549e+03 1.971338520999473543e-01 1.228408901293580675e+04 8.307593989788769460e-26 7.923161743365227531e-26 2.785483359701351396e-26 2.808021371882752915e-01 6.266448338927482503e-26 1.000000000000000000e+00 0.000000000000000000e+00 0.000000000000000000e+00 0.000000000000000000e+00 1.000000000000000000e+00 1.000000000000000000e+10 0.000000000000000000e+00 0.000000000000000000e+00 0.000000000000000000e+00 1.000000000000000000e+10
4.997521788524898756e-02 1.048325743608584526e+04 5.757638629644241519e+03 3.027100205218364863e+03 1.859441365788193634e-01 9.327662069494201205e+03 6.886505704156728831e-26 6.161751511029995279e-26 2.592402333746163496e-26 2.722814512966634792e-01 5.434285184013627890e-26 1.000000000000000000e+00 0.000000000000000000e+00 0.000000000000000000e+00 0.000000000000000000e+00 1.000000000000000000e+00 1.000000000000000000e+10 0.000000000000000000e+00 0.000000000000000000e+00 0.000000000000000000e+00 1.000000000000000000e+10
5.763587575980636674e-02 7.811430660506036475e+03 3.458836519899035011e+03 2.599329373666798347e+03 1.723007220686493812e-01 7.235445378171206357e+03 5.476928036819478235e-26 4.857177206062626167e-26 1.900185786749861086e-26 2.736103828430104246e-01 4.244961483164802662e-26 1.000000000000000000e+00 0.000000000000000000e+00 0.000000000000000000e+00 0.000000000000000000e+00 1.000000000000000000e+00 1.000000000000000000e+10 0.000000000000000000e+00 0.000000000000000000e+00 0.000000000000000000e+00 1.000000000000000000e+10
6.647082924635627776e-02 6.242025594511037525e+03 2.841997837731298205e+03 2.018565518490257091e+03 1.764332182843243446e-01 5.772632276175432708e+03 4.351544117451747246e-26 4.081317837767342859e-26 1.610597040918320578e-26 2.690405539522733314e-01 3.461702863262497779e-26 1.000000000000000000e+00 0.000000000000000000e+00 0.000000000000000000e+00 0.000000000000000000e+00 1.000000000000000000e+00 1.000000000000000000e+10 0.000000000000000000e+00 0.000000000000000000e+00 0.000000000000000000e+00 1.000000000000000000e+10
7.666008510240249207e-02 4.943281924821467328e+03 2.390224760313915795e+03 1.615711129577890460e+03 1.802124757889807805e-01 4.640155325664963129e+03 3.325466845459241964e-26 2.906282213027676502e-26 1.301696848763005105e-26 2.725446919707551485e-01 2.720368690085485628e-26 1.000000000000000000e+00 0.000000000000000000e+00 0.000000000000000000e+00 0.000000000000000000e+00 1.000000000000000000e+00 1.000000000000000000e+10 0.000000000000000000e+00 0.000000000000000000e+00 0.000000000000000000e+00 1.000000000000000000e+10
8.841124316543315376e-02 3.885228629667655241e+03 2.070224953112650383e+03 1.231317074075798246e+03 1.832967446607048356e-01 3.520782816230566368e+03 2.492669160166088153e-26 2.084471671113847049e-26 1.003816664900037052e-26 2.782319940567639649e-01 2.017564917705338170e-26 1.000000000000000000e+00 0.000000000000000000e+00 0.000000000000000000e+00 0.000000000000000000e+00 1.000000000000000000e+00 1.000000000000000000e+10 0.000000000000000000e+00 0.000000000000000000e+00 0.000000000000000000e+00 1.000000000000000000e+10
1.019637260722580097e-01 3.023981446483519903e+03 1.676894013266131424e+03 9.322556137686572129e+02 1.886673043584488341e-01 2.722896810579844441e+03 1.855265948989094268e-26 1.509083663910368189e-26 8.520764517518595127e-27 2.876771655803088135e-01 1.565141604567280005e-26 1.000000000000000000e+00 0.000000000000000000e+00 0.000000000000000000e+00 0.000000000000000000e+00 1.000000000000000000e+00 1.000000000000000000e+10 0.000000000000000000e+00 0.000000000000000000e+00 0.000000000000000000e+00 1.000000000000000000e+10
1.175936573483598035e-01 2.273280258336168117e+03 1.116561123303496061e+03 6.842341981602125998e+02 1.829482771614100722e-01 2.087991161458373881e+03 1.342038556149710674e-26 1.066245233575163976e-26 5.610591316585688672e-27 2.981374343453066511e-01 1.062047951748641004e-26 1.000000000000000000e+00 0.000000000000000000e+00 0.000000000000000000e+00 0.000000000000000000e+00 1.000000000000000000e+00 1.000000000000000000e+10 0.000000000000000000e+00 0.000000000000000000e+00 0.000000000000000000e+00 1.000000000000000000e+10
1.356194872553388164e-01 1.718617018188286920e+03 7.929961966389496411e+02 5.952299707889886804e+02 1.826295834841928922e-01 1.618612699518167119e+03 9.539194074961746795e-27 8.044141303603566534e-27 3.945677820370092013e-27 3.103861577559301477e-01 7.400394210283467657e-27 1.000000000000000000e+00 0.000000000000000000e+00 0.000000000000000000e+00 0.000000000000000000e+00 1.000000000000000000e+00 1.000000000000000000e+10 0.000000000000000000e+00 0.000000000000000000e+00 0.000000000000000000e+00 1.000000000000000000e+10
1.564084810196403053e-01 1.270829802123564832e+03 5.964942701435641084e+02 4.531131178495918448e+02 1.810011371907907507e-01 1.187524685397799431e+03 6.581539991157847880e-27 5.967185546136750818e-27 2.769707511266484499e-27 3.214569124418413804e-01 5.121330893984753707e-27 1.000000000000000000e+00 0.000000000000000000e+00 0.000000000000000000e+00 0.000000000000000000e+00 1.000000000000000000e+00 1.000000000000000000e+10 0.000000000000000000e+00 0.000000000000000000e+00 0.000000000000000000e+00 1.000000000000000000e+10
1.803842016362447453e-01 9.329697470654903100e+02 4.084079895177833350e+02 3.572591043027496198e+02 1.814942387721027173e-01 8.975824007719199926e+02 4.442630717186913501e-27 3.617508989644083284e-27 1.959129039008632361e-27 3.323279715385044630e-01 3.516943783300617049e-27 1.000000000000000000e+00 0.000000000000000000e+00 0.000000000000000000e+00 0.000000000000000000e+00 1.000000000000000000e+00 1.000000000000000000e+10 0.000000000000000000e+00 0.000000000000000000e+00 0.000000000000000000e+00 1.000000000000000000e+10
2.080351397048574025e-01 6.698626429714720416e+02 2.860545572010671549e+02 2.408756971789916292e+02 1.753928895076755090e-01 6.341350104319087677e+02 2.940411798410030758e-27 2.596054965238198008e-27 1.279999033377443233e-27 3.386078208040340098e-01 2.254911296147621940e-27 1.000000000000000000e+00 0.000000000000000000e+00 0.000000000000000000e+00 0.000000000000000000e+00 1.000000000000000000e+00 1.000000000000000000e+10 0.000000000000000000e+00 0.000000000000000000e+00 0.000000000000000000e+00 1.000000000000000000e+10
2.399246661262133540e-01 4.929828222436365195e+02 2.537334717549533707e+02 1.471063892840305698e+02 1.797093093134542741e-01 4.383035676076043501e+02 1.992052256980017488e-27 1.611761917854541545e-27 8.343897449012593975e-28 3.548114188703540006e-01 1.445766659074041708e-27 1.000000000000000000e+00 0.000000000000000000e+00 0.000000000000000000e+00 0.000000000000000000e+00 1.000000000000000000e+00 1.000000000000000000e+10 0.000000000000000000e+00 0.000000000000000000e+00 0.000000000000000000e+00 1.000000000000000000e+10
2.767025104385807399e-01 3.698381852473582967e+02 1.772339893500075050e+02 1.141616390207050529e+02 1.960297410812981977e-01 3.282716901910504816e+02 1.416660049461447929e-27 1.224095088162669873e-27 5.600005390879887652e-28 3.831487085773530588e-01 9.376260057735420409e-28 1.000000000000000000e+00 0.000000000000000000e+00 0.000000000000000000e+00 0.000000000000000000e+00 1.000000000000000000e+00 1.000000000000000000e+10 0.000000000000000000e+00 0.000000000000000000e+00 0.000000000000000000e+00 1.000000000000000000e+10
3.191179986585286343e-01 2.652131715518403325e+02 1.422795311479058284e+02 8.032151234943208351e+01 1.953316251116760383e-01 2.315968990728799497e+02 1.039809567226488203e-27 8.887297381070334327e-28 3.570448946492392777e-28 4.157703581543379379e-01 5.870404408624838079e-28 1.000000000000000000e+00 0.000000000000000000e+00 0.000000000000000000e+00 0.000000000000000000e+00 1.000000000000000000e+00 1.000000000000000000e+10 0.000000000000000000e+00 0.000000000000000000e+00 0.000000000000000000e+00 1.000000000000000000e+10
3.680353203388414540e-01 1.950998736573461656e+02 1.074998762280609128e+02 5.132192303677794598e+01 2.046937817269854631e-01 1.603492317188919571e+02 8.095852956041416005e-28 7.779167752184826948e-28 2.533027318552112856e-28 4.510126490550961931e-01 3.934082893648418994e-28 1.000000000000000000e+00 0.000000000000000000e+00 0.000000000000000000e+00 0.000000000000000000e+00 1.000000000000000000e+00 1.000000000000000000e+10 0.000000000000000000e+00 0.000000000000000000e+00 0.000000000000000000e+00 1.000000000000000000e+10
4.244511359005219142e-01 1.492983448181582276e+02 7.726572390293443959e+01 4.901226922715649437e+01 2.167420336451478524e-01 1.265453207311361155e+02 6.544140776330164474e-28 6.300100085477840502e-28 1.602620523285600945e-28 4.887877563482994625e-01 2.549640810906246900e-28 1.000000000000000000e+00 0.000000000000000000e+00 0.000000000000000000e+00 0.000000000000000000e+00 1.000000000000000000e+00 1.000000000000000000e+10 0.000000000000000000e+00 0.000000000000000000e+00 0.000000000000000000e+00 1.000000000000000000e+10
4.895148829774688681e-01 1.160280551218601914e+02 6.505768300597983966e+01 3.220289035819970991e+01 2.284814866900409247e-01 9.209454825871486605e+01 5.650988666381028019e-28 5.341135295126370064e-28 1.088683807364924370e-28 5.322666411696889144e-01 1.740207689245429158e-28 1.000000000000000000e+00 0.000000000000000000e+00 0.000000000000000000e+00 0.000000000000000000e+00 1.000000000000000000e+00 1.000000000000000000e+10 0.000000000000000000e+00 0.000000000000000000e+00 0.000000000000000000e+00 1.000000000000000000e+10
5.645521955031491679e-01 9.560553232205108998e+01 6.545467729274773205e+01 2.768757403791753546e+01 2.479512414056095626e-01 7.364346440188418796e+01 5.682991210308993431e-28 5.398415064098069968e-28 7.681144400807520810e-29 5.989283296627732067e-01 1.200113096974823891e-28 1.000000000000000000e+00 0.000000000000000000e+00 0.000000000000000000e+00 0.000000000000000000e+00 1.000000000000000000e+00 1.000000000000000000e+10 0.000000000000000000e+00 0.000000000000000000e+00 0.000000000000000000e+00 1.000000000000000000e+10
6.510919126887823039e-01 8.822100125766542078e+01 8.174177509114358031e+01 2.282361199578350153e+01 2.934802085918407077e-01 5.821357741253660834e+01 6.171042292409040517e-28 6.073276519549641416e-28 5.366957078735484702e-29 6.878925747684199177e-01 8.436019457810029450e-29 1.000000000000000000e+00 0.000000000000000000e+00 0.000000000000000000e+00 0.000000000000000000e+00 1.000000000000000000e+00 1.000000000000000000e+10 0.000000000000000000e+00 0.000000000000000000e+00 0.000000000000000000e+00 1.000000000000000000e+10
7.508972281844089602e-01 7.819094068640370665e+01 7.990483001890341086e+01 1.752755767316951818e+01 3.177248725280736874e-01 4.720947080345717950e+01 6.246487606982412603e-28 5.386440068867210338e-28 4.665236236415540955e-29 7.474392365268808236e-01 6.729583418677996426e-29 1.000000000000000000e+00 0.000000000000000000e+00 0.000000000000000000e+00 0.000000000000000000e+00 1.000000000000000000e+00 1.000000000000000000e+10 0.000000000000000000e+00 0.000000000000000000e+00 0.000000000000000000e+00 1.000000000000000000e+10
8.660016140678794550e-01 6.358543971740846956e+01 5.229657969080934521e+01 1.705400014577725187e+01 2.967004753284940288e-01 4.303355546754365690e+01 4.993712351059536135e-28 4.273875442457893007e-28 4.164228357848641344e-29 7.485755335771590024e-01 5.897140558152438864e-29 1.000000000000000000e+00 0.000000000000000000e+00 0.000000000000000000e+00 0.000000000000000000e+00 1.000000000000000000e+00 1.000000000000000000e+10 0.000000000000000000e+00 0.000000000000000000e+00 0.000000000000000000e+00 1.000000000000000000e+10
9.987502515910116063e-01 5.280110137617991484e+01 5.045216643137857204e+01 1.485399636004223822e+01 2.826678923977834490e-01 3.699707333020408839e+01 4.922071503945169418e-28 4.159690382136094393e-28 4.116143151707167637e-29 7.654941916049369244e-01 5.320806363347761345e-29 1.000000000000000000e+00 0.000000000000000000e+00 0.000000000000000000e+00 0.000000000000000000e+00 1.000000000000000000e+00 1.000000000000000000e+10 0.000000000000000000e+00 0.000000000000000000e+00 0.000000000000000000e+00 1.000000000000000000e+10
1.151847812808953542e+00 4.928085241670211047e+01 4.080454936219562967e+01 1.541496062383888699e+01 2.975901665279760966e-01 3.518332501220862696e+01 6.288254599248314616e-28 4.245070104277942594e-28 3.831615054885781305e-29 7.959111389409647686e-01 4.837580476070540293e-29 1.000000000000000000e+00 0.000000000000000000e+00 0.000000000000000000e+00 0.000000000000000000e+00 1.000000000000000000e+00 1.000000000000000000e+10 0.000000000000000000e+00 0.000000000000000000e+00 0.000000000000000000e+00 1.000000000000000000e+10
1.328413566614123908e+00 4.595087296573465352e+01 4.088008209505095181e+01 1.286712285533088718e+01 2.944350047201401699e-01 3.121816078351006851e+01 8.025747821122136677e-28 4.075865685801077298e-28 3.265831805751413867e-29 7.940230443169616903e-01 4.290934921879644205e-29 1.000000000000000000e+00 0.000000000000000000e+00 0.000000000000000000e+00 0.000000000000000000e+00 1.000000000000000000e+00 1.000000000000000000e+10 0.000000000000000000e+00 0.000000000000000000e+00 0.000000000000000000e+00 1.000000000000000000e+10
1.532044931926391351e+00 4.328564721720564279e+01 4.198236941838437275e+01 1.146867425663880269e+01 2.920232920892481543e-01 2.884515211120947953e+01 1.051572625604961061e-27 3.630344454306069294e-28 3.793419452964156452e-29 7.828386550279075040e-01 4.843027890516992482e-29 1.000000000000000000e+00 0.000000000000000000e+00 0.000000000000000000e+00 0.000000000000000000e+00 1.000000000000000000e+00 1.000000000000000000e+10 0.000000000000000000e+00 0.000000000000000000e+00 0.000000000000000000e+00 1.000000000000000000e+10
1.766890772896739126e+00 3.765884849442203830e+01 2.452704565100053813e+01 1.216226968645669793e+01 2.691180560208471517e-01 2.786404307537653224e+01 7.968217462469383953e-28 2.687861719219351998e-28 4.131645786930355346e-29 7.442193585404446310e-01 5.151048998832315128e-29 1.000000000000000000e+00 0.000000000000000000e+00 0.000000000000000000e+00 0.000000000000000000e+00 1.000000000000000000e+00 1.000000000000000000e+10 0.000000000000000000e+00 0.000000000000000000e+00 0.000000000000000000e+00 1.000000000000000000e+10
2.037735929469222107e+00 3.218952710203642198e+01 2.332086548580056728e+01 9.926019462175773356e+00 2.463751573487081292e-01 2.556152421601566971e+01 3.724505525038492984e-28 2.403469196963735634e-28 3.685554217955879926e-29 7.088808690023780112e-01 4.740223551079846304e-29 1.000000000000000000e+00 0.000000000000000000e+00 0.000000000000000000e+00 0.000000000000000000e+00 1.000000000000000000e+00 1.000000000000000000e+10 0.000000000000000000e+00 0.000000000000000000e+00 0.000000000000000000e+00 1.000000000000000000e+10
2.350098705559579226e+00 2.988885580659034247e+01 2.438518901955851348e+01 7.402897937732648259e+00 2.369044066973761686e-01 2.281238490102658645e+01 2.617903279405846783e-28 1.993750387442331778e-28 3.832817453573918721e-29 6.764298707830105339e-01 5.081528112142589065e-29 1.000000000000000000e+00 0.000000000000000000e+00 0.000000000000000000e+00 0.000000000000000000e+00 1.000000000000000000e+00 1.000000000000000000e+10 0.000000000000000000e+00 0.000000000000000000e+00 0.000000000000000000e+00 1.000000000000000000e+10
