# R (Mpc), mean rho (Msol/kpc^3), errup (Msol/kpc^3), errlow, std, median rho (Msol/kpc^3), mean pth (Msol/kpc/s^2), errup(Msol/kpc/s^2), errlow, std, median pth (Msol/kpc/s^2), mean gas-mass-weighted metal (fraction), errup, errlow, std, median metal, mean gas-mass-weighted temp (K), errup, errlow, std, median temp  
#  nprofs 188, mean mh 209647847676.546448, median mh 198937769778.846649 
#  Mass range 11.00 - 11.5
1.040961082911032697e-02 2.216605924730886763e+05 1.451909413300711894e+05 8.589020457111786527e+04 2.436375608453721919e-01 1.996413904933632584e+05 9.274783411968407446e-26 1.375796767303262046e-25 1.537262093833097907e-26 4.692988094560313073e-01 3.405243951631633882e-26 1.000000000000000000e+00 0.000000000000000000e+00 0.000000000000000000e+00 0.000000000000000000e+00 1.000000000000000000e+00 1.000000000000000000e+10 0.000000000000000000e+00 0.000000000000000000e+00 0.000000000000000000e+00 1.000000000000000000e+10
1.200529105910367808e-02 1.708102490171863174e+05 1.187546930728491861e+05 6.909186027209811436e+04 2.583661295390309864e-01 1.469548618472943199e+05 9.409302881782259828e-26 1.355042480620262504e-25 2.376307985905447032e-26 4.670609732117556034e-01 4.145801797939098305e-26 1.000000000000000000e+00 0.000000000000000000e+00 0.000000000000000000e+00 0.000000000000000000e+00 1.000000000000000000e+00 1.000000000000000000e+10 0.000000000000000000e+00 0.000000000000000000e+00 0.000000000000000000e+00 1.000000000000000000e+10
1.384557172980430476e-02 1.314230048110538919e+05 1.027418971040625765e+05 4.832355591044136963e+04 2.613547030414462569e-01 1.103966519969305664e+05 8.553214126676380900e-26 1.090561004712754456e-25 3.034214937397779677e-26 4.423670867470689827e-01 4.754355685855480929e-26 1.000000000000000000e+00 0.000000000000000000e+00 0.000000000000000000e+00 0.000000000000000000e+00 1.000000000000000000e+00 1.000000000000000000e+10 0.000000000000000000e+00 0.000000000000000000e+00 0.000000000000000000e+00 1.000000000000000000e+10
1.596794743096121086e-02 9.649060087529820157e+04 7.042577724248546292e+04 4.247607967558819655e+04 2.770079287992838202e-01 8.609167147783262772e+04 7.057269564267393171e-26 5.737220079558371171e-26 2.962584877326487119e-26 4.008454699083363049e-01 4.540680062012971253e-26 1.000000000000000000e+00 0.000000000000000000e+00 0.000000000000000000e+00 0.000000000000000000e+00 1.000000000000000000e+00 1.000000000000000000e+10 0.000000000000000000e+00 0.000000000000000000e+00 0.000000000000000000e+00 1.000000000000000000e+10
1.841566026551830909e-02 6.798668340853146219e+04 4.378760898683393316e+04 3.291281703642773209e+04 2.727502661829201980e-01 6.108798343215536443e+04 6.041513023781530181e-26 5.510440897371310262e-26 2.483500546014220827e-26 3.628858806269034676e-01 4.246389046620300392e-26 1.000000000000000000e+00 0.000000000000000000e+00 0.000000000000000000e+00 0.000000000000000000e+00 1.000000000000000000e+00 1.000000000000000000e+10 0.000000000000000000e+00 0.000000000000000000e+00 0.000000000000000000e+00 1.000000000000000000e+10
2.123858088093512342e-02 4.730596271634023287e+04 3.111384827085347933e+04 2.220718384143426738e+04 2.818674923193855153e-01 4.248416624916262663e+04 4.880710218724815252e-26 3.647017514679903770e-26 2.328309131142119446e-26 3.280821700835042654e-01 3.943699726406493300e-26 1.000000000000000000e+00 0.000000000000000000e+00 0.000000000000000000e+00 0.000000000000000000e+00 1.000000000000000000e+00 1.000000000000000000e+10 0.000000000000000000e+00 0.000000000000000000e+00 0.000000000000000000e+00 1.000000000000000000e+10
2.449422455303571639e-02 3.062942707462123508e+04 2.088429763050056499e+04 1.044568982053314539e+04 2.669257604295553477e-01 2.457320704695623863e+04 3.768197510383304241e-26 2.561648123604032572e-26 1.586065041711059703e-26 2.968762987011393517e-01 3.010608588609240349e-26 1.000000000000000000e+00 0.000000000000000000e+00 0.000000000000000000e+00 0.000000000000000000e+00 1.000000000000000000e+00 1.000000000000000000e+10 0.000000000000000000e+00 0.000000000000000000e+00 0.000000000000000000e+00 1.000000000000000000e+10
2.824892302447100725e-02 2.056339321841979108e+04 1.518711660959962319e+04 6.766052307399897472e+03 2.617792378970796308e-01 1.662565266877910472e+04 3.249257332165729400e-26 2.178597370852951755e-26 1.194733128037286485e-26 2.754551379751382090e-01 2.659725583892053043e-26 1.000000000000000000e+00 0.000000000000000000e+00 0.000000000000000000e+00 0.000000000000000000e+00 1.000000000000000000e+00 1.000000000000000000e+10 0.000000000000000000e+00 0.000000000000000000e+00 0.000000000000000000e+00 1.000000000000000000e+10
3.257917597328415654e-02 1.348183110466594007e+04 8.041096284710954933e+03 4.250203046472635833e+03 2.482550042353237618e-01 1.122867866517673974e+04 2.665582432155919289e-26 1.726225872780969757e-26 9.816750768647546469e-27 2.574052900816307665e-01 2.253259492719603260e-26 1.000000000000000000e+00 0.000000000000000000e+00 0.000000000000000000e+00 0.000000000000000000e+00 1.000000000000000000e+00 1.000000000000000000e+10 0.000000000000000000e+00 0.000000000000000000e+00 0.000000000000000000e+00 1.000000000000000000e+10
3.757320964692217186e-02 8.947609461403368186e+03 5.312389695067604407e+03 3.432681919824383840e+03 2.430950758504686060e-01 7.659334836355015796e+03 2.135305882934257365e-26 1.250466874209468009e-26 7.622635703913196071e-27 2.271584113639959768e-01 1.850092960294529377e-26 1.000000000000000000e+00 0.000000000000000000e+00 0.000000000000000000e+00 0.000000000000000000e+00 1.000000000000000000e+00 1.000000000000000000e+10 0.000000000000000000e+00 0.000000000000000000e+00 0.000000000000000000e+00 1.000000000000000000e+10
4.333277441790538143e-02 6.372665520662910239e+03 4.227729099175485317e+03 1.931168466889277170e+03 2.124522762066247128e-01 5.372274653716454850e+03 1.783270229681754312e-26 1.009579364909283541e-26 5.932119016153704066e-27 2.146390873322675807e-01 1.545721709541669796e-26 1.000000000000000000e+00 0.000000000000000000e+00 0.000000000000000000e+00 0.000000000000000000e+00 1.000000000000000000e+00 1.000000000000000000e+10 0.000000000000000000e+00 0.000000000000000000e+00 0.000000000000000000e+00 1.000000000000000000e+10
4.997521788524898756e-02 4.591606428336114732e+03 2.296784666589235712e+03 1.690133180790506231e+03 2.083750563471386263e-01 4.311618999826252548e+03 1.431829566969649625e-26 8.887806276235482250e-27 4.600251978558622149e-27 2.272896801388777088e-01 1.243586009300665294e-26 1.000000000000000000e+00 0.000000000000000000e+00 0.000000000000000000e+00 0.000000000000000000e+00 1.000000000000000000e+00 1.000000000000000000e+10 0.000000000000000000e+00 0.000000000000000000e+00 0.000000000000000000e+00 1.000000000000000000e+10
5.763587575980636674e-02 3.411576026177206586e+03 1.862928222037360683e+03 1.170359158556434068e+03 1.787494171433119117e-01 3.222743366483542559e+03 1.174077608692958837e-26 7.640712799647152893e-27 3.989585524495514555e-27 2.210872358588168163e-01 1.015700890215198987e-26 1.000000000000000000e+00 0.000000000000000000e+00 0.000000000000000000e+00 0.000000000000000000e+00 1.000000000000000000e+00 1.000000000000000000e+10 0.000000000000000000e+00 0.000000000000000000e+00 0.000000000000000000e+00 1.000000000000000000e+10
6.647082924635627776e-02 2.689042158212056620e+03 1.140029716334361183e+03 8.477363819154545581e+02 1.635159560737932949e-01 2.528249919194216091e+03 9.314601634632777208e-27 6.062915045354066960e-27 3.306108735518089488e-27 2.142727377384127940e-01 8.230027083147696219e-27 1.000000000000000000e+00 0.000000000000000000e+00 0.000000000000000000e+00 0.000000000000000000e+00 1.000000000000000000e+00 1.000000000000000000e+10 0.000000000000000000e+00 0.000000000000000000e+00 0.000000000000000000e+00 1.000000000000000000e+10
7.666008510240249207e-02 2.164209383820935727e+03 9.917375646834016152e+02 6.115340170201413912e+02 1.676688627294349587e-01 1.984437309768728028e+03 7.445402840672960051e-27 5.121895761571465114e-27 2.231303058668779601e-27 2.262536613040161126e-01 6.164867515124240497e-27 1.000000000000000000e+00 0.000000000000000000e+00 0.000000000000000000e+00 0.000000000000000000e+00 1.000000000000000000e+00 1.000000000000000000e+10 0.000000000000000000e+00 0.000000000000000000e+00 0.000000000000000000e+00 1.000000000000000000e+10
8.841124316543315376e-02 1.671361142773103893e+03 7.335814314126855606e+02 4.617025903296182605e+02 1.612704582791637808e-01 1.540670739930532363e+03 5.564841869522183405e-27 3.966741522497441126e-27 1.708257453730307899e-27 2.320769354504380599e-01 4.562426881413761746e-27 1.000000000000000000e+00 0.000000000000000000e+00 0.000000000000000000e+00 0.000000000000000000e+00 1.000000000000000000e+00 1.000000000000000000e+10 0.000000000000000000e+00 0.000000000000000000e+00 0.000000000000000000e+00 1.000000000000000000e+10
1.019637260722580097e-01 1.298813437454848327e+03 6.203478082417434507e+02 3.326560171888348805e+02 1.621839692785537745e-01 1.173325308168689389e+03 4.243867113469666122e-27 2.921720266521565573e-27 1.386189394059114160e-27 2.474465184371773263e-01 3.417348228457437396e-27 1.000000000000000000e+00 0.000000000000000000e+00 0.000000000000000000e+00 0.000000000000000000e+00 1.000000000000000000e+00 1.000000000000000000e+10 0.000000000000000000e+00 0.000000000000000000e+00 0.000000000000000000e+00 1.000000000000000000e+10
1.175936573483598035e-01 1.007849834093825621e+03 4.046458600113448938e+02 2.650953968107376113e+02 1.531032718986688468e-01 9.250863620390480264e+02 3.181156383471846563e-27 2.049783966910961932e-27 1.204486185805713440e-27 2.617668086475662403e-01 2.602344261086367663e-27 1.000000000000000000e+00 0.000000000000000000e+00 0.000000000000000000e+00 0.000000000000000000e+00 1.000000000000000000e+00 1.000000000000000000e+10 0.000000000000000000e+00 0.000000000000000000e+00 0.000000000000000000e+00 1.000000000000000000e+10
1.356194872553388164e-01 7.807463061669129729e+02 2.956794491148712041e+02 1.992764643542996623e+02 1.554549649180437254e-01 7.092821901751947280e+02 2.323944788674384867e-27 1.644913426887850085e-27 7.577946969722878136e-28 2.733578309530613204e-01 1.774721981104140296e-27 1.000000000000000000e+00 0.000000000000000000e+00 0.000000000000000000e+00 0.000000000000000000e+00 1.000000000000000000e+00 1.000000000000000000e+10 0.000000000000000000e+00 0.000000000000000000e+00 0.000000000000000000e+00 1.000000000000000000e+10
1.564084810196403053e-01 5.922976777448443499e+02 2.457565908670710542e+02 1.232703236285295816e+02 1.442094720638975036e-01 5.317228956228161678e+02 1.768248582573588597e-27 1.587783798386563906e-27 5.276649001352104858e-28 2.969314208995361137e-01 1.236875628885914917e-27 1.000000000000000000e+00 0.000000000000000000e+00 0.000000000000000000e+00 0.000000000000000000e+00 1.000000000000000000e+00 1.000000000000000000e+10 0.000000000000000000e+00 0.000000000000000000e+00 0.000000000000000000e+00 1.000000000000000000e+10
1.803842016362447453e-01 4.474906775938808892e+02 1.624135238988197898e+02 1.081991430788569346e+02 1.523177230876952837e-01 4.045542333822688761e+02 1.320058730433857778e-27 1.015524943282526938e-27 3.945479988341447755e-28 3.285493641606882509e-01 8.487187652765386384e-28 1.000000000000000000e+00 0.000000000000000000e+00 0.000000000000000000e+00 0.000000000000000000e+00 1.000000000000000000e+00 1.000000000000000000e+10 0.000000000000000000e+00 0.000000000000000000e+00 0.000000000000000000e+00 1.000000000000000000e+10
2.080351397048574025e-01 3.452544555919157574e+02 1.407041184997159462e+02 8.599811531799986142e+01 1.693256241303694454e-01 3.044152726234581223e+02 1.029404404464383146e-27 7.602438412896216897e-28 2.565753562716918487e-28 3.708130652444018849e-01 5.643668641476398560e-28 1.000000000000000000e+00 0.000000000000000000e+00 0.000000000000000000e+00 0.000000000000000000e+00 1.000000000000000000e+00 1.000000000000000000e+10 0.000000000000000000e+00 0.000000000000000000e+00 0.000000000000000000e+00 1.000000000000000000e+10
2.399246661262133540e-01 2.688018031703221027e+02 1.188639685734540876e+02 7.761925242703088657e+01 1.818256693710528504e-01 2.371531116750963974e+02 8.316115254300213578e-28 6.313953452302728300e-28 2.078285130786543137e-28 4.123935242570117565e-01 4.121598992366797778e-28 1.000000000000000000e+00 0.000000000000000000e+00 0.000000000000000000e+00 0.000000000000000000e+00 1.000000000000000000e+00 1.000000000000000000e+10 0.000000000000000000e+00 0.000000000000000000e+00 0.000000000000000000e+00 1.000000000000000000e+10
2.767025104385807399e-01 2.120598737641998355e+02 1.109890523595649370e+02 5.418889967495717030e+01 1.972546700585838531e-01 1.765905910260195810e+02 7.172402198137587878e-28 6.023989285113678195e-28 1.703062972998288924e-28 4.619877140644590985e-01 2.948423948905741765e-28 1.000000000000000000e+00 0.000000000000000000e+00 0.000000000000000000e+00 0.000000000000000000e+00 1.000000000000000000e+00 1.000000000000000000e+10 0.000000000000000000e+00 0.000000000000000000e+00 0.000000000000000000e+00 1.000000000000000000e+10
3.191179986585286343e-01 1.721356715387487100e+02 9.219914280149811248e+01 4.921207522401292067e+01 2.136429255279060635e-01 1.416289301086574426e+02 6.250577355947187528e-28 5.228625763647011298e-28 1.414901886699605630e-28 5.021025363778044426e-01 2.279975253081207478e-28 1.000000000000000000e+00 0.000000000000000000e+00 0.000000000000000000e+00 0.000000000000000000e+00 1.000000000000000000e+00 1.000000000000000000e+10 0.000000000000000000e+00 0.000000000000000000e+00 0.000000000000000000e+00 1.000000000000000000e+10
3.680353203388414540e-01 1.413642808748183768e+02 8.446498629879098985e+01 3.387918837274067130e+01 2.321652005760306003e-01 1.062995940030235147e+02 5.673811146657828582e-28 5.077723667430550691e-28 9.384987311412413392e-29 5.468285522603238968e-01 1.545564935460928335e-28 1.000000000000000000e+00 0.000000000000000000e+00 0.000000000000000000e+00 0.000000000000000000e+00 1.000000000000000000e+00 1.000000000000000000e+10 0.000000000000000000e+00 0.000000000000000000e+00 0.000000000000000000e+00 1.000000000000000000e+10
4.244511359005219142e-01 1.233099673143249930e+02 7.366230878486189226e+01 3.004169192032616564e+01 2.608495288986978911e-01 8.745043419610865953e+01 5.579073877170116362e-28 5.958487937476292240e-28 6.680670214221961166e-29 6.016926704099166967e-01 1.125925468130319871e-28 1.000000000000000000e+00 0.000000000000000000e+00 0.000000000000000000e+00 0.000000000000000000e+00 1.000000000000000000e+00 1.000000000000000000e+10 0.000000000000000000e+00 0.000000000000000000e+00 0.000000000000000000e+00 1.000000000000000000e+10
4.895148829774688681e-01 1.021171752823578487e+02 7.179038476197516161e+01 2.252524268365373672e+01 2.797437394367120467e-01 6.661073072867330325e+01 5.472206593474854541e-28 4.652492755073691671e-28 6.132017056635086973e-29 6.604726264252925860e-01 9.335538456876193275e-29 1.000000000000000000e+00 0.000000000000000000e+00 0.000000000000000000e+00 0.000000000000000000e+00 1.000000000000000000e+00 1.000000000000000000e+10 0.000000000000000000e+00 0.000000000000000000e+00 0.000000000000000000e+00 1.000000000000000000e+10
5.645521955031491679e-01 8.927273073299494399e+01 6.572912043088047085e+01 2.233910326536825863e+01 3.035363468557978339e-01 5.662551498936856120e+01 5.356598186129778363e-28 3.934637720116735185e-28 4.984940179828612554e-29 7.186173737384971005e-01 7.238827046475225633e-29 1.000000000000000000e+00 0.000000000000000000e+00 0.000000000000000000e+00 0.000000000000000000e+00 1.000000000000000000e+00 1.000000000000000000e+10 0.000000000000000000e+00 0.000000000000000000e+00 0.000000000000000000e+00 1.000000000000000000e+10
6.510919126887823039e-01 7.247870743299887408e+01 5.870568320566502507e+01 1.777567715287802130e+01 3.078518861600729739e-01 4.578665833303892896e+01 4.928028820470574746e-28 3.825441081046005341e-28 4.959936634748117794e-29 7.659388149353197894e-01 6.514243536539365451e-29 1.000000000000000000e+00 0.000000000000000000e+00 0.000000000000000000e+00 0.000000000000000000e+00 1.000000000000000000e+00 1.000000000000000000e+10 0.000000000000000000e+00 0.000000000000000000e+00 0.000000000000000000e+00 1.000000000000000000e+10
7.508972281844089602e-01 6.361493640989321818e+01 5.646144739855400019e+01 1.586196341623368156e+01 3.139509017493704590e-01 3.991816707990840030e+01 4.679245108842129387e-28 4.464003473757704895e-28 5.017428301690382214e-29 8.123019695116695527e-01 6.255331247049684419e-29 1.000000000000000000e+00 0.000000000000000000e+00 0.000000000000000000e+00 0.000000000000000000e+00 1.000000000000000000e+00 1.000000000000000000e+10 0.000000000000000000e+00 0.000000000000000000e+00 0.000000000000000000e+00 1.000000000000000000e+10
8.660016140678794550e-01 5.818714046284570429e+01 6.401914998076436802e+01 1.435144699547123537e+01 3.309282644678855356e-01 3.545702834929475955e+01 4.529654656380889448e-28 5.930278700628785010e-28 4.226716609112963726e-29 8.679421701236449405e-01 5.174967003488270282e-29 1.000000000000000000e+00 0.000000000000000000e+00 0.000000000000000000e+00 0.000000000000000000e+00 1.000000000000000000e+00 1.000000000000000000e+10 0.000000000000000000e+00 0.000000000000000000e+00 0.000000000000000000e+00 1.000000000000000000e+10
9.987502515910116063e-01 5.224754794984412598e+01 5.689836872202909035e+01 1.800400901294022660e+01 3.300326520931191054e-01 3.586909701699605080e+01 4.491297928024446880e-28 6.069794691675142580e-28 4.745268182142224434e-29 8.975780735454567116e-01 5.571792586887231602e-29 1.000000000000000000e+00 0.000000000000000000e+00 0.000000000000000000e+00 0.000000000000000000e+00 1.000000000000000000e+00 1.000000000000000000e+10 0.000000000000000000e+00 0.000000000000000000e+00 0.000000000000000000e+00 1.000000000000000000e+10
1.151847812808953542e+00 4.755676535382050929e+01 5.047038621107780898e+01 1.448182022064050400e+01 3.258655232894313025e-01 3.120264276199610265e+01 4.593067457824728971e-28 5.611781481847879319e-28 3.948993883789494856e-29 8.935537239711336399e-01 4.655933133953040856e-29 1.000000000000000000e+00 0.000000000000000000e+00 0.000000000000000000e+00 0.000000000000000000e+00 1.000000000000000000e+00 1.000000000000000000e+10 0.000000000000000000e+00 0.000000000000000000e+00 0.000000000000000000e+00 1.000000000000000000e+10
1.328413566614123908e+00 4.310862837075847409e+01 3.359656776092322161e+01 1.577319893909886162e+01 3.102435146433855095e-01 3.187576163838271270e+01 5.003961632194449960e-28 4.086292210216937648e-28 4.154811605266193482e-29 8.624338108103564160e-01 4.911038242411243659e-29 1.000000000000000000e+00 0.000000000000000000e+00 0.000000000000000000e+00 0.000000000000000000e+00 1.000000000000000000e+00 1.000000000000000000e+10 0.000000000000000000e+00 0.000000000000000000e+00 0.000000000000000000e+00 1.000000000000000000e+10
1.532044931926391351e+00 4.171040788566350699e+01 3.359055468608607242e+01 1.441657398883479857e+01 3.122579741963230071e-01 3.013642364380601180e+01 7.352605605972526359e-28 4.615954281780549486e-28 4.318469207964130442e-29 8.758434271899910861e-01 5.053419342056621159e-29 1.000000000000000000e+00 0.000000000000000000e+00 0.000000000000000000e+00 0.000000000000000000e+00 1.000000000000000000e+00 1.000000000000000000e+10 0.000000000000000000e+00 0.000000000000000000e+00 0.000000000000000000e+00 1.000000000000000000e+10
1.766890772896739126e+00 3.966115813159939307e+01 2.880446368772866705e+01 1.222418907206656336e+01 3.071913304151236424e-01 2.708890379562999229e+01 1.239373910683861961e-27 3.774558433850413609e-28 4.789365998970934436e-29 8.843185996964609830e-01 5.499415551837420839e-29 1.000000000000000000e+00 0.000000000000000000e+00 0.000000000000000000e+00 0.000000000000000000e+00 1.000000000000000000e+00 1.000000000000000000e+10 0.000000000000000000e+00 0.000000000000000000e+00 0.000000000000000000e+00 1.000000000000000000e+10
2.037735929469222107e+00 3.971068157089118955e+01 2.700553474061524639e+01 1.363164142755942088e+01 3.138327273979300003e-01 2.730997659996349824e+01 1.733308180539342467e-27 2.957159421224550901e-28 5.859212674503269133e-29 8.975661100139264992e-01 6.515343064484389711e-29 1.000000000000000000e+00 0.000000000000000000e+00 0.000000000000000000e+00 0.000000000000000000e+00 1.000000000000000000e+00 1.000000000000000000e+10 0.000000000000000000e+00 0.000000000000000000e+00 0.000000000000000000e+00 1.000000000000000000e+10
2.350098705559579226e+00 3.501963284746766902e+01 2.011286024755727908e+01 1.259775652787781119e+01 2.995151653912242473e-01 2.576336056119669138e+01 1.310984124375238624e-27 2.377355634645648135e-28 5.960927171372992883e-29 8.970930264377097174e-01 6.716652839171466084e-29 1.000000000000000000e+00 0.000000000000000000e+00 0.000000000000000000e+00 0.000000000000000000e+00 1.000000000000000000e+00 1.000000000000000000e+10 0.000000000000000000e+00 0.000000000000000000e+00 0.000000000000000000e+00 1.000000000000000000e+10
