# R (Mpc), mean rho (Msol/kpc^3), errup (Msol/kpc^3), errlow, std, median rho (Msol/kpc^3), mean pth (Msol/kpc/s^2), errup(Msol/kpc/s^2), errlow, std, median pth (Msol/kpc/s^2), mean gas-mass-weighted metal (fraction), errup, errlow, std, median metal, mean gas-mass-weighted temp (K), errup, errlow, std, median temp  
#  nprofs 181, mean mh 543130957248.489990, median mh 495744891927.665405 
#  Mass range 11.50 - 12.0
1.040961082911032697e-02 4.666091877707968815e+05 2.730588230857264716e+05 1.668370571186382149e+05 2.281634989070013830e-01 4.118015368952627759e+05 2.689328179638194912e-25 3.524828074384332405e-25 7.126255835399364224e-26 4.780911148814854239e-01 1.191858018271526903e-25 1.000000000000000000e+00 0.000000000000000000e+00 0.000000000000000000e+00 0.000000000000000000e+00 1.000000000000000000e+00 1.000000000000000000e+10 0.000000000000000000e+00 0.000000000000000000e+00 0.000000000000000000e+00 1.000000000000000000e+10
1.200529105910367808e-02 3.488709495941003552e+05 2.138893820633565192e+05 9.834162572466646088e+04 2.190405962238617388e-01 2.940794141661835019e+05 2.888456234915022906e-25 4.008280229383342026e-25 7.077857352649596866e-26 4.774351614298960600e-01 1.267097197478217025e-25 1.000000000000000000e+00 0.000000000000000000e+00 0.000000000000000000e+00 0.000000000000000000e+00 1.000000000000000000e+00 1.000000000000000000e+10 0.000000000000000000e+00 0.000000000000000000e+00 0.000000000000000000e+00 1.000000000000000000e+10
1.384557172980430476e-02 2.596144735070863680e+05 1.980516848486460804e+05 8.930521433424419956e+04 2.364177578441201133e-01 2.246886187537556689e+05 3.051966150640597095e-25 3.578702026034601636e-25 1.297055726656270768e-25 4.562174384497108548e-01 1.847465798538092668e-25 1.000000000000000000e+00 0.000000000000000000e+00 0.000000000000000000e+00 0.000000000000000000e+00 1.000000000000000000e+00 1.000000000000000000e+10 0.000000000000000000e+00 0.000000000000000000e+00 0.000000000000000000e+00 1.000000000000000000e+10
1.596794743096121086e-02 1.862232155301458552e+05 1.105678389042565250e+05 7.459371021213663334e+04 2.493047148501430221e-01 1.657527476025350625e+05 2.677037562497927594e-25 2.932700167317196292e-25 1.472592335488312381e-25 4.119614333641704595e-01 2.059090402814647307e-25 1.000000000000000000e+00 0.000000000000000000e+00 0.000000000000000000e+00 0.000000000000000000e+00 1.000000000000000000e+00 1.000000000000000000e+10 0.000000000000000000e+00 0.000000000000000000e+00 0.000000000000000000e+00 1.000000000000000000e+10
1.841566026551830909e-02 1.264278205876815191e+05 7.537454107435663173e+04 5.595374230512506620e+04 2.701195878679876761e-01 1.123112096619394288e+05 2.395958792199220177e-25 2.183507849079644599e-25 1.103436007779399120e-25 3.806681186994012034e-01 1.760017984781340868e-25 1.000000000000000000e+00 0.000000000000000000e+00 0.000000000000000000e+00 0.000000000000000000e+00 1.000000000000000000e+00 1.000000000000000000e+10 0.000000000000000000e+00 0.000000000000000000e+00 0.000000000000000000e+00 1.000000000000000000e+10
2.123858088093512342e-02 8.514729005441853951e+04 5.597085374074662104e+04 3.594538746610727685e+04 2.729149494738848936e-01 7.340562242516847618e+04 2.092214695600589506e-25 2.004818486338559856e-25 9.000047928491492587e-26 3.466246799530013911e-01 1.573739454324643853e-25 1.000000000000000000e+00 0.000000000000000000e+00 0.000000000000000000e+00 0.000000000000000000e+00 1.000000000000000000e+00 1.000000000000000000e+10 0.000000000000000000e+00 0.000000000000000000e+00 0.000000000000000000e+00 1.000000000000000000e+10
2.449422455303571639e-02 5.840619170073946589e+04 4.543329234371833445e+04 2.095568315244886253e+04 2.544795636738241273e-01 4.681308881379223021e+04 1.814203551582696187e-25 1.646082702529435602e-25 6.831664431142456711e-26 3.222389366536062560e-01 1.389373260397986670e-25 1.000000000000000000e+00 0.000000000000000000e+00 0.000000000000000000e+00 0.000000000000000000e+00 1.000000000000000000e+00 1.000000000000000000e+10 0.000000000000000000e+00 0.000000000000000000e+00 0.000000000000000000e+00 1.000000000000000000e+10
2.824892302447100725e-02 3.861306073235938675e+04 2.347095139088284486e+04 1.570280780117866016e+04 2.469117266632216146e-01 3.290729449406141794e+04 1.491930028174618413e-25 1.205443401071228235e-25 6.262344796584818866e-26 3.173133051600149357e-01 1.167727280580265356e-25 1.000000000000000000e+00 0.000000000000000000e+00 0.000000000000000000e+00 0.000000000000000000e+00 1.000000000000000000e+00 1.000000000000000000e+10 0.000000000000000000e+00 0.000000000000000000e+00 0.000000000000000000e+00 1.000000000000000000e+10
3.257917597328415654e-02 2.678407434819145783e+04 1.756261078822895433e+04 9.175654326863163078e+03 2.214532699708881280e-01 2.323408540266153796e+04 1.206574686676169180e-25 9.811088965376080145e-26 4.659628995277690030e-26 2.985479206428525711e-01 9.383730289033282176e-26 1.000000000000000000e+00 0.000000000000000000e+00 0.000000000000000000e+00 0.000000000000000000e+00 1.000000000000000000e+00 1.000000000000000000e+10 0.000000000000000000e+00 0.000000000000000000e+00 0.000000000000000000e+00 1.000000000000000000e+10
3.757320964692217186e-02 1.883135915664195636e+04 1.034307319287997962e+04 6.167998826919640123e+03 2.099389127736361604e-01 1.608090832478184893e+04 1.000972471598943627e-25 8.277438739862492852e-26 3.705555905110845914e-26 2.849744441545658535e-01 7.843947875866958288e-26 1.000000000000000000e+00 0.000000000000000000e+00 0.000000000000000000e+00 0.000000000000000000e+00 1.000000000000000000e+00 1.000000000000000000e+10 0.000000000000000000e+00 0.000000000000000000e+00 0.000000000000000000e+00 1.000000000000000000e+10
4.333277441790538143e-02 1.365982037571110595e+04 7.462127301605447428e+03 4.597513352436882087e+03 1.974155170658928593e-01 1.210512702695773987e+04 8.229367692219507609e-26 6.360646428692514664e-26 3.242019330090137337e-26 2.802103516362244862e-01 6.610127279329086315e-26 1.000000000000000000e+00 0.000000000000000000e+00 0.000000000000000000e+00 0.000000000000000000e+00 1.000000000000000000e+00 1.000000000000000000e+10 0.000000000000000000e+00 0.000000000000000000e+00 0.000000000000000000e+00 1.000000000000000000e+10
4.997521788524898756e-02 1.038062924254042446e+04 5.331794851425560410e+03 3.086961533869103732e+03 1.834031293578382293e-01 9.466583790614176905e+03 6.700334432074994210e-26 5.059158057808958177e-26 2.365081329926091787e-26 2.707010836066000570e-01 5.241168608436198691e-26 1.000000000000000000e+00 0.000000000000000000e+00 0.000000000000000000e+00 0.000000000000000000e+00 1.000000000000000000e+00 1.000000000000000000e+10 0.000000000000000000e+00 0.000000000000000000e+00 0.000000000000000000e+00 1.000000000000000000e+10
5.763587575980636674e-02 7.959635235248087156e+03 3.926648752404422339e+03 2.508333317920487389e+03 1.820010829674285069e-01 7.290575976700665706e+03 5.397121880063000137e-26 4.536518453641632139e-26 1.811372143799972869e-26 2.735374015282575622e-01 4.139815983118267860e-26 1.000000000000000000e+00 0.000000000000000000e+00 0.000000000000000000e+00 0.000000000000000000e+00 1.000000000000000000e+00 1.000000000000000000e+10 0.000000000000000000e+00 0.000000000000000000e+00 0.000000000000000000e+00 1.000000000000000000e+10
6.647082924635627776e-02 6.218654483173281733e+03 2.754972860292159567e+03 1.867807739878076973e+03 1.797174445813166377e-01 5.757768635093424564e+03 4.278981702549415429e-26 3.204993048656611826e-26 1.738692806595131923e-26 2.714018382532672469e-01 3.566063906461554360e-26 1.000000000000000000e+00 0.000000000000000000e+00 0.000000000000000000e+00 0.000000000000000000e+00 1.000000000000000000e+00 1.000000000000000000e+10 0.000000000000000000e+00 0.000000000000000000e+00 0.000000000000000000e+00 1.000000000000000000e+10
7.666008510240249207e-02 4.747905083418953836e+03 2.018338290525479351e+03 1.478499824463931873e+03 1.731536361386362410e-01 4.430793918007678258e+03 3.256581133594936808e-26 2.712680827776599395e-26 1.189539024825227576e-26 2.743070681936300437e-01 2.573889126628007261e-26 1.000000000000000000e+00 0.000000000000000000e+00 0.000000000000000000e+00 0.000000000000000000e+00 1.000000000000000000e+00 1.000000000000000000e+10 0.000000000000000000e+00 0.000000000000000000e+00 0.000000000000000000e+00 1.000000000000000000e+10
8.841124316543315376e-02 3.722674479543051348e+03 1.862634772802874977e+03 1.089447634030843346e+03 1.672116202881179792e-01 3.407063628985079959e+03 2.468394440329488114e-26 2.150396493052993711e-26 9.934148028334491317e-27 2.735422911903908072e-01 2.002664536181482013e-26 1.000000000000000000e+00 0.000000000000000000e+00 0.000000000000000000e+00 0.000000000000000000e+00 1.000000000000000000e+00 1.000000000000000000e+10 0.000000000000000000e+00 0.000000000000000000e+00 0.000000000000000000e+00 1.000000000000000000e+10
1.019637260722580097e-01 2.977041210188306650e+03 1.687872005150777568e+03 8.619610947343533098e+02 1.692341253622103303e-01 2.707427113448461114e+03 1.856082089457064460e-26 1.691628271515609130e-26 8.368438882997960016e-27 2.779677304902724577e-01 1.564319495507276971e-26 1.000000000000000000e+00 0.000000000000000000e+00 0.000000000000000000e+00 0.000000000000000000e+00 1.000000000000000000e+00 1.000000000000000000e+10 0.000000000000000000e+00 0.000000000000000000e+00 0.000000000000000000e+00 1.000000000000000000e+10
1.175936573483598035e-01 2.250923805293427904e+03 1.184590805306736229e+03 6.405847818488261964e+02 1.670392181503496942e-01 2.032401978061384625e+03 1.346666126355027456e-26 1.396860969788356812e-26 5.541277837623925205e-27 2.886639494369270253e-01 1.059081819170839399e-26 1.000000000000000000e+00 0.000000000000000000e+00 0.000000000000000000e+00 0.000000000000000000e+00 1.000000000000000000e+00 1.000000000000000000e+10 0.000000000000000000e+00 0.000000000000000000e+00 0.000000000000000000e+00 1.000000000000000000e+10
1.356194872553388164e-01 1.733893247283251640e+03 9.411103307723465150e+02 5.489234139957620755e+02 1.705952695362510374e-01 1.598560784047659126e+03 9.738355374968594773e-27 1.007573995113195926e-26 3.911891925413405265e-27 3.001706335715382257e-01 7.512881569956738769e-27 1.000000000000000000e+00 0.000000000000000000e+00 0.000000000000000000e+00 0.000000000000000000e+00 1.000000000000000000e+00 1.000000000000000000e+10 0.000000000000000000e+00 0.000000000000000000e+00 0.000000000000000000e+00 1.000000000000000000e+10
1.564084810196403053e-01 1.328479936968944003e+03 6.564097330915562907e+02 4.225663890704526011e+02 1.802904654710460741e-01 1.208738048535193911e+03 6.780359101565124324e-27 6.523645104224595918e-27 2.957623442666332040e-27 3.127722208357308076e-01 5.285210616742573704e-27 1.000000000000000000e+00 0.000000000000000000e+00 0.000000000000000000e+00 0.000000000000000000e+00 1.000000000000000000e+00 1.000000000000000000e+10 0.000000000000000000e+00 0.000000000000000000e+00 0.000000000000000000e+00 1.000000000000000000e+10
1.803842016362447453e-01 9.825742306205801242e+02 4.676751048539300655e+02 2.993041141824523947e+02 1.823870738143741899e-01 8.976172584970778416e+02 4.698334961240383692e-27 3.864166575511789308e-27 2.142145196015478199e-27 3.333776326350484376e-01 3.666853423227449348e-27 1.000000000000000000e+00 0.000000000000000000e+00 0.000000000000000000e+00 0.000000000000000000e+00 1.000000000000000000e+00 1.000000000000000000e+10 0.000000000000000000e+00 0.000000000000000000e+00 0.000000000000000000e+00 1.000000000000000000e+10
2.080351397048574025e-01 7.139403466685306512e+02 3.370206036914077004e+02 2.540138296909971700e+02 1.849028399926491983e-01 6.638252041825965080e+02 3.188588583525782371e-27 2.618430766762583592e-27 1.523069968485531316e-27 3.537032413240829842e-01 2.482223502125003508e-27 1.000000000000000000e+00 0.000000000000000000e+00 0.000000000000000000e+00 0.000000000000000000e+00 1.000000000000000000e+00 1.000000000000000000e+10 0.000000000000000000e+00 0.000000000000000000e+00 0.000000000000000000e+00 1.000000000000000000e+10
2.399246661262133540e-01 5.103555251385886891e+02 2.430085963450372901e+02 1.687791464967604611e+02 1.867592440441236679e-01 4.554828656542846375e+02 2.153477880077030187e-27 1.907773620191407344e-27 9.370200020963683091e-28 3.727836664824905610e-01 1.515295053556143742e-27 1.000000000000000000e+00 0.000000000000000000e+00 0.000000000000000000e+00 0.000000000000000000e+00 1.000000000000000000e+00 1.000000000000000000e+10 0.000000000000000000e+00 0.000000000000000000e+00 0.000000000000000000e+00 1.000000000000000000e+10
2.767025104385807399e-01 3.625007221721436963e+02 1.639218247085710800e+02 1.145958827457797611e+02 1.833505956048109842e-01 3.232495283514008406e+02 1.445798460662433594e-27 1.410083701644329641e-27 5.568040341495861296e-28 3.862916199572504206e-01 9.246544324947197650e-28 1.000000000000000000e+00 0.000000000000000000e+00 0.000000000000000000e+00 0.000000000000000000e+00 1.000000000000000000e+00 1.000000000000000000e+10 0.000000000000000000e+00 0.000000000000000000e+00 0.000000000000000000e+00 1.000000000000000000e+10
3.191179986585286343e-01 2.698484799807782792e+02 1.299326700948988105e+02 8.147252683282542307e+01 1.912107813774000520e-01 2.374127487351041736e+02 1.036471357035171319e-27 8.784638725632215414e-28 3.989897818832501325e-28 4.051063312248360804e-01 6.461764233230718534e-28 1.000000000000000000e+00 0.000000000000000000e+00 0.000000000000000000e+00 0.000000000000000000e+00 1.000000000000000000e+00 1.000000000000000000e+10 0.000000000000000000e+00 0.000000000000000000e+00 0.000000000000000000e+00 1.000000000000000000e+10
3.680353203388414540e-01 2.034491099095153288e+02 1.225474292274562345e+02 5.170474799958086010e+01 2.076549611648417781e-01 1.661633503245482189e+02 8.025312980898540071e-28 7.696994255348517467e-28 2.505709476669989553e-28 4.406505650328764179e-01 4.204959762056338394e-28 1.000000000000000000e+00 0.000000000000000000e+00 0.000000000000000000e+00 0.000000000000000000e+00 1.000000000000000000e+00 1.000000000000000000e+10 0.000000000000000000e+00 0.000000000000000000e+00 0.000000000000000000e+00 1.000000000000000000e+10
4.244511359005219142e-01 1.516519893215001389e+02 1.041879945587257197e+02 4.091531361208129169e+01 2.140373112352074725e-01 1.230818342932350760e+02 6.848384405878821375e-28 5.150787692955740700e-28 1.628747108770390924e-28 4.845903704482563690e-01 2.712915096263862279e-28 1.000000000000000000e+00 0.000000000000000000e+00 0.000000000000000000e+00 0.000000000000000000e+00 1.000000000000000000e+00 1.000000000000000000e+10 0.000000000000000000e+00 0.000000000000000000e+00 0.000000000000000000e+00 1.000000000000000000e+10
4.895148829774688681e-01 1.244596986068121964e+02 6.978429661200213729e+01 3.307078525930581492e+01 2.378451582665541963e-01 9.581781624402013620e+01 6.755791602881756787e-28 4.431166357920940386e-28 1.139864774084559332e-28 5.423060109532127360e-01 1.795816155101477986e-28 1.000000000000000000e+00 0.000000000000000000e+00 0.000000000000000000e+00 0.000000000000000000e+00 1.000000000000000000e+00 1.000000000000000000e+10 0.000000000000000000e+00 0.000000000000000000e+00 0.000000000000000000e+00 1.000000000000000000e+10
5.645521955031491679e-01 1.059673420997729778e+02 5.892470765034363467e+01 2.893206542808321302e+01 2.653790383844739087e-01 7.618596758041087469e+01 7.038018547448970521e-28 4.786957332094362673e-28 7.904911483827302507e-29 6.111300135307399239e-01 1.238910488963287039e-28 1.000000000000000000e+00 0.000000000000000000e+00 0.000000000000000000e+00 0.000000000000000000e+00 1.000000000000000000e+00 1.000000000000000000e+10 0.000000000000000000e+00 0.000000000000000000e+00 0.000000000000000000e+00 1.000000000000000000e+10
6.510919126887823039e-01 8.894611820754428777e+01 6.488421096111490272e+01 2.568420626192619238e+01 2.813935735373401248e-01 6.279612984536024101e+01 6.321839850523205170e-28 4.694138731356848955e-28 7.260852208234602098e-29 6.870076853098759928e-01 1.024664313841610236e-28 1.000000000000000000e+00 0.000000000000000000e+00 0.000000000000000000e+00 0.000000000000000000e+00 1.000000000000000000e+00 1.000000000000000000e+10 0.000000000000000000e+00 0.000000000000000000e+00 0.000000000000000000e+00 1.000000000000000000e+10
7.508972281844089602e-01 8.067896219513743006e+01 7.643506702586647350e+01 2.111128837878013442e+01 3.084903874474119179e-01 5.233143851991844997e+01 5.565186690856651577e-28 5.606763199578743588e-28 5.805933084296179875e-29 7.495332201784240533e-01 7.864025197105226853e-29 1.000000000000000000e+00 0.000000000000000000e+00 0.000000000000000000e+00 0.000000000000000000e+00 1.000000000000000000e+00 1.000000000000000000e+10 0.000000000000000000e+00 0.000000000000000000e+00 0.000000000000000000e+00 1.000000000000000000e+10
8.660016140678794550e-01 6.671416258855275316e+01 5.083849163233862356e+01 1.851046463849031909e+01 2.952994966400880328e-01 4.596741148861634230e+01 4.860523520744694253e-28 4.171379091539475905e-28 5.261865458277311887e-29 7.556279591492014447e-01 6.951053022153240263e-29 1.000000000000000000e+00 0.000000000000000000e+00 0.000000000000000000e+00 0.000000000000000000e+00 1.000000000000000000e+00 1.000000000000000000e+10 0.000000000000000000e+00 0.000000000000000000e+00 0.000000000000000000e+00 1.000000000000000000e+10
9.987502515910116063e-01 5.737702767204861232e+01 5.137674888538577278e+01 1.644606478255944282e+01 2.904593554905949282e-01 4.047768911326010510e+01 4.340042293680252340e-28 4.221455195398217840e-28 4.665937025497669015e-29 7.785832825708379756e-01 5.971930309990369344e-29 1.000000000000000000e+00 0.000000000000000000e+00 0.000000000000000000e+00 0.000000000000000000e+00 1.000000000000000000e+00 1.000000000000000000e+10 0.000000000000000000e+00 0.000000000000000000e+00 0.000000000000000000e+00 1.000000000000000000e+10
1.151847812808953542e+00 5.063758486148869764e+01 4.911003182631336728e+01 1.483560458820688055e+01 2.925891749563513389e-01 3.530554533221773994e+01 4.511958713060312788e-28 4.084398987341805123e-28 3.982535535791213518e-29 7.994840184138733985e-01 5.044282089428031260e-29 1.000000000000000000e+00 0.000000000000000000e+00 0.000000000000000000e+00 0.000000000000000000e+00 1.000000000000000000e+00 1.000000000000000000e+10 0.000000000000000000e+00 0.000000000000000000e+00 0.000000000000000000e+00 1.000000000000000000e+10
1.328413566614123908e+00 4.615552405527904511e+01 3.678489134264867033e+01 1.386557459786203239e+01 2.820520306978397951e-01 3.341933432233231116e+01 5.212327235863349222e-28 3.740435171777745745e-28 3.913453738226428230e-29 7.859695462391812493e-01 5.047263357225337563e-29 1.000000000000000000e+00 0.000000000000000000e+00 0.000000000000000000e+00 0.000000000000000000e+00 1.000000000000000000e+00 1.000000000000000000e+10 0.000000000000000000e+00 0.000000000000000000e+00 0.000000000000000000e+00 1.000000000000000000e+10
1.532044931926391351e+00 4.350088210234055452e+01 3.627778703057981602e+01 1.202126617118787877e+01 2.805448862093659068e-01 3.066367242882467181e+01 7.760026378319167701e-28 3.951619774519095382e-28 3.078264519238942547e-29 7.873284508145181881e-01 4.247257133664555584e-29 1.000000000000000000e+00 0.000000000000000000e+00 0.000000000000000000e+00 0.000000000000000000e+00 1.000000000000000000e+00 1.000000000000000000e+10 0.000000000000000000e+00 0.000000000000000000e+00 0.000000000000000000e+00 1.000000000000000000e+10
1.766890772896739126e+00 4.119861605340015132e+01 2.838494876865177474e+01 1.118764730876443281e+01 2.701069659681765711e-01 2.844843897538155630e+01 1.390458298615547576e-27 2.432231063562430373e-28 3.534249500912906463e-29 7.519206869651495762e-01 4.757541896012339174e-29 1.000000000000000000e+00 0.000000000000000000e+00 0.000000000000000000e+00 0.000000000000000000e+00 1.000000000000000000e+00 1.000000000000000000e+10 0.000000000000000000e+00 0.000000000000000000e+00 0.000000000000000000e+00 1.000000000000000000e+10
2.037735929469222107e+00 3.652129540837889721e+01 2.399736128754352293e+01 9.110242662222496790e+00 2.519789331697846468e-01 2.623541605054707659e+01 1.041028291476766565e-27 2.149014062083602997e-28 3.501879911041175938e-29 7.193679960567839204e-01 4.873821919179347923e-29 1.000000000000000000e+00 0.000000000000000000e+00 0.000000000000000000e+00 0.000000000000000000e+00 1.000000000000000000e+00 1.000000000000000000e+10 0.000000000000000000e+00 0.000000000000000000e+00 0.000000000000000000e+00 1.000000000000000000e+10
2.350098705559579226e+00 3.269967731853562753e+01 2.223279311067235042e+01 7.243377350481473798e+00 2.439368944715026855e-01 2.351077369520858085e+01 6.746544822236182351e-28 1.894458517419641587e-28 2.887603802444738627e-29 6.946190453746765581e-01 4.300313292082155099e-29 1.000000000000000000e+00 0.000000000000000000e+00 0.000000000000000000e+00 0.000000000000000000e+00 1.000000000000000000e+00 1.000000000000000000e+10 0.000000000000000000e+00 0.000000000000000000e+00 0.000000000000000000e+00 1.000000000000000000e+10
