# R (Mpc), mean rho (Msol/kpc^3), errup (Msol/kpc^3), errlow, std, median rho (Msol/kpc^3), mean pth (Msol/kpc/s^2), errup(Msol/kpc/s^2), errlow, std, median pth (Msol/kpc/s^2), mean gas-mass-weighted metal (fraction), errup, errlow, std, median metal, mean gas-mass-weighted temp (K), errup, errlow, std, median temp  
#  nprofs 156, mean mh 527039564917.181885, median mh 484874511045.735291 
#  Mass range 11.50 - 12.0
1.040961082911032697e-02 4.389854187055449584e+05 2.432119542320240289e+05 1.956794867836218909e+05 2.567057705910719689e-01 3.919302137474321062e+05 3.164874467157530604e-25 4.428363509553496893e-25 8.287492602880627552e-26 5.260453475695953118e-01 1.315744792293106625e-25 1.000000000000000000e+00 0.000000000000000000e+00 0.000000000000000000e+00 0.000000000000000000e+00 1.000000000000000000e+00 1.000000000000000000e+10 0.000000000000000000e+00 0.000000000000000000e+00 0.000000000000000000e+00 1.000000000000000000e+10
1.200529105910367808e-02 3.268076737918244908e+05 2.344468568555825623e+05 1.596192994699355622e+05 2.697789280121054012e-01 3.002354547588168643e+05 3.001259833519775050e-25 4.109116283555078347e-25 1.137642568269002701e-25 4.786195869622437149e-01 1.664950716565721467e-25 1.000000000000000000e+00 0.000000000000000000e+00 0.000000000000000000e+00 0.000000000000000000e+00 1.000000000000000000e+00 1.000000000000000000e+10 0.000000000000000000e+00 0.000000000000000000e+00 0.000000000000000000e+00 1.000000000000000000e+10
1.384557172980430476e-02 2.355540903759277426e+05 1.626259076408997062e+05 1.058103830362858280e+05 2.745706458649355697e-01 2.104767976236533723e+05 2.965085124708388867e-25 2.799015821268091498e-25 1.490032240462052305e-25 4.338699701144588805e-01 2.220540920735512838e-25 1.000000000000000000e+00 0.000000000000000000e+00 0.000000000000000000e+00 0.000000000000000000e+00 1.000000000000000000e+00 1.000000000000000000e+10 0.000000000000000000e+00 0.000000000000000000e+00 0.000000000000000000e+00 1.000000000000000000e+10
1.596794743096121086e-02 1.660109765819322783e+05 1.050516963160792075e+05 6.923279701361911430e+04 2.644476106217542033e-01 1.456428076532834093e+05 2.572448803298491694e-25 2.915880494154190440e-25 1.285495483152441835e-25 4.353396475759891970e-01 1.868110546294896714e-25 1.000000000000000000e+00 0.000000000000000000e+00 0.000000000000000000e+00 0.000000000000000000e+00 1.000000000000000000e+00 1.000000000000000000e+10 0.000000000000000000e+00 0.000000000000000000e+00 0.000000000000000000e+00 1.000000000000000000e+10
1.841566026551830909e-02 1.132824263239524444e+05 8.125219446205005806e+04 4.572521676699395903e+04 2.561278837041791046e-01 9.820831589155968686e+04 2.324922893636921488e-25 1.965533192260676298e-25 1.216151806103299359e-25 3.684263070485461755e-01 1.906158704927681038e-25 1.000000000000000000e+00 0.000000000000000000e+00 0.000000000000000000e+00 0.000000000000000000e+00 1.000000000000000000e+00 1.000000000000000000e+10 0.000000000000000000e+00 0.000000000000000000e+00 0.000000000000000000e+00 1.000000000000000000e+10
2.123858088093512342e-02 7.630906927684492257e+04 5.146307319970251410e+04 2.958058233347813803e+04 2.414077129621980400e-01 6.601729943855354213e+04 2.154645362663882660e-25 1.856813129649476194e-25 9.768089965268009956e-26 3.520855319418688678e-01 1.715261664197307977e-25 1.000000000000000000e+00 0.000000000000000000e+00 0.000000000000000000e+00 0.000000000000000000e+00 1.000000000000000000e+00 1.000000000000000000e+10 0.000000000000000000e+00 0.000000000000000000e+00 0.000000000000000000e+00 1.000000000000000000e+10
2.449422455303571639e-02 5.315712516342769959e+04 3.436516218322709756e+04 1.853248529584010612e+04 2.283406717437744538e-01 4.500129689450635487e+04 1.772632358432999393e-25 1.335175904569562948e-25 8.690768667995205755e-26 3.159528108328847895e-01 1.521206373310344625e-25 1.000000000000000000e+00 0.000000000000000000e+00 0.000000000000000000e+00 0.000000000000000000e+00 1.000000000000000000e+00 1.000000000000000000e+10 0.000000000000000000e+00 0.000000000000000000e+00 0.000000000000000000e+00 1.000000000000000000e+10
2.824892302447100725e-02 3.644681940391997341e+04 1.918488346461882611e+04 1.309161539790892130e+04 2.135954051576580137e-01 3.223729366936668521e+04 1.401282534756794404e-25 1.275986172130994263e-25 6.169458966732510707e-26 3.071844964398084410e-01 1.149626208589384842e-25 1.000000000000000000e+00 0.000000000000000000e+00 0.000000000000000000e+00 0.000000000000000000e+00 1.000000000000000000e+00 1.000000000000000000e+10 0.000000000000000000e+00 0.000000000000000000e+00 0.000000000000000000e+00 1.000000000000000000e+10
3.257917597328415654e-02 2.634816381711977010e+04 1.637656727488668548e+04 8.420930136498043794e+03 2.056611047664010927e-01 2.261445375463163509e+04 1.223294227561866260e-25 1.051073476808783491e-25 6.210082375202332419e-26 3.136218698557451390e-01 1.048573153525180746e-25 1.000000000000000000e+00 0.000000000000000000e+00 0.000000000000000000e+00 0.000000000000000000e+00 1.000000000000000000e+00 1.000000000000000000e+10 0.000000000000000000e+00 0.000000000000000000e+00 0.000000000000000000e+00 1.000000000000000000e+10
3.757320964692217186e-02 1.923845360241698290e+04 1.060040592609165105e+04 5.868614552744500543e+03 2.028174996764819105e-01 1.642494025745578983e+04 1.010167646126350203e-25 8.835283467169459479e-26 3.717758602746871206e-26 2.869939399752070019e-01 7.888011178981092716e-26 1.000000000000000000e+00 0.000000000000000000e+00 0.000000000000000000e+00 0.000000000000000000e+00 1.000000000000000000e+00 1.000000000000000000e+10 0.000000000000000000e+00 0.000000000000000000e+00 0.000000000000000000e+00 1.000000000000000000e+10
4.333277441790538143e-02 1.409042547579833263e+04 6.938259123636151344e+03 4.284654460150318300e+03 1.872551471904192189e-01 1.243381735783096156e+04 8.322611420250529880e-26 6.852211131670859809e-26 3.050333646002701796e-26 2.728895200746937477e-01 6.696745353356839369e-26 1.000000000000000000e+00 0.000000000000000000e+00 0.000000000000000000e+00 0.000000000000000000e+00 1.000000000000000000e+00 1.000000000000000000e+10 0.000000000000000000e+00 0.000000000000000000e+00 0.000000000000000000e+00 1.000000000000000000e+10
4.997521788524898756e-02 1.080766164046323865e+04 4.639390489381239604e+03 2.910937279107603899e+03 1.594671149801520638e-01 9.846274002929800190e+03 6.765422795264724001e-26 5.757576228466791490e-26 2.631090896673494412e-26 2.679724982436439418e-01 5.601996634306340768e-26 1.000000000000000000e+00 0.000000000000000000e+00 0.000000000000000000e+00 0.000000000000000000e+00 1.000000000000000000e+00 1.000000000000000000e+10 0.000000000000000000e+00 0.000000000000000000e+00 0.000000000000000000e+00 1.000000000000000000e+10
5.763587575980636674e-02 8.531149451396315271e+03 3.512895434256168301e+03 2.200028893071715174e+03 1.631578736074524028e-01 7.668830141953676502e+03 5.431429207399390133e-26 4.514824584825157913e-26 2.175841337104073083e-26 2.642126898816609115e-01 4.488143458451054799e-26 1.000000000000000000e+00 0.000000000000000000e+00 0.000000000000000000e+00 0.000000000000000000e+00 1.000000000000000000e+00 1.000000000000000000e+10 0.000000000000000000e+00 0.000000000000000000e+00 0.000000000000000000e+00 1.000000000000000000e+10
6.647082924635627776e-02 6.754892092284737373e+03 3.195474848830156589e+03 1.679511396971290196e+03 1.718245040514662092e-01 6.011272756084591492e+03 4.326011429947317110e-26 3.456816336645921497e-26 1.884441317129647599e-26 2.624628725081260550e-01 3.704537581229279540e-26 1.000000000000000000e+00 0.000000000000000000e+00 0.000000000000000000e+00 0.000000000000000000e+00 1.000000000000000000e+00 1.000000000000000000e+10 0.000000000000000000e+00 0.000000000000000000e+00 0.000000000000000000e+00 1.000000000000000000e+10
7.666008510240249207e-02 5.243844561989991234e+03 2.761397493068632684e+03 1.372594916429705336e+03 1.723986112966744422e-01 4.606786099740151258e+03 3.375231263035574556e-26 2.886007246308242016e-26 1.442566304851824447e-26 2.680434587194536755e-01 2.844350353851233643e-26 1.000000000000000000e+00 0.000000000000000000e+00 0.000000000000000000e+00 0.000000000000000000e+00 1.000000000000000000e+00 1.000000000000000000e+10 0.000000000000000000e+00 0.000000000000000000e+00 0.000000000000000000e+00 1.000000000000000000e+10
8.841124316543315376e-02 4.113299745157331017e+03 2.037709742974569963e+03 1.105992113313727714e+03 1.616170195987706448e-01 3.677372298112083627e+03 2.570442054693992955e-26 2.168840031034689628e-26 1.003548776364505100e-26 2.686047828588761233e-01 2.073742539369253602e-26 1.000000000000000000e+00 0.000000000000000000e+00 0.000000000000000000e+00 0.000000000000000000e+00 1.000000000000000000e+00 1.000000000000000000e+10 0.000000000000000000e+00 0.000000000000000000e+00 0.000000000000000000e+00 1.000000000000000000e+10
1.019637260722580097e-01 3.235936252512312421e+03 1.565584383365757276e+03 8.650750764745716879e+02 1.633565734361476229e-01 2.933759583060890691e+03 1.930051731955585509e-26 1.648224025987586883e-26 7.396978148044887599e-27 2.689870909833896873e-01 1.570513648284123941e-26 1.000000000000000000e+00 0.000000000000000000e+00 0.000000000000000000e+00 0.000000000000000000e+00 1.000000000000000000e+00 1.000000000000000000e+10 0.000000000000000000e+00 0.000000000000000000e+00 0.000000000000000000e+00 1.000000000000000000e+10
1.175936573483598035e-01 2.474196791353148001e+03 1.185895562361626162e+03 6.838699307988524652e+02 1.619643835671788767e-01 2.266488217468241601e+03 1.389588834746556580e-26 1.212233512845562375e-26 5.251218897713462397e-27 2.739049263543601453e-01 1.096508137141063918e-26 1.000000000000000000e+00 0.000000000000000000e+00 0.000000000000000000e+00 0.000000000000000000e+00 1.000000000000000000e+00 1.000000000000000000e+10 0.000000000000000000e+00 0.000000000000000000e+00 0.000000000000000000e+00 1.000000000000000000e+10
1.356194872553388164e-01 1.833015698776915542e+03 7.462946742894741874e+02 5.498611417241565960e+02 1.565712970627246292e-01 1.735490326462803750e+03 9.898184060563974454e-27 8.377200833195721596e-27 3.739687759808285629e-27 2.772489765634082448e-01 7.957130658612704281e-27 1.000000000000000000e+00 0.000000000000000000e+00 0.000000000000000000e+00 0.000000000000000000e+00 1.000000000000000000e+00 1.000000000000000000e+10 0.000000000000000000e+00 0.000000000000000000e+00 0.000000000000000000e+00 1.000000000000000000e+10
1.564084810196403053e-01 1.388932803246026879e+03 5.874320612569977129e+02 4.563673073949585159e+02 1.613655929664300492e-01 1.307919518629923004e+03 6.818258896460051920e-27 6.078454371742910375e-27 2.454158000674330604e-27 2.851718641486655215e-01 5.312234960175622971e-27 1.000000000000000000e+00 0.000000000000000000e+00 0.000000000000000000e+00 0.000000000000000000e+00 1.000000000000000000e+00 1.000000000000000000e+10 0.000000000000000000e+00 0.000000000000000000e+00 0.000000000000000000e+00 1.000000000000000000e+10
1.803842016362447453e-01 1.007767175834652107e+03 4.753503066951019491e+02 2.821733521876664099e+02 1.640528492901191515e-01 9.091836550112662962e+02 4.548163677418743408e-27 4.003821652797438665e-27 1.831687465134973838e-27 2.952612852411349853e-01 3.625155475427123914e-27 1.000000000000000000e+00 0.000000000000000000e+00 0.000000000000000000e+00 0.000000000000000000e+00 1.000000000000000000e+00 1.000000000000000000e+10 0.000000000000000000e+00 0.000000000000000000e+00 0.000000000000000000e+00 1.000000000000000000e+10
2.080351397048574025e-01 7.323232828038546813e+02 3.600905585261635906e+02 1.862937407201389988e+02 1.718259600742436666e-01 6.525320405258628398e+02 3.013299006037782084e-27 2.744114544400161229e-27 1.060134557961209708e-27 3.070071464696941810e-01 2.212197103334250877e-27 1.000000000000000000e+00 0.000000000000000000e+00 0.000000000000000000e+00 0.000000000000000000e+00 1.000000000000000000e+00 1.000000000000000000e+10 0.000000000000000000e+00 0.000000000000000000e+00 0.000000000000000000e+00 1.000000000000000000e+10
2.399246661262133540e-01 5.294167116141295537e+02 3.022724740369952769e+02 1.409223918113676177e+02 1.685045743841646904e-01 4.731988120052852764e+02 2.004470315599334604e-27 1.768457011048333300e-27 7.204644471691144109e-28 3.199703404858035838e-01 1.432573172957473451e-27 1.000000000000000000e+00 0.000000000000000000e+00 0.000000000000000000e+00 0.000000000000000000e+00 1.000000000000000000e+00 1.000000000000000000e+10 0.000000000000000000e+00 0.000000000000000000e+00 0.000000000000000000e+00 1.000000000000000000e+10
2.767025104385807399e-01 3.915360949791118514e+02 1.724633441799620073e+02 9.581979099703696079e+01 1.756472156615156432e-01 3.431774375592630690e+02 1.358083932953955507e-27 1.098444998456552100e-27 4.866262211837439095e-28 3.309206256463816942e-01 9.554309168959037333e-28 1.000000000000000000e+00 0.000000000000000000e+00 0.000000000000000000e+00 0.000000000000000000e+00 1.000000000000000000e+00 1.000000000000000000e+10 0.000000000000000000e+00 0.000000000000000000e+00 0.000000000000000000e+00 1.000000000000000000e+10
3.191179986585286343e-01 2.834117090221244553e+02 1.333171393783183589e+02 7.220741111096310760e+01 1.736816064205736199e-01 2.515300194642085785e+02 9.566519356503515504e-28 6.905042356790264993e-28 2.919002562569557757e-28 3.449246061206961977e-01 5.995695176858519317e-28 1.000000000000000000e+00 0.000000000000000000e+00 0.000000000000000000e+00 0.000000000000000000e+00 1.000000000000000000e+00 1.000000000000000000e+10 0.000000000000000000e+00 0.000000000000000000e+00 0.000000000000000000e+00 1.000000000000000000e+10
3.680353203388414540e-01 2.147983755075518957e+02 1.101190748999439961e+02 5.034644708370817057e+01 1.865445251492697243e-01 1.811789933510627293e+02 7.400319480525810330e-28 5.831922354608797187e-28 2.003509139715238752e-28 3.792658850694907158e-01 3.911019864875504792e-28 1.000000000000000000e+00 0.000000000000000000e+00 0.000000000000000000e+00 0.000000000000000000e+00 1.000000000000000000e+00 1.000000000000000000e+10 0.000000000000000000e+00 0.000000000000000000e+00 0.000000000000000000e+00 1.000000000000000000e+10
4.244511359005219142e-01 1.738308513051158570e+02 7.961909280747033790e+01 4.513258711751498709e+01 2.093656806265849490e-01 1.432818263135889367e+02 6.537211807839538373e-28 5.063360858568866357e-28 1.521725722540274285e-28 4.323045063588406012e-01 2.779106237719788592e-28 1.000000000000000000e+00 0.000000000000000000e+00 0.000000000000000000e+00 0.000000000000000000e+00 1.000000000000000000e+00 1.000000000000000000e+10 0.000000000000000000e+00 0.000000000000000000e+00 0.000000000000000000e+00 1.000000000000000000e+10
4.895148829774688681e-01 1.399536008371338482e+02 8.684052144259408124e+01 3.644878841442837825e+01 2.257133285262553357e-01 1.090377622021507307e+02 5.843503838566847951e-28 3.934319877770169697e-28 1.047859928230868542e-28 4.811963377094141125e-01 1.839173619762861743e-28 1.000000000000000000e+00 0.000000000000000000e+00 0.000000000000000000e+00 0.000000000000000000e+00 1.000000000000000000e+00 1.000000000000000000e+10 0.000000000000000000e+00 0.000000000000000000e+00 0.000000000000000000e+00 1.000000000000000000e+10
5.645521955031491679e-01 1.141075007807706356e+02 7.811305615242972067e+01 2.587195203798577126e+01 2.359626960554662423e-01 8.443271398332754529e+01 4.946878708484971574e-28 3.934244488944761263e-28 8.343472583254455799e-29 5.260737552352249269e-01 1.369408370786165790e-28 1.000000000000000000e+00 0.000000000000000000e+00 0.000000000000000000e+00 0.000000000000000000e+00 1.000000000000000000e+00 1.000000000000000000e+10 0.000000000000000000e+00 0.000000000000000000e+00 0.000000000000000000e+00 1.000000000000000000e+10
6.510919126887823039e-01 9.327039759499247396e+01 6.085194343047487564e+01 2.430675490820409834e+01 2.371903937974634557e-01 7.293912111135247756e+01 3.995728286044614808e-28 3.511683850524856317e-28 7.829215100267218536e-29 5.599229750050451759e-01 1.164513077854479435e-28 1.000000000000000000e+00 0.000000000000000000e+00 0.000000000000000000e+00 0.000000000000000000e+00 1.000000000000000000e+00 1.000000000000000000e+10 0.000000000000000000e+00 0.000000000000000000e+00 0.000000000000000000e+00 1.000000000000000000e+10
7.508972281844089602e-01 7.826927739709230991e+01 6.675611927959239722e+01 2.045108970094239709e+01 2.340603288255136971e-01 5.906707530173979137e+01 3.357688072869490440e-28 3.330574361098621892e-28 6.398295755547949479e-29 5.870491992441638773e-01 9.127685119576339731e-29 1.000000000000000000e+00 0.000000000000000000e+00 0.000000000000000000e+00 0.000000000000000000e+00 1.000000000000000000e+00 1.000000000000000000e+10 0.000000000000000000e+00 0.000000000000000000e+00 0.000000000000000000e+00 1.000000000000000000e+10
8.660016140678794550e-01 6.895942612427330687e+01 5.006489405083398481e+01 1.837626844730575471e+01 2.408067946130283965e-01 5.186856413890465944e+01 3.122053255560634934e-28 2.682130981825118167e-28 5.634403988139856548e-29 6.164154620632978920e-01 7.762569058789808483e-29 1.000000000000000000e+00 0.000000000000000000e+00 0.000000000000000000e+00 0.000000000000000000e+00 1.000000000000000000e+00 1.000000000000000000e+10 0.000000000000000000e+00 0.000000000000000000e+00 0.000000000000000000e+00 1.000000000000000000e+10
9.987502515910116063e-01 5.800608853607957371e+01 3.869242393266700475e+01 1.768633874529029981e+01 2.308346977512257536e-01 4.657486050860264726e+01 2.539825986782092893e-28 1.891489348342408113e-28 5.877268562218688657e-29 6.247004707141109447e-01 7.557462268590424062e-29 1.000000000000000000e+00 0.000000000000000000e+00 0.000000000000000000e+00 0.000000000000000000e+00 1.000000000000000000e+00 1.000000000000000000e+10 0.000000000000000000e+00 0.000000000000000000e+00 0.000000000000000000e+00 1.000000000000000000e+10
1.151847812808953542e+00 4.925111022319328669e+01 3.204367262634731617e+01 1.416311786333166722e+01 2.267313506495791664e-01 3.953103896153851338e+01 2.332108847658062869e-28 1.614555948926033698e-28 4.113667505266370665e-29 6.431741256802047113e-01 5.355547027231781334e-29 1.000000000000000000e+00 0.000000000000000000e+00 0.000000000000000000e+00 0.000000000000000000e+00 1.000000000000000000e+00 1.000000000000000000e+10 0.000000000000000000e+00 0.000000000000000000e+00 0.000000000000000000e+00 1.000000000000000000e+10
1.328413566614123908e+00 4.644123763978200969e+01 3.230889409713236660e+01 1.175272970053469024e+01 2.414917425013512753e-01 3.458603934434000848e+01 3.866796875580099532e-28 2.152138469843790353e-28 2.613424737037411572e-29 6.856381089762584313e-01 3.736803902478454988e-29 1.000000000000000000e+00 0.000000000000000000e+00 0.000000000000000000e+00 0.000000000000000000e+00 1.000000000000000000e+00 1.000000000000000000e+10 0.000000000000000000e+00 0.000000000000000000e+00 0.000000000000000000e+00 1.000000000000000000e+10
1.532044931926391351e+00 4.783370432277175865e+01 2.857399209192129774e+01 1.324650271484011910e+01 2.673289761344496140e-01 3.346283084527292573e+01 7.996405034975734018e-28 2.344442931296329066e-28 2.833035780672337004e-29 7.396852038799250906e-01 3.855042475608797602e-29 1.000000000000000000e+00 0.000000000000000000e+00 0.000000000000000000e+00 0.000000000000000000e+00 1.000000000000000000e+00 1.000000000000000000e+10 0.000000000000000000e+00 0.000000000000000000e+00 0.000000000000000000e+00 1.000000000000000000e+10
1.766890772896739126e+00 4.171700648151006163e+01 2.649342061926636660e+01 1.091247286445441134e+01 2.490831885425134340e-01 3.000786468052712763e+01 7.419205240465157572e-28 2.542824508669130370e-28 2.511471929986849665e-29 7.293453320408651575e-01 3.501277283892730446e-29 1.000000000000000000e+00 0.000000000000000000e+00 0.000000000000000000e+00 0.000000000000000000e+00 1.000000000000000000e+00 1.000000000000000000e+10 0.000000000000000000e+00 0.000000000000000000e+00 0.000000000000000000e+00 1.000000000000000000e+10
2.037735929469222107e+00 3.588985393209893715e+01 1.986955023185376490e+01 8.342821533387343891e+00 2.240243206354562422e-01 2.697406854962924427e+01 4.162632947699432776e-28 1.361748202300482151e-28 2.156203591583090379e-29 6.854293810406860699e-01 3.256520770416777654e-29 1.000000000000000000e+00 0.000000000000000000e+00 0.000000000000000000e+00 0.000000000000000000e+00 1.000000000000000000e+00 1.000000000000000000e+10 0.000000000000000000e+00 0.000000000000000000e+00 0.000000000000000000e+00 1.000000000000000000e+10
2.350098705559579226e+00 3.371023913790904913e+01 1.950171432472021138e+01 8.448491608029947031e+00 2.245101455750557473e-01 2.586518407012800935e+01 4.468187565141303503e-28 1.328888634382978969e-28 2.513563867334018958e-29 6.870721815000193633e-01 3.571593467847655346e-29 1.000000000000000000e+00 0.000000000000000000e+00 0.000000000000000000e+00 0.000000000000000000e+00 1.000000000000000000e+00 1.000000000000000000e+10 0.000000000000000000e+00 0.000000000000000000e+00 0.000000000000000000e+00 1.000000000000000000e+10
