# R (Mpc), mean rho (Msol/kpc^3), errup (Msol/kpc^3), errlow, std, median rho (Msol/kpc^3), mean pth (Msol/kpc/s^2), errup(Msol/kpc/s^2), errlow, std, median pth (Msol/kpc/s^2), mean gas-mass-weighted metal (fraction), errup, errlow, std, median metal, mean gas-mass-weighted temp (K), errup, errlow, std, median temp  
#  nprofs 193, mean mh 210956313209.725952, median mh 203386686754.518005 
#  Mass range 11.00 - 11.5
1.040961082911032697e-02 2.086089222289603204e+05 1.455247559271434729e+05 8.320326542963105021e+04 2.603118232132953791e-01 1.835259775254262786e+05 1.233840637811367513e-25 2.478322076412839025e-25 1.910216328929412622e-26 5.410692606368768809e-01 3.490011678539392666e-26 1.000000000000000000e+00 0.000000000000000000e+00 0.000000000000000000e+00 0.000000000000000000e+00 1.000000000000000000e+00 1.000000000000000000e+10 0.000000000000000000e+00 0.000000000000000000e+00 0.000000000000000000e+00 1.000000000000000000e+10
1.200529105910367808e-02 1.680881211472403083e+05 1.219185619673832553e+05 5.501413978153397329e+04 2.414318123403069172e-01 1.393972404917892709e+05 1.161114715386935682e-25 2.164628984437055733e-25 2.477029831213790323e-26 5.099335791365504633e-01 4.307968260074886469e-26 1.000000000000000000e+00 0.000000000000000000e+00 0.000000000000000000e+00 0.000000000000000000e+00 1.000000000000000000e+00 1.000000000000000000e+10 0.000000000000000000e+00 0.000000000000000000e+00 0.000000000000000000e+00 1.000000000000000000e+10
1.384557172980430476e-02 1.270539042316736595e+05 9.625262735452456400e+04 6.189497650972818519e+04 2.829835121244825280e-01 1.122572197594698519e+05 8.512387985296725614e-26 1.054131625571523196e-25 2.172114481413801165e-26 4.114281665961306289e-01 4.309547297464325464e-26 1.000000000000000000e+00 0.000000000000000000e+00 0.000000000000000000e+00 0.000000000000000000e+00 1.000000000000000000e+00 1.000000000000000000e+10 0.000000000000000000e+00 0.000000000000000000e+00 0.000000000000000000e+00 1.000000000000000000e+10
1.596794743096121086e-02 9.410608169828605605e+04 7.532272603638329019e+04 4.106773157868212002e+04 2.968343127874768506e-01 8.025820283606451994e+04 7.346354133498809733e-26 8.518408926968242162e-26 2.985386632726189707e-26 3.872535527742314021e-01 4.854458237331119204e-26 1.000000000000000000e+00 0.000000000000000000e+00 0.000000000000000000e+00 0.000000000000000000e+00 1.000000000000000000e+00 1.000000000000000000e+10 0.000000000000000000e+00 0.000000000000000000e+00 0.000000000000000000e+00 1.000000000000000000e+10
1.841566026551830909e-02 6.561099488398265385e+04 4.907723874244258332e+04 2.581784221523074302e+04 2.774889352693809541e-01 5.564267998034589982e+04 6.442577609250551719e-26 5.967391479207966402e-26 2.261274729856155478e-26 3.769336915923937603e-01 4.251684314706481115e-26 1.000000000000000000e+00 0.000000000000000000e+00 0.000000000000000000e+00 0.000000000000000000e+00 1.000000000000000000e+00 1.000000000000000000e+10 0.000000000000000000e+00 0.000000000000000000e+00 0.000000000000000000e+00 1.000000000000000000e+10
2.123858088093512342e-02 4.619224241175373027e+04 3.633350543633867346e+04 1.794555273472266708e+04 2.799842148107262729e-01 3.882627386501332512e+04 5.362645266343344385e-26 3.952453740983272651e-26 2.222963018503095225e-26 3.112433606296315936e-01 4.117838733471337206e-26 1.000000000000000000e+00 0.000000000000000000e+00 0.000000000000000000e+00 0.000000000000000000e+00 1.000000000000000000e+00 1.000000000000000000e+10 0.000000000000000000e+00 0.000000000000000000e+00 0.000000000000000000e+00 1.000000000000000000e+10
2.449422455303571639e-02 3.063523721788974217e+04 2.172869741499094016e+04 1.192569013884689957e+04 2.710276228453694647e-01 2.537516028247427676e+04 4.117668286807555117e-26 3.284819626446535694e-26 1.389870677305138189e-26 2.753847610598014195e-01 3.294101455441464030e-26 1.000000000000000000e+00 0.000000000000000000e+00 0.000000000000000000e+00 0.000000000000000000e+00 1.000000000000000000e+00 1.000000000000000000e+10 0.000000000000000000e+00 0.000000000000000000e+00 0.000000000000000000e+00 1.000000000000000000e+10
2.824892302447100725e-02 2.017291796338208223e+04 1.521927795820645770e+04 7.912072682527172219e+03 2.578189845501925315e-01 1.714034900403751453e+04 3.324978120732468057e-26 2.396311288762237755e-26 1.176395874021946104e-26 2.444872002934074806e-01 2.819853970306201004e-26 1.000000000000000000e+00 0.000000000000000000e+00 0.000000000000000000e+00 0.000000000000000000e+00 1.000000000000000000e+00 1.000000000000000000e+10 0.000000000000000000e+00 0.000000000000000000e+00 0.000000000000000000e+00 1.000000000000000000e+10
3.257917597328415654e-02 1.332125494707098369e+04 9.225880523470321350e+03 4.927826180659953025e+03 2.444687213840595064e-01 1.163730288478866714e+04 2.837142768428068490e-26 1.899154747979093059e-26 9.555901563034390645e-27 2.511547886937275931e-01 2.368134380468014937e-26 1.000000000000000000e+00 0.000000000000000000e+00 0.000000000000000000e+00 0.000000000000000000e+00 1.000000000000000000e+00 1.000000000000000000e+10 0.000000000000000000e+00 0.000000000000000000e+00 0.000000000000000000e+00 1.000000000000000000e+10
3.757320964692217186e-02 8.855820121128435858e+03 4.728326298185345877e+03 3.707896339745529076e+03 2.224627057425894172e-01 8.273390808249094334e+03 2.224959407322712277e-26 1.325833905118250813e-26 8.075300455350310877e-27 2.149236280805182642e-01 1.974085428353251489e-26 1.000000000000000000e+00 0.000000000000000000e+00 0.000000000000000000e+00 0.000000000000000000e+00 1.000000000000000000e+00 1.000000000000000000e+10 0.000000000000000000e+00 0.000000000000000000e+00 0.000000000000000000e+00 1.000000000000000000e+10
4.333277441790538143e-02 6.313777907914120988e+03 3.970577504522282652e+03 1.956658098469538800e+03 2.064317783247361926e-01 5.466841991990565475e+03 1.885810850235085293e-26 1.158102061981683606e-26 7.122667107051961036e-27 2.250266601139018774e-01 1.667037381972398472e-26 1.000000000000000000e+00 0.000000000000000000e+00 0.000000000000000000e+00 0.000000000000000000e+00 1.000000000000000000e+00 1.000000000000000000e+10 0.000000000000000000e+00 0.000000000000000000e+00 0.000000000000000000e+00 1.000000000000000000e+10
4.997521788524898756e-02 4.629977530977914284e+03 2.390088318229464676e+03 1.500540731223294642e+03 1.966864609820834775e-01 4.144525596009792935e+03 1.540552025864855220e-26 8.094401866367305375e-27 5.240981423479881238e-27 2.139354482768106025e-01 1.371426809685220260e-26 1.000000000000000000e+00 0.000000000000000000e+00 0.000000000000000000e+00 0.000000000000000000e+00 1.000000000000000000e+00 1.000000000000000000e+10 0.000000000000000000e+00 0.000000000000000000e+00 0.000000000000000000e+00 1.000000000000000000e+10
5.763587575980636674e-02 3.525386237533271924e+03 1.959881321079439203e+03 9.406225410601050498e+02 1.761198184791344379e-01 3.119692661926355413e+03 1.248322910637971721e-26 6.550283145350345085e-27 3.823984289689114515e-27 2.140163889550998622e-01 1.053620443147815702e-26 1.000000000000000000e+00 0.000000000000000000e+00 0.000000000000000000e+00 0.000000000000000000e+00 1.000000000000000000e+00 1.000000000000000000e+10 0.000000000000000000e+00 0.000000000000000000e+00 0.000000000000000000e+00 1.000000000000000000e+10
6.647082924635627776e-02 2.821142327237624613e+03 1.420341341738555911e+03 7.366396406179146652e+02 1.667108434238069314e-01 2.501037030572858839e+03 9.868304860280079376e-27 5.044673159692830265e-27 3.538566660762831188e-27 2.149467730639681717e-01 8.794210201740176869e-27 1.000000000000000000e+00 0.000000000000000000e+00 0.000000000000000000e+00 0.000000000000000000e+00 1.000000000000000000e+00 1.000000000000000000e+10 0.000000000000000000e+00 0.000000000000000000e+00 0.000000000000000000e+00 1.000000000000000000e+10
7.666008510240249207e-02 2.206814584450137772e+03 1.111389082920622059e+03 6.134180076870868561e+02 1.684959952765565927e-01 1.973701233203885295e+03 7.515372230144145768e-27 4.811785765841303216e-27 2.388002742399442866e-27 2.267078785728030843e-01 6.281372651096739476e-27 1.000000000000000000e+00 0.000000000000000000e+00 0.000000000000000000e+00 0.000000000000000000e+00 1.000000000000000000e+00 1.000000000000000000e+10 0.000000000000000000e+00 0.000000000000000000e+00 0.000000000000000000e+00 1.000000000000000000e+10
8.841124316543315376e-02 1.732598135671000136e+03 8.840873153850593553e+02 4.431357296811897868e+02 1.626815971629447244e-01 1.554196385852694220e+03 5.538072826235830543e-27 3.415435272585700031e-27 1.880864263010635646e-27 2.230836433698237531e-01 4.702104949444474537e-27 1.000000000000000000e+00 0.000000000000000000e+00 0.000000000000000000e+00 0.000000000000000000e+00 1.000000000000000000e+00 1.000000000000000000e+10 0.000000000000000000e+00 0.000000000000000000e+00 0.000000000000000000e+00 1.000000000000000000e+10
1.019637260722580097e-01 1.308422071447798089e+03 5.594399028074078615e+02 3.653237641059135967e+02 1.567635919512437581e-01 1.190232762959926504e+03 4.062482533527709640e-27 2.733193039589603427e-27 1.397613457474300943e-27 2.386209922616953916e-01 3.412540786096243836e-27 1.000000000000000000e+00 0.000000000000000000e+00 0.000000000000000000e+00 0.000000000000000000e+00 1.000000000000000000e+00 1.000000000000000000e+10 0.000000000000000000e+00 0.000000000000000000e+00 0.000000000000000000e+00 1.000000000000000000e+10
1.175936573483598035e-01 1.011897410387021296e+03 3.969206215345031978e+02 2.838435640476856179e+02 1.615122607062067506e-01 9.387971992132049763e+02 2.973889354600119291e-27 2.031498348840834461e-27 1.104626354331156091e-27 2.553280969758192631e-01 2.441602431609712940e-27 1.000000000000000000e+00 0.000000000000000000e+00 0.000000000000000000e+00 0.000000000000000000e+00 1.000000000000000000e+00 1.000000000000000000e+10 0.000000000000000000e+00 0.000000000000000000e+00 0.000000000000000000e+00 1.000000000000000000e+10
1.356194872553388164e-01 7.785599853844813651e+02 3.288516818638721588e+02 2.181406676068676802e+02 1.629840650487503484e-01 7.011652063395027881e+02 2.214375815963820284e-27 1.641568690110640924e-27 7.345365225685329550e-28 2.809502105525778504e-01 1.679236453905459589e-27 1.000000000000000000e+00 0.000000000000000000e+00 0.000000000000000000e+00 0.000000000000000000e+00 1.000000000000000000e+00 1.000000000000000000e+10 0.000000000000000000e+00 0.000000000000000000e+00 0.000000000000000000e+00 1.000000000000000000e+10
1.564084810196403053e-01 5.897543630704167299e+02 2.388888648083881208e+02 1.409319085943444065e+02 1.551594056587477788e-01 5.424546414325016030e+02 1.650104412916812539e-27 1.094974872529220716e-27 5.256011456046908316e-28 3.018026058108828069e-01 1.197367922817612244e-27 1.000000000000000000e+00 0.000000000000000000e+00 0.000000000000000000e+00 0.000000000000000000e+00 1.000000000000000000e+00 1.000000000000000000e+10 0.000000000000000000e+00 0.000000000000000000e+00 0.000000000000000000e+00 1.000000000000000000e+10
1.803842016362447453e-01 4.533447039065861759e+02 2.059977799989284790e+02 1.131707797567786429e+02 1.607130666248784145e-01 4.119658571939773424e+02 1.260008257319452938e-27 9.362727213295481027e-28 3.807737001009732205e-28 3.329925452144786302e-01 8.549841610562889145e-28 1.000000000000000000e+00 0.000000000000000000e+00 0.000000000000000000e+00 0.000000000000000000e+00 1.000000000000000000e+00 1.000000000000000000e+10 0.000000000000000000e+00 0.000000000000000000e+00 0.000000000000000000e+00 1.000000000000000000e+10
2.080351397048574025e-01 3.535815686282991237e+02 1.698997772176562080e+02 9.098664995165961500e+01 1.776847249176881360e-01 3.110098159595107745e+02 9.795836922375019830e-28 7.889335846516302402e-28 2.633715290540530471e-28 3.678589522305188986e-01 5.739980444047865918e-28 1.000000000000000000e+00 0.000000000000000000e+00 0.000000000000000000e+00 0.000000000000000000e+00 1.000000000000000000e+00 1.000000000000000000e+10 0.000000000000000000e+00 0.000000000000000000e+00 0.000000000000000000e+00 1.000000000000000000e+10
2.399246661262133540e-01 2.749804520986028820e+02 1.286254039475821571e+02 7.627595797875125072e+01 1.874867884254239059e-01 2.399629124583809414e+02 7.924418222882832487e-28 5.945630014204255881e-28 2.075250607537370779e-28 4.059727428398974824e-01 4.130978494697585451e-28 1.000000000000000000e+00 0.000000000000000000e+00 0.000000000000000000e+00 0.000000000000000000e+00 1.000000000000000000e+00 1.000000000000000000e+10 0.000000000000000000e+00 0.000000000000000000e+00 0.000000000000000000e+00 1.000000000000000000e+10
2.767025104385807399e-01 2.166604524900334354e+02 1.034077497287471772e+02 5.731732280952863334e+01 2.003517773721373851e-01 1.795556573987333593e+02 6.528139864553031961e-28 5.146600199980053368e-28 1.618938891578682148e-28 4.406634497874111767e-01 2.950422862796579689e-28 1.000000000000000000e+00 0.000000000000000000e+00 0.000000000000000000e+00 0.000000000000000000e+00 1.000000000000000000e+00 1.000000000000000000e+10 0.000000000000000000e+00 0.000000000000000000e+00 0.000000000000000000e+00 1.000000000000000000e+10
3.191179986585286343e-01 1.713649609400949885e+02 1.075098594903811886e+02 4.155196426849053637e+01 2.061060473251590808e-01 1.372990659324486842e+02 5.668256755018436124e-28 4.515907163889524619e-28 1.235729553072280401e-28 4.813744575096947087e-01 2.130738461861424603e-28 1.000000000000000000e+00 0.000000000000000000e+00 0.000000000000000000e+00 0.000000000000000000e+00 1.000000000000000000e+00 1.000000000000000000e+10 0.000000000000000000e+00 0.000000000000000000e+00 0.000000000000000000e+00 1.000000000000000000e+10
3.680353203388414540e-01 1.419963159093263982e+02 8.148474794907782837e+01 3.341315280838246338e+01 2.275165807009988106e-01 1.080358185477493151e+02 5.342541934347566443e-28 3.771087059431558729e-28 9.171753418083122497e-29 5.259656782222013049e-01 1.542896766397709293e-28 1.000000000000000000e+00 0.000000000000000000e+00 0.000000000000000000e+00 0.000000000000000000e+00 1.000000000000000000e+00 1.000000000000000000e+10 0.000000000000000000e+00 0.000000000000000000e+00 0.000000000000000000e+00 1.000000000000000000e+10
4.244511359005219142e-01 1.234044229374509314e+02 6.882031934522494510e+01 2.841807138611588357e+01 2.599965401955397493e-01 8.571038136757140080e+01 5.633727319658609819e-28 3.218079578668272111e-28 6.974789319208417933e-29 5.872566689491806047e-01 1.127478698848942999e-28 1.000000000000000000e+00 0.000000000000000000e+00 0.000000000000000000e+00 0.000000000000000000e+00 1.000000000000000000e+00 1.000000000000000000e+10 0.000000000000000000e+00 0.000000000000000000e+00 0.000000000000000000e+00 1.000000000000000000e+10
4.895148829774688681e-01 1.025193799131019432e+02 5.886457637092142647e+01 2.420082061256256623e+01 2.770726315738383239e-01 6.825901860125121345e+01 5.739135853227954616e-28 2.922753555005019134e-28 5.552801780722436730e-29 6.477395734831663532e-01 8.374667273326871484e-29 1.000000000000000000e+00 0.000000000000000000e+00 0.000000000000000000e+00 0.000000000000000000e+00 1.000000000000000000e+00 1.000000000000000000e+10 0.000000000000000000e+00 0.000000000000000000e+00 0.000000000000000000e+00 1.000000000000000000e+10
5.645521955031491679e-01 8.899374354999825698e+01 5.923701085051409621e+01 2.105182573238970889e+01 3.022153483597727619e-01 5.587509017098896891e+01 5.251671750640000359e-28 2.795306000116581662e-28 4.272003375021978319e-29 7.017834752743228321e-01 6.516763689627904531e-29 1.000000000000000000e+00 0.000000000000000000e+00 0.000000000000000000e+00 0.000000000000000000e+00 1.000000000000000000e+00 1.000000000000000000e+10 0.000000000000000000e+00 0.000000000000000000e+00 0.000000000000000000e+00 1.000000000000000000e+10
6.510919126887823039e-01 7.214362546646997032e+01 5.534305204001794465e+01 1.851545220611205522e+01 3.080115851094022417e-01 4.613973091768826151e+01 4.605581366450040184e-28 3.064592893493832748e-28 4.246679214476118590e-29 7.526864990350858875e-01 5.700250102622534362e-29 1.000000000000000000e+00 0.000000000000000000e+00 0.000000000000000000e+00 0.000000000000000000e+00 1.000000000000000000e+00 1.000000000000000000e+10 0.000000000000000000e+00 0.000000000000000000e+00 0.000000000000000000e+00 1.000000000000000000e+10
7.508972281844089602e-01 6.228231392791031595e+01 5.390330529884467836e+01 1.530950288510198476e+01 3.118278231725450378e-01 3.912984393694190288e+01 4.161155183304836160e-28 4.142144186728156995e-28 3.805386891025576465e-29 7.967268408454709627e-01 4.948641242958511939e-29 1.000000000000000000e+00 0.000000000000000000e+00 0.000000000000000000e+00 0.000000000000000000e+00 1.000000000000000000e+00 1.000000000000000000e+10 0.000000000000000000e+00 0.000000000000000000e+00 0.000000000000000000e+00 1.000000000000000000e+10
8.660016140678794550e-01 5.771511847376093840e+01 5.807938021312193655e+01 1.328314508874691313e+01 3.327462082731477699e-01 3.445224712006117329e+01 4.199149378592401160e-28 5.190855139570750417e-28 3.702622286043965809e-29 8.536292980403020758e-01 4.613333204554724366e-29 1.000000000000000000e+00 0.000000000000000000e+00 0.000000000000000000e+00 0.000000000000000000e+00 1.000000000000000000e+00 1.000000000000000000e+10 0.000000000000000000e+00 0.000000000000000000e+00 0.000000000000000000e+00 1.000000000000000000e+10
9.987502515910116063e-01 5.082871457995180720e+01 4.831164340997571571e+01 1.600793002210308202e+01 3.299119289745822137e-01 3.352037525602334256e+01 4.210000251267614902e-28 4.236309155344222965e-28 3.411868910480952615e-29 8.796993440083552551e-01 4.138779582757346689e-29 1.000000000000000000e+00 0.000000000000000000e+00 0.000000000000000000e+00 0.000000000000000000e+00 1.000000000000000000e+00 1.000000000000000000e+10 0.000000000000000000e+00 0.000000000000000000e+00 0.000000000000000000e+00 1.000000000000000000e+10
1.151847812808953542e+00 4.556947800948294969e+01 5.146486560268577648e+01 1.474375088916263010e+01 3.226520429659676115e-01 3.120802362795538443e+01 3.750773947910855483e-28 4.116033870443962784e-28 2.971759574937583128e-29 8.676482759723543881e-01 3.623295422385010656e-29 1.000000000000000000e+00 0.000000000000000000e+00 0.000000000000000000e+00 0.000000000000000000e+00 1.000000000000000000e+00 1.000000000000000000e+10 0.000000000000000000e+00 0.000000000000000000e+00 0.000000000000000000e+00 1.000000000000000000e+10
1.328413566614123908e+00 4.082893865430932578e+01 2.972979873705232023e+01 1.513056389716100369e+01 3.034425614408257643e-01 3.089257446110807592e+01 4.219014119248755047e-28 3.295000192453875354e-28 3.905681327942420855e-29 8.465682485755102737e-01 4.627163146295848735e-29 1.000000000000000000e+00 0.000000000000000000e+00 0.000000000000000000e+00 0.000000000000000000e+00 1.000000000000000000e+00 1.000000000000000000e+10 0.000000000000000000e+00 0.000000000000000000e+00 0.000000000000000000e+00 1.000000000000000000e+10
1.532044931926391351e+00 4.004209725246655438e+01 3.490538807274607791e+01 1.336778525348810476e+01 3.107538491568233585e-01 2.802160762812688333e+01 6.487227762036978134e-28 3.889657669436812047e-28 3.234431006879557015e-29 8.672661141765143356e-01 3.889267239735242089e-29 1.000000000000000000e+00 0.000000000000000000e+00 0.000000000000000000e+00 0.000000000000000000e+00 1.000000000000000000e+00 1.000000000000000000e+10 0.000000000000000000e+00 0.000000000000000000e+00 0.000000000000000000e+00 1.000000000000000000e+10
1.766890772896739126e+00 3.831015764372455124e+01 2.862389207090312837e+01 1.227411856403818291e+01 3.027898449709007789e-01 2.640689649604204092e+01 1.121863184143593901e-27 3.518163085462377617e-28 4.565847932003560975e-29 8.642113409824385695e-01 5.201267407997582160e-29 1.000000000000000000e+00 0.000000000000000000e+00 0.000000000000000000e+00 0.000000000000000000e+00 1.000000000000000000e+00 1.000000000000000000e+10 0.000000000000000000e+00 0.000000000000000000e+00 0.000000000000000000e+00 1.000000000000000000e+10
2.037735929469222107e+00 3.840170189774352139e+01 2.812759105677747939e+01 1.301442918013357364e+01 3.070212266823229563e-01 2.644274391992912498e+01 1.571727277124791852e-27 2.881051280383740274e-28 5.242640196255155374e-29 8.668791972804358315e-01 5.927432167436668514e-29 1.000000000000000000e+00 0.000000000000000000e+00 0.000000000000000000e+00 0.000000000000000000e+00 1.000000000000000000e+00 1.000000000000000000e+10 0.000000000000000000e+00 0.000000000000000000e+00 0.000000000000000000e+00 1.000000000000000000e+10
2.350098705559579226e+00 3.333614500045568008e+01 2.340495717596797931e+01 1.163794176741563113e+01 2.887938742502687006e-01 2.470453478186507112e+01 9.682351343341759853e-28 2.588241385569398461e-28 5.736852631100355494e-29 8.734050343530818106e-01 6.472129208604482952e-29 1.000000000000000000e+00 0.000000000000000000e+00 0.000000000000000000e+00 0.000000000000000000e+00 1.000000000000000000e+00 1.000000000000000000e+10 0.000000000000000000e+00 0.000000000000000000e+00 0.000000000000000000e+00 1.000000000000000000e+10
