# R (Mpc), mean rho (Msol/kpc^3), errup (Msol/kpc^3), errlow, std, median rho (Msol/kpc^3), mean pth (Msol/kpc/s^2), errup(Msol/kpc/s^2), errlow, std, median pth (Msol/kpc/s^2), mean gas-mass-weighted metal (fraction), errup, errlow, std, median metal, mean gas-mass-weighted temp (K), errup, errlow, std, median temp  
#  nprofs 188, mean mh 215618453241.411072, median mh 203780484188.865967 
#  Mass range 11.00 - 11.5
1.040961082911032697e-02 9.831514379890338751e+04 4.351244561492075445e+04 3.740780588432775403e+04 2.291034471533275330e-01 9.098503563406289322e+04 7.866923527818560762e-26 3.172639269631110028e-26 1.051306022975161348e-26 4.565091772299649242e-01 2.179080492370226231e-26 1.000000000000000000e+00 0.000000000000000000e+00 0.000000000000000000e+00 0.000000000000000000e+00 1.000000000000000000e+00 1.000000000000000000e+10 0.000000000000000000e+00 0.000000000000000000e+00 0.000000000000000000e+00 1.000000000000000000e+10
1.200529105910367808e-02 7.154690245153249998e+04 3.383066916515106277e+04 2.817190976827096165e+04 2.212875509055981516e-01 6.754213716937624849e+04 5.288815196380289510e-26 5.095923498195580158e-26 1.020303094566054741e-26 4.547280409033823134e-01 2.032660850993860672e-26 1.000000000000000000e+00 0.000000000000000000e+00 0.000000000000000000e+00 0.000000000000000000e+00 1.000000000000000000e+00 1.000000000000000000e+10 0.000000000000000000e+00 0.000000000000000000e+00 0.000000000000000000e+00 1.000000000000000000e+10
1.384557172980430476e-02 5.374614987238112371e+04 2.641694553153697052e+04 1.894551243034225627e+04 2.261303782403318863e-01 4.903469729920968530e+04 4.626524962512782896e-26 4.865901795801323460e-26 8.134562721946958536e-27 4.359746659004520852e-01 1.846087929080429998e-26 1.000000000000000000e+00 0.000000000000000000e+00 0.000000000000000000e+00 0.000000000000000000e+00 1.000000000000000000e+00 1.000000000000000000e+10 0.000000000000000000e+00 0.000000000000000000e+00 0.000000000000000000e+00 1.000000000000000000e+10
1.596794743096121086e-02 3.989713389441031904e+04 2.684034316278022743e+04 1.360998905186506818e+04 2.514597251766110264e-01 3.386542401439762034e+04 4.952539331608377405e-26 5.802839958680907163e-26 1.034465441986695385e-26 4.592355987866639788e-01 2.001155036770028353e-26 1.000000000000000000e+00 0.000000000000000000e+00 0.000000000000000000e+00 0.000000000000000000e+00 1.000000000000000000e+00 1.000000000000000000e+10 0.000000000000000000e+00 0.000000000000000000e+00 0.000000000000000000e+00 1.000000000000000000e+10
1.841566026551830909e-02 2.947740685644676341e+04 1.829082418146190321e+04 9.982466899821611150e+03 2.327250674852547607e-01 2.583404657711561595e+04 4.062579670934998018e-26 4.993081949070027627e-26 9.995957529805635584e-27 4.434141836767204747e-01 1.869255433374272026e-26 1.000000000000000000e+00 0.000000000000000000e+00 0.000000000000000000e+00 0.000000000000000000e+00 1.000000000000000000e+00 1.000000000000000000e+10 0.000000000000000000e+00 0.000000000000000000e+00 0.000000000000000000e+00 1.000000000000000000e+10
2.123858088093512342e-02 2.162917760426528912e+04 1.639787874614226166e+04 7.128887199640879771e+03 2.665930277266785331e-01 1.770386853339022491e+04 3.550201424843522297e-26 4.188653533435895414e-26 1.133869589863138463e-26 4.301353605980053341e-01 1.943251844248354951e-26 1.000000000000000000e+00 0.000000000000000000e+00 0.000000000000000000e+00 0.000000000000000000e+00 1.000000000000000000e+00 1.000000000000000000e+10 0.000000000000000000e+00 0.000000000000000000e+00 0.000000000000000000e+00 1.000000000000000000e+10
2.449422455303571639e-02 1.523495504486612299e+04 1.197870423296615263e+04 5.596499321018163755e+03 2.800427433553011602e-01 1.254923386886885419e+04 2.986909128721085821e-26 3.822338644140291489e-26 9.389505379428363942e-27 3.799113604661711885e-01 1.764140762272858739e-26 1.000000000000000000e+00 0.000000000000000000e+00 0.000000000000000000e+00 0.000000000000000000e+00 1.000000000000000000e+00 1.000000000000000000e+10 0.000000000000000000e+00 0.000000000000000000e+00 0.000000000000000000e+00 1.000000000000000000e+10
2.824892302447100725e-02 1.062643033022373493e+04 7.897825838224398467e+03 3.880974759128567712e+03 2.655371048676204992e-01 8.531293837098237418e+03 2.647721622351089724e-26 2.754629467510109142e-26 9.112437801522828629e-27 3.821405202507811572e-01 1.639869366371535481e-26 1.000000000000000000e+00 0.000000000000000000e+00 0.000000000000000000e+00 0.000000000000000000e+00 1.000000000000000000e+00 1.000000000000000000e+10 0.000000000000000000e+00 0.000000000000000000e+00 0.000000000000000000e+00 1.000000000000000000e+10
3.257917597328415654e-02 7.866866958387138766e+03 6.924167588926358803e+03 2.372354057182566066e+03 2.774405401742145449e-01 5.824747631327041745e+03 2.018013949895366931e-26 1.869684337451329173e-26 6.606947907310881448e-27 2.943085078357696172e-01 1.503205710000214974e-26 1.000000000000000000e+00 0.000000000000000000e+00 0.000000000000000000e+00 0.000000000000000000e+00 1.000000000000000000e+00 1.000000000000000000e+10 0.000000000000000000e+00 0.000000000000000000e+00 0.000000000000000000e+00 1.000000000000000000e+10
3.757320964692217186e-02 5.346036712879919833e+03 3.846486690144884051e+03 2.097610350813491550e+03 2.725109890159795878e-01 4.450098944786717766e+03 1.618660759974983449e-26 1.286942357491226657e-26 7.015811252474357973e-27 2.903921653151745330e-01 1.342945631369814226e-26 1.000000000000000000e+00 0.000000000000000000e+00 0.000000000000000000e+00 0.000000000000000000e+00 1.000000000000000000e+00 1.000000000000000000e+10 0.000000000000000000e+00 0.000000000000000000e+00 0.000000000000000000e+00 1.000000000000000000e+10
4.333277441790538143e-02 3.675912567573751858e+03 2.402707762438420104e+03 1.344789347141566623e+03 2.664047296122661890e-01 3.032290625434059621e+03 1.303761261777096768e-26 8.977139696997423805e-27 4.871569722461514686e-27 2.861655885392975773e-01 1.038678579332128393e-26 1.000000000000000000e+00 0.000000000000000000e+00 0.000000000000000000e+00 0.000000000000000000e+00 1.000000000000000000e+00 1.000000000000000000e+10 0.000000000000000000e+00 0.000000000000000000e+00 0.000000000000000000e+00 1.000000000000000000e+10
4.997521788524898756e-02 2.928135714899738105e+03 2.172249988779227806e+03 1.033210874800618967e+03 2.671397402617020078e-01 2.473957027258465587e+03 1.131624393967401677e-26 6.639427860474593901e-27 4.691760933084717050e-27 2.897363625760854822e-01 9.571964156296228102e-27 1.000000000000000000e+00 0.000000000000000000e+00 0.000000000000000000e+00 0.000000000000000000e+00 1.000000000000000000e+00 1.000000000000000000e+10 0.000000000000000000e+00 0.000000000000000000e+00 0.000000000000000000e+00 1.000000000000000000e+10
5.763587575980636674e-02 2.282809641046516390e+03 1.514347994839539751e+03 8.680748656018765814e+02 2.493568240168647088e-01 1.982690212671952850e+03 9.372910698915439027e-27 5.820420468258393049e-27 3.618635194387296565e-27 2.773409165918283015e-01 7.672445152523454210e-27 1.000000000000000000e+00 0.000000000000000000e+00 0.000000000000000000e+00 0.000000000000000000e+00 1.000000000000000000e+00 1.000000000000000000e+10 0.000000000000000000e+00 0.000000000000000000e+00 0.000000000000000000e+00 1.000000000000000000e+10
6.647082924635627776e-02 1.822525910665492802e+03 1.140309539951395436e+03 7.124911304018295368e+02 2.431243854432616480e-01 1.596136685961913827e+03 7.371475577712725565e-27 5.691707090027687805e-27 2.793387196970931469e-27 2.870928097850058425e-01 5.734995769565749851e-27 1.000000000000000000e+00 0.000000000000000000e+00 0.000000000000000000e+00 0.000000000000000000e+00 1.000000000000000000e+00 1.000000000000000000e+10 0.000000000000000000e+00 0.000000000000000000e+00 0.000000000000000000e+00 1.000000000000000000e+10
7.666008510240249207e-02 1.458815060155985066e+03 8.458436234457490173e+02 5.742675554561595845e+02 2.251776202236352165e-01 1.322221325971403530e+03 5.881681235938572595e-27 3.637677869928096200e-27 2.297421040945890602e-27 2.761026818956234252e-01 4.764917207406365733e-27 1.000000000000000000e+00 0.000000000000000000e+00 0.000000000000000000e+00 0.000000000000000000e+00 1.000000000000000000e+00 1.000000000000000000e+10 0.000000000000000000e+00 0.000000000000000000e+00 0.000000000000000000e+00 1.000000000000000000e+10
8.841124316543315376e-02 1.153782986191770078e+03 6.849074814146631525e+02 4.063230000623590286e+02 2.271439995311783366e-01 9.980589462453676788e+02 4.637462835890788644e-27 3.511029912970752659e-27 1.570020541540366815e-27 2.995748345035185722e-01 3.414033081793571867e-27 1.000000000000000000e+00 0.000000000000000000e+00 0.000000000000000000e+00 0.000000000000000000e+00 1.000000000000000000e+00 1.000000000000000000e+10 0.000000000000000000e+00 0.000000000000000000e+00 0.000000000000000000e+00 1.000000000000000000e+10
1.019637260722580097e-01 8.831953660464801033e+02 5.041269856080607497e+02 3.274063691576826045e+02 2.070903929382143516e-01 8.036868143039148435e+02 3.620680768956154906e-27 2.575332735409426871e-27 1.336330175668727188e-27 2.987336885325151403e-01 2.827256004568866181e-27 1.000000000000000000e+00 0.000000000000000000e+00 0.000000000000000000e+00 0.000000000000000000e+00 1.000000000000000000e+00 1.000000000000000000e+10 0.000000000000000000e+00 0.000000000000000000e+00 0.000000000000000000e+00 1.000000000000000000e+10
1.175936573483598035e-01 7.055421561961506995e+02 3.334918322910061761e+02 2.671726220630337139e+02 1.987105974298029598e-01 6.619674634779266853e+02 2.868199785878501423e-27 2.071762694513734553e-27 9.888676515866418331e-28 3.070115264283047596e-01 2.067334699033147545e-27 1.000000000000000000e+00 0.000000000000000000e+00 0.000000000000000000e+00 0.000000000000000000e+00 1.000000000000000000e+00 1.000000000000000000e+10 0.000000000000000000e+00 0.000000000000000000e+00 0.000000000000000000e+00 1.000000000000000000e+10
1.356194872553388164e-01 5.616669682041045917e+02 2.894340759734152471e+02 2.016332761960750304e+02 2.065257419523096327e-01 5.096363880716555741e+02 2.209519578330792683e-27 1.717386339093701664e-27 6.562916879448518975e-28 3.348229304482256974e-01 1.458753452657565298e-27 1.000000000000000000e+00 0.000000000000000000e+00 0.000000000000000000e+00 0.000000000000000000e+00 1.000000000000000000e+00 1.000000000000000000e+10 0.000000000000000000e+00 0.000000000000000000e+00 0.000000000000000000e+00 1.000000000000000000e+10
1.564084810196403053e-01 4.577118380965940219e+02 2.512361629767373188e+02 1.465328071565835444e+02 2.076789189536635827e-01 4.045418170346273428e+02 1.729352328464117795e-27 1.397576514015163520e-27 5.075225873669227854e-28 3.524147267068059031e-01 1.095387568152729943e-27 1.000000000000000000e+00 0.000000000000000000e+00 0.000000000000000000e+00 0.000000000000000000e+00 1.000000000000000000e+00 1.000000000000000000e+10 0.000000000000000000e+00 0.000000000000000000e+00 0.000000000000000000e+00 1.000000000000000000e+10
1.803842016362447453e-01 3.779132247901663391e+02 2.221188879845145721e+02 1.221633086589388597e+02 2.130988741783829410e-01 3.225140634447844832e+02 1.372145012513718067e-27 1.155713730658375802e-27 4.149535910190408886e-28 3.700565581297123319e-01 8.331567258652424410e-28 1.000000000000000000e+00 0.000000000000000000e+00 0.000000000000000000e+00 0.000000000000000000e+00 1.000000000000000000e+00 1.000000000000000000e+10 0.000000000000000000e+00 0.000000000000000000e+00 0.000000000000000000e+00 1.000000000000000000e+10
2.080351397048574025e-01 3.106695239773108028e+02 1.984384462800608731e+02 8.608888014692516322e+01 2.246742680465823316e-01 2.531561960125789597e+02 1.105996713709710202e-27 9.157181370728931085e-28 2.993093687261447326e-28 4.008842604812606347e-01 5.918850590336985783e-28 1.000000000000000000e+00 0.000000000000000000e+00 0.000000000000000000e+00 0.000000000000000000e+00 1.000000000000000000e+00 1.000000000000000000e+10 0.000000000000000000e+00 0.000000000000000000e+00 0.000000000000000000e+00 1.000000000000000000e+10
2.399246661262133540e-01 2.588713673886671813e+02 1.554712741865162684e+02 7.510833091939954897e+01 2.308657173678178021e-01 2.104586510397616621e+02 9.199716709683212328e-28 7.215617294772211517e-28 2.481766968658710605e-28 4.250898144415061752e-01 4.550894249886726597e-28 1.000000000000000000e+00 0.000000000000000000e+00 0.000000000000000000e+00 0.000000000000000000e+00 1.000000000000000000e+00 1.000000000000000000e+10 0.000000000000000000e+00 0.000000000000000000e+00 0.000000000000000000e+00 1.000000000000000000e+10
2.767025104385807399e-01 2.152436688228191031e+02 1.482906923450544809e+02 7.083588600810254832e+01 2.421428986474928047e-01 1.743620786750515776e+02 7.758339177859853044e-28 5.899850661865070950e-28 1.967415880395163224e-28 4.588267332491399730e-01 3.448155416990538943e-28 1.000000000000000000e+00 0.000000000000000000e+00 0.000000000000000000e+00 0.000000000000000000e+00 1.000000000000000000e+00 1.000000000000000000e+10 0.000000000000000000e+00 0.000000000000000000e+00 0.000000000000000000e+00 1.000000000000000000e+10
3.191179986585286343e-01 1.768751334610379047e+02 1.209786963369903106e+02 5.108281820427356479e+01 2.392786321680042128e-01 1.388568460528022115e+02 6.795655127841143101e-28 5.033523587035384946e-28 1.560955391037566167e-28 4.833119588637240782e-01 2.675378839924533542e-28 1.000000000000000000e+00 0.000000000000000000e+00 0.000000000000000000e+00 0.000000000000000000e+00 1.000000000000000000e+00 1.000000000000000000e+10 0.000000000000000000e+00 0.000000000000000000e+00 0.000000000000000000e+00 1.000000000000000000e+10
3.680353203388414540e-01 1.508082370874545575e+02 8.311114433398907408e+01 4.478439003417747699e+01 2.442574461992906287e-01 1.181323395707071597e+02 6.335858649785020820e-28 5.052180124029307171e-28 1.158341876127917947e-28 5.117354197225687518e-01 2.037483995517751211e-28 1.000000000000000000e+00 0.000000000000000000e+00 0.000000000000000000e+00 0.000000000000000000e+00 1.000000000000000000e+00 1.000000000000000000e+10 0.000000000000000000e+00 0.000000000000000000e+00 0.000000000000000000e+00 1.000000000000000000e+10
4.244511359005219142e-01 1.277578333615809072e+02 7.186162564890231863e+01 3.483472361000733741e+01 2.461766671304427001e-01 9.698110618104009006e+01 6.146106175184161388e-28 4.344300025090505672e-28 9.498978612171408709e-29 5.383225795699344562e-01 1.630438041760025487e-28 1.000000000000000000e+00 0.000000000000000000e+00 0.000000000000000000e+00 0.000000000000000000e+00 1.000000000000000000e+00 1.000000000000000000e+10 0.000000000000000000e+00 0.000000000000000000e+00 0.000000000000000000e+00 1.000000000000000000e+10
4.895148829774688681e-01 1.117274401876040173e+02 6.454281463495195226e+01 3.018984619558916194e+01 2.568893755711026405e-01 8.398018409052744460e+01 6.223818620729116041e-28 3.823589855550913808e-28 8.737276278764672248e-29 5.722388946365128959e-01 1.394642391504749144e-28 1.000000000000000000e+00 0.000000000000000000e+00 0.000000000000000000e+00 0.000000000000000000e+00 1.000000000000000000e+00 1.000000000000000000e+10 0.000000000000000000e+00 0.000000000000000000e+00 0.000000000000000000e+00 1.000000000000000000e+10
5.645521955031491679e-01 9.878201690989862982e+01 5.757851438371849895e+01 2.376466354772221479e+01 2.700101281474171500e-01 6.832503336321003928e+01 6.354939778619559379e-28 4.397251904722031450e-28 7.796496412044546449e-29 6.060450567451812764e-01 1.187422805146439752e-28 1.000000000000000000e+00 0.000000000000000000e+00 0.000000000000000000e+00 0.000000000000000000e+00 1.000000000000000000e+00 1.000000000000000000e+10 0.000000000000000000e+00 0.000000000000000000e+00 0.000000000000000000e+00 1.000000000000000000e+10
6.510919126887823039e-01 8.371368938665156634e+01 5.801384938958052828e+01 2.032321776618770315e+01 2.748154696735410907e-01 5.672379028945709933e+01 6.111126802812828349e-28 4.097625938901055052e-28 5.860568732434045929e-29 6.390261085662645169e-01 9.017590702509613405e-29 1.000000000000000000e+00 0.000000000000000000e+00 0.000000000000000000e+00 0.000000000000000000e+00 1.000000000000000000e+00 1.000000000000000000e+10 0.000000000000000000e+00 0.000000000000000000e+00 0.000000000000000000e+00 1.000000000000000000e+10
7.508972281844089602e-01 6.992506796845037798e+01 5.232247610792276760e+01 2.045523840818320593e+01 2.771969777955978764e-01 5.015225207452955658e+01 4.940998769251525696e-28 4.162824793279402090e-28 4.914530170946105173e-29 6.680912390453072058e-01 7.304333373120274403e-29 1.000000000000000000e+00 0.000000000000000000e+00 0.000000000000000000e+00 0.000000000000000000e+00 1.000000000000000000e+00 1.000000000000000000e+10 0.000000000000000000e+00 0.000000000000000000e+00 0.000000000000000000e+00 1.000000000000000000e+10
8.660016140678794550e-01 5.948391894954284709e+01 5.231179710610033595e+01 1.658187376617629383e+01 2.928332345475500031e-01 4.099618641643589712e+01 3.916097199776348398e-28 4.365593122805465779e-28 4.098899667571884697e-29 7.245851330472203866e-01 5.853997485549009969e-29 1.000000000000000000e+00 0.000000000000000000e+00 0.000000000000000000e+00 0.000000000000000000e+00 1.000000000000000000e+00 1.000000000000000000e+10 0.000000000000000000e+00 0.000000000000000000e+00 0.000000000000000000e+00 1.000000000000000000e+10
9.987502515910116063e-01 5.281097482221986894e+01 5.264314938512282538e+01 1.575412425408899963e+01 3.061611516633136465e-01 3.554352830071488256e+01 4.132881867806911716e-28 3.988160307693511088e-28 4.834578368877902119e-29 7.902242390183221721e-01 6.029418243197474524e-29 1.000000000000000000e+00 0.000000000000000000e+00 0.000000000000000000e+00 0.000000000000000000e+00 1.000000000000000000e+00 1.000000000000000000e+10 0.000000000000000000e+00 0.000000000000000000e+00 0.000000000000000000e+00 1.000000000000000000e+10
1.151847812808953542e+00 4.727411214333784528e+01 4.462962726717374551e+01 1.693825545656453357e+01 3.068770135667394094e-01 3.466557757469109902e+01 3.748933843659930101e-28 4.343186789555791981e-28 4.339785304050345932e-29 8.065534834363140559e-01 5.261621746796950320e-29 1.000000000000000000e+00 0.000000000000000000e+00 0.000000000000000000e+00 0.000000000000000000e+00 1.000000000000000000e+00 1.000000000000000000e+10 0.000000000000000000e+00 0.000000000000000000e+00 0.000000000000000000e+00 1.000000000000000000e+10
1.328413566614123908e+00 4.311970632896620970e+01 4.046231289052700220e+01 1.468289448611275105e+01 2.999468010222138270e-01 3.157585458857876404e+01 4.234405427955272873e-28 3.599031205247337348e-28 4.823546024001074946e-29 8.045177551260114246e-01 5.834181061839541606e-29 1.000000000000000000e+00 0.000000000000000000e+00 0.000000000000000000e+00 0.000000000000000000e+00 1.000000000000000000e+00 1.000000000000000000e+10 0.000000000000000000e+00 0.000000000000000000e+00 0.000000000000000000e+00 1.000000000000000000e+10
1.532044931926391351e+00 4.141973020322160437e+01 3.832062524968436179e+01 1.436681530599624423e+01 3.045315867510592911e-01 2.989001897691016296e+01 6.431293894073846215e-28 4.255446114958455023e-28 4.679620794892937659e-29 8.130025058449772413e-01 5.658183587808923489e-29 1.000000000000000000e+00 0.000000000000000000e+00 0.000000000000000000e+00 0.000000000000000000e+00 1.000000000000000000e+00 1.000000000000000000e+10 0.000000000000000000e+00 0.000000000000000000e+00 0.000000000000000000e+00 1.000000000000000000e+10
1.766890772896739126e+00 3.923887369688278426e+01 2.706435885969135313e+01 1.349373688115807823e+01 2.988267988215074777e-01 2.828308277655576575e+01 1.091839156583753945e-27 3.296266303639868385e-28 4.271555660293304909e-29 8.024849036570288474e-01 5.200318223800498929e-29 1.000000000000000000e+00 0.000000000000000000e+00 0.000000000000000000e+00 0.000000000000000000e+00 1.000000000000000000e+00 1.000000000000000000e+10 0.000000000000000000e+00 0.000000000000000000e+00 0.000000000000000000e+00 1.000000000000000000e+10
2.037735929469222107e+00 3.767674867323458443e+01 2.781831965664154183e+01 1.322579870422415738e+01 2.955437176217339812e-01 2.751785130245995958e+01 1.290749127160142474e-27 2.876213405672072852e-28 5.224374738180914032e-29 8.128699855170609112e-01 6.133961316180546326e-29 1.000000000000000000e+00 0.000000000000000000e+00 0.000000000000000000e+00 0.000000000000000000e+00 1.000000000000000000e+00 1.000000000000000000e+10 0.000000000000000000e+00 0.000000000000000000e+00 0.000000000000000000e+00 1.000000000000000000e+10
2.350098705559579226e+00 3.330291483802351138e+01 2.220615787722194057e+01 1.331304839315184552e+01 2.758889888166761728e-01 2.706552435035720094e+01 7.049813011449135435e-28 2.599356139666744130e-28 5.076668950871894625e-29 8.111056617662137924e-01 6.089982744454258404e-29 1.000000000000000000e+00 0.000000000000000000e+00 0.000000000000000000e+00 0.000000000000000000e+00 1.000000000000000000e+00 1.000000000000000000e+10 0.000000000000000000e+00 0.000000000000000000e+00 0.000000000000000000e+00 1.000000000000000000e+10
