# R (Mpc), mean rho (Msol/kpc^3), errup (Msol/kpc^3), errlow, std, median rho (Msol/kpc^3), mean pth (Msol/kpc/s^2), errup(Msol/kpc/s^2), errlow, std, median pth (Msol/kpc/s^2), mean gas-mass-weighted metal (fraction), errup, errlow, std, median metal, mean gas-mass-weighted temp (K), errup, errlow, std, median temp  
#  nprofs 215, mean mh 214482111086.356628, median mh 200704447542.070312 
#  Mass range 11.00 - 11.5
1.040961082911032697e-02 2.180863858807754004e+05 1.215064335604360385e+05 8.726739198427200608e+04 2.668897809210430960e-01 1.936555006152873102e+05 9.918536599616268722e-26 1.096412120165984539e-25 1.537843020026263039e-26 4.708480871826907221e-01 3.411413325684443684e-26 1.000000000000000000e+00 0.000000000000000000e+00 0.000000000000000000e+00 0.000000000000000000e+00 1.000000000000000000e+00 1.000000000000000000e+10 0.000000000000000000e+00 0.000000000000000000e+00 0.000000000000000000e+00 1.000000000000000000e+10
1.200529105910367808e-02 1.674253186306319840e+05 1.260238235723242105e+05 6.335054091813348350e+04 2.972099170644777466e-01 1.387076064772045065e+05 1.009377378947826181e-25 1.601558157643007023e-25 2.534366195344017250e-26 4.982051725975565337e-01 4.352044400204952565e-26 1.000000000000000000e+00 0.000000000000000000e+00 0.000000000000000000e+00 0.000000000000000000e+00 1.000000000000000000e+00 1.000000000000000000e+10 0.000000000000000000e+00 0.000000000000000000e+00 0.000000000000000000e+00 1.000000000000000000e+10
1.384557172980430476e-02 1.291718260126446985e+05 1.003769303661139566e+05 6.303606358938969061e+04 3.028770292206454107e-01 1.107853589010105061e+05 8.682397835139430123e-26 1.097132160663244999e-25 3.220624100737989981e-26 4.427238397969082695e-01 4.914753886580802081e-26 1.000000000000000000e+00 0.000000000000000000e+00 0.000000000000000000e+00 0.000000000000000000e+00 1.000000000000000000e+00 1.000000000000000000e+10 0.000000000000000000e+00 0.000000000000000000e+00 0.000000000000000000e+00 1.000000000000000000e+10
1.596794743096121086e-02 9.334683444682190020e+04 6.669259286469720246e+04 4.819047207662559231e+04 3.131699852970418751e-01 8.382199807238882931e+04 8.565725870964785848e-26 1.055857199797922131e-25 3.926830027425741216e-26 4.269834627981038966e-01 5.863282902079107178e-26 1.000000000000000000e+00 0.000000000000000000e+00 0.000000000000000000e+00 0.000000000000000000e+00 1.000000000000000000e+00 1.000000000000000000e+10 0.000000000000000000e+00 0.000000000000000000e+00 0.000000000000000000e+00 1.000000000000000000e+10
1.841566026551830909e-02 6.437970185734472034e+04 5.090828478039574838e+04 3.011695490519130908e+04 2.964968884831519214e-01 5.606394220317726285e+04 6.734124216768032877e-26 5.752995123877251577e-26 3.473825923007823192e-26 3.619019250270051891e-01 5.516290226408477955e-26 1.000000000000000000e+00 0.000000000000000000e+00 0.000000000000000000e+00 0.000000000000000000e+00 1.000000000000000000e+00 1.000000000000000000e+10 0.000000000000000000e+00 0.000000000000000000e+00 0.000000000000000000e+00 1.000000000000000000e+10
2.123858088093512342e-02 4.329922695205373020e+04 3.107481213411767385e+04 1.975408093276267391e+04 2.917928631714461485e-01 3.777228790588192351e+04 5.300282067218419007e-26 4.638802663151446853e-26 2.194970521044920942e-26 3.306782325033357228e-01 3.959179653910365675e-26 1.000000000000000000e+00 0.000000000000000000e+00 0.000000000000000000e+00 0.000000000000000000e+00 1.000000000000000000e+00 1.000000000000000000e+10 0.000000000000000000e+00 0.000000000000000000e+00 0.000000000000000000e+00 1.000000000000000000e+10
2.449422455303571639e-02 2.936465152852274332e+04 2.428161036973673981e+04 9.898767276958402363e+03 2.767538243476176385e-01 2.399733666178659405e+04 4.585875391251963651e-26 3.576842862176905502e-26 1.877682774527991774e-26 3.098317854720503139e-01 3.633555298660147862e-26 1.000000000000000000e+00 0.000000000000000000e+00 0.000000000000000000e+00 0.000000000000000000e+00 1.000000000000000000e+00 1.000000000000000000e+10 0.000000000000000000e+00 0.000000000000000000e+00 0.000000000000000000e+00 1.000000000000000000e+10
2.824892302447100725e-02 1.973489797300237478e+04 1.534463334532784575e+04 7.506593244971621971e+03 2.650693915661793132e-01 1.671808049339060744e+04 3.851846648498167242e-26 2.971447900030342124e-26 1.360422700314039624e-26 3.068443123053373744e-01 2.913758493485112547e-26 1.000000000000000000e+00 0.000000000000000000e+00 0.000000000000000000e+00 0.000000000000000000e+00 1.000000000000000000e+00 1.000000000000000000e+10 0.000000000000000000e+00 0.000000000000000000e+00 0.000000000000000000e+00 1.000000000000000000e+10
3.257917597328415654e-02 1.339715988611560351e+04 8.495114124492469273e+03 4.174025041124192285e+03 2.400092266543835118e-01 1.103104053998826930e+04 3.164916074206556723e-26 2.097823674198184801e-26 1.155618251750850672e-26 2.655960242111471414e-01 2.568698858082874803e-26 1.000000000000000000e+00 0.000000000000000000e+00 0.000000000000000000e+00 0.000000000000000000e+00 1.000000000000000000e+00 1.000000000000000000e+10 0.000000000000000000e+00 0.000000000000000000e+00 0.000000000000000000e+00 1.000000000000000000e+10
3.757320964692217186e-02 9.577426575919647803e+03 5.262283884887719978e+03 3.295041145772818709e+03 2.279742350279460872e-01 8.270567530429414546e+03 2.623758656052264471e-26 1.687640420631936935e-26 1.136816730751583575e-26 2.600072823102985708e-01 2.305082604777980381e-26 1.000000000000000000e+00 0.000000000000000000e+00 0.000000000000000000e+00 0.000000000000000000e+00 1.000000000000000000e+00 1.000000000000000000e+10 0.000000000000000000e+00 0.000000000000000000e+00 0.000000000000000000e+00 1.000000000000000000e+10
4.333277441790538143e-02 6.783872656653050399e+03 3.800490601739677004e+03 2.080887140777353125e+03 2.132087327549991862e-01 5.733625788805851698e+03 2.075025613738587759e-26 1.243262833626911985e-26 6.404457268857447208e-27 2.376299583221230249e-01 1.699069983845261983e-26 1.000000000000000000e+00 0.000000000000000000e+00 0.000000000000000000e+00 0.000000000000000000e+00 1.000000000000000000e+00 1.000000000000000000e+10 0.000000000000000000e+00 0.000000000000000000e+00 0.000000000000000000e+00 1.000000000000000000e+10
4.997521788524898756e-02 5.097049877136065334e+03 2.379878659269550553e+03 1.635015349596049418e+03 1.912896209609664944e-01 4.546861120648893120e+03 1.693606568226237565e-26 1.037474221934140094e-26 6.022368796417160506e-27 2.295851670055408522e-01 1.430815452763903402e-26 1.000000000000000000e+00 0.000000000000000000e+00 0.000000000000000000e+00 0.000000000000000000e+00 1.000000000000000000e+00 1.000000000000000000e+10 0.000000000000000000e+00 0.000000000000000000e+00 0.000000000000000000e+00 1.000000000000000000e+10
5.763587575980636674e-02 3.853562482708933658e+03 1.692490879825572847e+03 1.107097734339091858e+03 1.705449306386523090e-01 3.527808592527654582e+03 1.331334781773266542e-26 8.471474941419685170e-27 4.348007774349685050e-27 2.211080112842915557e-01 1.148506606077273733e-26 1.000000000000000000e+00 0.000000000000000000e+00 0.000000000000000000e+00 0.000000000000000000e+00 1.000000000000000000e+00 1.000000000000000000e+10 0.000000000000000000e+00 0.000000000000000000e+00 0.000000000000000000e+00 1.000000000000000000e+10
6.647082924635627776e-02 3.010770599899936315e+03 1.383772564715626231e+03 8.703483741195075254e+02 1.669266747180919719e-01 2.746327298532564328e+03 1.036302741646968213e-26 6.155339620479822244e-27 3.211129908410933280e-27 2.151167678943277373e-01 8.759631576196780363e-27 1.000000000000000000e+00 0.000000000000000000e+00 0.000000000000000000e+00 0.000000000000000000e+00 1.000000000000000000e+00 1.000000000000000000e+10 0.000000000000000000e+00 0.000000000000000000e+00 0.000000000000000000e+00 1.000000000000000000e+10
7.666008510240249207e-02 2.347482451988226330e+03 1.035791121783948711e+03 6.536089570755191289e+02 1.623079857088067235e-01 2.164403733886103055e+03 8.065459226109128548e-27 5.026188176890501605e-27 2.651308551972154699e-27 2.203016571455104211e-01 6.796764055504844377e-27 1.000000000000000000e+00 0.000000000000000000e+00 0.000000000000000000e+00 0.000000000000000000e+00 1.000000000000000000e+00 1.000000000000000000e+10 0.000000000000000000e+00 0.000000000000000000e+00 0.000000000000000000e+00 1.000000000000000000e+10
8.841124316543315376e-02 1.770606101619808442e+03 6.631780869806561896e+02 4.491696387845529443e+02 1.513636655494102756e-01 1.626950419296834298e+03 6.170074365743539211e-27 3.818893466309742586e-27 1.907673808137153540e-27 2.309390269472434420e-01 4.985331572859416861e-27 1.000000000000000000e+00 0.000000000000000000e+00 0.000000000000000000e+00 0.000000000000000000e+00 1.000000000000000000e+00 1.000000000000000000e+10 0.000000000000000000e+00 0.000000000000000000e+00 0.000000000000000000e+00 1.000000000000000000e+10
1.019637260722580097e-01 1.389103427933759122e+03 5.701789828867877077e+02 3.541911680384439478e+02 1.522261421315012353e-01 1.284900220363320841e+03 4.777481734350254856e-27 2.700780232560992624e-27 1.545440359567412586e-27 2.470008108520111711e-01 3.835581746008947318e-27 1.000000000000000000e+00 0.000000000000000000e+00 0.000000000000000000e+00 0.000000000000000000e+00 1.000000000000000000e+00 1.000000000000000000e+10 0.000000000000000000e+00 0.000000000000000000e+00 0.000000000000000000e+00 1.000000000000000000e+10
1.175936573483598035e-01 1.073640622938927208e+03 3.639565303636234148e+02 3.143995467225996663e+02 1.524580765099708413e-01 1.015345063563530175e+03 3.551336387307220725e-27 1.700543774712605194e-27 1.249539738999462528e-27 2.608713196366249099e-01 2.833437104541037620e-27 1.000000000000000000e+00 0.000000000000000000e+00 0.000000000000000000e+00 0.000000000000000000e+00 1.000000000000000000e+00 1.000000000000000000e+10 0.000000000000000000e+00 0.000000000000000000e+00 0.000000000000000000e+00 1.000000000000000000e+10
1.356194872553388164e-01 8.476074313768231150e+02 2.984298700017999408e+02 2.217481747922258819e+02 1.588299984109822205e-01 7.720507977845078358e+02 2.700268227113529446e-27 1.375087315480135322e-27 8.212511258756764505e-28 2.815526254398924566e-01 1.952601395532291150e-27 1.000000000000000000e+00 0.000000000000000000e+00 0.000000000000000000e+00 0.000000000000000000e+00 1.000000000000000000e+00 1.000000000000000000e+10 0.000000000000000000e+00 0.000000000000000000e+00 0.000000000000000000e+00 1.000000000000000000e+10
1.564084810196403053e-01 6.747469427131774182e+02 2.934415628200340507e+02 1.785014328082178849e+02 1.718903534946895628e-01 6.024718524310244447e+02 2.061919217811042493e-27 1.443189452901663626e-27 6.048945849649140920e-28 3.113399901930076763e-01 1.384289430909887570e-27 1.000000000000000000e+00 0.000000000000000000e+00 0.000000000000000000e+00 0.000000000000000000e+00 1.000000000000000000e+00 1.000000000000000000e+10 0.000000000000000000e+00 0.000000000000000000e+00 0.000000000000000000e+00 1.000000000000000000e+10
1.803842016362447453e-01 5.223279677955998750e+02 2.070084596296570680e+02 1.692687848999642029e+02 1.870053688536086334e-01 4.715925098549018912e+02 1.559549262106892177e-27 1.166173370136749160e-27 4.582390895608935935e-28 3.468295579321371003e-01 9.372664487789158557e-28 1.000000000000000000e+00 0.000000000000000000e+00 0.000000000000000000e+00 0.000000000000000000e+00 1.000000000000000000e+00 1.000000000000000000e+10 0.000000000000000000e+00 0.000000000000000000e+00 0.000000000000000000e+00 1.000000000000000000e+10
2.080351397048574025e-01 3.890087054895532788e+02 1.803017062922832565e+02 1.168879605292841291e+02 1.797361007330565696e-01 3.486929519512158322e+02 1.209992328572113488e-27 9.689541347071526014e-28 3.222550906551696834e-28 3.788747667830271726e-01 6.493159696913321022e-28 1.000000000000000000e+00 0.000000000000000000e+00 0.000000000000000000e+00 0.000000000000000000e+00 1.000000000000000000e+00 1.000000000000000000e+10 0.000000000000000000e+00 0.000000000000000000e+00 0.000000000000000000e+00 1.000000000000000000e+10
2.399246661262133540e-01 3.016027294004921941e+02 1.731453997167740511e+02 7.617203836709890652e+01 1.960068866701068224e-01 2.513704814297955465e+02 9.584742010466026853e-28 8.747184192011001948e-28 2.235319625958862439e-28 4.166989444892368888e-01 4.368161664349059316e-28 1.000000000000000000e+00 0.000000000000000000e+00 0.000000000000000000e+00 0.000000000000000000e+00 1.000000000000000000e+00 1.000000000000000000e+10 0.000000000000000000e+00 0.000000000000000000e+00 0.000000000000000000e+00 1.000000000000000000e+10
2.767025104385807399e-01 2.431759465984155497e+02 1.396797369640190141e+02 5.815209517719998189e+01 2.129035541390463249e-01 1.930095613314950924e+02 8.002455516112698465e-28 8.154779493028290565e-28 1.732601967950770104e-28 4.563303417957705332e-01 3.202264046955372266e-28 1.000000000000000000e+00 0.000000000000000000e+00 0.000000000000000000e+00 0.000000000000000000e+00 1.000000000000000000e+00 1.000000000000000000e+10 0.000000000000000000e+00 0.000000000000000000e+00 0.000000000000000000e+00 1.000000000000000000e+10
3.191179986585286343e-01 1.940667200929493390e+02 1.172607670071657822e+02 4.328631197193402613e+01 2.224964480018110369e-01 1.489406324789857194e+02 6.927829441714207481e-28 8.082179456365350852e-28 1.300935220008834911e-28 4.980733598860718203e-01 2.291314611760185246e-28 1.000000000000000000e+00 0.000000000000000000e+00 0.000000000000000000e+00 0.000000000000000000e+00 1.000000000000000000e+00 1.000000000000000000e+10 0.000000000000000000e+00 0.000000000000000000e+00 0.000000000000000000e+00 1.000000000000000000e+10
3.680353203388414540e-01 1.603026766636913010e+02 1.055081698485184205e+02 3.755231591147946801e+01 2.407687682646049709e-01 1.170702161628317555e+02 6.445264054987553593e-28 7.011129855949827720e-28 9.034258355091691293e-29 5.467781269006847245e-01 1.607223912333758139e-28 1.000000000000000000e+00 0.000000000000000000e+00 0.000000000000000000e+00 0.000000000000000000e+00 1.000000000000000000e+00 1.000000000000000000e+10 0.000000000000000000e+00 0.000000000000000000e+00 0.000000000000000000e+00 1.000000000000000000e+10
4.244511359005219142e-01 1.375186720250280246e+02 1.106154276649496637e+02 2.763667480462510184e+01 2.671702841607151435e-01 8.998345017105989996e+01 6.510152784520003746e-28 6.156974259210300986e-28 6.846017170484028453e-29 6.058193681218621007e-01 1.136878580068806538e-28 1.000000000000000000e+00 0.000000000000000000e+00 0.000000000000000000e+00 0.000000000000000000e+00 1.000000000000000000e+00 1.000000000000000000e+10 0.000000000000000000e+00 0.000000000000000000e+00 0.000000000000000000e+00 1.000000000000000000e+10
4.895148829774688681e-01 1.174498698804988095e+02 1.005760978539548915e+02 2.219147818374831616e+01 2.917502457700128504e-01 7.065491515196534067e+01 6.513363848391607385e-28 4.829711710471202847e-28 5.211386920792282149e-29 6.721699831585880025e-01 8.369632417678097106e-29 1.000000000000000000e+00 0.000000000000000000e+00 0.000000000000000000e+00 0.000000000000000000e+00 1.000000000000000000e+00 1.000000000000000000e+10 0.000000000000000000e+00 0.000000000000000000e+00 0.000000000000000000e+00 1.000000000000000000e+10
5.645521955031491679e-01 9.626434012426585696e+01 9.831980013273671659e+01 2.222174717536565680e+01 3.085182867200789159e-01 5.859560836900742231e+01 6.050688114334077100e-28 5.884303395332985520e-28 4.728493679134072802e-29 7.299366737304990860e-01 6.817414557949527677e-29 1.000000000000000000e+00 0.000000000000000000e+00 0.000000000000000000e+00 0.000000000000000000e+00 1.000000000000000000e+00 1.000000000000000000e+10 0.000000000000000000e+00 0.000000000000000000e+00 0.000000000000000000e+00 1.000000000000000000e+10
6.510919126887823039e-01 8.423834174646664508e+01 9.252699310801335741e+01 1.950683457917410379e+01 3.318972158133864370e-01 4.856537385727284573e+01 6.300356496765057790e-28 5.042543824926768690e-28 3.753295695854371308e-29 7.863072502746289993e-01 5.347079101147423732e-29 1.000000000000000000e+00 0.000000000000000000e+00 0.000000000000000000e+00 0.000000000000000000e+00 1.000000000000000000e+00 1.000000000000000000e+10 0.000000000000000000e+00 0.000000000000000000e+00 0.000000000000000000e+00 1.000000000000000000e+10
7.508972281844089602e-01 7.278278211061329728e+01 6.610929043438953556e+01 2.059969638687425331e+01 3.340525157048312987e-01 4.569566287959395368e+01 6.694205080004729619e-28 5.328754491413846948e-28 3.713525420654765533e-29 8.257455706044398713e-01 4.936207044192024843e-29 1.000000000000000000e+00 0.000000000000000000e+00 0.000000000000000000e+00 0.000000000000000000e+00 1.000000000000000000e+00 1.000000000000000000e+10 0.000000000000000000e+00 0.000000000000000000e+00 0.000000000000000000e+00 1.000000000000000000e+10
8.660016140678794550e-01 6.124762670888387817e+01 6.013244599490402464e+01 1.530767876208573242e+01 3.250111546865425693e-01 3.799474644165986348e+01 6.253768020529636920e-28 4.599794252809678810e-28 3.758233440861370801e-29 8.393768726940895597e-01 4.693798500371796831e-29 1.000000000000000000e+00 0.000000000000000000e+00 0.000000000000000000e+00 0.000000000000000000e+00 1.000000000000000000e+00 1.000000000000000000e+10 0.000000000000000000e+00 0.000000000000000000e+00 0.000000000000000000e+00 1.000000000000000000e+10
9.987502515910116063e-01 5.367298686690531895e+01 5.823867695767032160e+01 1.450616889643636398e+01 3.173582282597364745e-01 3.462674098156455216e+01 6.503828545595581046e-28 3.427189211549150946e-28 3.627177148870379572e-29 8.463301885054137497e-01 4.390658415403180422e-29 1.000000000000000000e+00 0.000000000000000000e+00 0.000000000000000000e+00 0.000000000000000000e+00 1.000000000000000000e+00 1.000000000000000000e+10 0.000000000000000000e+00 0.000000000000000000e+00 0.000000000000000000e+00 1.000000000000000000e+10
1.151847812808953542e+00 4.937298262128197024e+01 4.369114039436501429e+01 1.598462677545479949e+01 3.152803632513954124e-01 3.363934087859839650e+01 7.995348322914260273e-28 3.698766419365204970e-28 2.878926734255006121e-29 8.448460598216103179e-01 3.566061815452905861e-29 1.000000000000000000e+00 0.000000000000000000e+00 0.000000000000000000e+00 0.000000000000000000e+00 1.000000000000000000e+00 1.000000000000000000e+10 0.000000000000000000e+00 0.000000000000000000e+00 0.000000000000000000e+00 1.000000000000000000e+10
1.328413566614123908e+00 4.586013147869697804e+01 3.577919193592772729e+01 1.510819976830384803e+01 3.016722873008551575e-01 3.226850009782050677e+01 9.496543023884965089e-28 2.515150170446936610e-28 3.370034456504949020e-29 8.241983355260126265e-01 4.061916040582781643e-29 1.000000000000000000e+00 0.000000000000000000e+00 0.000000000000000000e+00 0.000000000000000000e+00 1.000000000000000000e+00 1.000000000000000000e+10 0.000000000000000000e+00 0.000000000000000000e+00 0.000000000000000000e+00 1.000000000000000000e+10
1.532044931926391351e+00 4.118821135963288071e+01 2.829311812539879512e+01 1.486681985475885526e+01 2.895012183786949134e-01 3.020255404259103571e+01 1.011592354315381461e-27 2.581196500702701648e-28 4.234883681657850612e-29 8.203799343178038717e-01 4.845481558620383052e-29 1.000000000000000000e+00 0.000000000000000000e+00 0.000000000000000000e+00 0.000000000000000000e+00 1.000000000000000000e+00 1.000000000000000000e+10 0.000000000000000000e+00 0.000000000000000000e+00 0.000000000000000000e+00 1.000000000000000000e+10
1.766890772896739126e+00 3.839525370204022181e+01 2.582388402335578093e+01 1.453317297709766898e+01 2.854458457543304073e-01 2.939994754884428119e+01 1.004925499786703732e-27 2.102530019611649971e-28 4.023327948045807231e-29 8.157383697837777836e-01 4.661293268586326051e-29 1.000000000000000000e+00 0.000000000000000000e+00 0.000000000000000000e+00 0.000000000000000000e+00 1.000000000000000000e+00 1.000000000000000000e+10 0.000000000000000000e+00 0.000000000000000000e+00 0.000000000000000000e+00 1.000000000000000000e+10
2.037735929469222107e+00 3.442366315755072748e+01 2.379426077293174302e+01 1.104326290294046053e+01 2.721719319778652113e-01 2.547794430843186575e+01 7.475733897696692682e-28 1.720296967250033176e-28 3.989717983836032272e-29 7.957754095248056325e-01 4.640252467451907374e-29 1.000000000000000000e+00 0.000000000000000000e+00 0.000000000000000000e+00 0.000000000000000000e+00 1.000000000000000000e+00 1.000000000000000000e+10 0.000000000000000000e+00 0.000000000000000000e+00 0.000000000000000000e+00 1.000000000000000000e+10
2.350098705559579226e+00 3.051703064139014998e+01 2.033943322083089811e+01 1.042301774552046822e+01 2.524138586134910267e-01 2.419263811600156089e+01 4.762783094883784568e-28 1.681637208308051239e-28 3.135952662941022875e-29 7.637909409673711014e-01 3.862375901511718239e-29 1.000000000000000000e+00 0.000000000000000000e+00 0.000000000000000000e+00 0.000000000000000000e+00 1.000000000000000000e+00 1.000000000000000000e+10 0.000000000000000000e+00 0.000000000000000000e+00 0.000000000000000000e+00 1.000000000000000000e+10
