# R (Mpc), mean rho (Msol/kpc^3), errup (Msol/kpc^3), errlow, std, median rho (Msol/kpc^3), mean pth (Msol/kpc/s^2), errup(Msol/kpc/s^2), errlow, std, median pth (Msol/kpc/s^2), mean gas-mass-weighted metal (fraction), errup, errlow, std, median metal, mean gas-mass-weighted temp (K), errup, errlow, std, median temp  
#  nprofs 198, mean mh 212120190096.712433, median mh 202378045782.533447 
#  Mass range 11.00 - 11.5
1.040961082911032697e-02 2.193431528726892429e+05 1.381318576443291968e+05 8.889411737393683870e+04 2.559219804710065049e-01 1.932641804903252632e+05 9.529769221229348765e-26 1.241580780691717426e-25 1.613582144171830969e-26 4.830941962177468518e-01 3.304061309209461324e-26 1.000000000000000000e+00 0.000000000000000000e+00 0.000000000000000000e+00 0.000000000000000000e+00 1.000000000000000000e+00 1.000000000000000000e+10 0.000000000000000000e+00 0.000000000000000000e+00 0.000000000000000000e+00 1.000000000000000000e+10
1.200529105910367808e-02 1.744369840475120291e+05 1.155396754339875770e+05 6.851651151105857571e+04 2.592653148446112943e-01 1.591798238875964307e+05 9.649042890099510268e-26 1.589517315259695625e-25 2.054901475129378935e-26 4.745625205902637145e-01 3.866592740199520592e-26 1.000000000000000000e+00 0.000000000000000000e+00 0.000000000000000000e+00 0.000000000000000000e+00 1.000000000000000000e+00 1.000000000000000000e+10 0.000000000000000000e+00 0.000000000000000000e+00 0.000000000000000000e+00 1.000000000000000000e+10
1.384557172980430476e-02 1.361879362883830909e+05 7.965265233908139635e+04 6.309621379397457349e+04 2.638367148233172199e-01 1.257894870903347328e+05 8.931857586383268127e-26 1.215232473721986635e-25 2.544554376527857254e-26 4.549690672058198104e-01 4.371516556050712084e-26 1.000000000000000000e+00 0.000000000000000000e+00 0.000000000000000000e+00 0.000000000000000000e+00 1.000000000000000000e+00 1.000000000000000000e+10 0.000000000000000000e+00 0.000000000000000000e+00 0.000000000000000000e+00 1.000000000000000000e+10
1.596794743096121086e-02 9.793610280008809059e+04 7.059265925505760242e+04 4.011588327401955758e+04 2.759068060102624620e-01 8.671396913512708852e+04 7.204917679787653666e-26 8.266651524713708708e-26 3.028298858789881455e-26 3.999134436183523489e-01 4.740933082395822493e-26 1.000000000000000000e+00 0.000000000000000000e+00 0.000000000000000000e+00 0.000000000000000000e+00 1.000000000000000000e+00 1.000000000000000000e+10 0.000000000000000000e+00 0.000000000000000000e+00 0.000000000000000000e+00 1.000000000000000000e+10
1.841566026551830909e-02 7.034885080140776699e+04 5.564408996260588901e+04 3.061573150321862340e+04 3.057794174451325397e-01 5.825871680916944024e+04 6.004045834021218394e-26 5.391719949628955203e-26 2.727787054434735139e-26 3.755507396591828417e-01 4.451241726414003617e-26 1.000000000000000000e+00 0.000000000000000000e+00 0.000000000000000000e+00 0.000000000000000000e+00 1.000000000000000000e+00 1.000000000000000000e+10 0.000000000000000000e+00 0.000000000000000000e+00 0.000000000000000000e+00 1.000000000000000000e+10
2.123858088093512342e-02 4.909165089711582550e+04 3.489468241110368399e+04 2.239329031742089137e+04 2.779934041175476933e-01 4.241087082014553016e+04 4.928587740563455215e-26 3.785072151792691906e-26 1.816591965556399676e-26 3.093765554931914852e-01 3.714318388350841473e-26 1.000000000000000000e+00 0.000000000000000000e+00 0.000000000000000000e+00 0.000000000000000000e+00 1.000000000000000000e+00 1.000000000000000000e+10 0.000000000000000000e+00 0.000000000000000000e+00 0.000000000000000000e+00 1.000000000000000000e+10
2.449422455303571639e-02 3.241327074065184570e+04 2.393777167024426672e+04 1.413828975380058000e+04 2.828777114098757206e-01 2.780980535083073846e+04 4.149142750312327677e-26 3.057089532114160518e-26 1.539329866096681132e-26 2.998109454996674694e-01 3.264851718389669811e-26 1.000000000000000000e+00 0.000000000000000000e+00 0.000000000000000000e+00 0.000000000000000000e+00 1.000000000000000000e+00 1.000000000000000000e+10 0.000000000000000000e+00 0.000000000000000000e+00 0.000000000000000000e+00 1.000000000000000000e+10
2.824892302447100725e-02 2.142978665789671504e+04 1.461747060722544484e+04 7.009498448799738981e+03 2.606845315831703425e-01 1.730265675836237278e+04 3.292151789914223766e-26 2.045308861710777195e-26 1.355042638945957353e-26 2.561968625966580815e-01 2.865494011793027732e-26 1.000000000000000000e+00 0.000000000000000000e+00 0.000000000000000000e+00 0.000000000000000000e+00 1.000000000000000000e+00 1.000000000000000000e+10 0.000000000000000000e+00 0.000000000000000000e+00 0.000000000000000000e+00 1.000000000000000000e+10
3.257917597328415654e-02 1.394711760846990546e+04 8.617372420180623521e+03 4.612273076613355443e+03 2.521773756148660839e-01 1.163848336581850708e+04 2.645057679213823336e-26 1.430318256765397766e-26 1.089492946815760064e-26 2.383082437919784302e-01 2.405539978987413496e-26 1.000000000000000000e+00 0.000000000000000000e+00 0.000000000000000000e+00 0.000000000000000000e+00 1.000000000000000000e+00 1.000000000000000000e+10 0.000000000000000000e+00 0.000000000000000000e+00 0.000000000000000000e+00 1.000000000000000000e+10
3.757320964692217186e-02 9.071236963667197415e+03 5.861181126492960175e+03 2.946273338403522757e+03 2.227635347838453350e-01 7.674345958818272265e+03 2.228646315509908096e-26 1.410817180179479407e-26 8.492497926534977671e-27 2.360324432600182931e-01 1.964747473499671539e-26 1.000000000000000000e+00 0.000000000000000000e+00 0.000000000000000000e+00 0.000000000000000000e+00 1.000000000000000000e+00 1.000000000000000000e+10 0.000000000000000000e+00 0.000000000000000000e+00 0.000000000000000000e+00 1.000000000000000000e+10
4.333277441790538143e-02 6.343323829477894833e+03 3.817198838005542711e+03 1.913387595050874552e+03 2.127421688159613633e-01 5.365435438398493716e+03 1.800520646246450068e-26 1.065215081617959887e-26 5.697275271444040733e-27 2.194312825668401634e-01 1.538231382749924393e-26 1.000000000000000000e+00 0.000000000000000000e+00 0.000000000000000000e+00 0.000000000000000000e+00 1.000000000000000000e+00 1.000000000000000000e+10 0.000000000000000000e+00 0.000000000000000000e+00 0.000000000000000000e+00 1.000000000000000000e+10
4.997521788524898756e-02 4.635871549986102764e+03 2.464493241131283867e+03 1.467634298694221798e+03 2.014432651405176911e-01 4.136672436542125070e+03 1.434535995678949150e-26 8.506183349043269324e-27 4.767602108501065705e-27 2.170770490901288430e-01 1.263553958160666745e-26 1.000000000000000000e+00 0.000000000000000000e+00 0.000000000000000000e+00 0.000000000000000000e+00 1.000000000000000000e+00 1.000000000000000000e+10 0.000000000000000000e+00 0.000000000000000000e+00 0.000000000000000000e+00 1.000000000000000000e+10
5.763587575980636674e-02 3.560383406451421251e+03 2.002799857552382491e+03 1.174898352389694992e+03 1.938749326833828224e-01 3.244780707122077729e+03 1.169388230361427169e-26 7.583862747917158590e-27 3.692792822961410649e-27 2.264905112780496721e-01 9.826063523616851259e-27 1.000000000000000000e+00 0.000000000000000000e+00 0.000000000000000000e+00 0.000000000000000000e+00 1.000000000000000000e+00 1.000000000000000000e+10 0.000000000000000000e+00 0.000000000000000000e+00 0.000000000000000000e+00 1.000000000000000000e+10
6.647082924635627776e-02 2.804021059188778963e+03 1.429275200529325502e+03 8.824524285169882205e+02 1.861344826112821260e-01 2.566940432418557066e+03 9.367604318395788720e-27 5.988000571953571016e-27 2.887786664644902669e-27 2.232889303225377986e-01 7.995263712132634181e-27 1.000000000000000000e+00 0.000000000000000000e+00 0.000000000000000000e+00 0.000000000000000000e+00 1.000000000000000000e+00 1.000000000000000000e+10 0.000000000000000000e+00 0.000000000000000000e+00 0.000000000000000000e+00 1.000000000000000000e+10
7.666008510240249207e-02 2.150297725898914450e+03 1.061054181419914585e+03 6.016038585155179135e+02 1.739013413114933460e-01 1.946460670031123300e+03 7.086817368992930220e-27 4.530737646612187338e-27 2.444669385938978067e-27 2.292621449256868338e-01 5.884926167102098378e-27 1.000000000000000000e+00 0.000000000000000000e+00 0.000000000000000000e+00 0.000000000000000000e+00 1.000000000000000000e+00 1.000000000000000000e+10 0.000000000000000000e+00 0.000000000000000000e+00 0.000000000000000000e+00 1.000000000000000000e+10
8.841124316543315376e-02 1.730057857866474251e+03 7.208685696685140556e+02 4.700182418466358740e+02 1.736452895586814427e-01 1.580575149460641796e+03 5.484428100464010132e-27 3.618180215507731745e-27 1.910970043112344029e-27 2.313184107591547689e-01 4.638474535267543039e-27 1.000000000000000000e+00 0.000000000000000000e+00 0.000000000000000000e+00 0.000000000000000000e+00 1.000000000000000000e+00 1.000000000000000000e+10 0.000000000000000000e+00 0.000000000000000000e+00 0.000000000000000000e+00 1.000000000000000000e+10
1.019637260722580097e-01 1.296964188589407740e+03 6.075311103510678095e+02 3.201951074860228346e+02 1.673161867609790354e-01 1.154655567972175504e+03 4.141465261557688808e-27 3.045976503700257307e-27 1.336456465189134137e-27 2.483947720068180598e-01 3.343487117024094899e-27 1.000000000000000000e+00 0.000000000000000000e+00 0.000000000000000000e+00 0.000000000000000000e+00 1.000000000000000000e+00 1.000000000000000000e+10 0.000000000000000000e+00 0.000000000000000000e+00 0.000000000000000000e+00 1.000000000000000000e+10
1.175936573483598035e-01 1.022222014708248594e+03 4.210838995347803575e+02 2.780247589110175568e+02 1.642684235194614428e-01 9.499024540906827951e+02 3.135590806324537916e-27 2.376548582836213989e-27 9.689379905999029602e-28 2.608368339674297931e-01 2.460748894147875537e-27 1.000000000000000000e+00 0.000000000000000000e+00 0.000000000000000000e+00 0.000000000000000000e+00 1.000000000000000000e+00 1.000000000000000000e+10 0.000000000000000000e+00 0.000000000000000000e+00 0.000000000000000000e+00 1.000000000000000000e+10
1.356194872553388164e-01 7.704251065076890654e+02 3.121124453560934171e+02 1.677611468152100542e+02 1.565216277000434086e-01 7.017515819207151253e+02 2.310139905949532580e-27 2.019705641412719999e-27 6.286464573290276666e-28 2.741685182554493005e-01 1.664418681460711828e-27 1.000000000000000000e+00 0.000000000000000000e+00 0.000000000000000000e+00 0.000000000000000000e+00 1.000000000000000000e+00 1.000000000000000000e+10 0.000000000000000000e+00 0.000000000000000000e+00 0.000000000000000000e+00 1.000000000000000000e+10
1.564084810196403053e-01 5.936662623784719699e+02 2.595855596742354692e+02 1.286914073186488281e+02 1.516657200092610958e-01 5.291600426926386262e+02 1.725500057201003034e-27 1.278804613079062394e-27 5.149062965190959357e-28 2.948385978506750660e-01 1.238323756445502291e-27 1.000000000000000000e+00 0.000000000000000000e+00 0.000000000000000000e+00 0.000000000000000000e+00 1.000000000000000000e+00 1.000000000000000000e+10 0.000000000000000000e+00 0.000000000000000000e+00 0.000000000000000000e+00 1.000000000000000000e+10
1.803842016362447453e-01 4.494891449941702604e+02 1.833910537255676445e+02 1.017584108156319189e+02 1.569591238538549094e-01 4.055588229662079129e+02 1.298238017640662380e-27 8.284581655581423914e-28 3.631484227926926805e-28 3.244748493061791472e-01 8.356052216332965849e-28 1.000000000000000000e+00 0.000000000000000000e+00 0.000000000000000000e+00 0.000000000000000000e+00 1.000000000000000000e+00 1.000000000000000000e+10 0.000000000000000000e+00 0.000000000000000000e+00 0.000000000000000000e+00 1.000000000000000000e+10
2.080351397048574025e-01 3.515490663952518844e+02 1.498855883750404132e+02 8.333428557894814048e+01 1.720540595268917894e-01 3.098648222311137488e+02 1.011726930450869424e-27 6.979330981769886660e-28 2.665307084203059750e-28 3.625590120887018375e-01 5.736707712892525473e-28 1.000000000000000000e+00 0.000000000000000000e+00 0.000000000000000000e+00 0.000000000000000000e+00 1.000000000000000000e+00 1.000000000000000000e+10 0.000000000000000000e+00 0.000000000000000000e+00 0.000000000000000000e+00 1.000000000000000000e+10
2.399246661262133540e-01 2.729945830044053423e+02 1.345283102375563544e+02 6.805773937832972820e+01 1.831865484587991422e-01 2.317172596274585317e+02 8.161123065563705260e-28 5.867809551528343706e-28 2.139200311737032959e-28 4.013789650689322808e-01 4.197195575652717742e-28 1.000000000000000000e+00 0.000000000000000000e+00 0.000000000000000000e+00 0.000000000000000000e+00 1.000000000000000000e+00 1.000000000000000000e+10 0.000000000000000000e+00 0.000000000000000000e+00 0.000000000000000000e+00 1.000000000000000000e+10
2.767025104385807399e-01 2.156271911438943505e+02 9.793237687651867418e+01 5.779558334466229041e+01 1.944822780008435836e-01 1.828784613368500800e+02 6.642607928161727724e-28 5.826533016464548134e-28 1.641904475174938613e-28 4.366485986877635672e-01 2.967572385768119183e-28 1.000000000000000000e+00 0.000000000000000000e+00 0.000000000000000000e+00 0.000000000000000000e+00 1.000000000000000000e+00 1.000000000000000000e+10 0.000000000000000000e+00 0.000000000000000000e+00 0.000000000000000000e+00 1.000000000000000000e+10
3.191179986585286343e-01 1.745564132254468461e+02 1.063508604266596933e+02 4.425386513449841175e+01 2.178503224508987202e-01 1.400326193940743735e+02 5.811482599783170387e-28 5.842154467319953352e-28 1.283133813303481317e-28 4.878054785956174033e-01 2.163685153684728836e-28 1.000000000000000000e+00 0.000000000000000000e+00 0.000000000000000000e+00 0.000000000000000000e+00 1.000000000000000000e+00 1.000000000000000000e+10 0.000000000000000000e+00 0.000000000000000000e+00 0.000000000000000000e+00 1.000000000000000000e+10
3.680353203388414540e-01 1.394657676975816400e+02 7.628901825641037249e+01 3.433484826300805537e+01 2.277912914067806993e-01 1.077872001589918796e+02 5.321973357228275246e-28 4.945946446611592121e-28 9.817399921317763195e-29 5.366258728300754566e-01 1.608448944790105833e-28 1.000000000000000000e+00 0.000000000000000000e+00 0.000000000000000000e+00 0.000000000000000000e+00 1.000000000000000000e+00 1.000000000000000000e+10 0.000000000000000000e+00 0.000000000000000000e+00 0.000000000000000000e+00 1.000000000000000000e+10
4.244511359005219142e-01 1.192029901608282927e+02 7.175340983479148349e+01 2.843971547508650843e+01 2.528866766771368235e-01 8.555620337917122242e+01 5.545619080778835334e-28 4.755205504946517614e-28 6.866691653355858835e-29 5.999629811523643497e-01 1.107997063974415314e-28 1.000000000000000000e+00 0.000000000000000000e+00 0.000000000000000000e+00 0.000000000000000000e+00 1.000000000000000000e+00 1.000000000000000000e+10 0.000000000000000000e+00 0.000000000000000000e+00 0.000000000000000000e+00 1.000000000000000000e+10
4.895148829774688681e-01 9.975408738733702307e+01 6.981479734211872312e+01 2.705965795071681157e+01 2.739653816441737222e-01 7.015238365743512361e+01 5.438969573675075935e-28 4.496476601096122952e-28 5.711511539192538413e-29 6.602933055402223639e-01 8.637489623496928137e-29 1.000000000000000000e+00 0.000000000000000000e+00 0.000000000000000000e+00 0.000000000000000000e+00 1.000000000000000000e+00 1.000000000000000000e+10 0.000000000000000000e+00 0.000000000000000000e+00 0.000000000000000000e+00 1.000000000000000000e+10
5.645521955031491679e-01 8.936966786608738289e+01 7.066111040385339948e+01 2.065251711744762275e+01 3.031188874930935695e-01 5.595970251811135654e+01 5.194443291055068185e-28 4.353947213751767779e-28 4.654719196371515723e-29 7.167398145246507424e-01 6.815919203593198937e-29 1.000000000000000000e+00 0.000000000000000000e+00 0.000000000000000000e+00 0.000000000000000000e+00 1.000000000000000000e+00 1.000000000000000000e+10 0.000000000000000000e+00 0.000000000000000000e+00 0.000000000000000000e+00 1.000000000000000000e+10
6.510919126887823039e-01 7.120107180768310684e+01 5.902151114787466213e+01 1.695646408236300928e+01 3.030345278853843194e-01 4.566595493515377768e+01 4.602157357392326222e-28 3.501428955039932866e-28 4.176252549046729338e-29 7.572132975569508817e-01 5.739237228488449900e-29 1.000000000000000000e+00 0.000000000000000000e+00 0.000000000000000000e+00 0.000000000000000000e+00 1.000000000000000000e+00 1.000000000000000000e+10 0.000000000000000000e+00 0.000000000000000000e+00 0.000000000000000000e+00 1.000000000000000000e+10
7.508972281844089602e-01 6.184575004480380755e+01 5.373126683633905287e+01 1.467022728164567980e+01 3.071374588996332311e-01 3.934331966209222031e+01 4.582006477215837356e-28 3.921831711617363296e-28 3.857899018441083643e-29 8.026976131340995968e-01 5.080155577034975631e-29 1.000000000000000000e+00 0.000000000000000000e+00 0.000000000000000000e+00 0.000000000000000000e+00 1.000000000000000000e+00 1.000000000000000000e+10 0.000000000000000000e+00 0.000000000000000000e+00 0.000000000000000000e+00 1.000000000000000000e+10
8.660016140678794550e-01 5.697062947618323392e+01 5.621417504424981360e+01 1.472584392474422899e+01 3.248235687398084992e-01 3.576247680265822737e+01 4.421511749452004278e-28 5.712277397037335246e-28 4.027868720546336029e-29 8.531818368550270204e-01 4.970895619126800255e-29 1.000000000000000000e+00 0.000000000000000000e+00 0.000000000000000000e+00 0.000000000000000000e+00 1.000000000000000000e+00 1.000000000000000000e+10 0.000000000000000000e+00 0.000000000000000000e+00 0.000000000000000000e+00 1.000000000000000000e+10
9.987502515910116063e-01 5.132979519557734704e+01 5.688580124906242474e+01 1.582676363174479306e+01 3.281761928135061845e-01 3.334924799465794365e+01 4.557334538466728991e-28 5.344954672091895508e-28 3.882502488806748902e-29 8.960636891903041024e-01 4.624409045027759863e-29 1.000000000000000000e+00 0.000000000000000000e+00 0.000000000000000000e+00 0.000000000000000000e+00 1.000000000000000000e+00 1.000000000000000000e+10 0.000000000000000000e+00 0.000000000000000000e+00 0.000000000000000000e+00 1.000000000000000000e+10
1.151847812808953542e+00 4.638499606089847305e+01 4.974249005760553644e+01 1.452267525642811208e+01 3.251731913987673250e-01 3.095495300578619435e+01 4.528001594107942221e-28 4.906942405472725083e-28 3.158393764558605230e-29 8.952316937933050278e-01 3.827486736400987866e-29 1.000000000000000000e+00 0.000000000000000000e+00 0.000000000000000000e+00 0.000000000000000000e+00 1.000000000000000000e+00 1.000000000000000000e+10 0.000000000000000000e+00 0.000000000000000000e+00 0.000000000000000000e+00 1.000000000000000000e+10
1.328413566614123908e+00 4.135858891130398973e+01 3.261203143159077911e+01 1.543694051241117116e+01 3.060470001587877187e-01 3.095177441555764375e+01 4.834196305623083671e-28 4.691428425436294226e-28 4.084942675181431055e-29 8.666869861518431417e-01 4.762678481782313694e-29 1.000000000000000000e+00 0.000000000000000000e+00 0.000000000000000000e+00 0.000000000000000000e+00 1.000000000000000000e+00 1.000000000000000000e+10 0.000000000000000000e+00 0.000000000000000000e+00 0.000000000000000000e+00 1.000000000000000000e+10
1.532044931926391351e+00 4.022032660277015026e+01 3.602979637202869156e+01 1.398519423723467447e+01 3.099293058419173574e-01 2.872244105090937438e+01 6.736463858736577292e-28 4.379516070373054599e-28 3.894513035315502924e-29 8.714691913326579886e-01 4.591263142951311368e-29 1.000000000000000000e+00 0.000000000000000000e+00 0.000000000000000000e+00 0.000000000000000000e+00 1.000000000000000000e+00 1.000000000000000000e+10 0.000000000000000000e+00 0.000000000000000000e+00 0.000000000000000000e+00 1.000000000000000000e+10
1.766890772896739126e+00 3.810598557969203881e+01 2.963694969326152062e+01 1.232966051176648570e+01 3.015697472634533693e-01 2.649290420212257402e+01 1.108620910194290992e-27 3.551945808843679671e-28 4.151574900054697638e-29 8.617635937411028957e-01 4.869681842575040286e-29 1.000000000000000000e+00 0.000000000000000000e+00 0.000000000000000000e+00 0.000000000000000000e+00 1.000000000000000000e+00 1.000000000000000000e+10 0.000000000000000000e+00 0.000000000000000000e+00 0.000000000000000000e+00 1.000000000000000000e+10
2.037735929469222107e+00 3.757760871324875041e+01 2.827429864387416103e+01 1.282875642287605267e+01 3.059268115090656437e-01 2.638063372200438295e+01 1.448177559836687188e-27 2.952363669915510485e-28 5.670524093928636379e-29 8.653786602224711189e-01 6.430621074993476263e-29 1.000000000000000000e+00 0.000000000000000000e+00 0.000000000000000000e+00 0.000000000000000000e+00 1.000000000000000000e+00 1.000000000000000000e+10 0.000000000000000000e+00 0.000000000000000000e+00 0.000000000000000000e+00 1.000000000000000000e+10
2.350098705559579226e+00 3.279425058578055285e+01 2.235806958951782519e+01 1.181238327697205470e+01 2.864621134690222282e-01 2.505123864014325363e+01 9.335156145215855047e-28 2.652001709456072793e-28 5.389062749291829230e-29 8.571958149549628869e-01 6.186087282709720548e-29 1.000000000000000000e+00 0.000000000000000000e+00 0.000000000000000000e+00 0.000000000000000000e+00 1.000000000000000000e+00 1.000000000000000000e+10 0.000000000000000000e+00 0.000000000000000000e+00 0.000000000000000000e+00 1.000000000000000000e+10
