# R (Mpc), mean rho (Msol/kpc^3), errup (Msol/kpc^3), errlow, std, median rho (Msol/kpc^3), mean pth (Msol/kpc/s^2), errup(Msol/kpc/s^2), errlow, std, median pth (Msol/kpc/s^2), mean gas-mass-weighted metal (fraction), errup, errlow, std, median metal, mean gas-mass-weighted temp (K), errup, errlow, std, median temp  
#  nprofs 193, mean mh 210698307434.275818, median mh 201486542903.085571 
#  Mass range 11.00 - 11.5
1.040961082911032697e-02 1.724360584011796163e+05 1.181658808074422413e+05 7.291133249760046601e+04 2.427343170557755558e-01 1.543168187717455439e+05 1.219508715451563674e-25 1.927674318432637849e-25 1.342106962744035877e-26 5.521552405601644065e-01 2.873370948215792142e-26 1.000000000000000000e+00 0.000000000000000000e+00 0.000000000000000000e+00 0.000000000000000000e+00 1.000000000000000000e+00 1.000000000000000000e+10 0.000000000000000000e+00 0.000000000000000000e+00 0.000000000000000000e+00 1.000000000000000000e+10
1.200529105910367808e-02 1.318127613456336549e+05 8.977332564643312071e+04 4.435745594275719486e+04 2.353709770607873841e-01 1.126558555077007186e+05 8.411532346879433203e-26 1.166953169937747891e-25 2.096562801695076955e-26 4.761756019086967884e-01 3.531110173251432494e-26 1.000000000000000000e+00 0.000000000000000000e+00 0.000000000000000000e+00 0.000000000000000000e+00 1.000000000000000000e+00 1.000000000000000000e+10 0.000000000000000000e+00 0.000000000000000000e+00 0.000000000000000000e+00 1.000000000000000000e+10
1.384557172980430476e-02 9.871395137585591874e+04 7.365347941150666156e+04 3.249625295143583207e+04 2.488394001189779270e-01 8.196254045293126546e+04 7.585214022318978451e-26 1.023619755554969131e-25 2.256934755452164016e-26 4.463611767277027575e-01 3.703191342320355522e-26 1.000000000000000000e+00 0.000000000000000000e+00 0.000000000000000000e+00 0.000000000000000000e+00 1.000000000000000000e+00 1.000000000000000000e+10 0.000000000000000000e+00 0.000000000000000000e+00 0.000000000000000000e+00 1.000000000000000000e+10
1.596794743096121086e-02 7.495888374361477327e+04 5.626999601538548450e+04 2.972930126178044156e+04 2.714474111496393283e-01 6.370148843978223886e+04 7.181767594371350205e-26 7.180011237912436323e-26 2.627974625824897883e-26 4.179488186995849452e-01 4.137862255018940149e-26 1.000000000000000000e+00 0.000000000000000000e+00 0.000000000000000000e+00 0.000000000000000000e+00 1.000000000000000000e+00 1.000000000000000000e+10 0.000000000000000000e+00 0.000000000000000000e+00 0.000000000000000000e+00 1.000000000000000000e+10
1.841566026551830909e-02 5.460523800786003267e+04 4.407920796532002714e+04 2.284975592861553014e+04 2.828155092625525557e-01 4.660961937885946099e+04 5.865543736762591190e-26 5.636021159483351106e-26 2.704515065628503206e-26 4.069538169042766218e-01 4.096955162947407439e-26 1.000000000000000000e+00 0.000000000000000000e+00 0.000000000000000000e+00 0.000000000000000000e+00 1.000000000000000000e+00 1.000000000000000000e+10 0.000000000000000000e+00 0.000000000000000000e+00 0.000000000000000000e+00 1.000000000000000000e+10
2.123858088093512342e-02 3.786658414510596776e+04 2.830330802945553296e+04 1.733591238896316645e+04 3.112556181823527002e-01 3.270318578896058170e+04 4.411962724918518935e-26 4.593201508386064373e-26 1.611986467092596547e-26 3.541946394353135408e-01 2.986060075754808031e-26 1.000000000000000000e+00 0.000000000000000000e+00 0.000000000000000000e+00 0.000000000000000000e+00 1.000000000000000000e+00 1.000000000000000000e+10 0.000000000000000000e+00 0.000000000000000000e+00 0.000000000000000000e+00 1.000000000000000000e+10
2.449422455303571639e-02 2.608069418577522083e+04 1.903097062200548680e+04 9.839832124694246886e+03 2.780189179120794996e-01 2.166901462141574302e+04 3.909436422303984506e-26 2.788416768954310561e-26 1.822448914569235555e-26 3.231804484121301724e-01 3.172742057713624752e-26 1.000000000000000000e+00 0.000000000000000000e+00 0.000000000000000000e+00 0.000000000000000000e+00 1.000000000000000000e+00 1.000000000000000000e+10 0.000000000000000000e+00 0.000000000000000000e+00 0.000000000000000000e+00 1.000000000000000000e+10
2.824892302447100725e-02 1.770578488531143012e+04 1.280935197004496149e+04 7.689792982029391169e+03 2.766737358999141194e-01 1.535831261973630171e+04 3.123873166659691773e-26 2.820726469117858169e-26 1.148607468345418468e-26 2.919557380715401829e-01 2.382123735088069967e-26 1.000000000000000000e+00 0.000000000000000000e+00 0.000000000000000000e+00 0.000000000000000000e+00 1.000000000000000000e+00 1.000000000000000000e+10 0.000000000000000000e+00 0.000000000000000000e+00 0.000000000000000000e+00 1.000000000000000000e+10
3.257917597328415654e-02 1.225110856527148462e+04 7.891906238800123901e+03 5.556957287540934885e+03 2.715056876785357232e-01 1.072478393739159765e+04 2.621596830524516612e-26 2.118108429235084266e-26 9.291783429719708360e-27 2.749094661948918716e-01 2.166369794779068425e-26 1.000000000000000000e+00 0.000000000000000000e+00 0.000000000000000000e+00 0.000000000000000000e+00 1.000000000000000000e+00 1.000000000000000000e+10 0.000000000000000000e+00 0.000000000000000000e+00 0.000000000000000000e+00 1.000000000000000000e+10
3.757320964692217186e-02 8.356030888589226379e+03 5.368947969944601027e+03 3.225014769433390029e+03 2.357316765087869304e-01 7.373622829742766953e+03 2.097433954253701088e-26 1.524754625386119239e-26 6.534534714261867002e-27 2.446816548311746276e-01 1.748478584759255972e-26 1.000000000000000000e+00 0.000000000000000000e+00 0.000000000000000000e+00 0.000000000000000000e+00 1.000000000000000000e+00 1.000000000000000000e+10 0.000000000000000000e+00 0.000000000000000000e+00 0.000000000000000000e+00 1.000000000000000000e+10
4.333277441790538143e-02 5.857885984408939294e+03 3.001647042184868042e+03 2.254479783625724394e+03 2.198041460511813427e-01 5.397026387456666271e+03 1.742789145148007325e-26 1.030640006113620067e-26 5.807303980031456082e-27 2.260511458920986816e-01 1.507959088913108437e-26 1.000000000000000000e+00 0.000000000000000000e+00 0.000000000000000000e+00 0.000000000000000000e+00 1.000000000000000000e+00 1.000000000000000000e+10 0.000000000000000000e+00 0.000000000000000000e+00 0.000000000000000000e+00 1.000000000000000000e+10
4.997521788524898756e-02 4.206330111489432056e+03 1.955993245453996224e+03 1.386171540813922093e+03 1.895861739298394522e-01 3.770974481762722917e+03 1.396609317589154133e-26 8.133333456209410794e-27 4.580940151526042791e-27 2.140259375962280941e-01 1.202422690081215442e-26 1.000000000000000000e+00 0.000000000000000000e+00 0.000000000000000000e+00 0.000000000000000000e+00 1.000000000000000000e+00 1.000000000000000000e+10 0.000000000000000000e+00 0.000000000000000000e+00 0.000000000000000000e+00 1.000000000000000000e+10
5.763587575980636674e-02 3.254562668791942997e+03 1.633844581809980809e+03 1.055531384746523145e+03 1.916506646237006728e-01 2.982975867334356735e+03 1.145092838897057992e-26 8.735460081496588683e-27 3.554308233664542935e-27 2.307153985790250383e-01 9.623583584628426812e-27 1.000000000000000000e+00 0.000000000000000000e+00 0.000000000000000000e+00 0.000000000000000000e+00 1.000000000000000000e+00 1.000000000000000000e+10 0.000000000000000000e+00 0.000000000000000000e+00 0.000000000000000000e+00 1.000000000000000000e+10
6.647082924635627776e-02 2.579906127821011523e+03 1.434711850212876925e+03 7.648755349104073957e+02 1.817258304282383941e-01 2.290775789669647111e+03 9.129216845610880661e-27 6.618490239697813883e-27 2.806497256824943506e-27 2.248644784521422746e-01 7.795160893731482167e-27 1.000000000000000000e+00 0.000000000000000000e+00 0.000000000000000000e+00 0.000000000000000000e+00 1.000000000000000000e+00 1.000000000000000000e+10 0.000000000000000000e+00 0.000000000000000000e+00 0.000000000000000000e+00 1.000000000000000000e+10
7.666008510240249207e-02 2.051810867516747294e+03 1.109360488999644758e+03 6.311039266789603062e+02 1.849793424188562463e-01 1.851459847325106921e+03 7.120969801270834494e-27 4.793910462402283359e-27 2.456393897136016798e-27 2.392428754391910106e-01 6.034464352795717260e-27 1.000000000000000000e+00 0.000000000000000000e+00 0.000000000000000000e+00 0.000000000000000000e+00 1.000000000000000000e+00 1.000000000000000000e+10 0.000000000000000000e+00 0.000000000000000000e+00 0.000000000000000000e+00 1.000000000000000000e+10
8.841124316543315376e-02 1.608624219366456600e+03 9.109980096861256698e+02 4.420825718131274016e+02 1.719690877509250926e-01 1.424587028806359513e+03 5.515357186086158691e-27 3.865550148216555110e-27 1.824842134235260120e-27 2.475795996324120507e-01 4.362926903666071922e-27 1.000000000000000000e+00 0.000000000000000000e+00 0.000000000000000000e+00 0.000000000000000000e+00 1.000000000000000000e+00 1.000000000000000000e+10 0.000000000000000000e+00 0.000000000000000000e+00 0.000000000000000000e+00 1.000000000000000000e+10
1.019637260722580097e-01 1.234550163798008953e+03 5.370807901624134502e+02 3.369705149764700991e+02 1.688198803514613378e-01 1.112525649787337898e+03 4.165991387171780938e-27 2.868355311705164315e-27 1.448928227937063808e-27 2.627776094093940418e-01 3.309849986073284447e-27 1.000000000000000000e+00 0.000000000000000000e+00 0.000000000000000000e+00 0.000000000000000000e+00 1.000000000000000000e+00 1.000000000000000000e+10 0.000000000000000000e+00 0.000000000000000000e+00 0.000000000000000000e+00 1.000000000000000000e+10
1.175936573483598035e-01 9.605439947861680139e+02 4.321154056963877110e+02 2.622277984890719154e+02 1.668241682285436234e-01 8.558159812897328038e+02 3.105507911324177340e-27 2.408737651427960325e-27 1.090841291550049231e-27 2.745728350299978526e-01 2.389613810171057209e-27 1.000000000000000000e+00 0.000000000000000000e+00 0.000000000000000000e+00 0.000000000000000000e+00 1.000000000000000000e+00 1.000000000000000000e+10 0.000000000000000000e+00 0.000000000000000000e+00 0.000000000000000000e+00 1.000000000000000000e+10
1.356194872553388164e-01 7.532724360300748003e+02 3.091632009533293513e+02 1.930983370957382590e+02 1.639786459963707699e-01 6.834970436520670773e+02 2.308918487815728032e-27 1.825696169851419840e-27 7.578157955603455347e-28 2.880089821760946078e-01 1.694078394748906579e-27 1.000000000000000000e+00 0.000000000000000000e+00 0.000000000000000000e+00 0.000000000000000000e+00 1.000000000000000000e+00 1.000000000000000000e+10 0.000000000000000000e+00 0.000000000000000000e+00 0.000000000000000000e+00 1.000000000000000000e+10
1.564084810196403053e-01 5.842018301758859025e+02 3.132162835871780544e+02 1.433823039646809434e+02 1.617145338790181852e-01 5.193608159665801622e+02 1.690805770451026492e-27 1.310433499079991670e-27 5.022833895591281671e-28 2.983451295718771989e-01 1.200355947043445672e-27 1.000000000000000000e+00 0.000000000000000000e+00 0.000000000000000000e+00 0.000000000000000000e+00 1.000000000000000000e+00 1.000000000000000000e+10 0.000000000000000000e+00 0.000000000000000000e+00 0.000000000000000000e+00 1.000000000000000000e+10
1.803842016362447453e-01 4.507560072431026583e+02 2.266017992454958971e+02 1.000606083328402747e+02 1.666739777639880682e-01 3.964550074247765110e+02 1.278573576941663206e-27 1.027689736260602606e-27 3.893504412882402032e-28 3.274392674927011360e-01 8.378382036437268503e-28 1.000000000000000000e+00 0.000000000000000000e+00 0.000000000000000000e+00 0.000000000000000000e+00 1.000000000000000000e+00 1.000000000000000000e+10 0.000000000000000000e+00 0.000000000000000000e+00 0.000000000000000000e+00 1.000000000000000000e+10
2.080351397048574025e-01 3.521126242798713406e+02 1.528514679075678941e+02 1.065217081067198706e+02 1.744239539802806827e-01 3.231717349359537934e+02 9.908902200546915876e-28 8.410137184855992209e-28 2.980359309431277705e-28 3.588185952760231112e-01 6.107733931302389971e-28 1.000000000000000000e+00 0.000000000000000000e+00 0.000000000000000000e+00 0.000000000000000000e+00 1.000000000000000000e+00 1.000000000000000000e+10 0.000000000000000000e+00 0.000000000000000000e+00 0.000000000000000000e+00 1.000000000000000000e+10
2.399246661262133540e-01 2.739076020034333965e+02 1.419157474083692705e+02 7.991735495695311897e+01 1.810446423211766187e-01 2.433631332075335649e+02 7.779988967271067504e-28 6.185783747598483278e-28 2.151954168142787070e-28 3.907975890180930278e-01 4.160630219897459470e-28 1.000000000000000000e+00 0.000000000000000000e+00 0.000000000000000000e+00 0.000000000000000000e+00 1.000000000000000000e+00 1.000000000000000000e+10 0.000000000000000000e+00 0.000000000000000000e+00 0.000000000000000000e+00 1.000000000000000000e+10
2.767025104385807399e-01 2.136223829382067834e+02 1.060874766334603407e+02 5.674502442040835604e+01 1.887234256145985667e-01 1.845883122545778576e+02 6.463873095929903075e-28 5.330609149850503369e-28 1.449515942483743556e-28 4.269299242835343233e-01 2.883759783458094929e-28 1.000000000000000000e+00 0.000000000000000000e+00 0.000000000000000000e+00 0.000000000000000000e+00 1.000000000000000000e+00 1.000000000000000000e+10 0.000000000000000000e+00 0.000000000000000000e+00 0.000000000000000000e+00 1.000000000000000000e+10
3.191179986585286343e-01 1.751400854930606954e+02 9.614852689396954588e+01 4.923063649785837015e+01 2.084425992665851213e-01 1.435189874194677770e+02 5.793818477108244921e-28 4.815497329157415795e-28 1.134941120497668671e-28 4.723241862745328201e-01 2.122610001314781804e-28 1.000000000000000000e+00 0.000000000000000000e+00 0.000000000000000000e+00 0.000000000000000000e+00 1.000000000000000000e+00 1.000000000000000000e+10 0.000000000000000000e+00 0.000000000000000000e+00 0.000000000000000000e+00 1.000000000000000000e+10
3.680353203388414540e-01 1.458695299079131757e+02 8.410847542196020754e+01 3.377125168584251469e+01 2.263789615805233690e-01 1.114364840103517338e+02 5.424831778168231897e-28 3.805581427439459435e-28 8.813068667328547126e-29 5.131301428360572903e-01 1.582706290121163843e-28 1.000000000000000000e+00 0.000000000000000000e+00 0.000000000000000000e+00 0.000000000000000000e+00 1.000000000000000000e+00 1.000000000000000000e+10 0.000000000000000000e+00 0.000000000000000000e+00 0.000000000000000000e+00 1.000000000000000000e+10
4.244511359005219142e-01 1.216190706799409185e+02 6.267189668805087877e+01 2.934646624751319877e+01 2.438930988754162699e-01 8.999183695968304164e+01 5.456393942504968802e-28 3.451059904358181159e-28 6.860800939411206408e-29 5.622247072653959732e-01 1.170521308474674735e-28 1.000000000000000000e+00 0.000000000000000000e+00 0.000000000000000000e+00 0.000000000000000000e+00 1.000000000000000000e+00 1.000000000000000000e+10 0.000000000000000000e+00 0.000000000000000000e+00 0.000000000000000000e+00 1.000000000000000000e+10
4.895148829774688681e-01 1.004690979193674991e+02 5.709786320497693168e+01 2.240930757438497523e+01 2.579790566066090252e-01 7.013614915981446529e+01 4.934084361618408580e-28 3.097892018604028570e-28 5.418367672535274699e-29 6.044670645964106415e-01 8.748115789195221777e-29 1.000000000000000000e+00 0.000000000000000000e+00 0.000000000000000000e+00 0.000000000000000000e+00 1.000000000000000000e+00 1.000000000000000000e+10 0.000000000000000000e+00 0.000000000000000000e+00 0.000000000000000000e+00 1.000000000000000000e+10
5.645521955031491679e-01 8.639805882441883966e+01 5.909253551380051306e+01 1.993201351661769394e+01 2.817668011974629461e-01 5.638446983921900824e+01 4.602504365860388980e-28 2.996277525138703475e-28 4.130776466763601350e-29 6.547491896797585920e-01 6.539767694379990195e-29 1.000000000000000000e+00 0.000000000000000000e+00 0.000000000000000000e+00 0.000000000000000000e+00 1.000000000000000000e+00 1.000000000000000000e+10 0.000000000000000000e+00 0.000000000000000000e+00 0.000000000000000000e+00 1.000000000000000000e+10
6.510919126887823039e-01 7.010555474845409663e+01 4.570296066540590374e+01 1.661403620457364738e+01 2.908226594663068099e-01 4.559120221965219599e+01 4.150414911112820733e-28 3.259209685507241583e-28 3.609485989450296270e-29 7.099123875235621162e-01 5.340853055178428561e-29 1.000000000000000000e+00 0.000000000000000000e+00 0.000000000000000000e+00 0.000000000000000000e+00 1.000000000000000000e+00 1.000000000000000000e+10 0.000000000000000000e+00 0.000000000000000000e+00 0.000000000000000000e+00 1.000000000000000000e+10
7.508972281844089602e-01 6.162205023852796160e+01 5.609771829155957334e+01 1.606984372071415379e+01 3.013621977176543787e-01 4.033713595803837393e+01 3.985438118889440992e-28 3.731580157043169012e-28 3.684506654641846512e-29 7.630334166780315952e-01 4.907803433284264769e-29 1.000000000000000000e+00 0.000000000000000000e+00 0.000000000000000000e+00 0.000000000000000000e+00 1.000000000000000000e+00 1.000000000000000000e+10 0.000000000000000000e+00 0.000000000000000000e+00 0.000000000000000000e+00 1.000000000000000000e+10
8.660016140678794550e-01 5.605878832164838599e+01 5.423189406394610046e+01 1.506278470734142516e+01 3.206386247736025541e-01 3.635452701881764881e+01 3.815991849887773711e-28 5.001789177981365989e-28 3.723373014836829899e-29 8.231754061331072458e-01 4.625230249457928150e-29 1.000000000000000000e+00 0.000000000000000000e+00 0.000000000000000000e+00 0.000000000000000000e+00 1.000000000000000000e+00 1.000000000000000000e+10 0.000000000000000000e+00 0.000000000000000000e+00 0.000000000000000000e+00 1.000000000000000000e+10
9.987502515910116063e-01 4.930458400041763412e+01 4.580403233073673164e+01 1.413074496513535649e+01 3.191940945817486885e-01 3.195171988319986056e+01 3.582675697621122130e-28 3.598421095099557332e-28 3.412400212483578325e-29 8.538385944243767067e-01 4.132668904812258160e-29 1.000000000000000000e+00 0.000000000000000000e+00 0.000000000000000000e+00 0.000000000000000000e+00 1.000000000000000000e+00 1.000000000000000000e+10 0.000000000000000000e+00 0.000000000000000000e+00 0.000000000000000000e+00 1.000000000000000000e+10
1.151847812808953542e+00 4.535439607154211927e+01 4.935333203169747662e+01 1.561997810482161597e+01 3.190244362885194529e-01 3.187186801270996384e+01 3.652491567052664975e-28 3.946809460501715453e-28 2.860701451667431769e-29 8.586945661071697655e-01 3.543674529640366832e-29 1.000000000000000000e+00 0.000000000000000000e+00 0.000000000000000000e+00 0.000000000000000000e+00 1.000000000000000000e+00 1.000000000000000000e+10 0.000000000000000000e+00 0.000000000000000000e+00 0.000000000000000000e+00 1.000000000000000000e+10
1.328413566614123908e+00 4.169634256655714211e+01 3.287713551429712311e+01 1.501454299663777547e+01 3.063118376693603762e-01 3.101441170009092829e+01 4.162013711059777798e-28 3.799306224758887996e-28 3.815875795592652867e-29 8.436265674308904838e-01 4.570096743980374674e-29 1.000000000000000000e+00 0.000000000000000000e+00 0.000000000000000000e+00 0.000000000000000000e+00 1.000000000000000000e+00 1.000000000000000000e+10 0.000000000000000000e+00 0.000000000000000000e+00 0.000000000000000000e+00 1.000000000000000000e+10
1.532044931926391351e+00 4.079281603724849958e+01 3.630355153898484843e+01 1.331641431940504106e+01 3.093202492957563554e-01 2.857941382177009260e+01 6.398292068136698961e-28 4.735033654156738622e-28 3.602332741114644315e-29 8.581495566710861667e-01 4.304640214061801339e-29 1.000000000000000000e+00 0.000000000000000000e+00 0.000000000000000000e+00 0.000000000000000000e+00 1.000000000000000000e+00 1.000000000000000000e+10 0.000000000000000000e+00 0.000000000000000000e+00 0.000000000000000000e+00 1.000000000000000000e+10
1.766890772896739126e+00 3.882072030566043708e+01 3.030044871654014216e+01 1.313988443044975618e+01 3.016969401483023949e-01 2.744930019308458569e+01 1.006680454159744624e-27 3.485387034812436539e-28 4.558010910155925451e-29 8.527042030637926873e-01 5.270690384304866435e-29 1.000000000000000000e+00 0.000000000000000000e+00 0.000000000000000000e+00 0.000000000000000000e+00 1.000000000000000000e+00 1.000000000000000000e+10 0.000000000000000000e+00 0.000000000000000000e+00 0.000000000000000000e+00 1.000000000000000000e+10
2.037735929469222107e+00 3.775007828105491825e+01 2.836598648696497449e+01 1.374445659582051960e+01 3.006561936701619975e-01 2.739741037902036780e+01 1.231286368058498408e-27 3.175348231178838957e-28 5.952537070623853871e-29 8.620587416772284017e-01 6.604011323064483577e-29 1.000000000000000000e+00 0.000000000000000000e+00 0.000000000000000000e+00 0.000000000000000000e+00 1.000000000000000000e+00 1.000000000000000000e+10 0.000000000000000000e+00 0.000000000000000000e+00 0.000000000000000000e+00 1.000000000000000000e+10
2.350098705559579226e+00 3.242593010721374469e+01 2.238842545029849518e+01 1.279402961080481305e+01 2.809053073348408147e-01 2.586993234178866530e+01 6.498548474940423818e-28 2.579556091117537186e-28 5.830970098693233019e-29 8.591128588661843812e-01 6.485185683028267448e-29 1.000000000000000000e+00 0.000000000000000000e+00 0.000000000000000000e+00 0.000000000000000000e+00 1.000000000000000000e+00 1.000000000000000000e+10 0.000000000000000000e+00 0.000000000000000000e+00 0.000000000000000000e+00 1.000000000000000000e+10
