# R (Mpc), mean rho (Msol/kpc^3), errup (Msol/kpc^3), errlow, std, median rho (Msol/kpc^3), mean pth (Msol/kpc/s^2), errup(Msol/kpc/s^2), errlow, std, median pth (Msol/kpc/s^2), mean gas-mass-weighted metal (fraction), errup, errlow, std, median metal, mean gas-mass-weighted temp (K), errup, errlow, std, median temp  
#  nprofs 183, mean mh 546598514936.229004, median mh 493535653007.597107 
#  Mass range 11.50 - 12.0
1.040961082911032697e-02 4.645655114936584141e+05 2.209422463887239574e+05 1.998618944786524225e+05 2.162173702125965435e-01 4.430127504498288035e+05 2.282713705966788431e-25 3.630969882652517800e-25 5.407523779419209467e-26 4.685245557621328660e-01 9.682111033087942025e-26 1.000000000000000000e+00 0.000000000000000000e+00 0.000000000000000000e+00 0.000000000000000000e+00 1.000000000000000000e+00 1.000000000000000000e+10 0.000000000000000000e+00 0.000000000000000000e+00 0.000000000000000000e+00 1.000000000000000000e+10
1.200529105910367808e-02 3.623132301598565537e+05 1.625570991574629443e+05 1.656670081874617317e+05 2.348303220218007081e-01 3.490034161883335910e+05 2.760339490024052933e-25 4.262324950467528809e-25 8.283404625813514854e-26 4.853643253607003438e-01 1.314062082617653639e-25 1.000000000000000000e+00 0.000000000000000000e+00 0.000000000000000000e+00 0.000000000000000000e+00 1.000000000000000000e+00 1.000000000000000000e+10 0.000000000000000000e+00 0.000000000000000000e+00 0.000000000000000000e+00 1.000000000000000000e+10
1.384557172980430476e-02 2.731660551479900023e+05 1.525447137109871546e+05 1.160071912127633404e+05 2.403190106421487504e-01 2.608825078573345381e+05 2.838100215233102925e-25 3.433948771530475244e-25 1.253474630969382432e-25 4.720892502691064752e-01 1.713023595079389463e-25 1.000000000000000000e+00 0.000000000000000000e+00 0.000000000000000000e+00 0.000000000000000000e+00 1.000000000000000000e+00 1.000000000000000000e+10 0.000000000000000000e+00 0.000000000000000000e+00 0.000000000000000000e+00 1.000000000000000000e+10
1.596794743096121086e-02 1.997713016991554177e+05 1.087997736797055113e+05 1.024830385795658658e+05 2.643951816923960085e-01 1.946424705282850191e+05 2.322709714997817163e-25 1.881998720475471032e-25 8.348511923850176479e-26 3.958344245843805620e-01 1.423844725203946695e-25 1.000000000000000000e+00 0.000000000000000000e+00 0.000000000000000000e+00 0.000000000000000000e+00 1.000000000000000000e+00 1.000000000000000000e+10 0.000000000000000000e+00 0.000000000000000000e+00 0.000000000000000000e+00 1.000000000000000000e+10
1.841566026551830909e-02 1.390123339657804754e+05 8.216539362866742886e+04 6.667704286359339312e+04 2.676343434876970462e-01 1.296129243975744175e+05 2.289229825963617562e-25 2.376305302285131258e-25 9.320816024484406098e-26 3.823593953473171658e-01 1.592160632495833583e-25 1.000000000000000000e+00 0.000000000000000000e+00 0.000000000000000000e+00 0.000000000000000000e+00 1.000000000000000000e+00 1.000000000000000000e+10 0.000000000000000000e+00 0.000000000000000000e+00 0.000000000000000000e+00 1.000000000000000000e+10
2.123858088093512342e-02 9.413439222635312763e+04 6.918605116436381650e+04 3.879613328558099602e+04 2.682298143715247662e-01 8.117160104026475165e+04 2.041420663043156766e-25 1.423294706697418545e-25 7.959602057430352375e-26 3.378478720495703969e-01 1.567043376568722964e-25 1.000000000000000000e+00 0.000000000000000000e+00 0.000000000000000000e+00 0.000000000000000000e+00 1.000000000000000000e+00 1.000000000000000000e+10 0.000000000000000000e+00 0.000000000000000000e+00 0.000000000000000000e+00 1.000000000000000000e+10
2.449422455303571639e-02 6.177522425005515834e+04 5.521010740877568605e+04 2.500762597179674776e+04 2.785937260872694554e-01 5.066886313652015815e+04 1.812263200163490759e-25 1.187228153556909485e-25 7.467292024703955834e-26 3.243958168721913782e-01 1.462398510080350935e-25 1.000000000000000000e+00 0.000000000000000000e+00 0.000000000000000000e+00 0.000000000000000000e+00 1.000000000000000000e+00 1.000000000000000000e+10 0.000000000000000000e+00 0.000000000000000000e+00 0.000000000000000000e+00 1.000000000000000000e+10
2.824892302447100725e-02 4.000636366000618727e+04 3.358215440646944626e+04 1.423847441946085746e+04 2.603941957906880100e-01 3.194034214787792371e+04 1.453027162839931387e-25 1.026899755827701802e-25 6.454643881862569953e-26 3.104878534106803589e-01 1.197654461339641862e-25 1.000000000000000000e+00 0.000000000000000000e+00 0.000000000000000000e+00 0.000000000000000000e+00 1.000000000000000000e+00 1.000000000000000000e+10 0.000000000000000000e+00 0.000000000000000000e+00 0.000000000000000000e+00 1.000000000000000000e+10
3.257917597328415654e-02 2.745067033902278854e+04 2.252865497111662262e+04 8.032743883631641438e+03 2.604454367120792591e-01 2.091724204364085017e+04 1.226938259134883731e-25 8.018523129272230792e-26 4.856507890912879391e-26 2.916475068434815632e-01 9.938398142676672932e-26 1.000000000000000000e+00 0.000000000000000000e+00 0.000000000000000000e+00 0.000000000000000000e+00 1.000000000000000000e+00 1.000000000000000000e+10 0.000000000000000000e+00 0.000000000000000000e+00 0.000000000000000000e+00 1.000000000000000000e+10
3.757320964692217186e-02 1.795802122886934376e+04 1.188320360226596131e+04 5.691060882267689522e+03 2.255203750127620088e-01 1.493882058989677353e+04 1.001851209006070044e-25 5.535780819931938392e-26 4.041235926570545891e-26 2.821027159448977195e-01 8.269437199729596751e-26 1.000000000000000000e+00 0.000000000000000000e+00 0.000000000000000000e+00 0.000000000000000000e+00 1.000000000000000000e+00 1.000000000000000000e+10 0.000000000000000000e+00 0.000000000000000000e+00 0.000000000000000000e+00 1.000000000000000000e+10
4.333277441790538143e-02 1.284382000016659549e+04 7.433678100084147445e+03 3.961870696849973683e+03 2.013353852485606499e-01 1.129163817783438571e+04 8.189561654981463435e-26 5.416944595153409969e-26 2.826102521251529193e-26 2.700248428016411295e-01 6.585930761632194921e-26 1.000000000000000000e+00 0.000000000000000000e+00 0.000000000000000000e+00 0.000000000000000000e+00 1.000000000000000000e+00 1.000000000000000000e+10 0.000000000000000000e+00 0.000000000000000000e+00 0.000000000000000000e+00 1.000000000000000000e+10
4.997521788524898756e-02 9.682993489453450820e+03 4.628766145773874086e+03 2.711178278239572137e+03 1.858389212024311454e-01 8.697218465786707384e+03 6.738962993667944526e-26 4.102347333011014889e-26 2.680718789102363115e-26 2.672510112471387367e-01 5.595372710342810355e-26 1.000000000000000000e+00 0.000000000000000000e+00 0.000000000000000000e+00 0.000000000000000000e+00 1.000000000000000000e+00 1.000000000000000000e+10 0.000000000000000000e+00 0.000000000000000000e+00 0.000000000000000000e+00 1.000000000000000000e+10
5.763587575980636674e-02 7.668080458816607461e+03 3.476545715533644398e+03 1.808855128158101252e+03 1.844599874095064485e-01 6.609393788738580042e+03 5.445043157191041939e-26 3.476158003855551039e-26 1.970987918261178789e-26 2.685153011052696659e-01 4.300743728592453552e-26 1.000000000000000000e+00 0.000000000000000000e+00 0.000000000000000000e+00 0.000000000000000000e+00 1.000000000000000000e+00 1.000000000000000000e+10 0.000000000000000000e+00 0.000000000000000000e+00 0.000000000000000000e+00 1.000000000000000000e+10
6.647082924635627776e-02 6.001565289718510940e+03 2.459113122799215489e+03 1.633805399218316779e+03 1.672746180880315958e-01 5.521604870502009362e+03 4.295049413509997460e-26 2.936953890584835061e-26 1.765646258212251658e-26 2.677132782969169900e-01 3.544796719312099143e-26 1.000000000000000000e+00 0.000000000000000000e+00 0.000000000000000000e+00 0.000000000000000000e+00 1.000000000000000000e+00 1.000000000000000000e+10 0.000000000000000000e+00 0.000000000000000000e+00 0.000000000000000000e+00 1.000000000000000000e+10
7.666008510240249207e-02 4.811608830326473253e+03 2.214588420923918420e+03 1.171219285155976195e+03 1.729609277262143807e-01 4.316814327588021115e+03 3.293739645465914315e-26 2.435491378183256848e-26 1.259783856998710718e-26 2.711726986479878754e-01 2.606829327203453142e-26 1.000000000000000000e+00 0.000000000000000000e+00 0.000000000000000000e+00 0.000000000000000000e+00 1.000000000000000000e+00 1.000000000000000000e+10 0.000000000000000000e+00 0.000000000000000000e+00 0.000000000000000000e+00 1.000000000000000000e+10
8.841124316543315376e-02 3.792111106375354666e+03 1.744348997848481758e+03 9.788525076857954446e+02 1.738588880118326629e-01 3.353153196221111557e+03 2.445729651534121297e-26 1.757527793562223682e-26 9.994025768568924692e-27 2.735770682689408484e-01 2.002220708054744107e-26 1.000000000000000000e+00 0.000000000000000000e+00 0.000000000000000000e+00 0.000000000000000000e+00 1.000000000000000000e+00 1.000000000000000000e+10 0.000000000000000000e+00 0.000000000000000000e+00 0.000000000000000000e+00 1.000000000000000000e+10
1.019637260722580097e-01 2.941717727382421799e+03 1.509202570592727625e+03 8.630064498680030738e+02 1.764762292250605380e-01 2.634556600341691137e+03 1.809989742050977213e-26 1.404541434376075678e-26 7.902309590922234062e-27 2.825003790962856143e-01 1.491281091757039057e-26 1.000000000000000000e+00 0.000000000000000000e+00 0.000000000000000000e+00 0.000000000000000000e+00 1.000000000000000000e+00 1.000000000000000000e+10 0.000000000000000000e+00 0.000000000000000000e+00 0.000000000000000000e+00 1.000000000000000000e+10
1.175936573483598035e-01 2.240499663377781872e+03 1.034610524327692474e+03 7.058040038481590273e+02 1.813494455649133086e-01 2.048675450035282211e+03 1.318270285135533742e-26 1.170528544078984641e-26 5.470421584678614905e-27 2.989890214693185500e-01 1.029811780420014054e-26 1.000000000000000000e+00 0.000000000000000000e+00 0.000000000000000000e+00 0.000000000000000000e+00 1.000000000000000000e+00 1.000000000000000000e+10 0.000000000000000000e+00 0.000000000000000000e+00 0.000000000000000000e+00 1.000000000000000000e+10
1.356194872553388164e-01 1.722029571960853900e+03 7.590348372200785434e+02 6.007331154770311059e+02 1.805685676314751353e-01 1.621146693791785083e+03 9.480198125924073234e-27 8.672780451052002284e-27 4.621194095697716311e-27 3.119497634669410324e-01 7.924012320268515526e-27 1.000000000000000000e+00 0.000000000000000000e+00 0.000000000000000000e+00 0.000000000000000000e+00 1.000000000000000000e+00 1.000000000000000000e+10 0.000000000000000000e+00 0.000000000000000000e+00 0.000000000000000000e+00 1.000000000000000000e+10
1.564084810196403053e-01 1.274844298383855630e+03 5.784618831993604999e+02 4.317582843050015526e+02 1.818915225766429833e-01 1.196602318445638275e+03 6.582618750065111710e-27 5.901979416491866109e-27 3.101581485490004525e-27 3.258132709208265698e-01 5.236305422456890903e-27 1.000000000000000000e+00 0.000000000000000000e+00 0.000000000000000000e+00 0.000000000000000000e+00 1.000000000000000000e+00 1.000000000000000000e+10 0.000000000000000000e+00 0.000000000000000000e+00 0.000000000000000000e+00 1.000000000000000000e+10
1.803842016362447453e-01 9.326200355286761123e+02 4.783366618571050140e+02 3.125732167228848084e+02 1.799461503111864646e-01 8.638381117964221403e+02 4.576326277734671392e-27 3.796485971948345683e-27 1.877682829340498617e-27 3.382807450467040788e-01 3.312050024689579685e-27 1.000000000000000000e+00 0.000000000000000000e+00 0.000000000000000000e+00 0.000000000000000000e+00 1.000000000000000000e+00 1.000000000000000000e+10 0.000000000000000000e+00 0.000000000000000000e+00 0.000000000000000000e+00 1.000000000000000000e+10
2.080351397048574025e-01 6.764234732872948825e+02 3.137432400790656857e+02 2.195979216408445609e+02 1.758674697946772114e-01 6.211242196201862953e+02 3.200708787739141176e-27 2.681964961564866866e-27 1.219580177910288258e-27 3.536055032151930733e-01 2.184368786041512413e-27 1.000000000000000000e+00 0.000000000000000000e+00 0.000000000000000000e+00 0.000000000000000000e+00 1.000000000000000000e+00 1.000000000000000000e+10 0.000000000000000000e+00 0.000000000000000000e+00 0.000000000000000000e+00 1.000000000000000000e+10
2.399246661262133540e-01 4.998116591168389959e+02 2.346814100066452511e+02 1.570256897099735056e+02 1.804594692728004879e-01 4.502826118270438656e+02 2.260699483030071816e-27 1.644001822069878195e-27 8.811856320060989610e-28 3.716796456024180073e-01 1.501930947491886441e-27 1.000000000000000000e+00 0.000000000000000000e+00 0.000000000000000000e+00 0.000000000000000000e+00 1.000000000000000000e+00 1.000000000000000000e+10 0.000000000000000000e+00 0.000000000000000000e+00 0.000000000000000000e+00 1.000000000000000000e+10
2.767025104385807399e-01 3.711980277879227970e+02 2.097220538004323771e+02 1.093198567723717645e+02 1.946037533737191016e-01 3.246130633054244754e+02 1.664070797008130613e-27 1.230996736755722141e-27 6.182717425848377565e-28 4.027002179218377442e-01 9.760998063421801020e-28 1.000000000000000000e+00 0.000000000000000000e+00 0.000000000000000000e+00 0.000000000000000000e+00 1.000000000000000000e+00 1.000000000000000000e+10 0.000000000000000000e+00 0.000000000000000000e+00 0.000000000000000000e+00 1.000000000000000000e+10
3.191179986585286343e-01 2.676153278007179210e+02 1.459747634455224556e+02 8.194272962754970990e+01 1.990021056324414173e-01 2.295065008326075713e+02 1.243321269541128675e-27 1.025158507274093432e-27 3.781588130545802034e-28 4.340482856257177890e-01 6.028182982976716517e-28 1.000000000000000000e+00 0.000000000000000000e+00 0.000000000000000000e+00 0.000000000000000000e+00 1.000000000000000000e+00 1.000000000000000000e+10 0.000000000000000000e+00 0.000000000000000000e+00 0.000000000000000000e+00 1.000000000000000000e+10
3.680353203388414540e-01 1.966786277403343490e+02 1.084987759796752584e+02 5.562484909938770272e+01 2.022663070732690360e-01 1.650016315740336950e+02 9.848509560735131490e-28 8.454153422070920634e-28 2.376166745602948032e-28 4.674258193073094203e-01 3.830682855905860345e-28 1.000000000000000000e+00 0.000000000000000000e+00 0.000000000000000000e+00 0.000000000000000000e+00 1.000000000000000000e+00 1.000000000000000000e+10 0.000000000000000000e+00 0.000000000000000000e+00 0.000000000000000000e+00 1.000000000000000000e+10
4.244511359005219142e-01 1.566967691306488462e+02 8.303517588120884341e+01 4.327559467111812808e+01 2.261634662622170611e-01 1.245781814511374392e+02 8.209439156984784523e-28 6.172735454237285067e-28 1.695361769079289572e-28 5.045721184287433880e-01 2.717283505793425392e-28 1.000000000000000000e+00 0.000000000000000000e+00 0.000000000000000000e+00 0.000000000000000000e+00 1.000000000000000000e+00 1.000000000000000000e+10 0.000000000000000000e+00 0.000000000000000000e+00 0.000000000000000000e+00 1.000000000000000000e+10
4.895148829774688681e-01 1.188726541098264704e+02 6.318334987944457737e+01 3.486108808947894744e+01 2.303409757594819252e-01 9.511906199932293760e+01 6.895455966400552544e-28 5.174616432265459077e-28 1.162745293277616168e-28 5.455914857201179524e-01 1.814328266186021755e-28 1.000000000000000000e+00 0.000000000000000000e+00 0.000000000000000000e+00 0.000000000000000000e+00 1.000000000000000000e+00 1.000000000000000000e+10 0.000000000000000000e+00 0.000000000000000000e+00 0.000000000000000000e+00 1.000000000000000000e+10
5.645521955031491679e-01 9.758329112117544923e+01 6.744685013262264306e+01 2.735047687259530846e+01 2.531304107350719756e-01 7.335736336822367321e+01 6.479190574371845327e-28 5.878976811449318406e-28 7.859294711689315690e-29 6.168551744780920165e-01 1.205870681483911061e-28 1.000000000000000000e+00 0.000000000000000000e+00 0.000000000000000000e+00 0.000000000000000000e+00 1.000000000000000000e+00 1.000000000000000000e+10 0.000000000000000000e+00 0.000000000000000000e+00 0.000000000000000000e+00 1.000000000000000000e+10
6.510919126887823039e-01 9.020133942910003100e+01 8.645606222170326305e+01 2.301787212274182792e+01 2.993484543503107109e-01 5.834104476227253855e+01 7.058717656403283616e-28 6.218648089822265562e-28 4.656025397781926183e-29 7.087240101587044538e-01 7.647607684952409920e-29 1.000000000000000000e+00 0.000000000000000000e+00 0.000000000000000000e+00 0.000000000000000000e+00 1.000000000000000000e+00 1.000000000000000000e+10 0.000000000000000000e+00 0.000000000000000000e+00 0.000000000000000000e+00 1.000000000000000000e+10
7.508972281844089602e-01 7.805390897795992089e+01 7.918758578014640648e+01 1.715205078739849043e+01 3.171560323695594708e-01 4.701313112380473314e+01 7.807715881176993002e-28 5.684666936106695576e-28 4.519778333330813770e-29 7.625132570039029334e-01 6.614412202170216681e-29 1.000000000000000000e+00 0.000000000000000000e+00 0.000000000000000000e+00 0.000000000000000000e+00 1.000000000000000000e+00 1.000000000000000000e+10 0.000000000000000000e+00 0.000000000000000000e+00 0.000000000000000000e+00 1.000000000000000000e+10
8.660016140678794550e-01 6.720427031764207015e+01 5.928836433507105852e+01 1.613696610301770917e+01 3.100058772319191913e-01 4.209862391437672358e+01 9.272665958238791086e-28 4.323619743894101207e-28 3.870023765342632401e-29 7.861868703054696317e-01 5.501166465285651607e-29 1.000000000000000000e+00 0.000000000000000000e+00 0.000000000000000000e+00 0.000000000000000000e+00 1.000000000000000000e+00 1.000000000000000000e+10 0.000000000000000000e+00 0.000000000000000000e+00 0.000000000000000000e+00 1.000000000000000000e+10
9.987502515910116063e-01 5.839384161591262767e+01 5.077379010960563477e+01 1.510081928590254563e+01 3.057183321917183449e-01 3.766276789473645437e+01 1.228059923737414785e-27 4.418636382410491917e-28 4.022881585740545303e-29 8.184408993707189550e-01 5.165443119727055470e-29 1.000000000000000000e+00 0.000000000000000000e+00 0.000000000000000000e+00 0.000000000000000000e+00 1.000000000000000000e+00 1.000000000000000000e+10 0.000000000000000000e+00 0.000000000000000000e+00 0.000000000000000000e+00 1.000000000000000000e+10
1.151847812808953542e+00 5.399977635343739024e+01 3.917122287494371591e+01 1.532941834586985763e+01 3.151503794857408169e-01 3.538445096854314187e+01 1.705291932141171879e-27 4.524562585274122031e-28 3.733878105811636132e-29 8.488549569326866440e-01 4.717092751610920357e-29 1.000000000000000000e+00 0.000000000000000000e+00 0.000000000000000000e+00 0.000000000000000000e+00 1.000000000000000000e+00 1.000000000000000000e+10 0.000000000000000000e+00 0.000000000000000000e+00 0.000000000000000000e+00 1.000000000000000000e+10
1.328413566614123908e+00 5.181722511836999701e+01 3.748482036635882508e+01 1.310211350963119870e+01 3.136807064009041746e-01 3.135349894202094134e+01 2.165433797846293240e-27 4.485465849065997118e-28 3.049055345559106534e-29 8.466505466182605577e-01 4.081405465629293645e-29 1.000000000000000000e+00 0.000000000000000000e+00 0.000000000000000000e+00 0.000000000000000000e+00 1.000000000000000000e+00 1.000000000000000000e+10 0.000000000000000000e+00 0.000000000000000000e+00 0.000000000000000000e+00 1.000000000000000000e+10
1.532044931926391351e+00 4.747741522704173178e+01 4.240592188670169094e+01 1.230610376010322682e+01 3.090832660805555299e-01 2.956677437543664055e+01 1.858630562174186571e-27 3.918167837726905877e-28 3.689897002722124809e-29 8.250956629566003064e-01 4.674455621180623122e-29 1.000000000000000000e+00 0.000000000000000000e+00 0.000000000000000000e+00 0.000000000000000000e+00 1.000000000000000000e+00 1.000000000000000000e+10 0.000000000000000000e+00 0.000000000000000000e+00 0.000000000000000000e+00 1.000000000000000000e+10
1.766890772896739126e+00 3.961683534189218392e+01 2.605670404484806468e+01 1.227998700292273249e+01 2.819813112723991710e-01 2.794621331704577827e+01 1.036518441046375446e-27 2.910921566441847458e-28 4.086514465124744118e-29 7.791784054494540479e-01 5.068081587392122071e-29 1.000000000000000000e+00 0.000000000000000000e+00 0.000000000000000000e+00 0.000000000000000000e+00 1.000000000000000000e+00 1.000000000000000000e+10 0.000000000000000000e+00 0.000000000000000000e+00 0.000000000000000000e+00 1.000000000000000000e+10
2.037735929469222107e+00 3.280932367691140428e+01 2.485105646283859215e+01 1.017396148255511790e+01 2.508027581941106310e-01 2.582454350414602828e+01 4.200532295519756216e-28 2.086030101870237249e-28 3.562889423153527725e-29 7.225947308175009187e-01 4.728956724837801365e-29 1.000000000000000000e+00 0.000000000000000000e+00 0.000000000000000000e+00 0.000000000000000000e+00 1.000000000000000000e+00 1.000000000000000000e+10 0.000000000000000000e+00 0.000000000000000000e+00 0.000000000000000000e+00 1.000000000000000000e+10
2.350098705559579226e+00 3.056424687349977631e+01 2.650545731726809606e+01 7.968373926410503572e+00 2.415836232548917162e-01 2.340752424974178325e+01 2.826891304095468911e-28 2.177408142821957498e-28 4.194440825443828186e-29 6.957736886733876247e-01 5.425535652840178701e-29 1.000000000000000000e+00 0.000000000000000000e+00 0.000000000000000000e+00 0.000000000000000000e+00 1.000000000000000000e+00 1.000000000000000000e+10 0.000000000000000000e+00 0.000000000000000000e+00 0.000000000000000000e+00 1.000000000000000000e+10
