# R (Mpc), mean rho (Msol/kpc^3), errup (Msol/kpc^3), errlow, std, median rho (Msol/kpc^3), mean pth (Msol/kpc/s^2), errup(Msol/kpc/s^2), errlow, std, median pth (Msol/kpc/s^2), mean gas-mass-weighted metal (fraction), errup, errlow, std, median metal, mean gas-mass-weighted temp (K), errup, errlow, std, median temp  
#  nprofs 181, mean mh 549188661307.945801, median mh 504880441032.708618 
#  Mass range 11.50 - 12.0
1.040961082911032697e-02 4.874394797916272655e+05 2.626883601618220564e+05 1.913509629880036227e+05 2.209625477477423772e-01 4.552874490436603082e+05 2.612771764773104230e-25 2.921423383743741625e-25 6.340771599815255566e-26 4.578877161198372514e-01 1.145927753653806390e-25 1.000000000000000000e+00 0.000000000000000000e+00 0.000000000000000000e+00 0.000000000000000000e+00 1.000000000000000000e+00 1.000000000000000000e+10 0.000000000000000000e+00 0.000000000000000000e+00 0.000000000000000000e+00 1.000000000000000000e+10
1.200529105910367808e-02 3.798247917475088034e+05 2.076838555224742740e+05 1.613440311493168410e+05 2.350608298282429731e-01 3.526062831442817114e+05 2.655938577108414230e-25 3.102253656313319390e-25 9.361019940003471977e-26 4.529081717197175894e-01 1.438503708700709545e-25 1.000000000000000000e+00 0.000000000000000000e+00 0.000000000000000000e+00 0.000000000000000000e+00 1.000000000000000000e+00 1.000000000000000000e+10 0.000000000000000000e+00 0.000000000000000000e+00 0.000000000000000000e+00 1.000000000000000000e+10
1.384557172980430476e-02 2.895535288565739756e+05 1.553540172358630225e+05 1.203698029180809390e+05 2.467063321614966220e-01 2.712644240891274530e+05 2.688290936902329374e-25 3.530043721106911060e-25 1.030585860071812430e-25 4.649072776917058669e-01 1.511726891579844090e-25 1.000000000000000000e+00 0.000000000000000000e+00 0.000000000000000000e+00 0.000000000000000000e+00 1.000000000000000000e+00 1.000000000000000000e+10 0.000000000000000000e+00 0.000000000000000000e+00 0.000000000000000000e+00 1.000000000000000000e+10
1.596794743096121086e-02 2.123689638992781111e+05 1.187945918883494160e+05 9.693588272847951157e+04 2.438583441435092924e-01 1.989898114912568417e+05 2.504831756981127797e-25 2.354514051304414375e-25 1.240587560101401416e-25 4.217030072098996718e-01 1.770601622762796720e-25 1.000000000000000000e+00 0.000000000000000000e+00 0.000000000000000000e+00 0.000000000000000000e+00 1.000000000000000000e+00 1.000000000000000000e+10 0.000000000000000000e+00 0.000000000000000000e+00 0.000000000000000000e+00 1.000000000000000000e+10
1.841566026551830909e-02 1.508077398741042707e+05 8.387987220835936023e+04 6.527027982029471605e+04 2.462645876892315122e-01 1.349475475887633511e+05 2.428113228664994601e-25 2.423993078972579480e-25 1.191932839621796207e-25 4.053901438123831413e-01 1.828746606054526652e-25 1.000000000000000000e+00 0.000000000000000000e+00 0.000000000000000000e+00 0.000000000000000000e+00 1.000000000000000000e+00 1.000000000000000000e+10 0.000000000000000000e+00 0.000000000000000000e+00 0.000000000000000000e+00 1.000000000000000000e+10
2.123858088093512342e-02 1.013221732712244120e+05 6.301541333648288855e+04 3.781600078125088476e+04 2.413503135708767178e-01 8.614070000836779946e+04 2.065603646995410996e-25 1.924516198539578111e-25 7.657987962190723703e-26 3.750937239422288405e-01 1.389529076017654748e-25 1.000000000000000000e+00 0.000000000000000000e+00 0.000000000000000000e+00 0.000000000000000000e+00 1.000000000000000000e+00 1.000000000000000000e+10 0.000000000000000000e+00 0.000000000000000000e+00 0.000000000000000000e+00 1.000000000000000000e+10
2.449422455303571639e-02 6.709774289444008900e+04 4.356671243919007247e+04 2.533777821692188809e+04 2.419997491892140196e-01 5.625565801308125083e+04 1.786477078919564747e-25 1.672483726512705647e-25 8.709981274585480100e-26 3.316995269170127103e-01 1.507395074523256893e-25 1.000000000000000000e+00 0.000000000000000000e+00 0.000000000000000000e+00 0.000000000000000000e+00 1.000000000000000000e+00 1.000000000000000000e+10 0.000000000000000000e+00 0.000000000000000000e+00 0.000000000000000000e+00 1.000000000000000000e+10
2.824892302447100725e-02 4.514841987252958643e+04 3.352417959072609665e+04 1.437869330908462871e+04 2.407878171060719164e-01 3.657947061943239532e+04 1.498500158660795806e-25 1.077926502181748951e-25 6.626918541156241575e-26 3.108397175794621603e-01 1.195592443068874044e-25 1.000000000000000000e+00 0.000000000000000000e+00 0.000000000000000000e+00 0.000000000000000000e+00 1.000000000000000000e+00 1.000000000000000000e+10 0.000000000000000000e+00 0.000000000000000000e+00 0.000000000000000000e+00 1.000000000000000000e+10
3.257917597328415654e-02 2.926545765254162689e+04 1.914652049888229885e+04 8.841160049126223385e+03 2.281470962820961734e-01 2.374795021721676676e+04 1.220472353827563800e-25 8.563262545020010426e-26 5.291229473064524953e-26 2.937171802042097268e-01 9.958144298079786481e-26 1.000000000000000000e+00 0.000000000000000000e+00 0.000000000000000000e+00 0.000000000000000000e+00 1.000000000000000000e+00 1.000000000000000000e+10 0.000000000000000000e+00 0.000000000000000000e+00 0.000000000000000000e+00 1.000000000000000000e+10
3.757320964692217186e-02 1.959769775857912100e+04 1.150559237276815838e+04 5.690726724853493579e+03 2.109731816725840814e-01 1.648807227280619554e+04 9.937969429000026273e-26 7.669397458145910566e-26 3.494032709286036074e-26 2.839784781415249371e-01 7.678401932414585631e-26 1.000000000000000000e+00 0.000000000000000000e+00 0.000000000000000000e+00 0.000000000000000000e+00 1.000000000000000000e+00 1.000000000000000000e+10 0.000000000000000000e+00 0.000000000000000000e+00 0.000000000000000000e+00 1.000000000000000000e+10
4.333277441790538143e-02 1.364004600475735788e+04 7.304095792695905402e+03 4.576789593144651008e+03 2.005068280350719157e-01 1.237697903591983049e+04 8.195889431512437560e-26 6.230916698323041582e-26 3.260659292651350992e-26 2.802097804370795031e-01 6.656565355678222909e-26 1.000000000000000000e+00 0.000000000000000000e+00 0.000000000000000000e+00 0.000000000000000000e+00 1.000000000000000000e+00 1.000000000000000000e+10 0.000000000000000000e+00 0.000000000000000000e+00 0.000000000000000000e+00 1.000000000000000000e+10
4.997521788524898756e-02 1.037064001011306937e+04 5.025333282451147170e+03 3.277748782740773095e+03 1.999062623107438763e-01 9.347261475009596325e+03 6.700042593598492571e-26 5.508055546409369305e-26 2.477598724067572120e-26 2.769208138193899882e-01 5.417686818579619323e-26 1.000000000000000000e+00 0.000000000000000000e+00 0.000000000000000000e+00 0.000000000000000000e+00 1.000000000000000000e+00 1.000000000000000000e+10 0.000000000000000000e+00 0.000000000000000000e+00 0.000000000000000000e+00 1.000000000000000000e+10
5.763587575980636674e-02 7.894215442865724071e+03 3.282598417385352150e+03 2.353219107119934051e+03 1.847733908011953696e-01 7.192084810508486044e+03 5.494255344425791209e-26 4.357455567628794556e-26 2.074549883105267980e-26 2.669002137075645598e-01 4.430452640455048963e-26 1.000000000000000000e+00 0.000000000000000000e+00 0.000000000000000000e+00 0.000000000000000000e+00 1.000000000000000000e+00 1.000000000000000000e+10 0.000000000000000000e+00 0.000000000000000000e+00 0.000000000000000000e+00 1.000000000000000000e+10
6.647082924635627776e-02 6.068766794463249425e+03 2.711623141504224805e+03 1.767396107773598487e+03 1.805531069516157217e-01 5.476424492359538817e+03 4.269185149860920785e-26 3.286898223939770380e-26 1.669736213810289485e-26 2.722661024382483363e-01 3.533294518730387198e-26 1.000000000000000000e+00 0.000000000000000000e+00 0.000000000000000000e+00 0.000000000000000000e+00 1.000000000000000000e+00 1.000000000000000000e+10 0.000000000000000000e+00 0.000000000000000000e+00 0.000000000000000000e+00 1.000000000000000000e+10
7.666008510240249207e-02 4.692993022939771436e+03 2.063257654969926989e+03 1.157243488729583078e+03 1.708962445913269346e-01 4.244497417123691775e+03 3.258999216637140629e-26 2.334221042719386542e-26 1.237224561836496564e-26 2.680994205440698774e-01 2.648061390800768977e-26 1.000000000000000000e+00 0.000000000000000000e+00 0.000000000000000000e+00 0.000000000000000000e+00 1.000000000000000000e+00 1.000000000000000000e+10 0.000000000000000000e+00 0.000000000000000000e+00 0.000000000000000000e+00 1.000000000000000000e+10
8.841124316543315376e-02 3.704293515536718132e+03 1.850236625806523989e+03 1.107777978241094388e+03 1.781138830558486041e-01 3.371245273284761424e+03 2.433123209401747334e-26 2.054924226795573903e-26 9.219566378984985375e-27 2.776508592792354402e-01 1.905609425779933524e-26 1.000000000000000000e+00 0.000000000000000000e+00 0.000000000000000000e+00 0.000000000000000000e+00 1.000000000000000000e+00 1.000000000000000000e+10 0.000000000000000000e+00 0.000000000000000000e+00 0.000000000000000000e+00 1.000000000000000000e+10
1.019637260722580097e-01 2.933460824627317379e+03 1.557174220166414216e+03 8.044884604673425201e+02 1.916449084368342659e-01 2.565540521129102217e+03 1.801273809693189035e-26 1.496872231529195169e-26 6.874689069568504510e-27 2.924024053848958693e-01 1.393222636837955832e-26 1.000000000000000000e+00 0.000000000000000000e+00 0.000000000000000000e+00 0.000000000000000000e+00 1.000000000000000000e+00 1.000000000000000000e+10 0.000000000000000000e+00 0.000000000000000000e+00 0.000000000000000000e+00 1.000000000000000000e+10
1.175936573483598035e-01 2.214654796187613101e+03 1.221658608446387689e+03 6.007016795506826838e+02 1.878710665523842249e-01 1.928828947591526457e+03 1.298633027751049921e-26 1.062919970271075731e-26 5.324216042245712212e-27 2.987935535872641712e-01 1.026326099841346603e-26 1.000000000000000000e+00 0.000000000000000000e+00 0.000000000000000000e+00 0.000000000000000000e+00 1.000000000000000000e+00 1.000000000000000000e+10 0.000000000000000000e+00 0.000000000000000000e+00 0.000000000000000000e+00 1.000000000000000000e+10
1.356194872553388164e-01 1.657294973758797369e+03 8.759413294589610359e+02 4.858789298856984260e+02 1.819752967472714478e-01 1.460314952668098385e+03 9.112745854105486389e-27 7.964389319156843304e-27 4.026995577846945407e-27 3.074314133212244782e-01 7.282238725104678971e-27 1.000000000000000000e+00 0.000000000000000000e+00 0.000000000000000000e+00 0.000000000000000000e+00 1.000000000000000000e+00 1.000000000000000000e+10 0.000000000000000000e+00 0.000000000000000000e+00 0.000000000000000000e+00 1.000000000000000000e+10
1.564084810196403053e-01 1.213808771379401605e+03 5.074645716877223549e+02 4.457583636159408798e+02 1.780582138950881077e-01 1.151157597948442344e+03 6.199427233355393295e-27 4.843656594449080424e-27 2.921355628323822845e-27 3.170598915922190342e-01 4.982708682943837986e-27 1.000000000000000000e+00 0.000000000000000000e+00 0.000000000000000000e+00 0.000000000000000000e+00 1.000000000000000000e+00 1.000000000000000000e+10 0.000000000000000000e+00 0.000000000000000000e+00 0.000000000000000000e+00 1.000000000000000000e+10
1.803842016362447453e-01 8.949851984090853421e+02 3.875915593602393301e+02 3.034105553083190898e+02 1.772393967926308711e-01 8.265802311590902036e+02 4.232006082232695067e-27 3.597066752912572924e-27 1.868872886410282943e-27 3.257025083649482400e-01 3.260096072684472881e-27 1.000000000000000000e+00 0.000000000000000000e+00 0.000000000000000000e+00 0.000000000000000000e+00 1.000000000000000000e+00 1.000000000000000000e+10 0.000000000000000000e+00 0.000000000000000000e+00 0.000000000000000000e+00 1.000000000000000000e+10
2.080351397048574025e-01 6.549252522512730366e+02 3.197403262229653365e+02 2.282925105324278547e+02 1.828889142297035197e-01 6.002898239348447760e+02 2.923779079124887240e-27 2.425292922283479087e-27 1.314289925719443097e-27 3.448596089662482878e-01 2.208146716750038276e-27 1.000000000000000000e+00 0.000000000000000000e+00 0.000000000000000000e+00 0.000000000000000000e+00 1.000000000000000000e+00 1.000000000000000000e+10 0.000000000000000000e+00 0.000000000000000000e+00 0.000000000000000000e+00 1.000000000000000000e+10
2.399246661262133540e-01 4.854593650678900758e+02 2.631289122733275008e+02 1.460838303332528199e+02 1.856249247845526418e-01 4.273791601619375342e+02 2.071990411115135236e-27 1.841756137006317163e-27 8.761412118995333672e-28 3.675952474903654843e-01 1.455782080635354217e-27 1.000000000000000000e+00 0.000000000000000000e+00 0.000000000000000000e+00 0.000000000000000000e+00 1.000000000000000000e+00 1.000000000000000000e+10 0.000000000000000000e+00 0.000000000000000000e+00 0.000000000000000000e+00 1.000000000000000000e+10
2.767025104385807399e-01 3.627452033444180302e+02 1.948392647802198212e+02 1.140992009314184088e+02 1.961938617954728237e-01 3.206714035581896383e+02 1.468486366664840594e-27 1.358763973812863991e-27 5.483238466516985437e-28 3.916921903359412704e-01 9.126278003279295873e-28 1.000000000000000000e+00 0.000000000000000000e+00 0.000000000000000000e+00 0.000000000000000000e+00 1.000000000000000000e+00 1.000000000000000000e+10 0.000000000000000000e+00 0.000000000000000000e+00 0.000000000000000000e+00 1.000000000000000000e+10
3.191179986585286343e-01 2.612991445826671679e+02 1.345416434789851792e+02 9.011091050727694096e+01 1.992266968985548226e-01 2.329003409502558384e+02 1.070781193110465972e-27 1.070589384531673465e-27 3.620121078459389426e-28 4.204908702168205226e-01 5.897403811529607032e-28 1.000000000000000000e+00 0.000000000000000000e+00 0.000000000000000000e+00 0.000000000000000000e+00 1.000000000000000000e+00 1.000000000000000000e+10 0.000000000000000000e+00 0.000000000000000000e+00 0.000000000000000000e+00 1.000000000000000000e+10
3.680353203388414540e-01 1.911060907969900029e+02 1.019948336891900738e+02 4.766009776891860383e+01 2.019216951751658107e-01 1.574423697322454530e+02 8.363416903189136983e-28 7.832174019727262534e-28 2.459980249866516481e-28 4.509085681758829289e-01 3.998034085737455480e-28 1.000000000000000000e+00 0.000000000000000000e+00 0.000000000000000000e+00 0.000000000000000000e+00 1.000000000000000000e+00 1.000000000000000000e+10 0.000000000000000000e+00 0.000000000000000000e+00 0.000000000000000000e+00 1.000000000000000000e+10
4.244511359005219142e-01 1.518370080812763376e+02 9.138741916764944051e+01 3.809963713418486009e+01 2.266549554682652234e-01 1.164861652943924213e+02 7.183662524018144805e-28 7.261800132274958285e-28 1.625083752572194335e-28 4.960599712899875224e-01 2.585326113778065065e-28 1.000000000000000000e+00 0.000000000000000000e+00 0.000000000000000000e+00 0.000000000000000000e+00 1.000000000000000000e+00 1.000000000000000000e+10 0.000000000000000000e+00 0.000000000000000000e+00 0.000000000000000000e+00 1.000000000000000000e+10
4.895148829774688681e-01 1.153920476811716185e+02 6.018916513211873109e+01 3.322244364265709748e+01 2.323036317319560617e-01 9.354287340904996029e+01 6.097848779397964597e-28 6.205311859543193276e-28 1.271840891711725336e-28 5.412573816717887176e-01 1.905949655125258698e-28 1.000000000000000000e+00 0.000000000000000000e+00 0.000000000000000000e+00 0.000000000000000000e+00 1.000000000000000000e+00 1.000000000000000000e+10 0.000000000000000000e+00 0.000000000000000000e+00 0.000000000000000000e+00 1.000000000000000000e+10
5.645521955031491679e-01 9.597681501659293701e+01 6.826773006385120368e+01 2.815556920474845271e+01 2.552279234912259720e-01 7.292453824897295078e+01 5.763725708443093874e-28 5.988773063991633990e-28 8.459402045796375432e-29 6.109850293893701600e-01 1.266954496228310057e-28 1.000000000000000000e+00 0.000000000000000000e+00 0.000000000000000000e+00 0.000000000000000000e+00 1.000000000000000000e+00 1.000000000000000000e+10 0.000000000000000000e+00 0.000000000000000000e+00 0.000000000000000000e+00 1.000000000000000000e+10
6.510919126887823039e-01 8.835298812071177110e+01 7.788026420208450418e+01 2.560905440911833608e+01 2.969915685681397965e-01 6.049798276531917196e+01 6.378953985142537182e-28 6.776240823587762953e-28 6.359567218736524594e-29 7.005531705939695986e-01 9.193408293589248820e-29 1.000000000000000000e+00 0.000000000000000000e+00 0.000000000000000000e+00 0.000000000000000000e+00 1.000000000000000000e+00 1.000000000000000000e+10 0.000000000000000000e+00 0.000000000000000000e+00 0.000000000000000000e+00 1.000000000000000000e+10
7.508972281844089602e-01 7.769087440145160883e+01 8.305389991231258762e+01 1.750171235335460906e+01 3.157751495878827752e-01 4.706755014898671163e+01 6.193766788376731805e-28 6.366548939914953142e-28 5.346056381232129029e-29 7.512671682311315990e-01 7.300453431476890392e-29 1.000000000000000000e+00 0.000000000000000000e+00 0.000000000000000000e+00 0.000000000000000000e+00 1.000000000000000000e+00 1.000000000000000000e+10 0.000000000000000000e+00 0.000000000000000000e+00 0.000000000000000000e+00 1.000000000000000000e+10
8.660016140678794550e-01 6.357185642834901529e+01 5.342441266507901787e+01 1.709045283188551068e+01 2.956469064213530507e-01 4.341854652687027283e+01 5.653194838552587636e-28 4.806693691896586688e-28 4.835646398737853025e-29 7.531787034994623653e-01 6.591416246023220314e-29 1.000000000000000000e+00 0.000000000000000000e+00 0.000000000000000000e+00 0.000000000000000000e+00 1.000000000000000000e+00 1.000000000000000000e+10 0.000000000000000000e+00 0.000000000000000000e+00 0.000000000000000000e+00 1.000000000000000000e+10
9.987502515910116063e-01 5.355091304632848903e+01 4.282962560712038425e+01 1.579464773932333443e+01 2.830986631295221989e-01 3.806234260558793636e+01 5.887515382173924791e-28 4.282110217821645425e-28 4.676754666515348222e-29 7.685314610333414675e-01 5.881127079527950798e-29 1.000000000000000000e+00 0.000000000000000000e+00 0.000000000000000000e+00 0.000000000000000000e+00 1.000000000000000000e+00 1.000000000000000000e+10 0.000000000000000000e+00 0.000000000000000000e+00 0.000000000000000000e+00 1.000000000000000000e+10
1.151847812808953542e+00 4.990567227342599921e+01 3.811090742976424650e+01 1.662561530127596754e+01 2.985249420480335925e-01 3.619202368968188210e+01 6.825273919064948536e-28 4.131502611816899030e-28 5.018551908740285909e-29 7.994779833589011897e-01 6.105685816123458666e-29 1.000000000000000000e+00 0.000000000000000000e+00 0.000000000000000000e+00 0.000000000000000000e+00 1.000000000000000000e+00 1.000000000000000000e+10 0.000000000000000000e+00 0.000000000000000000e+00 0.000000000000000000e+00 1.000000000000000000e+10
1.328413566614123908e+00 4.590526816140138067e+01 3.755095406008661030e+01 1.338475656908969214e+01 2.939737537625728425e-01 3.168013928946812996e+01 8.171562555744398394e-28 4.234744798359802614e-28 3.417504916621735364e-29 7.996004952712794100e-01 4.464842226611571296e-29 1.000000000000000000e+00 0.000000000000000000e+00 0.000000000000000000e+00 0.000000000000000000e+00 1.000000000000000000e+00 1.000000000000000000e+10 0.000000000000000000e+00 0.000000000000000000e+00 0.000000000000000000e+00 1.000000000000000000e+10
1.532044931926391351e+00 4.268059825745642399e+01 3.691024398438164411e+01 1.240741868219259203e+01 2.873216948608343091e-01 2.981981177690288831e+01 1.005320308805103356e-27 3.884258970898078789e-28 3.856869220688149667e-29 7.788846951246237715e-01 4.942679568736740980e-29 1.000000000000000000e+00 0.000000000000000000e+00 0.000000000000000000e+00 0.000000000000000000e+00 1.000000000000000000e+00 1.000000000000000000e+10 0.000000000000000000e+00 0.000000000000000000e+00 0.000000000000000000e+00 1.000000000000000000e+10
1.766890772896739126e+00 3.697537547242935574e+01 2.405339697671194799e+01 1.211311362188478924e+01 2.628791030916144966e-01 2.797672472553226797e+01 7.178547094988875573e-28 2.553184249819311413e-28 4.247313606341400615e-29 7.272759156470860464e-01 5.415538224324651337e-29 1.000000000000000000e+00 0.000000000000000000e+00 0.000000000000000000e+00 0.000000000000000000e+00 1.000000000000000000e+00 1.000000000000000000e+10 0.000000000000000000e+00 0.000000000000000000e+00 0.000000000000000000e+00 1.000000000000000000e+10
2.037735929469222107e+00 3.196749289109243364e+01 2.163597668547684449e+01 9.797652062544278451e+00 2.416987245015137786e-01 2.540141743203814784e+01 3.700871293981367252e-28 2.139377141772178145e-28 3.953593486205303748e-29 6.846481228266007024e-01 5.301559329712292018e-29 1.000000000000000000e+00 0.000000000000000000e+00 0.000000000000000000e+00 0.000000000000000000e+00 1.000000000000000000e+00 1.000000000000000000e+10 0.000000000000000000e+00 0.000000000000000000e+00 0.000000000000000000e+00 1.000000000000000000e+10
2.350098705559579226e+00 2.997291901792424795e+01 2.243562918775700510e+01 7.252376271052643375e+00 2.342608171668009998e-01 2.304307621182059407e+01 2.732179299219040045e-28 1.917912359528513470e-28 4.267503346032140471e-29 6.616992656740809942e-01 5.798109316042849440e-29 1.000000000000000000e+00 0.000000000000000000e+00 0.000000000000000000e+00 0.000000000000000000e+00 1.000000000000000000e+00 1.000000000000000000e+10 0.000000000000000000e+00 0.000000000000000000e+00 0.000000000000000000e+00 1.000000000000000000e+10
