# R (Mpc), mean rho (Msol/kpc^3), errup (Msol/kpc^3), errlow, std, median rho (Msol/kpc^3), mean pth (Msol/kpc/s^2), errup(Msol/kpc/s^2), errlow, std, median pth (Msol/kpc/s^2), mean gas-mass-weighted metal (fraction), errup, errlow, std, median metal, mean gas-mass-weighted temp (K), errup, errlow, std, median temp  
#  nprofs 184, mean mh 551698560849.969604, median mh 512220251668.567078 
#  Mass range 11.50 - 12.0
1.040961082911032697e-02 8.819427717733772006e+05 3.778255147644269746e+05 4.391247114112515119e+05 2.593785466404722184e-01 8.867926627490958199e+05 3.831634414398109899e-25 3.960928043178129348e-25 1.717444870511072277e-25 4.449120155860452064e-01 2.438836192545495824e-25 1.000000000000000000e+00 0.000000000000000000e+00 0.000000000000000000e+00 0.000000000000000000e+00 1.000000000000000000e+00 1.000000000000000000e+10 0.000000000000000000e+00 0.000000000000000000e+00 0.000000000000000000e+00 1.000000000000000000e+10
1.200529105910367808e-02 6.411069943576952210e+05 3.621796908677840838e+05 2.389055152113418444e+05 2.377503729833831403e-01 5.935838071277773706e+05 3.822081621386213962e-25 4.255135946630640682e-25 1.333295940187794935e-25 4.392309905628148381e-01 2.254043434046770486e-25 1.000000000000000000e+00 0.000000000000000000e+00 0.000000000000000000e+00 0.000000000000000000e+00 1.000000000000000000e+00 1.000000000000000000e+10 0.000000000000000000e+00 0.000000000000000000e+00 0.000000000000000000e+00 1.000000000000000000e+10
1.384557172980430476e-02 4.568227139953674632e+05 2.518141884135237196e+05 1.801891670172130689e+05 2.238428632494003367e-01 4.290095701546026394e+05 3.874794891669013573e-25 3.592214849710034419e-25 2.027961527212608729e-25 4.030225799796024466e-01 3.012623467719899377e-25 1.000000000000000000e+00 0.000000000000000000e+00 0.000000000000000000e+00 0.000000000000000000e+00 1.000000000000000000e+00 1.000000000000000000e+10 0.000000000000000000e+00 0.000000000000000000e+00 0.000000000000000000e+00 1.000000000000000000e+10
1.596794743096121086e-02 3.049754388861788320e+05 1.905555979702374316e+05 1.105495406684325426e+05 2.321518298478816578e-01 2.645109162192306248e+05 3.469522388624160225e-25 3.244410794386871588e-25 1.630173264499071710e-25 3.869284675973302945e-01 2.547039777438170388e-25 1.000000000000000000e+00 0.000000000000000000e+00 0.000000000000000000e+00 0.000000000000000000e+00 1.000000000000000000e+00 1.000000000000000000e+10 0.000000000000000000e+00 0.000000000000000000e+00 0.000000000000000000e+00 1.000000000000000000e+10
1.841566026551830909e-02 2.027428316579820530e+05 1.405586296752601920e+05 6.621867302609850594e+04 2.277655498178093596e-01 1.752362649261018087e+05 3.363133885350254117e-25 2.892695053530187889e-25 1.517992180095035641e-25 3.720218522260354543e-01 2.539158206037027770e-25 1.000000000000000000e+00 0.000000000000000000e+00 0.000000000000000000e+00 0.000000000000000000e+00 1.000000000000000000e+00 1.000000000000000000e+10 0.000000000000000000e+00 0.000000000000000000e+00 0.000000000000000000e+00 1.000000000000000000e+10
2.123858088093512342e-02 1.336499196681854373e+05 8.329602111503746710e+04 3.823165965973591665e+04 2.143282633205429166e-01 1.127596079782092420e+05 2.811378015370378667e-25 2.289018926508174599e-25 1.332920721980972251e-25 3.447277024725949879e-01 2.199032892855629368e-25 1.000000000000000000e+00 0.000000000000000000e+00 0.000000000000000000e+00 0.000000000000000000e+00 1.000000000000000000e+00 1.000000000000000000e+10 0.000000000000000000e+00 0.000000000000000000e+00 0.000000000000000000e+00 1.000000000000000000e+10
2.449422455303571639e-02 9.007318397626881779e+04 5.106424959602071613e+04 2.449367578216515540e+04 2.076521433833126984e-01 7.598860291715490166e+04 2.354590072422046252e-25 2.047221028203874916e-25 9.738774813125289712e-26 3.446810836219117991e-01 1.780785633553799431e-25 1.000000000000000000e+00 0.000000000000000000e+00 0.000000000000000000e+00 0.000000000000000000e+00 1.000000000000000000e+00 1.000000000000000000e+10 0.000000000000000000e+00 0.000000000000000000e+00 0.000000000000000000e+00 1.000000000000000000e+10
2.824892302447100725e-02 6.074174137318030262e+04 3.379772580825095065e+04 1.855656013830998563e+04 1.974964886868988967e-01 5.468195040722234990e+04 1.813083096268072948e-25 1.719832545901425991e-25 7.490309847405313144e-26 3.211620386287682427e-01 1.365738977521960232e-25 1.000000000000000000e+00 0.000000000000000000e+00 0.000000000000000000e+00 0.000000000000000000e+00 1.000000000000000000e+00 1.000000000000000000e+10 0.000000000000000000e+00 0.000000000000000000e+00 0.000000000000000000e+00 1.000000000000000000e+10
3.257917597328415654e-02 4.153914705015666550e+04 1.733818456171421712e+04 1.383596074990076522e+04 1.840259205444480795e-01 3.834980364583796472e+04 1.388866308788920478e-25 1.256707418911630953e-25 4.523951681152949504e-26 3.057175161419170561e-01 9.844648253838605139e-26 1.000000000000000000e+00 0.000000000000000000e+00 0.000000000000000000e+00 0.000000000000000000e+00 1.000000000000000000e+00 1.000000000000000000e+10 0.000000000000000000e+00 0.000000000000000000e+00 0.000000000000000000e+00 1.000000000000000000e+10
3.757320964692217186e-02 2.781096718493054868e+04 1.163813344479548687e+04 9.575460948383952200e+03 1.803066591178173472e-01 2.613249129516378889e+04 1.078947291652607728e-25 8.668274954637024965e-26 3.464527942257423164e-26 2.845835726636494201e-01 8.001025705453288423e-26 1.000000000000000000e+00 0.000000000000000000e+00 0.000000000000000000e+00 0.000000000000000000e+00 1.000000000000000000e+00 1.000000000000000000e+10 0.000000000000000000e+00 0.000000000000000000e+00 0.000000000000000000e+00 1.000000000000000000e+10
4.333277441790538143e-02 1.943334500006948292e+04 7.699478234592013905e+03 6.706572378607575956e+03 1.699751340301138280e-01 1.843379174813358986e+04 8.450519398544817886e-26 6.141946850159454410e-26 2.612240790437282489e-26 2.768624764860305176e-01 6.489101146211652185e-26 1.000000000000000000e+00 0.000000000000000000e+00 0.000000000000000000e+00 0.000000000000000000e+00 1.000000000000000000e+00 1.000000000000000000e+10 0.000000000000000000e+00 0.000000000000000000e+00 0.000000000000000000e+00 1.000000000000000000e+10
4.997521788524898756e-02 1.370546665707266948e+04 6.697496243533336383e+03 4.080292977350498404e+03 1.762636010033691858e-01 1.245288854645940592e+04 6.709824758332444479e-26 4.916840615251721105e-26 2.145543390157590994e-26 2.666402596819739679e-01 5.253989379776640684e-26 1.000000000000000000e+00 0.000000000000000000e+00 0.000000000000000000e+00 0.000000000000000000e+00 1.000000000000000000e+00 1.000000000000000000e+10 0.000000000000000000e+00 0.000000000000000000e+00 0.000000000000000000e+00 1.000000000000000000e+10
5.763587575980636674e-02 9.639327952192863449e+03 4.231868411939520229e+03 2.731166768644657168e+03 1.697312668191836849e-01 8.930491654484390892e+03 5.278240913068512036e-26 3.846484454459501275e-26 1.772910987136844951e-26 2.517409063405599556e-01 4.267885345521275189e-26 1.000000000000000000e+00 0.000000000000000000e+00 0.000000000000000000e+00 0.000000000000000000e+00 1.000000000000000000e+00 1.000000000000000000e+10 0.000000000000000000e+00 0.000000000000000000e+00 0.000000000000000000e+00 1.000000000000000000e+10
6.647082924635627776e-02 6.985503910461541636e+03 2.973740002334621749e+03 1.974577647793404140e+03 1.677904850946127235e-01 6.394210789891398235e+03 4.132696147341736225e-26 2.662526855417047326e-26 1.632387466557355849e-26 2.466820698670390832e-01 3.552094170551542294e-26 1.000000000000000000e+00 0.000000000000000000e+00 0.000000000000000000e+00 0.000000000000000000e+00 1.000000000000000000e+00 1.000000000000000000e+10 0.000000000000000000e+00 0.000000000000000000e+00 0.000000000000000000e+00 1.000000000000000000e+10
7.666008510240249207e-02 5.147708547336011179e+03 2.366316687533641016e+03 1.573705620044604984e+03 1.711220574248857595e-01 4.775515368524747828e+03 3.088311211064827243e-26 1.994216796091424605e-26 1.204953682697910914e-26 2.496272707645792455e-01 2.664906174366603582e-26 1.000000000000000000e+00 0.000000000000000000e+00 0.000000000000000000e+00 0.000000000000000000e+00 1.000000000000000000e+00 1.000000000000000000e+10 0.000000000000000000e+00 0.000000000000000000e+00 0.000000000000000000e+00 1.000000000000000000e+10
8.841124316543315376e-02 3.833774448313129142e+03 1.829246514263464633e+03 9.340656285600080082e+02 1.663223781497729092e-01 3.466069619603495084e+03 2.308126339064542194e-26 1.677805867239315228e-26 8.190181785795186054e-27 2.454204687171145371e-01 1.957681484227343679e-26 1.000000000000000000e+00 0.000000000000000000e+00 0.000000000000000000e+00 0.000000000000000000e+00 1.000000000000000000e+00 1.000000000000000000e+10 0.000000000000000000e+00 0.000000000000000000e+00 0.000000000000000000e+00 1.000000000000000000e+10
1.019637260722580097e-01 2.843784742191797250e+03 1.376700717545829775e+03 7.222108646196058999e+02 1.659843022590320183e-01 2.600914277351494093e+03 1.670082614190207058e-26 1.334591430970104379e-26 6.207208507251214571e-27 2.489900080098252644e-01 1.396902572586638778e-26 1.000000000000000000e+00 0.000000000000000000e+00 0.000000000000000000e+00 0.000000000000000000e+00 1.000000000000000000e+00 1.000000000000000000e+10 0.000000000000000000e+00 0.000000000000000000e+00 0.000000000000000000e+00 1.000000000000000000e+10
1.175936573483598035e-01 2.103658978060081154e+03 1.047398377450030239e+03 5.760191360676981276e+02 1.678995761785804786e-01 1.941208714807739852e+03 1.187784034942166936e-26 9.737067153896016584e-27 4.467416816052093492e-27 2.587053779052059244e-01 9.871011363508490993e-27 1.000000000000000000e+00 0.000000000000000000e+00 0.000000000000000000e+00 0.000000000000000000e+00 1.000000000000000000e+00 1.000000000000000000e+10 0.000000000000000000e+00 0.000000000000000000e+00 0.000000000000000000e+00 1.000000000000000000e+10
1.356194872553388164e-01 1.537998593299110553e+03 6.025347672661810066e+02 4.659566243183735423e+02 1.684063932013424303e-01 1.448587046709231799e+03 8.127632802992216940e-27 5.944465517665198922e-27 3.782102638074954647e-27 2.755683516758711260e-01 7.172317455763497862e-27 1.000000000000000000e+00 0.000000000000000000e+00 0.000000000000000000e+00 0.000000000000000000e+00 1.000000000000000000e+00 1.000000000000000000e+10 0.000000000000000000e+00 0.000000000000000000e+00 0.000000000000000000e+00 1.000000000000000000e+10
1.564084810196403053e-01 1.107981521490722798e+03 4.622059488376717127e+02 3.661015989168960232e+02 1.686681316148789245e-01 1.043515975395501528e+03 5.490187248901040764e-27 3.442690394990411782e-27 2.808277602421191294e-27 2.905065653518855151e-01 5.016316077714764561e-27 1.000000000000000000e+00 0.000000000000000000e+00 0.000000000000000000e+00 0.000000000000000000e+00 1.000000000000000000e+00 1.000000000000000000e+10 0.000000000000000000e+00 0.000000000000000000e+00 0.000000000000000000e+00 1.000000000000000000e+10
1.803842016362447453e-01 7.833513457052205240e+02 2.924943760296828259e+02 2.738316304210222256e+02 1.738697832054403591e-01 7.406827522794881133e+02 3.711102112044260098e-27 2.346175486863696733e-27 1.904259380473960963e-27 3.196358912352370574e-01 3.163772234753584365e-27 1.000000000000000000e+00 0.000000000000000000e+00 0.000000000000000000e+00 0.000000000000000000e+00 1.000000000000000000e+00 1.000000000000000000e+10 0.000000000000000000e+00 0.000000000000000000e+00 0.000000000000000000e+00 1.000000000000000000e+10
2.080351397048574025e-01 5.446580877792865749e+02 2.137146739078021369e+02 1.934544171128733296e+02 1.785059539415136398e-01 5.107405095576600047e+02 2.468215433388192366e-27 1.759037070588533713e-27 1.194067723183552785e-27 3.477602517783059954e-01 1.947183410353287129e-27 1.000000000000000000e+00 0.000000000000000000e+00 0.000000000000000000e+00 0.000000000000000000e+00 1.000000000000000000e+00 1.000000000000000000e+10 0.000000000000000000e+00 0.000000000000000000e+00 0.000000000000000000e+00 1.000000000000000000e+10
2.399246661262133540e-01 3.913887156803519360e+02 2.021382306720277029e+02 1.263015679385203214e+02 1.924349968411488143e-01 3.478613421822251439e+02 1.712286794016819608e-27 1.370908354734483268e-27 7.926266132573690498e-28 3.865776966301317508e-01 1.212477422591376824e-27 1.000000000000000000e+00 0.000000000000000000e+00 0.000000000000000000e+00 0.000000000000000000e+00 1.000000000000000000e+00 1.000000000000000000e+10 0.000000000000000000e+00 0.000000000000000000e+00 0.000000000000000000e+00 1.000000000000000000e+10
2.767025104385807399e-01 2.830296514281880604e+02 1.604689872279920451e+02 8.789739291021834333e+01 2.063473557427881466e-01 2.421411132048862669e+02 1.223502112132472671e-27 1.145736337688975455e-27 4.789160927969853771e-28 4.321064848731274166e-01 7.215216477790101477e-28 1.000000000000000000e+00 0.000000000000000000e+00 0.000000000000000000e+00 0.000000000000000000e+00 1.000000000000000000e+00 1.000000000000000000e+10 0.000000000000000000e+00 0.000000000000000000e+00 0.000000000000000000e+00 1.000000000000000000e+10
3.191179986585286343e-01 2.109118844816737237e+02 1.168693663905155518e+02 6.410541931486598344e+01 2.207608872161752611e-01 1.706879899623148731e+02 9.407087308222168127e-28 9.486472504392445288e-28 3.083791504547787124e-28 4.781582697599753851e-01 4.622136353672438722e-28 1.000000000000000000e+00 0.000000000000000000e+00 0.000000000000000000e+00 0.000000000000000000e+00 1.000000000000000000e+00 1.000000000000000000e+10 0.000000000000000000e+00 0.000000000000000000e+00 0.000000000000000000e+00 1.000000000000000000e+10
3.680353203388414540e-01 1.686527110026456739e+02 1.029628447764793719e+02 3.767786267294890479e+01 2.448728769140116057e-01 1.226494495859666785e+02 8.148648711892461596e-28 7.392172234037961512e-28 1.963177761500577926e-28 5.289897386006358060e-01 2.983238754717925838e-28 1.000000000000000000e+00 0.000000000000000000e+00 0.000000000000000000e+00 0.000000000000000000e+00 1.000000000000000000e+00 1.000000000000000000e+10 0.000000000000000000e+00 0.000000000000000000e+00 0.000000000000000000e+00 1.000000000000000000e+10
4.244511359005219142e-01 1.387462068719576678e+02 8.987295757537498275e+01 3.177749166943033288e+01 2.612852963887566382e-01 9.554016070810683914e+01 7.117799256628261441e-28 6.227573820755213725e-28 1.194667858122341459e-28 5.673251284591520616e-01 1.908463850798475677e-28 1.000000000000000000e+00 0.000000000000000000e+00 0.000000000000000000e+00 0.000000000000000000e+00 1.000000000000000000e+00 1.000000000000000000e+10 0.000000000000000000e+00 0.000000000000000000e+00 0.000000000000000000e+00 1.000000000000000000e+10
4.895148829774688681e-01 1.084257169386312256e+02 7.163144299264592973e+01 2.534136920527846826e+01 2.595358999817686807e-01 7.791529107754567463e+01 6.016439861996578370e-28 6.513412132781416518e-28 8.268666971421637197e-29 6.010030232491603286e-01 1.300635938066562652e-28 1.000000000000000000e+00 0.000000000000000000e+00 0.000000000000000000e+00 0.000000000000000000e+00 1.000000000000000000e+00 1.000000000000000000e+10 0.000000000000000000e+00 0.000000000000000000e+00 0.000000000000000000e+00 1.000000000000000000e+10
5.645521955031491679e-01 9.221853874070929180e+01 6.462718406309205932e+01 2.197924790424863062e+01 2.724046518398932637e-01 6.354978757194960792e+01 5.982338768256514143e-28 6.356586353111397411e-28 6.530851996708289721e-29 6.612503800465302506e-01 9.979868010093292179e-29 1.000000000000000000e+00 0.000000000000000000e+00 0.000000000000000000e+00 0.000000000000000000e+00 1.000000000000000000e+00 1.000000000000000000e+10 0.000000000000000000e+00 0.000000000000000000e+00 0.000000000000000000e+00 1.000000000000000000e+10
6.510919126887823039e-01 8.706568994440894471e+01 8.867354080116776061e+01 2.538721446449336128e+01 3.086278658819693876e-01 5.824019131792208270e+01 6.317451585740574139e-28 6.376355826796854739e-28 5.745963933161360744e-29 7.247489989202776650e-01 8.381876462288420985e-29 1.000000000000000000e+00 0.000000000000000000e+00 0.000000000000000000e+00 0.000000000000000000e+00 1.000000000000000000e+00 1.000000000000000000e+10 0.000000000000000000e+00 0.000000000000000000e+00 0.000000000000000000e+00 1.000000000000000000e+10
7.508972281844089602e-01 7.787755945318404827e+01 7.668076818113380000e+01 1.829533651898585589e+01 3.232008931496991866e-01 4.676391503477979228e+01 6.182023496961563521e-28 5.543644153047046268e-28 5.178575437767065242e-29 7.586395215733688913e-01 7.097597332410902810e-29 1.000000000000000000e+00 0.000000000000000000e+00 0.000000000000000000e+00 0.000000000000000000e+00 1.000000000000000000e+00 1.000000000000000000e+10 0.000000000000000000e+00 0.000000000000000000e+00 0.000000000000000000e+00 1.000000000000000000e+10
8.660016140678794550e-01 6.177300222730557522e+01 5.083156797251355385e+01 1.692211232584752523e+01 2.945545752002868833e-01 4.204315612304399963e+01 5.298436923246200786e-28 4.160048347015896077e-28 5.065301523535820536e-29 7.627900846084937347e-01 6.704379547218132206e-29 1.000000000000000000e+00 0.000000000000000000e+00 0.000000000000000000e+00 0.000000000000000000e+00 1.000000000000000000e+00 1.000000000000000000e+10 0.000000000000000000e+00 0.000000000000000000e+00 0.000000000000000000e+00 1.000000000000000000e+10
9.987502515910116063e-01 5.332752061020179468e+01 4.091691293359495063e+01 1.512228295948655798e+01 2.842686758708705130e-01 3.767853351351678981e+01 5.386353771095088947e-28 4.846250869535187052e-28 5.003286364934316778e-29 7.734451584266212043e-01 6.230684186133839292e-29 1.000000000000000000e+00 0.000000000000000000e+00 0.000000000000000000e+00 0.000000000000000000e+00 1.000000000000000000e+00 1.000000000000000000e+10 0.000000000000000000e+00 0.000000000000000000e+00 0.000000000000000000e+00 1.000000000000000000e+10
1.151847812808953542e+00 4.947838468081928909e+01 3.717532921108286814e+01 1.574756301946328207e+01 2.965910759935512231e-01 3.530349596891458930e+01 6.448060693241260438e-28 4.477780923576238505e-28 5.731765379153029308e-29 8.014401889377887889e-01 6.790635995670404924e-29 1.000000000000000000e+00 0.000000000000000000e+00 0.000000000000000000e+00 0.000000000000000000e+00 1.000000000000000000e+00 1.000000000000000000e+10 0.000000000000000000e+00 0.000000000000000000e+00 0.000000000000000000e+00 1.000000000000000000e+10
1.328413566614123908e+00 4.539633558835063809e+01 3.164230193867671659e+01 1.563432462726435901e+01 2.899912954661705289e-01 3.366873880269341868e+01 7.565976937104200062e-28 4.222083065688019751e-28 4.900981407451496897e-29 7.921457191906380313e-01 5.897699183189524882e-29 1.000000000000000000e+00 0.000000000000000000e+00 0.000000000000000000e+00 0.000000000000000000e+00 1.000000000000000000e+00 1.000000000000000000e+10 0.000000000000000000e+00 0.000000000000000000e+00 0.000000000000000000e+00 1.000000000000000000e+10
1.532044931926391351e+00 4.277269985016397413e+01 4.164856539843641059e+01 1.243195004028907391e+01 2.846503209577240234e-01 2.998089247361253484e+01 9.430718727509737202e-28 4.003035202791940661e-28 4.835448926690371170e-29 7.719444771821770690e-01 5.993657053325707518e-29 1.000000000000000000e+00 0.000000000000000000e+00 0.000000000000000000e+00 0.000000000000000000e+00 1.000000000000000000e+00 1.000000000000000000e+10 0.000000000000000000e+00 0.000000000000000000e+00 0.000000000000000000e+00 1.000000000000000000e+10
1.766890772896739126e+00 3.713726005549286668e+01 2.217990816263169052e+01 1.413706664799231838e+01 2.604580320924378412e-01 3.006128104387892108e+01 7.077940019235826311e-28 2.915772297732960885e-28 5.957457350756638615e-29 7.402045549824100013e-01 7.098231659930554802e-29 1.000000000000000000e+00 0.000000000000000000e+00 0.000000000000000000e+00 0.000000000000000000e+00 1.000000000000000000e+00 1.000000000000000000e+10 0.000000000000000000e+00 0.000000000000000000e+00 0.000000000000000000e+00 1.000000000000000000e+10
2.037735929469222107e+00 3.264297099612796416e+01 2.193453357892703792e+01 1.049397000669201674e+01 2.460422795430326215e-01 2.617527184786704453e+01 3.754065567816114372e-28 2.833154523677847846e-28 5.252214598640507878e-29 7.011463088127686261e-01 6.672630646734173218e-29 1.000000000000000000e+00 0.000000000000000000e+00 0.000000000000000000e+00 0.000000000000000000e+00 1.000000000000000000e+00 1.000000000000000000e+10 0.000000000000000000e+00 0.000000000000000000e+00 0.000000000000000000e+00 1.000000000000000000e+10
2.350098705559579226e+00 3.008419576500698511e+01 2.339053581646257740e+01 8.006040282501343697e+00 2.332570258164094190e-01 2.352570722783692858e+01 2.840142036831548077e-28 2.100614765436022951e-28 5.905091895912000976e-29 6.674401941595159427e-01 7.347079095297738212e-29 1.000000000000000000e+00 0.000000000000000000e+00 0.000000000000000000e+00 0.000000000000000000e+00 1.000000000000000000e+00 1.000000000000000000e+10 0.000000000000000000e+00 0.000000000000000000e+00 0.000000000000000000e+00 1.000000000000000000e+10
