# R (Mpc), mean rho (Msol/kpc^3), errup (Msol/kpc^3), errlow, std, median rho (Msol/kpc^3), mean pth (Msol/kpc/s^2), errup(Msol/kpc/s^2), errlow, std, median pth (Msol/kpc/s^2), mean gas-mass-weighted metal (fraction), errup, errlow, std, median metal, mean gas-mass-weighted temp (K), errup, errlow, std, median temp  
#  nprofs 195, mean mh 210981273151.565308, median mh 199304645204.664856 
#  Mass range 11.00 - 11.5
1.040961082911032697e-02 2.313448937648517312e+05 1.125151571614104032e+05 1.012439167309149198e+05 2.515246850969732884e-01 2.110838525540232949e+05 9.075079413989335338e-26 1.015067556377286778e-25 1.678358593893288502e-26 4.544922775148384497e-01 3.522283321129816810e-26 1.000000000000000000e+00 0.000000000000000000e+00 0.000000000000000000e+00 0.000000000000000000e+00 1.000000000000000000e+00 1.000000000000000000e+10 0.000000000000000000e+00 0.000000000000000000e+00 0.000000000000000000e+00 1.000000000000000000e+10
1.200529105910367808e-02 1.756959901507117029e+05 1.014731852123224817e+05 7.560080588269255531e+04 2.454277610565202272e-01 1.578993287878728879e+05 8.265568132330712004e-26 1.020020657326693942e-25 2.097663668932925849e-26 4.378265253472917728e-01 3.763416044234038728e-26 1.000000000000000000e+00 0.000000000000000000e+00 0.000000000000000000e+00 0.000000000000000000e+00 1.000000000000000000e+00 1.000000000000000000e+10 0.000000000000000000e+00 0.000000000000000000e+00 0.000000000000000000e+00 1.000000000000000000e+10
1.384557172980430476e-02 1.336770544098406681e+05 9.317316813050795463e+04 5.952688195743512188e+04 2.786523759685289314e-01 1.186707215418629930e+05 9.272093212082069042e-26 1.220116616865677673e-25 3.197056169782927341e-26 4.667703873385185553e-01 4.973016657647321758e-26 1.000000000000000000e+00 0.000000000000000000e+00 0.000000000000000000e+00 0.000000000000000000e+00 1.000000000000000000e+00 1.000000000000000000e+10 0.000000000000000000e+00 0.000000000000000000e+00 0.000000000000000000e+00 1.000000000000000000e+10
1.596794743096121086e-02 9.547208356384560466e+04 5.761030796650887351e+04 4.202723656196697993e+04 2.582441505656754011e-01 8.555968421503211721e+04 7.982045113362281525e-26 9.252863799599028356e-26 2.802690542277801220e-26 3.908117514931666037e-01 4.928748106392435335e-26 1.000000000000000000e+00 0.000000000000000000e+00 0.000000000000000000e+00 0.000000000000000000e+00 1.000000000000000000e+00 1.000000000000000000e+10 0.000000000000000000e+00 0.000000000000000000e+00 0.000000000000000000e+00 1.000000000000000000e+10
1.841566026551830909e-02 6.576923079457845597e+04 4.095991299195057945e+04 2.922168586204652092e+04 2.502107461128070809e-01 6.069869288190451334e+04 6.406478361244337030e-26 6.284444909682936923e-26 2.569654907054504540e-26 3.543466329373268220e-01 4.565300086352254628e-26 1.000000000000000000e+00 0.000000000000000000e+00 0.000000000000000000e+00 0.000000000000000000e+00 1.000000000000000000e+00 1.000000000000000000e+10 0.000000000000000000e+00 0.000000000000000000e+00 0.000000000000000000e+00 1.000000000000000000e+10
2.123858088093512342e-02 4.368957177362783113e+04 3.093346014740634564e+04 1.846119987449354085e+04 2.540809545122397206e-01 3.823638106096631236e+04 5.275342624049277957e-26 4.186497328227475228e-26 2.135351141366318985e-26 3.189523343076087758e-01 4.047091290338641342e-26 1.000000000000000000e+00 0.000000000000000000e+00 0.000000000000000000e+00 0.000000000000000000e+00 1.000000000000000000e+00 1.000000000000000000e+10 0.000000000000000000e+00 0.000000000000000000e+00 0.000000000000000000e+00 1.000000000000000000e+10
2.449422455303571639e-02 3.002181508892375132e+04 2.180957319588191240e+04 9.924981241261475589e+03 2.543185657337931893e-01 2.452681831319276898e+04 4.296608517232817257e-26 3.326239812626097706e-26 1.635294606761157670e-26 2.840307439984049998e-01 3.468431273682221411e-26 1.000000000000000000e+00 0.000000000000000000e+00 0.000000000000000000e+00 0.000000000000000000e+00 1.000000000000000000e+00 1.000000000000000000e+10 0.000000000000000000e+00 0.000000000000000000e+00 0.000000000000000000e+00 1.000000000000000000e+10
2.824892302447100725e-02 2.032437991726390828e+04 1.395196714397658434e+04 7.354210927806858308e+03 2.570013100107215731e-01 1.690378700657203080e+04 3.593242740847925267e-26 2.573541806052089577e-26 1.362098307151860043e-26 2.608623128249033529e-01 2.987119661144478621e-26 1.000000000000000000e+00 0.000000000000000000e+00 0.000000000000000000e+00 0.000000000000000000e+00 1.000000000000000000e+00 1.000000000000000000e+10 0.000000000000000000e+00 0.000000000000000000e+00 0.000000000000000000e+00 1.000000000000000000e+10
3.257917597328415654e-02 1.348776637896741158e+04 8.968065457726299428e+03 5.149835692276026748e+03 2.433025404433294125e-01 1.166269744959321724e+04 2.866800457054530243e-26 2.177521692963215524e-26 9.379836112289289513e-27 2.545150105154542763e-01 2.316981637628801068e-26 1.000000000000000000e+00 0.000000000000000000e+00 0.000000000000000000e+00 0.000000000000000000e+00 1.000000000000000000e+00 1.000000000000000000e+10 0.000000000000000000e+00 0.000000000000000000e+00 0.000000000000000000e+00 1.000000000000000000e+10
3.757320964692217186e-02 9.292419124733502031e+03 5.693376804546176572e+03 2.951989803779367321e+03 2.307983717309976257e-01 8.002592569692526013e+03 2.301965985800741311e-26 1.403687036279890613e-26 7.409548090348974818e-27 2.394618007475113053e-01 1.917162435957495040e-26 1.000000000000000000e+00 0.000000000000000000e+00 0.000000000000000000e+00 0.000000000000000000e+00 1.000000000000000000e+00 1.000000000000000000e+10 0.000000000000000000e+00 0.000000000000000000e+00 0.000000000000000000e+00 1.000000000000000000e+10
4.333277441790538143e-02 6.397895532000501589e+03 3.698239285679345812e+03 2.203398974890882073e+03 2.066910423285027998e-01 5.753191445000494241e+03 1.862737531263342690e-26 1.272315656767639603e-26 5.779059631243513445e-27 2.248648100121639348e-01 1.573751779740176182e-26 1.000000000000000000e+00 0.000000000000000000e+00 0.000000000000000000e+00 0.000000000000000000e+00 1.000000000000000000e+00 1.000000000000000000e+10 0.000000000000000000e+00 0.000000000000000000e+00 0.000000000000000000e+00 1.000000000000000000e+10
4.997521788524898756e-02 4.684296124623051583e+03 2.251650001827751112e+03 1.794395161886808182e+03 2.025694146005282692e-01 4.298003047723628697e+03 1.482967066784595193e-26 1.111431955708521041e-26 4.594386369748598581e-27 2.301496267051086064e-01 1.213792756825831586e-26 1.000000000000000000e+00 0.000000000000000000e+00 0.000000000000000000e+00 0.000000000000000000e+00 1.000000000000000000e+00 1.000000000000000000e+10 0.000000000000000000e+00 0.000000000000000000e+00 0.000000000000000000e+00 1.000000000000000000e+10
5.763587575980636674e-02 3.567907168633798847e+03 1.690596526494497084e+03 1.225031696871108124e+03 1.765828782986053613e-01 3.357746802151902557e+03 1.238516632738085097e-26 8.082949558103371139e-27 4.340385195143831407e-27 2.271041802083560712e-01 1.053083225543553519e-26 1.000000000000000000e+00 0.000000000000000000e+00 0.000000000000000000e+00 0.000000000000000000e+00 1.000000000000000000e+00 1.000000000000000000e+10 0.000000000000000000e+00 0.000000000000000000e+00 0.000000000000000000e+00 1.000000000000000000e+10
6.647082924635627776e-02 2.680094243349017233e+03 1.208331898182801979e+03 8.668171038969662732e+02 1.608074635736242985e-01 2.508716690104414283e+03 9.555151058060483012e-27 7.355110611376197658e-27 2.628361444809016224e-27 2.325159797553411345e-01 7.329545043946735550e-27 1.000000000000000000e+00 0.000000000000000000e+00 0.000000000000000000e+00 0.000000000000000000e+00 1.000000000000000000e+00 1.000000000000000000e+10 0.000000000000000000e+00 0.000000000000000000e+00 0.000000000000000000e+00 1.000000000000000000e+10
7.666008510240249207e-02 2.160793861783872671e+03 9.757628460591524799e+02 6.685747934466637616e+02 1.641434069701480924e-01 1.984619073635528139e+03 7.473579892316310279e-27 5.171868603832511931e-27 2.293534101034210908e-27 2.391286010743067514e-01 6.025287429649483548e-27 1.000000000000000000e+00 0.000000000000000000e+00 0.000000000000000000e+00 0.000000000000000000e+00 1.000000000000000000e+00 1.000000000000000000e+10 0.000000000000000000e+00 0.000000000000000000e+00 0.000000000000000000e+00 1.000000000000000000e+10
8.841124316543315376e-02 1.698927228710177133e+03 6.617790005145654959e+02 4.575727830226076094e+02 1.593511860305417416e-01 1.542227518255476525e+03 5.567890380977215473e-27 3.826683782460935906e-27 1.621523183805591781e-27 2.381202055551882024e-01 4.418777316869655151e-27 1.000000000000000000e+00 0.000000000000000000e+00 0.000000000000000000e+00 0.000000000000000000e+00 1.000000000000000000e+00 1.000000000000000000e+10 0.000000000000000000e+00 0.000000000000000000e+00 0.000000000000000000e+00 1.000000000000000000e+10
1.019637260722580097e-01 1.302001455589734633e+03 5.459700760111536511e+02 3.622993789320943279e+02 1.518285021410366031e-01 1.213518498586164014e+03 4.179880539393103139e-27 2.871165607719550121e-27 1.302671713781385013e-27 2.451260749939463135e-01 3.360729956623003021e-27 1.000000000000000000e+00 0.000000000000000000e+00 0.000000000000000000e+00 0.000000000000000000e+00 1.000000000000000000e+00 1.000000000000000000e+10 0.000000000000000000e+00 0.000000000000000000e+00 0.000000000000000000e+00 1.000000000000000000e+10
1.175936573483598035e-01 1.001112778013664979e+03 3.574591910689805445e+02 2.561948486641456384e+02 1.548349441182560460e-01 9.341325566407517726e+02 3.078224476954367238e-27 2.144028855561742680e-27 9.568090163400332033e-28 2.569407100543591449e-01 2.404889353922098745e-27 1.000000000000000000e+00 0.000000000000000000e+00 0.000000000000000000e+00 0.000000000000000000e+00 1.000000000000000000e+00 1.000000000000000000e+10 0.000000000000000000e+00 0.000000000000000000e+00 0.000000000000000000e+00 1.000000000000000000e+10
1.356194872553388164e-01 7.867522739411190287e+02 3.068844673664837046e+02 1.845409051486276439e+02 1.531784874582142186e-01 7.192576730789792236e+02 2.315962181652416047e-27 1.652154041694296248e-27 7.678293313109121865e-28 2.707492842692935109e-01 1.791622899913985351e-27 1.000000000000000000e+00 0.000000000000000000e+00 0.000000000000000000e+00 0.000000000000000000e+00 1.000000000000000000e+00 1.000000000000000000e+10 0.000000000000000000e+00 0.000000000000000000e+00 0.000000000000000000e+00 1.000000000000000000e+10
1.564084810196403053e-01 6.089370425518889078e+02 2.820737503063877512e+02 1.593123057479624549e+02 1.558720721276855570e-01 5.510960277856707989e+02 1.759332311862717941e-27 1.271831255568398289e-27 5.714334679386973631e-28 3.025959742373517392e-01 1.274949857282138617e-27 1.000000000000000000e+00 0.000000000000000000e+00 0.000000000000000000e+00 0.000000000000000000e+00 1.000000000000000000e+00 1.000000000000000000e+10 0.000000000000000000e+00 0.000000000000000000e+00 0.000000000000000000e+00 1.000000000000000000e+10
1.803842016362447453e-01 4.560206633637315008e+02 2.042164027683664926e+02 1.051731975851650418e+02 1.602468297322531543e-01 4.069034429556539862e+02 1.338873016818365739e-27 9.518622513586236735e-28 4.366946044724983875e-28 3.366638261731540460e-01 8.864203383974475226e-28 1.000000000000000000e+00 0.000000000000000000e+00 0.000000000000000000e+00 0.000000000000000000e+00 1.000000000000000000e+00 1.000000000000000000e+10 0.000000000000000000e+00 0.000000000000000000e+00 0.000000000000000000e+00 1.000000000000000000e+10
2.080351397048574025e-01 3.503096187391089984e+02 1.333320391525235209e+02 1.002347863097799632e+02 1.712674997559676948e-01 3.221196582597968359e+02 1.044648516667498912e-27 7.347684978775528016e-28 3.323755594912191973e-28 3.777244573524423110e-01 6.114234754781807697e-28 1.000000000000000000e+00 0.000000000000000000e+00 0.000000000000000000e+00 0.000000000000000000e+00 1.000000000000000000e+00 1.000000000000000000e+10 0.000000000000000000e+00 0.000000000000000000e+00 0.000000000000000000e+00 1.000000000000000000e+10
2.399246661262133540e-01 2.743228401970326331e+02 1.277582771480119561e+02 7.234149618641765755e+01 1.857653196953062691e-01 2.358134494847490998e+02 8.359452921403567567e-28 5.673387845448792662e-28 2.247056991818094650e-28 4.144580230689506872e-01 4.092373051237459018e-28 1.000000000000000000e+00 0.000000000000000000e+00 0.000000000000000000e+00 0.000000000000000000e+00 1.000000000000000000e+00 1.000000000000000000e+10 0.000000000000000000e+00 0.000000000000000000e+00 0.000000000000000000e+00 1.000000000000000000e+10
2.767025104385807399e-01 2.111638305594840119e+02 1.001965896257722761e+02 5.623118234593374609e+01 2.006809952217029624e-01 1.765164899028030732e+02 6.788696578876179154e-28 5.908967346679228454e-28 1.659192943629519820e-28 4.568213441838807620e-01 2.947147918959443604e-28 1.000000000000000000e+00 0.000000000000000000e+00 0.000000000000000000e+00 0.000000000000000000e+00 1.000000000000000000e+00 1.000000000000000000e+10 0.000000000000000000e+00 0.000000000000000000e+00 0.000000000000000000e+00 1.000000000000000000e+10
3.191179986585286343e-01 1.684308293047978111e+02 8.994123302981969914e+01 4.692984244721039033e+01 2.077170962593148928e-01 1.393670661839308877e+02 5.892252486945760873e-28 5.215734551148643214e-28 1.198441164594983208e-28 4.934142027136161346e-01 2.059067674642426137e-28 1.000000000000000000e+00 0.000000000000000000e+00 0.000000000000000000e+00 0.000000000000000000e+00 1.000000000000000000e+00 1.000000000000000000e+10 0.000000000000000000e+00 0.000000000000000000e+00 0.000000000000000000e+00 1.000000000000000000e+10
3.680353203388414540e-01 1.399190811924339357e+02 7.001512769126316016e+01 3.451263329964669424e+01 2.308643176128597763e-01 1.083869624244419754e+02 5.469566329781521121e-28 4.752591278430658346e-28 9.065494094332993511e-29 5.376909224660880726e-01 1.553604237476155062e-28 1.000000000000000000e+00 0.000000000000000000e+00 0.000000000000000000e+00 0.000000000000000000e+00 1.000000000000000000e+00 1.000000000000000000e+10 0.000000000000000000e+00 0.000000000000000000e+00 0.000000000000000000e+00 1.000000000000000000e+10
4.244511359005219142e-01 1.191859544806958979e+02 7.105168465805905953e+01 3.026566033871668537e+01 2.513195904440598816e-01 8.666650099695453946e+01 5.214298441286257531e-28 3.588048070977214466e-28 7.008526430930617132e-29 5.849479158793354783e-01 1.139189477561839219e-28 1.000000000000000000e+00 0.000000000000000000e+00 0.000000000000000000e+00 0.000000000000000000e+00 1.000000000000000000e+00 1.000000000000000000e+10 0.000000000000000000e+00 0.000000000000000000e+00 0.000000000000000000e+00 1.000000000000000000e+10
4.895148829774688681e-01 9.634268444977922741e+01 6.495880552361198568e+01 2.447715457086438562e+01 2.624841917805473823e-01 6.842673035353068656e+01 4.803114945680284529e-28 3.569459700370029405e-28 6.302812632640317868e-29 6.343447122881681333e-01 9.437851340145818775e-29 1.000000000000000000e+00 0.000000000000000000e+00 0.000000000000000000e+00 0.000000000000000000e+00 1.000000000000000000e+00 1.000000000000000000e+10 0.000000000000000000e+00 0.000000000000000000e+00 0.000000000000000000e+00 1.000000000000000000e+10
5.645521955031491679e-01 8.747596758791189586e+01 6.253257813164255197e+01 2.163600625784581410e+01 2.974890161698118818e-01 5.585038104778227819e+01 4.846552126818920452e-28 3.407323953933483037e-28 5.686786816015580185e-29 6.985715013687230357e-01 7.943228293377978501e-29 1.000000000000000000e+00 0.000000000000000000e+00 0.000000000000000000e+00 0.000000000000000000e+00 1.000000000000000000e+00 1.000000000000000000e+10 0.000000000000000000e+00 0.000000000000000000e+00 0.000000000000000000e+00 1.000000000000000000e+10
6.510919126887823039e-01 7.144108950018340920e+01 5.722650401179377155e+01 1.740316259004060129e+01 3.053070048066086062e-01 4.583384919205266073e+01 4.592886413914872271e-28 4.062955053890124359e-28 4.770304578835592012e-29 7.586210883129687055e-01 6.325460380995985063e-29 1.000000000000000000e+00 0.000000000000000000e+00 0.000000000000000000e+00 0.000000000000000000e+00 1.000000000000000000e+00 1.000000000000000000e+10 0.000000000000000000e+00 0.000000000000000000e+00 0.000000000000000000e+00 1.000000000000000000e+10
7.508972281844089602e-01 6.305275307075469016e+01 5.653576468081944739e+01 1.478581306810339058e+01 3.142472775775127514e-01 3.899416808863986006e+01 4.547244073000970174e-28 4.777720426966427643e-28 4.500970878271468478e-29 8.071561164357065055e-01 5.681755367145387583e-29 1.000000000000000000e+00 0.000000000000000000e+00 0.000000000000000000e+00 0.000000000000000000e+00 1.000000000000000000e+00 1.000000000000000000e+10 0.000000000000000000e+00 0.000000000000000000e+00 0.000000000000000000e+00 1.000000000000000000e+10
8.660016140678794550e-01 5.845389591185323042e+01 6.628959764739585125e+01 1.457886106276344407e+01 3.339593538545895801e-01 3.582875221082554873e+01 4.487888527213327362e-28 5.817066879910700180e-28 4.437178616472236209e-29 8.637142231235352963e-01 5.375580467193330765e-29 1.000000000000000000e+00 0.000000000000000000e+00 0.000000000000000000e+00 0.000000000000000000e+00 1.000000000000000000e+00 1.000000000000000000e+10 0.000000000000000000e+00 0.000000000000000000e+00 0.000000000000000000e+00 1.000000000000000000e+10
9.987502515910116063e-01 5.241510137019800908e+01 5.813333008195851903e+01 1.568631771786954232e+01 3.330959906010202976e-01 3.372859832330149743e+01 4.387003069942074437e-28 4.785639918730930505e-28 4.753450086903902411e-29 8.914154194525244490e-01 5.508317123518503261e-29 1.000000000000000000e+00 0.000000000000000000e+00 0.000000000000000000e+00 0.000000000000000000e+00 1.000000000000000000e+00 1.000000000000000000e+10 0.000000000000000000e+00 0.000000000000000000e+00 0.000000000000000000e+00 1.000000000000000000e+10
1.151847812808953542e+00 4.670793817686169547e+01 5.376484853069010228e+01 1.454777017349907808e+01 3.244528800779874489e-01 3.124377935352596225e+01 4.314565875567911661e-28 4.759513094309303996e-28 3.708404513815295342e-29 8.859979926115255644e-01 4.403169133295933641e-29 1.000000000000000000e+00 0.000000000000000000e+00 0.000000000000000000e+00 0.000000000000000000e+00 1.000000000000000000e+00 1.000000000000000000e+10 0.000000000000000000e+00 0.000000000000000000e+00 0.000000000000000000e+00 1.000000000000000000e+10
1.328413566614123908e+00 4.143052585434060120e+01 3.505839053090852531e+01 1.513287711289077642e+01 3.031550936567841137e-01 3.108190287066038948e+01 4.492041610597501557e-28 3.603896740553090238e-28 4.132697119216334619e-29 8.528603644571708386e-01 4.875915083987376991e-29 1.000000000000000000e+00 0.000000000000000000e+00 0.000000000000000000e+00 0.000000000000000000e+00 1.000000000000000000e+00 1.000000000000000000e+10 0.000000000000000000e+00 0.000000000000000000e+00 0.000000000000000000e+00 1.000000000000000000e+10
1.532044931926391351e+00 4.031284174547401022e+01 3.357619909386591672e+01 1.452748635311448133e+01 3.044420529974513068e-01 3.007143116055269871e+01 6.426408542556120322e-28 4.250074422768997020e-28 4.122705458353644299e-29 8.598081890714343034e-01 4.872655438743547778e-29 1.000000000000000000e+00 0.000000000000000000e+00 0.000000000000000000e+00 0.000000000000000000e+00 1.000000000000000000e+00 1.000000000000000000e+10 0.000000000000000000e+00 0.000000000000000000e+00 0.000000000000000000e+00 1.000000000000000000e+10
1.766890772896739126e+00 3.870065750958582385e+01 2.909820312863984881e+01 1.221644920592799188e+01 3.003296192606041415e-01 2.694444394576202839e+01 1.084350651253998263e-27 3.409115093843606842e-28 4.132116317232268929e-29 8.589469676987334656e-01 4.854004043865363128e-29 1.000000000000000000e+00 0.000000000000000000e+00 0.000000000000000000e+00 0.000000000000000000e+00 1.000000000000000000e+00 1.000000000000000000e+10 0.000000000000000000e+00 0.000000000000000000e+00 0.000000000000000000e+00 1.000000000000000000e+10
2.037735929469222107e+00 3.813307406944606015e+01 2.724215917550266042e+01 1.310802335042041555e+01 3.029171147584449608e-01 2.687111140603849790e+01 1.512228537412798099e-27 3.180341486336022537e-28 5.769832851528125565e-29 8.667195048770837129e-01 6.484508087382741861e-29 1.000000000000000000e+00 0.000000000000000000e+00 0.000000000000000000e+00 0.000000000000000000e+00 1.000000000000000000e+00 1.000000000000000000e+10 0.000000000000000000e+00 0.000000000000000000e+00 0.000000000000000000e+00 1.000000000000000000e+10
2.350098705559579226e+00 3.334225183061847986e+01 2.369856216474205013e+01 1.201207269043259274e+01 2.877785670297703380e-01 2.517582620733737286e+01 9.458088261335827290e-28 2.785384307469459327e-28 5.731406272675874336e-29 8.695634337242813539e-01 6.505490075711426969e-29 1.000000000000000000e+00 0.000000000000000000e+00 0.000000000000000000e+00 0.000000000000000000e+00 1.000000000000000000e+00 1.000000000000000000e+10 0.000000000000000000e+00 0.000000000000000000e+00 0.000000000000000000e+00 1.000000000000000000e+10
