# R (Mpc), mean rho (Msol/kpc^3), errup (Msol/kpc^3), errlow, std, median rho (Msol/kpc^3), mean pth (Msol/kpc/s^2), errup(Msol/kpc/s^2), errlow, std, median pth (Msol/kpc/s^2), mean gas-mass-weighted metal (fraction), errup, errlow, std, median metal, mean gas-mass-weighted temp (K), errup, errlow, std, median temp  
#  nprofs 203, mean mh 216478281554.058197, median mh 205883747453.821716 
#  Mass range 11.00 - 11.5
1.040961082911032697e-02 2.165038523923296598e+05 1.336419268324885634e+05 8.536757528868103691e+04 2.270126484274615497e-01 1.967481286335113109e+05 9.098087105830685239e-26 1.121520854304962522e-25 1.159654794053998389e-26 4.704448390380500666e-01 2.918109531794672163e-26 1.000000000000000000e+00 0.000000000000000000e+00 0.000000000000000000e+00 0.000000000000000000e+00 1.000000000000000000e+00 1.000000000000000000e+10 0.000000000000000000e+00 0.000000000000000000e+00 0.000000000000000000e+00 1.000000000000000000e+10
1.200529105910367808e-02 1.718899588472321630e+05 1.133286483825166652e+05 6.327742052647889068e+04 2.359464289345163390e-01 1.513758386857683363e+05 9.491801506573017653e-26 1.263422609913233677e-25 2.329948680895826202e-26 4.699824514158888467e-01 3.970292821824306768e-26 1.000000000000000000e+00 0.000000000000000000e+00 0.000000000000000000e+00 0.000000000000000000e+00 1.000000000000000000e+00 1.000000000000000000e+10 0.000000000000000000e+00 0.000000000000000000e+00 0.000000000000000000e+00 1.000000000000000000e+10
1.384557172980430476e-02 1.388776902491464571e+05 1.019744170711990300e+05 5.421833247536153067e+04 2.932995606179686354e-01 1.244976191618959856e+05 9.749319903055039625e-26 1.334615768165482086e-25 2.006504957990297470e-26 4.613088729158462131e-01 3.939833728453493137e-26 1.000000000000000000e+00 0.000000000000000000e+00 0.000000000000000000e+00 0.000000000000000000e+00 1.000000000000000000e+00 1.000000000000000000e+10 0.000000000000000000e+00 0.000000000000000000e+00 0.000000000000000000e+00 1.000000000000000000e+10
1.596794743096121086e-02 1.073937855444383313e+05 7.118268011929569184e+04 4.815490358218151232e+04 2.827212144167042807e-01 9.785947373967006570e+04 7.288004376956688074e-26 8.384547795077827179e-26 3.182386603700280313e-26 3.969074416379426706e-01 4.907687106294889422e-26 1.000000000000000000e+00 0.000000000000000000e+00 0.000000000000000000e+00 0.000000000000000000e+00 1.000000000000000000e+00 1.000000000000000000e+10 0.000000000000000000e+00 0.000000000000000000e+00 0.000000000000000000e+00 1.000000000000000000e+10
1.841566026551830909e-02 7.603399169751598674e+04 5.572949212741767406e+04 3.450384440475839801e+04 3.132592589881548206e-01 6.768937587089993758e+04 6.690817858063847163e-26 6.777314777792557170e-26 2.924533348767447503e-26 3.689540506608190440e-01 4.735352228297347955e-26 1.000000000000000000e+00 0.000000000000000000e+00 0.000000000000000000e+00 0.000000000000000000e+00 1.000000000000000000e+00 1.000000000000000000e+10 0.000000000000000000e+00 0.000000000000000000e+00 0.000000000000000000e+00 1.000000000000000000e+10
2.123858088093512342e-02 5.300475958824512782e+04 3.952660392465339828e+04 2.294504999057790337e+04 2.950704609081801211e-01 4.528037852401278360e+04 5.287945872560972881e-26 5.190266514250021022e-26 2.151274884291142842e-26 3.315906338415247068e-01 3.866845526047453685e-26 1.000000000000000000e+00 0.000000000000000000e+00 0.000000000000000000e+00 0.000000000000000000e+00 1.000000000000000000e+00 1.000000000000000000e+10 0.000000000000000000e+00 0.000000000000000000e+00 0.000000000000000000e+00 1.000000000000000000e+10
2.449422455303571639e-02 3.485310255608170701e+04 3.195774912969663274e+04 1.272047167361510947e+04 3.269298147014536582e-01 2.732943576853659033e+04 4.480722004529259104e-26 3.355399102061882030e-26 1.965041452417145488e-26 2.987612426698901258e-01 3.593743593876285447e-26 1.000000000000000000e+00 0.000000000000000000e+00 0.000000000000000000e+00 0.000000000000000000e+00 1.000000000000000000e+00 1.000000000000000000e+10 0.000000000000000000e+00 0.000000000000000000e+00 0.000000000000000000e+00 1.000000000000000000e+10
2.824892302447100725e-02 2.225657768454493635e+04 1.751242526794744481e+04 9.887456774696913271e+03 3.058936149791280923e-01 1.877719308979286143e+04 3.611625775501736944e-26 2.364868935100806824e-26 1.374444072675009063e-26 2.881068149830373626e-01 2.937151492570545599e-26 1.000000000000000000e+00 0.000000000000000000e+00 0.000000000000000000e+00 0.000000000000000000e+00 1.000000000000000000e+00 1.000000000000000000e+10 0.000000000000000000e+00 0.000000000000000000e+00 0.000000000000000000e+00 1.000000000000000000e+10
3.257917597328415654e-02 1.419499312836302852e+04 1.026512112266137410e+04 5.455785369804936636e+03 2.770993217749281867e-01 1.154686808203889086e+04 2.976104571707198017e-26 1.923853545626449769e-26 1.064005985168120040e-26 2.671310617287573352e-01 2.350812527485344800e-26 1.000000000000000000e+00 0.000000000000000000e+00 0.000000000000000000e+00 0.000000000000000000e+00 1.000000000000000000e+00 1.000000000000000000e+10 0.000000000000000000e+00 0.000000000000000000e+00 0.000000000000000000e+00 1.000000000000000000e+10
3.757320964692217186e-02 9.005625129644478875e+03 5.836978264458874037e+03 3.444337560373217457e+03 2.515162685787269425e-01 7.967688696614746732e+03 2.471015370067005295e-26 1.534622141426815058e-26 8.682507686671284324e-27 2.734331560882084511e-01 1.959858917302102646e-26 1.000000000000000000e+00 0.000000000000000000e+00 0.000000000000000000e+00 0.000000000000000000e+00 1.000000000000000000e+00 1.000000000000000000e+10 0.000000000000000000e+00 0.000000000000000000e+00 0.000000000000000000e+00 1.000000000000000000e+10
4.333277441790538143e-02 6.042251709134257908e+03 3.679246999316836991e+03 2.127855232864694699e+03 2.132453659796878787e-01 5.400855501821605685e+03 2.077085596199293677e-26 1.195225980332473437e-26 6.355531039181668881e-27 2.645144020992771239e-01 1.558444216449418787e-26 1.000000000000000000e+00 0.000000000000000000e+00 0.000000000000000000e+00 0.000000000000000000e+00 1.000000000000000000e+00 1.000000000000000000e+10 0.000000000000000000e+00 0.000000000000000000e+00 0.000000000000000000e+00 1.000000000000000000e+10
4.997521788524898756e-02 4.236319609133351150e+03 2.542927114606361101e+03 1.248146529929802909e+03 2.014096612431652833e-01 3.672224843318553212e+03 1.700194819059456207e-26 1.189780528270394084e-26 5.137657276552515685e-27 2.816764698359134345e-01 1.224628554150080512e-26 1.000000000000000000e+00 0.000000000000000000e+00 0.000000000000000000e+00 0.000000000000000000e+00 1.000000000000000000e+00 1.000000000000000000e+10 0.000000000000000000e+00 0.000000000000000000e+00 0.000000000000000000e+00 1.000000000000000000e+10
5.763587575980636674e-02 3.233652818886844216e+03 1.664342062400282430e+03 9.761215912051886789e+02 1.886342203298164988e-01 2.882732810908410556e+03 1.355951137941410138e-26 8.562349842743394903e-27 4.107329481683274283e-27 2.676298482478595697e-01 9.722155419388873435e-27 1.000000000000000000e+00 0.000000000000000000e+00 0.000000000000000000e+00 0.000000000000000000e+00 1.000000000000000000e+00 1.000000000000000000e+10 0.000000000000000000e+00 0.000000000000000000e+00 0.000000000000000000e+00 1.000000000000000000e+10
6.647082924635627776e-02 2.487630943368173121e+03 1.010206193927221648e+03 7.280818942411856369e+02 1.772268181349032357e-01 2.263049639895559721e+03 1.129438632956836034e-26 6.179482933965095535e-27 3.174832867064918797e-27 2.772550891312388077e-01 7.833068819349325872e-27 1.000000000000000000e+00 0.000000000000000000e+00 0.000000000000000000e+00 0.000000000000000000e+00 1.000000000000000000e+00 1.000000000000000000e+10 0.000000000000000000e+00 0.000000000000000000e+00 0.000000000000000000e+00 1.000000000000000000e+10
7.666008510240249207e-02 1.931779726815411095e+03 7.116090537157911058e+02 6.227203439707081998e+02 1.663675935692247032e-01 1.845275509154398151e+03 9.062260525699829793e-27 4.656602375567197807e-27 2.540531609639546142e-27 2.900292771678656956e-01 5.981412393404935228e-27 1.000000000000000000e+00 0.000000000000000000e+00 0.000000000000000000e+00 0.000000000000000000e+00 1.000000000000000000e+00 1.000000000000000000e+10 0.000000000000000000e+00 0.000000000000000000e+00 0.000000000000000000e+00 1.000000000000000000e+10
8.841124316543315376e-02 1.543380616620569299e+03 6.101294866973769331e+02 4.456937281909251851e+02 1.547690990757471519e-01 1.466940650956032869e+03 7.632740365265001999e-27 4.273898532067503448e-27 1.910413941773959286e-27 3.097252595696013966e-01 4.500951329314231962e-27 1.000000000000000000e+00 0.000000000000000000e+00 0.000000000000000000e+00 0.000000000000000000e+00 1.000000000000000000e+00 1.000000000000000000e+10 0.000000000000000000e+00 0.000000000000000000e+00 0.000000000000000000e+00 1.000000000000000000e+10
1.019637260722580097e-01 1.210314186336299372e+03 5.139344785219584537e+02 3.844584024762360741e+02 1.565895927573092428e-01 1.149898997979387786e+03 6.097735770556046164e-27 3.258096265243971276e-27 1.442018441195946247e-27 3.314741072545417944e-01 3.309330181679763293e-27 1.000000000000000000e+00 0.000000000000000000e+00 0.000000000000000000e+00 0.000000000000000000e+00 1.000000000000000000e+00 1.000000000000000000e+10 0.000000000000000000e+00 0.000000000000000000e+00 0.000000000000000000e+00 1.000000000000000000e+10
1.175936573483598035e-01 9.670161227894550393e+02 4.069518986392337183e+02 2.964973725880284974e+02 1.563152428147990547e-01 9.159811902408436026e+02 5.166755399123347986e-27 2.796231275769979809e-27 1.121185938722294207e-27 3.602924496104758512e-01 2.480534710322556948e-27 1.000000000000000000e+00 0.000000000000000000e+00 0.000000000000000000e+00 0.000000000000000000e+00 1.000000000000000000e+00 1.000000000000000000e+10 0.000000000000000000e+00 0.000000000000000000e+00 0.000000000000000000e+00 1.000000000000000000e+10
1.356194872553388164e-01 7.593748336957009997e+02 3.352531641950324683e+02 2.408795831272319674e+02 1.620637064002269367e-01 7.022290225629160432e+02 4.575983943339452034e-27 2.292333302716839682e-27 8.366132893810947720e-28 3.951247402022212696e-01 1.794071964315532192e-27 1.000000000000000000e+00 0.000000000000000000e+00 0.000000000000000000e+00 0.000000000000000000e+00 1.000000000000000000e+00 1.000000000000000000e+10 0.000000000000000000e+00 0.000000000000000000e+00 0.000000000000000000e+00 1.000000000000000000e+10
1.564084810196403053e-01 5.985000796160044274e+02 2.458127399554919066e+02 1.755918395912372603e+02 1.726064666743248321e-01 5.432389600332310238e+02 3.954250530406576558e-27 1.744906307521197137e-27 7.247432913307231106e-28 4.301551742924123456e-01 1.372641941101546880e-27 1.000000000000000000e+00 0.000000000000000000e+00 0.000000000000000000e+00 0.000000000000000000e+00 1.000000000000000000e+00 1.000000000000000000e+10 0.000000000000000000e+00 0.000000000000000000e+00 0.000000000000000000e+00 1.000000000000000000e+10
1.803842016362447453e-01 4.614027400427694943e+02 1.999935971711504408e+02 1.410054508908064008e+02 1.801526171456123149e-01 4.251596737514772713e+02 3.498360879023598302e-27 1.309389224829964078e-27 5.164694076447169216e-28 4.701665968844669363e-01 9.588005257781467906e-28 1.000000000000000000e+00 0.000000000000000000e+00 0.000000000000000000e+00 0.000000000000000000e+00 1.000000000000000000e+00 1.000000000000000000e+10 0.000000000000000000e+00 0.000000000000000000e+00 0.000000000000000000e+00 1.000000000000000000e+10
2.080351397048574025e-01 3.628374850955891020e+02 2.236511371669187724e+02 1.078417267530612094e+02 1.994566607216338994e-01 3.128806114945587638e+02 3.187045481883970536e-27 1.126047448008619733e-27 3.861258434498893956e-28 5.197285492489290837e-01 6.665446790297009145e-28 1.000000000000000000e+00 0.000000000000000000e+00 0.000000000000000000e+00 0.000000000000000000e+00 1.000000000000000000e+00 1.000000000000000000e+10 0.000000000000000000e+00 0.000000000000000000e+00 0.000000000000000000e+00 1.000000000000000000e+10
2.399246661262133540e-01 2.945983728672899815e+02 1.954332249703765854e+02 8.356552360347285457e+01 2.183847788864513029e-01 2.386846425491648631e+02 2.962943172115784190e-27 9.807571789662715801e-28 2.762623913175109307e-28 5.691313652949532287e-01 4.718643218294723405e-28 1.000000000000000000e+00 0.000000000000000000e+00 0.000000000000000000e+00 0.000000000000000000e+00 1.000000000000000000e+00 1.000000000000000000e+10 0.000000000000000000e+00 0.000000000000000000e+00 0.000000000000000000e+00 1.000000000000000000e+10
2.767025104385807399e-01 2.486827638755099201e+02 1.899076363128649803e+02 6.706902876764722521e+01 2.591921299100909404e-01 1.812390900588733018e+02 2.825337395659345293e-27 9.018320837591647473e-28 2.136890070379651565e-28 6.231040167416640463e-01 3.379019155979924947e-28 1.000000000000000000e+00 0.000000000000000000e+00 0.000000000000000000e+00 0.000000000000000000e+00 1.000000000000000000e+00 1.000000000000000000e+10 0.000000000000000000e+00 0.000000000000000000e+00 0.000000000000000000e+00 1.000000000000000000e+10
3.191179986585286343e-01 2.011035262601349416e+02 1.592755148879317346e+02 5.192563030840423721e+01 2.728057065528399217e-01 1.392327387862949593e+02 2.728960204191299534e-27 9.027052044476529034e-28 1.499561703925883215e-28 6.712836428766614238e-01 2.367138802786688894e-28 1.000000000000000000e+00 0.000000000000000000e+00 0.000000000000000000e+00 0.000000000000000000e+00 1.000000000000000000e+00 1.000000000000000000e+10 0.000000000000000000e+00 0.000000000000000000e+00 0.000000000000000000e+00 1.000000000000000000e+10
3.680353203388414540e-01 1.604940166953107621e+02 1.235936880197024266e+02 4.016101420544522682e+01 2.837825838084002128e-01 1.081453684917478313e+02 2.648633588460540274e-27 8.767825923105800093e-28 1.192994331455504826e-28 7.181958073216040406e-01 1.790411879725382665e-28 1.000000000000000000e+00 0.000000000000000000e+00 0.000000000000000000e+00 0.000000000000000000e+00 1.000000000000000000e+00 1.000000000000000000e+10 0.000000000000000000e+00 0.000000000000000000e+00 0.000000000000000000e+00 1.000000000000000000e+10
4.244511359005219142e-01 1.350296836797557773e+02 1.276345906631863016e+02 3.523646364822834443e+01 3.063851433720740647e-01 8.725964761810500647e+01 2.614773336873433603e-27 9.026645814479588981e-28 9.148101275577172565e-29 7.682076017597817552e-01 1.302075939327734225e-28 1.000000000000000000e+00 0.000000000000000000e+00 0.000000000000000000e+00 0.000000000000000000e+00 1.000000000000000000e+00 1.000000000000000000e+10 0.000000000000000000e+00 0.000000000000000000e+00 0.000000000000000000e+00 1.000000000000000000e+10
4.895148829774688681e-01 1.169624117449425000e+02 1.070930008732103147e+02 2.556222948270232109e+01 3.330776013491648091e-01 6.514729474945781362e+01 2.789070482910708994e-27 8.682627291932946331e-28 6.611284821576602244e-29 8.281241159137761043e-01 9.361722591553911325e-29 1.000000000000000000e+00 0.000000000000000000e+00 0.000000000000000000e+00 0.000000000000000000e+00 1.000000000000000000e+00 1.000000000000000000e+10 0.000000000000000000e+00 0.000000000000000000e+00 0.000000000000000000e+00 1.000000000000000000e+10
5.645521955031491679e-01 1.075743377121717259e+02 1.134667891679187619e+02 2.069173989856335538e+01 3.700837007316924998e-01 5.235008228102583416e+01 3.126382844232953193e-27 8.209521429771358529e-28 5.753704205603653317e-29 8.905510637463209811e-01 7.717425083200049558e-29 1.000000000000000000e+00 0.000000000000000000e+00 0.000000000000000000e+00 0.000000000000000000e+00 1.000000000000000000e+00 1.000000000000000000e+10 0.000000000000000000e+00 0.000000000000000000e+00 0.000000000000000000e+00 1.000000000000000000e+10
6.510919126887823039e-01 9.481696770986187062e+01 8.903033990276720999e+01 1.810031120445610497e+01 3.853518017272034024e-01 4.385015103482807319e+01 3.669107426457930811e-27 9.661940784237087835e-28 5.084763123927218955e-29 9.454971102526861237e-01 6.416447712559615711e-29 1.000000000000000000e+00 0.000000000000000000e+00 0.000000000000000000e+00 0.000000000000000000e+00 1.000000000000000000e+00 1.000000000000000000e+10 0.000000000000000000e+00 0.000000000000000000e+00 0.000000000000000000e+00 1.000000000000000000e+10
7.508972281844089602e-01 8.833965448009998056e+01 7.537966578966015163e+01 1.824959442894611428e+01 3.959248686271085171e-01 4.016514358814972496e+01 4.521316271300439839e-27 8.403170376943322239e-28 4.955220936527578436e-29 9.829995210505839687e-01 6.129540401444327287e-29 1.000000000000000000e+00 0.000000000000000000e+00 0.000000000000000000e+00 0.000000000000000000e+00 1.000000000000000000e+00 1.000000000000000000e+10 0.000000000000000000e+00 0.000000000000000000e+00 0.000000000000000000e+00 1.000000000000000000e+10
8.660016140678794550e-01 8.564510756619617382e+01 6.264809328589486626e+01 1.890061960621929771e+01 4.158880764050675305e-01 3.647365918532681661e+01 6.436088588519912224e-27 7.941450300525352996e-28 4.644128572402461692e-29 1.032173277888708718e+00 5.540957468623209043e-29 1.000000000000000000e+00 0.000000000000000000e+00 0.000000000000000000e+00 0.000000000000000000e+00 1.000000000000000000e+00 1.000000000000000000e+10 0.000000000000000000e+00 0.000000000000000000e+00 0.000000000000000000e+00 1.000000000000000000e+10
9.987502515910116063e-01 8.431331857149326936e+01 6.753871942913349358e+01 1.808382285294599967e+01 4.310864761677530854e-01 3.374546184839969243e+01 8.330038994291355543e-27 7.649206219025678416e-28 5.294096543338551662e-29 1.072707069335124830e+00 6.005942878488621917e-29 1.000000000000000000e+00 0.000000000000000000e+00 0.000000000000000000e+00 0.000000000000000000e+00 1.000000000000000000e+00 1.000000000000000000e+10 0.000000000000000000e+00 0.000000000000000000e+00 0.000000000000000000e+00 1.000000000000000000e+10
1.151847812808953542e+00 7.587057397975388540e+01 5.692915568393606662e+01 1.802229820350508049e+01 4.234818709753764843e-01 3.206149590809990713e+01 7.953264089176296324e-27 7.430423522608766113e-28 5.119235176330499292e-29 1.070655154213287830e+00 5.772015321691494002e-29 1.000000000000000000e+00 0.000000000000000000e+00 0.000000000000000000e+00 0.000000000000000000e+00 1.000000000000000000e+00 1.000000000000000000e+10 0.000000000000000000e+00 0.000000000000000000e+00 0.000000000000000000e+00 1.000000000000000000e+10
1.328413566614123908e+00 6.439090161248408606e+01 4.791806431599000149e+01 1.646445125549103849e+01 4.047169511937839803e-01 3.047212588463799676e+01 4.947530069306748466e-27 7.305745023569447925e-28 6.146065800759516182e-29 1.027376642523020855e+00 6.948072969928647839e-29 1.000000000000000000e+00 0.000000000000000000e+00 0.000000000000000000e+00 0.000000000000000000e+00 1.000000000000000000e+00 1.000000000000000000e+10 0.000000000000000000e+00 0.000000000000000000e+00 0.000000000000000000e+00 1.000000000000000000e+10
1.532044931926391351e+00 5.417281288946374218e+01 4.140813067407974302e+01 1.413679767314055269e+01 3.847471831735244097e-01 2.815924288828514932e+01 2.986582852696993091e-27 6.052954636731457363e-28 5.967770308947902494e-29 9.981922447532347586e-01 6.806231081416410176e-29 1.000000000000000000e+00 0.000000000000000000e+00 0.000000000000000000e+00 0.000000000000000000e+00 1.000000000000000000e+00 1.000000000000000000e+10 0.000000000000000000e+00 0.000000000000000000e+00 0.000000000000000000e+00 1.000000000000000000e+10
1.766890772896739126e+00 4.619238229686560970e+01 3.084384896997370618e+01 1.373755173748704728e+01 3.606144487092258211e-01 2.711004551405947183e+01 3.018040345808985013e-27 5.054620248519186795e-28 5.841161094098004265e-29 9.704465739900767218e-01 6.651374821798050329e-29 1.000000000000000000e+00 0.000000000000000000e+00 0.000000000000000000e+00 0.000000000000000000e+00 1.000000000000000000e+00 1.000000000000000000e+10 0.000000000000000000e+00 0.000000000000000000e+00 0.000000000000000000e+00 1.000000000000000000e+10
2.037735929469222107e+00 3.941563297759197582e+01 2.437985237691642482e+01 1.372541088203913517e+01 3.377111135160825173e-01 2.588864201703442802e+01 2.247478411808198803e-27 3.308150302494146227e-28 6.791271031039554073e-29 9.346094422345389008e-01 7.642607269395942440e-29 1.000000000000000000e+00 0.000000000000000000e+00 0.000000000000000000e+00 0.000000000000000000e+00 1.000000000000000000e+00 1.000000000000000000e+10 0.000000000000000000e+00 0.000000000000000000e+00 0.000000000000000000e+00 1.000000000000000000e+10
2.350098705559579226e+00 3.278238551499989484e+01 2.697867074998626435e+01 1.170632784060989628e+01 3.060225400608967972e-01 2.358164371104665236e+01 8.281610839503998607e-28 4.951745846860216167e-28 6.627128845380839550e-29 8.884905756536058963e-01 7.440450670850778387e-29 1.000000000000000000e+00 0.000000000000000000e+00 0.000000000000000000e+00 0.000000000000000000e+00 1.000000000000000000e+00 1.000000000000000000e+10 0.000000000000000000e+00 0.000000000000000000e+00 0.000000000000000000e+00 1.000000000000000000e+10
