# R (Mpc), mean rho (Msol/kpc^3), errup (Msol/kpc^3), errlow, std, median rho (Msol/kpc^3), mean pth (Msol/kpc/s^2), errup(Msol/kpc/s^2), errlow, std, median pth (Msol/kpc/s^2), mean gas-mass-weighted metal (fraction), errup, errlow, std, median metal, mean gas-mass-weighted temp (K), errup, errlow, std, median temp  
#  nprofs 112, mean mh 212294619504.190948, median mh 196560788769.211121 
#  Mass range 11.00 - 11.5
1.040961082911032697e-02 3.691240378377393936e+05 1.410806956821513013e+05 1.862511286956058175e+05 2.179722696445930974e-01 3.753334988263557898e+05 1.798381910825754682e-25 2.746726389274465502e-25 3.355451374634918595e-26 4.855615369358063371e-01 6.567583633681736779e-26 1.000000000000000000e+00 0.000000000000000000e+00 0.000000000000000000e+00 0.000000000000000000e+00 1.000000000000000000e+00 1.000000000000000000e+10 0.000000000000000000e+00 0.000000000000000000e+00 0.000000000000000000e+00 1.000000000000000000e+10
1.200529105910367808e-02 2.996252004134781309e+05 1.233895708618994686e+05 1.357273244816627412e+05 2.214743558725228711e-01 2.992464463904509903e+05 1.741136768570240065e-25 2.164477676317184269e-25 4.220731942921869330e-26 4.814453039749565511e-01 7.366177523227691870e-26 1.000000000000000000e+00 0.000000000000000000e+00 0.000000000000000000e+00 0.000000000000000000e+00 1.000000000000000000e+00 1.000000000000000000e+10 0.000000000000000000e+00 0.000000000000000000e+00 0.000000000000000000e+00 1.000000000000000000e+10
1.384557172980430476e-02 2.167873449688488909e+05 1.061665406591021456e+05 9.433160086779830453e+04 2.347094108632964415e-01 2.039820894054537639e+05 1.535827905627516163e-25 1.866599602374612882e-25 6.695047397201327986e-26 4.715357099806478103e-01 9.587698843531095078e-26 1.000000000000000000e+00 0.000000000000000000e+00 0.000000000000000000e+00 0.000000000000000000e+00 1.000000000000000000e+00 1.000000000000000000e+10 0.000000000000000000e+00 0.000000000000000000e+00 0.000000000000000000e+00 1.000000000000000000e+10
1.596794743096121086e-02 1.634166143470146344e+05 1.041761677690400393e+05 7.170643148482605466e+04 2.482232893014412467e-01 1.530222887798272714e+05 1.382749332141721013e-25 1.693649358839010774e-25 6.968556231686384151e-26 4.375571000349678386e-01 9.824352576029451192e-26 1.000000000000000000e+00 0.000000000000000000e+00 0.000000000000000000e+00 0.000000000000000000e+00 1.000000000000000000e+00 1.000000000000000000e+10 0.000000000000000000e+00 0.000000000000000000e+00 0.000000000000000000e+00 1.000000000000000000e+10
1.841566026551830909e-02 1.149735508197614399e+05 7.106702991424655193e+04 4.117005114112398587e+04 2.372002671501228510e-01 1.001303764615778637e+05 1.027503393736163900e-25 1.135260312840050182e-25 4.492199180319267067e-26 3.891588535383795899e-01 6.830127419293883649e-26 1.000000000000000000e+00 0.000000000000000000e+00 0.000000000000000000e+00 0.000000000000000000e+00 1.000000000000000000e+00 1.000000000000000000e+10 0.000000000000000000e+00 0.000000000000000000e+00 0.000000000000000000e+00 1.000000000000000000e+10
2.123858088093512342e-02 7.887351182652404532e+04 4.638874196535891679e+04 2.648095085388539155e+04 2.175044304290806585e-01 6.985153207742088125e+04 9.041657266628487534e-26 8.417449723893272563e-26 3.602264951117549846e-26 3.481121424590330471e-01 6.760310312693073034e-26 1.000000000000000000e+00 0.000000000000000000e+00 0.000000000000000000e+00 0.000000000000000000e+00 1.000000000000000000e+00 1.000000000000000000e+10 0.000000000000000000e+00 0.000000000000000000e+00 0.000000000000000000e+00 1.000000000000000000e+10
2.449422455303571639e-02 5.280299073385309021e+04 2.389502593088161666e+04 1.726599764816856623e+04 2.041771498980415600e-01 4.832138989918211882e+04 7.646429503928616491e-26 7.202272521180673647e-26 3.356548418317219183e-26 3.549668493791009460e-01 5.808134954649934187e-26 1.000000000000000000e+00 0.000000000000000000e+00 0.000000000000000000e+00 0.000000000000000000e+00 1.000000000000000000e+00 1.000000000000000000e+10 0.000000000000000000e+00 0.000000000000000000e+00 0.000000000000000000e+00 1.000000000000000000e+10
2.824892302447100725e-02 3.584740074941184139e+04 1.661212218647824920e+04 1.243538984253077797e+04 1.912322300865583469e-01 3.398440099732350791e+04 5.966047153395314253e-26 4.931902739369619763e-26 2.653347988929798173e-26 3.422983378358296913e-01 4.426871723137461741e-26 1.000000000000000000e+00 0.000000000000000000e+00 0.000000000000000000e+00 0.000000000000000000e+00 1.000000000000000000e+00 1.000000000000000000e+10 0.000000000000000000e+00 0.000000000000000000e+00 0.000000000000000000e+00 1.000000000000000000e+10
3.257917597328415654e-02 2.489060832881851093e+04 1.163429678273484751e+04 6.941059774670153274e+03 1.893410882899326242e-01 2.259292064283433137e+04 4.495537988710071890e-26 3.015176636227491034e-26 1.471595597386620018e-26 2.748772291030962545e-01 3.491799890470567071e-26 1.000000000000000000e+00 0.000000000000000000e+00 0.000000000000000000e+00 0.000000000000000000e+00 1.000000000000000000e+00 1.000000000000000000e+10 0.000000000000000000e+00 0.000000000000000000e+00 0.000000000000000000e+00 1.000000000000000000e+10
3.757320964692217186e-02 1.759738133331592690e+04 8.331228227323146712e+03 4.013919999080324487e+03 1.781580940686073311e-01 1.550906707838202783e+04 3.488898508240019366e-26 2.365433179415117481e-26 1.335632531746639441e-26 2.661094913079388724e-01 2.826224030220641676e-26 1.000000000000000000e+00 0.000000000000000000e+00 0.000000000000000000e+00 0.000000000000000000e+00 1.000000000000000000e+00 1.000000000000000000e+10 0.000000000000000000e+00 0.000000000000000000e+00 0.000000000000000000e+00 1.000000000000000000e+10
4.333277441790538143e-02 1.244861607641570117e+04 5.522830474154718104e+03 4.214044865935315102e+03 1.778299555604564985e-01 1.155340211753825497e+04 2.624489200569251457e-26 1.641754016233224429e-26 8.674039025186203742e-27 2.415188563544829192e-01 2.160436418862850739e-26 1.000000000000000000e+00 0.000000000000000000e+00 0.000000000000000000e+00 0.000000000000000000e+00 1.000000000000000000e+00 1.000000000000000000e+10 0.000000000000000000e+00 0.000000000000000000e+00 0.000000000000000000e+00 1.000000000000000000e+10
4.997521788524898756e-02 9.047748753869096618e+03 3.792532251681242997e+03 2.940700950508616188e+03 1.683571313308081518e-01 8.443478273152242764e+03 1.938642234627180406e-26 1.489698145667309018e-26 6.690009997914827791e-27 2.305366892676733170e-01 1.619080387474862573e-26 1.000000000000000000e+00 0.000000000000000000e+00 0.000000000000000000e+00 0.000000000000000000e+00 1.000000000000000000e+00 1.000000000000000000e+10 0.000000000000000000e+00 0.000000000000000000e+00 0.000000000000000000e+00 1.000000000000000000e+10
5.763587575980636674e-02 6.507443084279601862e+03 2.797319685124075477e+03 1.791838468604170885e+03 1.570306344304136237e-01 6.104921326526127814e+03 1.527598194993160598e-26 8.373159534846282664e-27 6.036112811581231486e-27 2.172741551615985922e-01 1.375336450862173106e-26 1.000000000000000000e+00 0.000000000000000000e+00 0.000000000000000000e+00 0.000000000000000000e+00 1.000000000000000000e+00 1.000000000000000000e+10 0.000000000000000000e+00 0.000000000000000000e+00 0.000000000000000000e+00 1.000000000000000000e+10
6.647082924635627776e-02 4.723178644191066269e+03 1.951477580236743961e+03 1.044167838736568683e+03 1.385967598510608467e-01 4.397475867458091670e+03 1.172296349095048444e-26 5.866522676967746381e-27 3.994024922255533945e-27 2.026555671597366770e-01 1.041615552838333285e-26 1.000000000000000000e+00 0.000000000000000000e+00 0.000000000000000000e+00 0.000000000000000000e+00 1.000000000000000000e+00 1.000000000000000000e+10 0.000000000000000000e+00 0.000000000000000000e+00 0.000000000000000000e+00 1.000000000000000000e+10
7.666008510240249207e-02 3.601686938698328504e+03 1.275183544597208765e+03 8.891706272495375742e+02 1.454858707806307161e-01 3.400756097486525960e+03 9.029433538091929622e-27 4.826504104421871671e-27 3.054258960155475407e-27 2.119950168995607676e-01 7.994986388776706528e-27 1.000000000000000000e+00 0.000000000000000000e+00 0.000000000000000000e+00 0.000000000000000000e+00 1.000000000000000000e+00 1.000000000000000000e+10 0.000000000000000000e+00 0.000000000000000000e+00 0.000000000000000000e+00 1.000000000000000000e+10
8.841124316543315376e-02 2.758986890067596050e+03 9.780310411326900066e+02 7.360653165991029709e+02 1.436296986545964605e-01 2.568564675582746531e+03 7.053405130274085293e-27 3.725004717590849104e-27 2.302529265976222679e-27 2.125307376116561398e-01 6.205539059048492939e-27 1.000000000000000000e+00 0.000000000000000000e+00 0.000000000000000000e+00 0.000000000000000000e+00 1.000000000000000000e+00 1.000000000000000000e+10 0.000000000000000000e+00 0.000000000000000000e+00 0.000000000000000000e+00 1.000000000000000000e+10
1.019637260722580097e-01 2.113842761077733030e+03 9.502738024639302239e+02 4.717631859492194053e+02 1.437613896562158211e-01 1.909824672435978755e+03 5.437260006946969648e-27 3.462574383396226359e-27 1.383151641220092457e-27 2.204204671078761058e-01 4.443201155469849006e-27 1.000000000000000000e+00 0.000000000000000000e+00 0.000000000000000000e+00 0.000000000000000000e+00 1.000000000000000000e+00 1.000000000000000000e+10 0.000000000000000000e+00 0.000000000000000000e+00 0.000000000000000000e+00 1.000000000000000000e+10
1.175936573483598035e-01 1.645865297175552996e+03 8.099521920361771663e+02 4.131643810992504768e+02 1.504623173938495206e-01 1.493907509717676021e+03 4.085485956968129949e-27 2.837844599078976391e-27 1.079974100878961881e-27 2.212724116238957150e-01 3.257512631757432827e-27 1.000000000000000000e+00 0.000000000000000000e+00 0.000000000000000000e+00 0.000000000000000000e+00 1.000000000000000000e+00 1.000000000000000000e+10 0.000000000000000000e+00 0.000000000000000000e+00 0.000000000000000000e+00 1.000000000000000000e+10
1.356194872553388164e-01 1.284469269418972090e+03 6.519063608802393901e+02 3.066449485177759016e+02 1.545724257259248891e-01 1.158839037000806911e+03 3.056799525330321898e-27 1.863963496497061669e-27 8.750194867976518285e-28 2.250072982722407522e-01 2.505851234343881558e-27 1.000000000000000000e+00 0.000000000000000000e+00 0.000000000000000000e+00 0.000000000000000000e+00 1.000000000000000000e+00 1.000000000000000000e+10 0.000000000000000000e+00 0.000000000000000000e+00 0.000000000000000000e+00 1.000000000000000000e+10
1.564084810196403053e-01 9.897065325521834893e+02 4.224546564461913931e+02 2.278433864170237939e+02 1.533078689403196970e-01 8.890250053921081417e+02 2.288673791929848708e-27 1.210154455200403839e-27 7.389560040831356995e-28 2.320358105505461732e-01 1.905943178146004771e-27 1.000000000000000000e+00 0.000000000000000000e+00 0.000000000000000000e+00 0.000000000000000000e+00 1.000000000000000000e+00 1.000000000000000000e+10 0.000000000000000000e+00 0.000000000000000000e+00 0.000000000000000000e+00 1.000000000000000000e+10
1.803842016362447453e-01 7.527343573749840289e+02 3.083569871695880238e+02 1.732136135458630406e+02 1.512446367404225445e-01 6.764872238446159827e+02 1.646164385916233681e-27 1.082079152298853855e-27 4.048638279281663439e-28 2.391792326272645375e-01 1.272956876377282198e-27 1.000000000000000000e+00 0.000000000000000000e+00 0.000000000000000000e+00 0.000000000000000000e+00 1.000000000000000000e+00 1.000000000000000000e+10 0.000000000000000000e+00 0.000000000000000000e+00 0.000000000000000000e+00 1.000000000000000000e+10
2.080351397048574025e-01 5.676223788280343570e+02 2.304846581358367530e+02 1.472336625066672582e+02 1.512880311606207562e-01 5.168580677672223374e+02 1.167776188445094620e-27 6.885535681563891721e-28 3.677710608575686648e-28 2.543913881973587920e-01 9.200493066045844584e-28 1.000000000000000000e+00 0.000000000000000000e+00 0.000000000000000000e+00 0.000000000000000000e+00 1.000000000000000000e+00 1.000000000000000000e+10 0.000000000000000000e+00 0.000000000000000000e+00 0.000000000000000000e+00 1.000000000000000000e+10
2.399246661262133540e-01 4.240490842146061254e+02 1.423255800563295566e+02 1.173746972399100628e+02 1.493926401470967724e-01 3.927594688219097065e+02 8.307148520371834561e-28 4.975331770641057204e-28 2.645170856574816291e-28 2.723675084976797667e-01 6.355236189240044633e-28 1.000000000000000000e+00 0.000000000000000000e+00 0.000000000000000000e+00 0.000000000000000000e+00 1.000000000000000000e+00 1.000000000000000000e+10 0.000000000000000000e+00 0.000000000000000000e+00 0.000000000000000000e+00 1.000000000000000000e+10
2.767025104385807399e-01 3.182484984647199440e+02 1.072336037206113701e+02 9.562170142298890596e+01 1.527747954728562452e-01 2.995882411248433073e+02 6.045716507036428358e-28 3.721336374822145654e-28 1.775845524526499963e-28 2.995506529843640076e-01 4.246189338006523313e-28 1.000000000000000000e+00 0.000000000000000000e+00 0.000000000000000000e+00 0.000000000000000000e+00 1.000000000000000000e+00 1.000000000000000000e+10 0.000000000000000000e+00 0.000000000000000000e+00 0.000000000000000000e+00 1.000000000000000000e+10
3.191179986585286343e-01 2.571142877589382465e+02 1.060742985359939041e+02 7.067514411589468182e+01 1.772192773023397172e-01 2.286897611981307534e+02 4.768273585821925397e-28 3.007803676831547186e-28 1.445506634172587829e-28 3.424285218750620086e-01 2.993934367352512412e-28 1.000000000000000000e+00 0.000000000000000000e+00 0.000000000000000000e+00 0.000000000000000000e+00 1.000000000000000000e+00 1.000000000000000000e+10 0.000000000000000000e+00 0.000000000000000000e+00 0.000000000000000000e+00 1.000000000000000000e+10
3.680353203388414540e-01 2.066333670824072328e+02 1.009323334074079241e+02 5.090514232692389385e+01 1.896053277658307501e-01 1.737756112927017682e+02 3.764390143302274839e-28 2.689472390364714292e-28 1.072462204202747500e-28 3.716429440827186959e-01 2.078746415372322261e-28 1.000000000000000000e+00 0.000000000000000000e+00 0.000000000000000000e+00 0.000000000000000000e+00 1.000000000000000000e+00 1.000000000000000000e+10 0.000000000000000000e+00 0.000000000000000000e+00 0.000000000000000000e+00 1.000000000000000000e+10
4.244511359005219142e-01 1.633379951995941894e+02 7.030461319574772006e+01 3.888843775790185475e+01 1.921603001960186519e-01 1.362209478096168596e+02 3.149939320960801702e-28 2.878210069780311434e-28 7.778218724197473661e-29 4.044642197453841015e-01 1.511902886775660085e-28 1.000000000000000000e+00 0.000000000000000000e+00 0.000000000000000000e+00 0.000000000000000000e+00 1.000000000000000000e+00 1.000000000000000000e+10 0.000000000000000000e+00 0.000000000000000000e+00 0.000000000000000000e+00 1.000000000000000000e+10
4.895148829774688681e-01 1.347675409963210313e+02 8.143145517419603152e+01 2.724427102254401234e+01 2.042871272192969268e-01 1.058837079040820015e+02 2.757887348217365662e-28 3.074388692095173376e-28 5.274077942614545817e-29 4.407549939523660032e-01 1.061901549147957332e-28 1.000000000000000000e+00 0.000000000000000000e+00 0.000000000000000000e+00 0.000000000000000000e+00 1.000000000000000000e+00 1.000000000000000000e+10 0.000000000000000000e+00 0.000000000000000000e+00 0.000000000000000000e+00 1.000000000000000000e+10
5.645521955031491679e-01 1.115938111860285744e+02 7.547029515982987391e+01 2.367522002035088491e+01 2.150511738705292997e-01 8.537050174170408923e+01 2.246162268934347040e-28 2.677987776591121864e-28 4.131991183547648431e-29 4.711341625682178846e-01 8.087407727086832944e-29 1.000000000000000000e+00 0.000000000000000000e+00 0.000000000000000000e+00 0.000000000000000000e+00 1.000000000000000000e+00 1.000000000000000000e+10 0.000000000000000000e+00 0.000000000000000000e+00 0.000000000000000000e+00 1.000000000000000000e+10
6.510919126887823039e-01 9.107466905831905990e+01 6.531051925440399941e+01 1.753836465057576532e+01 2.225723539744717816e-01 6.817125492919234375e+01 1.789527848005571841e-28 2.338917990864832713e-28 2.935319738372714374e-29 5.023211562224870752e-01 5.822206724881273960e-29 1.000000000000000000e+00 0.000000000000000000e+00 0.000000000000000000e+00 0.000000000000000000e+00 1.000000000000000000e+00 1.000000000000000000e+10 0.000000000000000000e+00 0.000000000000000000e+00 0.000000000000000000e+00 1.000000000000000000e+10
7.508972281844089602e-01 7.259831830389133245e+01 4.668774103782321561e+01 1.581945152652748732e+01 2.226815145843621946e-01 5.588135062640984074e+01 1.427496698087407214e-28 1.731830419967487075e-28 2.915261130961856478e-29 5.257580064517353158e-01 4.931182005169470849e-29 1.000000000000000000e+00 0.000000000000000000e+00 0.000000000000000000e+00 0.000000000000000000e+00 1.000000000000000000e+00 1.000000000000000000e+10 0.000000000000000000e+00 0.000000000000000000e+00 0.000000000000000000e+00 1.000000000000000000e+10
8.660016140678794550e-01 6.522333377005348609e+01 4.591073256569299588e+01 1.637698437170082855e+01 2.412082804766886024e-01 4.958967150710086003e+01 1.325768227272334072e-28 1.573720719006271091e-28 2.279641758669534128e-29 5.689623341526087730e-01 3.795380100587151845e-29 1.000000000000000000e+00 0.000000000000000000e+00 0.000000000000000000e+00 0.000000000000000000e+00 1.000000000000000000e+00 1.000000000000000000e+10 0.000000000000000000e+00 0.000000000000000000e+00 0.000000000000000000e+00 1.000000000000000000e+10
9.987502515910116063e-01 5.615898540199786027e+01 3.951921721370473506e+01 1.387573971472247791e+01 2.496656990249902230e-01 4.145343558140132245e+01 1.271841450562352481e-28 1.439244112114251321e-28 1.671260685060420056e-29 6.145680879251010920e-01 2.820106323042941362e-29 1.000000000000000000e+00 0.000000000000000000e+00 0.000000000000000000e+00 0.000000000000000000e+00 1.000000000000000000e+00 1.000000000000000000e+10 0.000000000000000000e+00 0.000000000000000000e+00 0.000000000000000000e+00 1.000000000000000000e+10
1.151847812808953542e+00 4.772037044108471093e+01 3.614107898955944620e+01 1.232069658897145104e+01 2.457186414978166644e-01 3.623363400338232054e+01 1.201683622680540339e-28 1.660442537759192946e-28 1.515523676533090155e-29 6.451879949525114455e-01 2.350914711464170250e-29 1.000000000000000000e+00 0.000000000000000000e+00 0.000000000000000000e+00 0.000000000000000000e+00 1.000000000000000000e+00 1.000000000000000000e+10 0.000000000000000000e+00 0.000000000000000000e+00 0.000000000000000000e+00 1.000000000000000000e+10
1.328413566614123908e+00 4.345069747837487029e+01 3.448506643042388475e+01 1.041211591689708982e+01 2.545199806568143042e-01 3.155912781532960310e+01 1.256732852464996514e-28 1.586726555283806358e-28 1.253414058867649554e-29 6.825909528267178894e-01 1.907692649457888718e-29 1.000000000000000000e+00 0.000000000000000000e+00 0.000000000000000000e+00 0.000000000000000000e+00 1.000000000000000000e+00 1.000000000000000000e+10 0.000000000000000000e+00 0.000000000000000000e+00 0.000000000000000000e+00 1.000000000000000000e+10
1.532044931926391351e+00 4.053405565598943383e+01 3.787050577991628586e+01 1.224905594049640101e+01 2.536120142844552894e-01 3.066674261246117794e+01 1.169091911285663745e-28 1.591840810512547538e-28 1.240043284987922608e-29 6.903939039960399482e-01 1.880356127397357187e-29 1.000000000000000000e+00 0.000000000000000000e+00 0.000000000000000000e+00 0.000000000000000000e+00 1.000000000000000000e+00 1.000000000000000000e+10 0.000000000000000000e+00 0.000000000000000000e+00 0.000000000000000000e+00 1.000000000000000000e+10
1.766890772896739126e+00 3.464733115740458658e+01 2.264307385421398777e+01 9.323047602952744484e+00 2.114482315683348934e-01 2.804393598883095962e+01 8.001919998602409307e-29 1.032345354995428779e-28 1.552834790918686688e-29 5.937450658057003006e-01 2.261783228760112215e-29 1.000000000000000000e+00 0.000000000000000000e+00 0.000000000000000000e+00 0.000000000000000000e+00 1.000000000000000000e+00 1.000000000000000000e+10 0.000000000000000000e+00 0.000000000000000000e+00 0.000000000000000000e+00 1.000000000000000000e+10
2.037735929469222107e+00 3.280990127314548488e+01 2.295298369407126415e+01 9.470087569550152296e+00 2.081114236478629753e-01 2.715456067691989261e+01 7.262127267071057417e-29 1.251116964305183726e-28 1.148898175241081266e-29 5.837734866032595615e-01 1.915892243506688074e-29 1.000000000000000000e+00 0.000000000000000000e+00 0.000000000000000000e+00 0.000000000000000000e+00 1.000000000000000000e+00 1.000000000000000000e+10 0.000000000000000000e+00 0.000000000000000000e+00 0.000000000000000000e+00 1.000000000000000000e+10
2.350098705559579226e+00 2.958849548946855279e+01 2.268457820935174851e+01 7.020527623605246959e+00 2.008209964493166133e-01 2.359597340320334524e+01 6.784060781301822457e-29 8.674874737557708842e-29 1.348583285121280199e-29 5.776758633678167332e-01 2.001512914156220742e-29 1.000000000000000000e+00 0.000000000000000000e+00 0.000000000000000000e+00 0.000000000000000000e+00 1.000000000000000000e+00 1.000000000000000000e+10 0.000000000000000000e+00 0.000000000000000000e+00 0.000000000000000000e+00 1.000000000000000000e+10
