# R (Mpc), mean rho (Msol/kpc^3), errup (Msol/kpc^3), errlow, std, median rho (Msol/kpc^3), mean pth (Msol/kpc/s^2), errup(Msol/kpc/s^2), errlow, std, median pth (Msol/kpc/s^2), mean gas-mass-weighted metal (fraction), errup, errlow, std, median metal, mean gas-mass-weighted temp (K), errup, errlow, std, median temp  
#  nprofs 173, mean mh 550681911557.623535, median mh 507819309726.306396 
#  Mass range 11.50 - 12.0
1.040961082911032697e-02 4.785419973181791720e+05 2.499701072915294790e+05 2.151479834687771217e+05 2.399722103164368403e-01 4.613720954769495293e+05 2.540821891078271315e-25 2.852767858409399278e-25 5.247336297126218622e-26 4.766949775657436383e-01 9.950141107705258418e-26 1.000000000000000000e+00 0.000000000000000000e+00 0.000000000000000000e+00 0.000000000000000000e+00 1.000000000000000000e+00 1.000000000000000000e+10 0.000000000000000000e+00 0.000000000000000000e+00 0.000000000000000000e+00 1.000000000000000000e+10
1.200529105910367808e-02 3.776385764751042589e+05 1.838889878251823829e+05 1.769677654282739677e+05 2.566343885683849968e-01 3.690912718898240710e+05 2.529221833149639467e-25 3.673984884486558674e-25 8.643172516573360969e-26 4.865616007558013489e-01 1.294737308756123959e-25 1.000000000000000000e+00 0.000000000000000000e+00 0.000000000000000000e+00 0.000000000000000000e+00 1.000000000000000000e+00 1.000000000000000000e+10 0.000000000000000000e+00 0.000000000000000000e+00 0.000000000000000000e+00 1.000000000000000000e+10
1.384557172980430476e-02 2.798860878872113535e+05 1.464222320765009499e+05 1.144514278462991060e+05 2.643433742824838339e-01 2.684646781865194207e+05 2.342471232825607850e-25 3.237493312301763555e-25 9.226593739658622678e-26 4.560697501828772094e-01 1.420179327127296223e-25 1.000000000000000000e+00 0.000000000000000000e+00 0.000000000000000000e+00 0.000000000000000000e+00 1.000000000000000000e+00 1.000000000000000000e+10 0.000000000000000000e+00 0.000000000000000000e+00 0.000000000000000000e+00 1.000000000000000000e+10
1.596794743096121086e-02 2.010357647618827177e+05 1.101048577821797517e+05 9.826892152949086449e+04 2.623668311045002643e-01 1.952574449049692776e+05 2.102611652689425928e-25 1.992498040292837165e-25 1.107301764337918296e-25 3.974445312521975859e-01 1.688061887852293841e-25 1.000000000000000000e+00 0.000000000000000000e+00 0.000000000000000000e+00 0.000000000000000000e+00 1.000000000000000000e+00 1.000000000000000000e+10 0.000000000000000000e+00 0.000000000000000000e+00 0.000000000000000000e+00 1.000000000000000000e+10
1.841566026551830909e-02 1.409410201561063877e+05 9.656607124247035244e+04 5.929749101968375908e+04 2.626051984714798948e-01 1.240977321294713183e+05 2.022994691215968994e-25 2.064248894479113261e-25 1.145518361637732827e-25 3.902528964469101358e-01 1.642856341607294883e-25 1.000000000000000000e+00 0.000000000000000000e+00 0.000000000000000000e+00 0.000000000000000000e+00 1.000000000000000000e+00 1.000000000000000000e+10 0.000000000000000000e+00 0.000000000000000000e+00 0.000000000000000000e+00 1.000000000000000000e+10
2.123858088093512342e-02 9.610556463983142748e+04 7.414250086354037921e+04 3.691122383240713680e+04 2.843763358316802048e-01 7.960070968819125846e+04 1.950710892298064938e-25 1.743385146612809270e-25 8.642305955189200600e-26 3.680823045798675697e-01 1.499146420465400506e-25 1.000000000000000000e+00 0.000000000000000000e+00 0.000000000000000000e+00 0.000000000000000000e+00 1.000000000000000000e+00 1.000000000000000000e+10 0.000000000000000000e+00 0.000000000000000000e+00 0.000000000000000000e+00 1.000000000000000000e+10
2.449422455303571639e-02 6.512586009611807094e+04 5.392083644634430675e+04 2.557826102713229557e+04 2.827104721685689270e-01 5.440693582581233204e+04 1.698604355096582384e-25 1.436680857689134313e-25 7.750253442071699086e-26 3.545141010844982676e-01 1.318165239523490990e-25 1.000000000000000000e+00 0.000000000000000000e+00 0.000000000000000000e+00 0.000000000000000000e+00 1.000000000000000000e+00 1.000000000000000000e+10 0.000000000000000000e+00 0.000000000000000000e+00 0.000000000000000000e+00 1.000000000000000000e+10
2.824892302447100725e-02 4.373631616871807637e+04 3.560923262934792001e+04 1.601808082356492014e+04 2.723020721405849387e-01 3.444607105435265839e+04 1.415140905853882039e-25 1.251383526036094417e-25 6.253127879877374636e-26 3.240282256399026339e-01 1.130703144332204802e-25 1.000000000000000000e+00 0.000000000000000000e+00 0.000000000000000000e+00 0.000000000000000000e+00 1.000000000000000000e+00 1.000000000000000000e+10 0.000000000000000000e+00 0.000000000000000000e+00 0.000000000000000000e+00 1.000000000000000000e+10
3.257917597328415654e-02 2.921771751625115576e+04 2.435000521384550666e+04 9.596347613852212817e+03 2.480702521813581973e-01 2.320104615648905747e+04 1.207972575685888563e-25 9.907688038477494300e-26 5.482307690864112149e-26 3.181827626971420742e-01 9.697301439008207848e-26 1.000000000000000000e+00 0.000000000000000000e+00 0.000000000000000000e+00 0.000000000000000000e+00 1.000000000000000000e+00 1.000000000000000000e+10 0.000000000000000000e+00 0.000000000000000000e+00 0.000000000000000000e+00 1.000000000000000000e+10
3.757320964692217186e-02 2.029865731599248829e+04 1.615568318553037170e+04 6.025162294495030437e+03 2.299157015283295191e-01 1.667328671525585742e+04 1.019340123408914198e-25 7.912580233962606877e-26 4.148519452110173004e-26 3.014109797899293675e-01 7.980831437208574332e-26 1.000000000000000000e+00 0.000000000000000000e+00 0.000000000000000000e+00 0.000000000000000000e+00 1.000000000000000000e+00 1.000000000000000000e+10 0.000000000000000000e+00 0.000000000000000000e+00 0.000000000000000000e+00 1.000000000000000000e+10
4.333277441790538143e-02 1.418496648951001225e+04 9.987419219157200132e+03 3.762791565498639102e+03 2.075854355926912143e-01 1.195508135214283902e+04 8.342380014761334062e-26 6.268449624262262573e-26 3.360291492643811031e-26 2.918000440434504461e-01 6.808204665617484854e-26 1.000000000000000000e+00 0.000000000000000000e+00 0.000000000000000000e+00 0.000000000000000000e+00 1.000000000000000000e+00 1.000000000000000000e+10 0.000000000000000000e+00 0.000000000000000000e+00 0.000000000000000000e+00 1.000000000000000000e+10
4.997521788524898756e-02 1.033744994143971235e+04 6.015211857604233955e+03 2.906222861589541026e+03 1.822853288848144404e-01 9.100956762513358626e+03 6.937208011181622115e-26 5.399041807236609326e-26 2.528473883499178683e-26 2.752441065614017468e-01 5.475804824075686300e-26 1.000000000000000000e+00 0.000000000000000000e+00 0.000000000000000000e+00 0.000000000000000000e+00 1.000000000000000000e+00 1.000000000000000000e+10 0.000000000000000000e+00 0.000000000000000000e+00 0.000000000000000000e+00 1.000000000000000000e+10
5.763587575980636674e-02 7.807801233488286016e+03 3.574468878839472382e+03 2.153349289729751035e+03 1.686182488511739630e-01 7.151144009121731870e+03 5.588234703577942586e-26 4.337560098960117765e-26 2.087492314187700351e-26 2.755511339547883076e-01 4.412030910206273901e-26 1.000000000000000000e+00 0.000000000000000000e+00 0.000000000000000000e+00 0.000000000000000000e+00 1.000000000000000000e+00 1.000000000000000000e+10 0.000000000000000000e+00 0.000000000000000000e+00 0.000000000000000000e+00 1.000000000000000000e+10
6.647082924635627776e-02 6.108404858069015063e+03 3.068260367666662205e+03 1.553040030878384641e+03 1.706695317794742206e-01 5.390665503277543394e+03 4.286330313456854104e-26 3.521959211693996045e-26 1.209491754851984874e-26 2.721471494218526965e-01 3.171995057389776918e-26 1.000000000000000000e+00 0.000000000000000000e+00 0.000000000000000000e+00 0.000000000000000000e+00 1.000000000000000000e+00 1.000000000000000000e+10 0.000000000000000000e+00 0.000000000000000000e+00 0.000000000000000000e+00 1.000000000000000000e+10
7.666008510240249207e-02 4.786589413117504591e+03 2.167433481002066401e+03 1.304544315046515749e+03 1.677829014083662418e-01 4.250348794457318945e+03 3.325702539387027692e-26 2.871182371843206788e-26 1.064589081807032321e-26 2.705839284676070933e-01 2.561441941536852693e-26 1.000000000000000000e+00 0.000000000000000000e+00 0.000000000000000000e+00 0.000000000000000000e+00 1.000000000000000000e+00 1.000000000000000000e+10 0.000000000000000000e+00 0.000000000000000000e+00 0.000000000000000000e+00 1.000000000000000000e+10
8.841124316543315376e-02 3.644496410280720283e+03 1.888104022034008722e+03 9.154092825142856782e+02 1.672642272386883067e-01 3.260983379343312208e+03 2.467864162919395971e-26 2.351422131516787038e-26 7.875760350490868978e-27 2.738431365354830338e-01 1.817751046341116947e-26 1.000000000000000000e+00 0.000000000000000000e+00 0.000000000000000000e+00 0.000000000000000000e+00 1.000000000000000000e+00 1.000000000000000000e+10 0.000000000000000000e+00 0.000000000000000000e+00 0.000000000000000000e+00 1.000000000000000000e+10
1.019637260722580097e-01 2.828909859976950429e+03 1.244356827625108963e+03 7.955600549910193422e+02 1.659839634272965159e-01 2.565772492355280065e+03 1.822553742605848306e-26 1.849501098891073170e-26 5.413680427893181648e-27 2.771113936860149507e-01 1.337871151257751374e-26 1.000000000000000000e+00 0.000000000000000000e+00 0.000000000000000000e+00 0.000000000000000000e+00 1.000000000000000000e+00 1.000000000000000000e+10 0.000000000000000000e+00 0.000000000000000000e+00 0.000000000000000000e+00 1.000000000000000000e+10
1.175936573483598035e-01 2.148174146610285788e+03 1.077697534093248805e+03 5.527330274232097054e+02 1.626191266358049947e-01 1.942662880760430880e+03 1.312180558443693897e-26 1.068606775663105378e-26 4.771156180683596640e-27 2.814700555782610469e-01 1.031526522970692997e-26 1.000000000000000000e+00 0.000000000000000000e+00 0.000000000000000000e+00 0.000000000000000000e+00 1.000000000000000000e+00 1.000000000000000000e+10 0.000000000000000000e+00 0.000000000000000000e+00 0.000000000000000000e+00 1.000000000000000000e+10
1.356194872553388164e-01 1.651484451747817729e+03 8.013311686530507814e+02 5.690519881165643028e+02 1.684907598300836307e-01 1.560967287303010153e+03 9.271096532298229330e-27 7.968302259227550070e-27 4.153543212988742649e-27 2.915831989691133330e-01 7.675361050336381311e-27 1.000000000000000000e+00 0.000000000000000000e+00 0.000000000000000000e+00 0.000000000000000000e+00 1.000000000000000000e+00 1.000000000000000000e+10 0.000000000000000000e+00 0.000000000000000000e+00 0.000000000000000000e+00 1.000000000000000000e+10
1.564084810196403053e-01 1.261343143171201064e+03 4.692112944046193661e+02 4.756202185034644572e+02 1.743723564539307325e-01 1.216908740900183602e+03 6.519985050082159728e-27 5.461855134767076193e-27 2.976292286333771797e-27 3.046315732688580913e-01 5.279206926993720393e-27 1.000000000000000000e+00 0.000000000000000000e+00 0.000000000000000000e+00 0.000000000000000000e+00 1.000000000000000000e+00 1.000000000000000000e+10 0.000000000000000000e+00 0.000000000000000000e+00 0.000000000000000000e+00 1.000000000000000000e+10
1.803842016362447453e-01 9.404905051557258275e+02 4.179824681414561383e+02 3.268330428463930275e+02 1.791977663948292054e-01 8.782403853544699359e+02 4.465694210985211191e-27 4.045610880404672352e-27 2.145405292088161829e-27 3.207608589015666922e-01 3.562810012239198114e-27 1.000000000000000000e+00 0.000000000000000000e+00 0.000000000000000000e+00 0.000000000000000000e+00 1.000000000000000000e+00 1.000000000000000000e+10 0.000000000000000000e+00 0.000000000000000000e+00 0.000000000000000000e+00 1.000000000000000000e+10
2.080351397048574025e-01 6.876814045074528394e+02 2.494470084671089580e+02 2.423792382016230817e+02 1.831151770805763690e-01 6.466187796563224310e+02 3.049183272608380788e-27 2.437448367363920118e-27 1.480376676042840005e-27 3.417854898118213303e-01 2.430166166986749749e-27 1.000000000000000000e+00 0.000000000000000000e+00 0.000000000000000000e+00 0.000000000000000000e+00 1.000000000000000000e+00 1.000000000000000000e+10 0.000000000000000000e+00 0.000000000000000000e+00 0.000000000000000000e+00 1.000000000000000000e+10
2.399246661262133540e-01 5.023586836648333360e+02 2.216338495148869470e+02 1.644528851487894485e+02 1.930499504926476706e-01 4.568739492216351437e+02 2.079795363707149803e-27 1.698828695153419159e-27 9.423286901405825654e-28 3.630850348780884085e-01 1.544636783447110348e-27 1.000000000000000000e+00 0.000000000000000000e+00 0.000000000000000000e+00 0.000000000000000000e+00 1.000000000000000000e+00 1.000000000000000000e+10 0.000000000000000000e+00 0.000000000000000000e+00 0.000000000000000000e+00 1.000000000000000000e+10
2.767025104385807399e-01 3.610202042606872510e+02 1.562508764332003466e+02 1.186750920065460377e+02 1.944842714072979595e-01 3.248819816673729974e+02 1.423785813177423234e-27 1.065385654546183731e-27 5.727062188779074192e-28 3.834297769162677838e-01 9.556845253515844271e-28 1.000000000000000000e+00 0.000000000000000000e+00 0.000000000000000000e+00 0.000000000000000000e+00 1.000000000000000000e+00 1.000000000000000000e+10 0.000000000000000000e+00 0.000000000000000000e+00 0.000000000000000000e+00 1.000000000000000000e+10
3.191179986585286343e-01 2.558291106373685011e+02 1.087037982059132162e+02 8.320694475699048098e+01 1.894260509277022331e-01 2.309990543774979699e+02 1.015939966569964428e-27 8.497413297524108856e-28 3.911635167750208912e-28 4.111752959523629625e-01 6.154041337500969516e-28 1.000000000000000000e+00 0.000000000000000000e+00 0.000000000000000000e+00 0.000000000000000000e+00 1.000000000000000000e+00 1.000000000000000000e+10 0.000000000000000000e+00 0.000000000000000000e+00 0.000000000000000000e+00 1.000000000000000000e+10
3.680353203388414540e-01 1.862158173653338054e+02 8.297230674916249882e+01 5.931210763378460626e+01 1.867005988896244251e-01 1.670470900384901540e+02 7.529547715263858679e-28 7.040143852226515034e-28 2.410564400968849577e-28 4.367228692678525315e-01 3.870162253113541105e-28 1.000000000000000000e+00 0.000000000000000000e+00 0.000000000000000000e+00 0.000000000000000000e+00 1.000000000000000000e+00 1.000000000000000000e+10 0.000000000000000000e+00 0.000000000000000000e+00 0.000000000000000000e+00 1.000000000000000000e+10
4.244511359005219142e-01 1.426048860110995236e+02 6.631491597139326188e+01 4.069979887081214542e+01 2.024953078906418791e-01 1.189702497602602165e+02 6.240074817546504299e-28 6.229757051811688376e-28 1.632155441911754655e-28 4.787581746039130115e-01 2.626710929691115356e-28 1.000000000000000000e+00 0.000000000000000000e+00 0.000000000000000000e+00 0.000000000000000000e+00 1.000000000000000000e+00 1.000000000000000000e+10 0.000000000000000000e+00 0.000000000000000000e+00 0.000000000000000000e+00 1.000000000000000000e+10
4.895148829774688681e-01 1.151598166152426472e+02 6.319525607216242236e+01 3.302281298968378564e+01 2.320444204068277394e-01 9.252711041019408356e+01 5.736288973044503027e-28 5.734868508651081448e-28 1.072238439604859812e-28 5.410353451457340368e-01 1.727939376226183425e-28 1.000000000000000000e+00 0.000000000000000000e+00 0.000000000000000000e+00 0.000000000000000000e+00 1.000000000000000000e+00 1.000000000000000000e+10 0.000000000000000000e+00 0.000000000000000000e+00 0.000000000000000000e+00 1.000000000000000000e+10
5.645521955031491679e-01 1.007039745857696147e+02 8.233458579916464259e+01 2.949823409604567814e+01 2.703290847362018745e-01 7.420818813280106951e+01 5.837430476283088749e-28 5.783628352936536384e-28 7.993314576234846693e-29 6.180302202050694804e-01 1.246811414716446598e-28 1.000000000000000000e+00 0.000000000000000000e+00 0.000000000000000000e+00 0.000000000000000000e+00 1.000000000000000000e+00 1.000000000000000000e+10 0.000000000000000000e+00 0.000000000000000000e+00 0.000000000000000000e+00 1.000000000000000000e+10
6.510919126887823039e-01 8.821145391555168658e+01 6.878555689373138193e+01 2.364371371700109137e+01 3.016191716359515884e-01 5.833366072210665720e+01 5.965961684508865921e-28 6.081157032241263911e-28 4.823460480904704530e-29 6.920241292613965589e-01 7.865185153537033868e-29 1.000000000000000000e+00 0.000000000000000000e+00 0.000000000000000000e+00 0.000000000000000000e+00 1.000000000000000000e+00 1.000000000000000000e+10 0.000000000000000000e+00 0.000000000000000000e+00 0.000000000000000000e+00 1.000000000000000000e+10
7.508972281844089602e-01 7.319667802263697354e+01 8.232615919518752889e+01 1.979396956385981099e+01 3.101404264768131136e-01 4.807751744660060211e+01 4.691263690266775224e-28 5.496954843806192550e-28 5.160441891500398556e-29 7.312101915653288486e-01 7.325361797504774285e-29 1.000000000000000000e+00 0.000000000000000000e+00 0.000000000000000000e+00 0.000000000000000000e+00 1.000000000000000000e+00 1.000000000000000000e+10 0.000000000000000000e+00 0.000000000000000000e+00 0.000000000000000000e+00 1.000000000000000000e+10
8.660016140678794550e-01 5.847539948467961324e+01 4.960780843287668773e+01 1.563336653771957785e+01 2.827984378915577302e-01 4.050549395658794793e+01 3.847762361500083996e-28 4.455207230519669738e-28 3.742825438869649683e-29 7.338078596860728720e-01 5.425464156346165575e-29 1.000000000000000000e+00 0.000000000000000000e+00 0.000000000000000000e+00 0.000000000000000000e+00 1.000000000000000000e+00 1.000000000000000000e+10 0.000000000000000000e+00 0.000000000000000000e+00 0.000000000000000000e+00 1.000000000000000000e+10
9.987502515910116063e-01 5.195773945015984907e+01 3.971100422847405298e+01 1.633426980036087528e+01 2.831125589560992140e-01 3.799457256093099033e+01 3.594228475600420570e-28 4.109332389653909768e-28 4.450590653760122774e-29 7.549776767927847132e-01 5.620441057126651356e-29 1.000000000000000000e+00 0.000000000000000000e+00 0.000000000000000000e+00 0.000000000000000000e+00 1.000000000000000000e+00 1.000000000000000000e+10 0.000000000000000000e+00 0.000000000000000000e+00 0.000000000000000000e+00 1.000000000000000000e+10
1.151847812808953542e+00 4.699085341765663060e+01 3.823790904823763270e+01 1.493566624473796978e+01 2.918714071589906811e-01 3.426988568425377224e+01 3.000461816629359505e-28 3.670560919643051088e-28 4.186874699462276121e-29 7.871654754476358207e-01 5.278474082782162708e-29 1.000000000000000000e+00 0.000000000000000000e+00 0.000000000000000000e+00 0.000000000000000000e+00 1.000000000000000000e+00 1.000000000000000000e+10 0.000000000000000000e+00 0.000000000000000000e+00 0.000000000000000000e+00 1.000000000000000000e+10
1.328413566614123908e+00 4.384729901400105234e+01 4.581197592060843249e+01 1.369558519815180020e+01 2.925276077257183971e-01 3.181415488152100579e+01 2.926167305491439475e-28 4.583143816986073876e-28 3.661375579339617339e-29 7.900292475565044992e-01 4.690260777985679629e-29 1.000000000000000000e+00 0.000000000000000000e+00 0.000000000000000000e+00 0.000000000000000000e+00 1.000000000000000000e+00 1.000000000000000000e+10 0.000000000000000000e+00 0.000000000000000000e+00 0.000000000000000000e+00 1.000000000000000000e+10
1.532044931926391351e+00 3.945918315671939069e+01 3.850935072891721234e+01 1.328141431348076651e+01 2.761643608734189459e-01 2.970029563328796129e+01 2.536383602758402592e-28 4.585671089342449372e-28 4.571882976731924705e-29 7.599230123723297314e-01 5.614056621106424501e-29 1.000000000000000000e+00 0.000000000000000000e+00 0.000000000000000000e+00 0.000000000000000000e+00 1.000000000000000000e+00 1.000000000000000000e+10 0.000000000000000000e+00 0.000000000000000000e+00 0.000000000000000000e+00 1.000000000000000000e+10
1.766890772896739126e+00 3.636706025387727692e+01 2.903692718167237530e+01 1.292301410936681982e+01 2.678227512386692211e-01 2.862429470508730844e+01 2.554706535305299424e-28 4.013588781928404997e-28 4.992460702110594996e-29 7.490550192935038210e-01 6.029056038858712911e-29 1.000000000000000000e+00 0.000000000000000000e+00 0.000000000000000000e+00 0.000000000000000000e+00 1.000000000000000000e+00 1.000000000000000000e+10 0.000000000000000000e+00 0.000000000000000000e+00 0.000000000000000000e+00 1.000000000000000000e+10
2.037735929469222107e+00 3.246990746805029460e+01 2.250434052886789971e+01 1.074730878631679332e+01 2.528057494224599799e-01 2.618900591493129326e+01 2.733519852980150673e-28 2.792148731975814814e-28 4.167592947134176468e-29 7.185427066453040634e-01 5.395443415266123694e-29 1.000000000000000000e+00 0.000000000000000000e+00 0.000000000000000000e+00 0.000000000000000000e+00 1.000000000000000000e+00 1.000000000000000000e+10 0.000000000000000000e+00 0.000000000000000000e+00 0.000000000000000000e+00 1.000000000000000000e+10
2.350098705559579226e+00 3.194565933232740207e+01 2.648099348445352064e+01 9.213755564693515865e+00 2.555844274699254348e-01 2.424962707617794422e+01 3.924191951072416936e-28 3.012229888873040031e-28 5.439565594967206379e-29 7.248469630581412249e-01 6.792308005518260000e-29 1.000000000000000000e+00 0.000000000000000000e+00 0.000000000000000000e+00 0.000000000000000000e+00 1.000000000000000000e+00 1.000000000000000000e+10 0.000000000000000000e+00 0.000000000000000000e+00 0.000000000000000000e+00 1.000000000000000000e+10
