# R (Mpc), mean rho (Msol/kpc^3), errup (Msol/kpc^3), errlow, std, median rho (Msol/kpc^3), mean pth (Msol/kpc/s^2), errup(Msol/kpc/s^2), errlow, std, median pth (Msol/kpc/s^2), mean gas-mass-weighted metal (fraction), errup, errlow, std, median metal, mean gas-mass-weighted temp (K), errup, errlow, std, median temp  
#  nprofs 156, mean mh 531189183038.620972, median mh 475327109921.051392 
#  Mass range 11.50 - 12.0
1.040961082911032697e-02 4.135361172915784991e+05 2.621032330223243916e+05 1.804077992461184622e+05 2.571633655914545846e-01 3.793818090717678424e+05 3.347258537722092806e-25 5.240507645390247584e-25 7.993959909405066612e-26 5.318802273801874758e-01 1.304986845565539635e-25 1.000000000000000000e+00 0.000000000000000000e+00 0.000000000000000000e+00 0.000000000000000000e+00 1.000000000000000000e+00 1.000000000000000000e+10 0.000000000000000000e+00 0.000000000000000000e+00 0.000000000000000000e+00 1.000000000000000000e+10
1.200529105910367808e-02 3.226354597465141560e+05 2.085264383524111472e+05 1.635053107529845438e+05 2.844558560277847814e-01 3.038493359622930875e+05 3.611313291978872513e-25 3.916572976193210839e-25 1.591051182891788884e-25 5.077709338388740612e-01 2.093636999452894996e-25 1.000000000000000000e+00 0.000000000000000000e+00 0.000000000000000000e+00 0.000000000000000000e+00 1.000000000000000000e+00 1.000000000000000000e+10 0.000000000000000000e+00 0.000000000000000000e+00 0.000000000000000000e+00 1.000000000000000000e+10
1.384557172980430476e-02 2.298158621495050320e+05 1.590520276880639722e+05 1.249400807425930543e+05 3.004333472267808891e-01 2.098867191414497793e+05 3.046847432075622000e-25 3.955903110768163432e-25 1.251628198728593571e-25 5.038285279513545767e-01 1.777835760102145566e-25 1.000000000000000000e+00 0.000000000000000000e+00 0.000000000000000000e+00 0.000000000000000000e+00 1.000000000000000000e+00 1.000000000000000000e+10 0.000000000000000000e+00 0.000000000000000000e+00 0.000000000000000000e+00 1.000000000000000000e+10
1.596794743096121086e-02 1.618108130393272440e+05 1.216263187758742424e+05 8.318779895163673791e+04 2.896872599105124735e-01 1.463228610803386255e+05 2.962750788777998353e-25 2.592644798161265583e-25 1.184326829313536448e-25 4.180437276110655076e-01 1.862723852945865481e-25 1.000000000000000000e+00 0.000000000000000000e+00 0.000000000000000000e+00 0.000000000000000000e+00 1.000000000000000000e+00 1.000000000000000000e+10 0.000000000000000000e+00 0.000000000000000000e+00 0.000000000000000000e+00 1.000000000000000000e+10
1.841566026551830909e-02 1.118275764030156570e+05 9.539390310290994239e+04 4.830145634451112710e+04 2.906863104421658628e-01 9.510253564343226026e+04 2.438406607943571421e-25 2.410222630060236025e-25 1.157243912010981311e-25 3.973992191261380702e-01 1.821679333604987572e-25 1.000000000000000000e+00 0.000000000000000000e+00 0.000000000000000000e+00 0.000000000000000000e+00 1.000000000000000000e+00 1.000000000000000000e+10 0.000000000000000000e+00 0.000000000000000000e+00 0.000000000000000000e+00 1.000000000000000000e+10
2.123858088093512342e-02 7.707706068679501186e+04 6.776071675686599337e+04 2.926939697044336208e+04 2.801514698126179592e-01 6.256562504660290142e+04 2.092082913617380929e-25 1.679604756901245759e-25 9.819255627853597851e-26 3.468527690131658625e-01 1.638971323733795930e-25 1.000000000000000000e+00 0.000000000000000000e+00 0.000000000000000000e+00 0.000000000000000000e+00 1.000000000000000000e+00 1.000000000000000000e+10 0.000000000000000000e+00 0.000000000000000000e+00 0.000000000000000000e+00 1.000000000000000000e+10
2.449422455303571639e-02 5.334586290080267645e+04 4.128512969403003081e+04 1.920236555190640865e+04 2.735330915300273613e-01 4.376776403087248764e+04 1.818194490073104080e-25 1.427301668411777804e-25 6.908013590230421040e-26 3.268616430335784528e-01 1.386836696860033660e-25 1.000000000000000000e+00 0.000000000000000000e+00 0.000000000000000000e+00 0.000000000000000000e+00 1.000000000000000000e+00 1.000000000000000000e+10 0.000000000000000000e+00 0.000000000000000000e+00 0.000000000000000000e+00 1.000000000000000000e+10
2.824892302447100725e-02 3.763969154982667533e+04 2.890590601296278328e+04 1.323340642232356549e+04 2.503514927598738948e-01 3.049501881235320616e+04 1.508305113654741754e-25 1.066897800979350752e-25 6.565045090757339989e-26 3.027529664569162393e-01 1.279893685024757465e-25 1.000000000000000000e+00 0.000000000000000000e+00 0.000000000000000000e+00 0.000000000000000000e+00 1.000000000000000000e+00 1.000000000000000000e+10 0.000000000000000000e+00 0.000000000000000000e+00 0.000000000000000000e+00 1.000000000000000000e+10
3.257917597328415654e-02 2.612084053261444933e+04 1.437793182219005030e+04 8.098739884531147254e+03 2.220295320632166280e-01 2.149981654319791051e+04 1.235205845986018118e-25 9.225743000220235603e-26 5.420721554812331545e-26 2.826515908227856810e-01 1.062340560899448074e-25 1.000000000000000000e+00 0.000000000000000000e+00 0.000000000000000000e+00 0.000000000000000000e+00 1.000000000000000000e+00 1.000000000000000000e+10 0.000000000000000000e+00 0.000000000000000000e+00 0.000000000000000000e+00 1.000000000000000000e+10
3.757320964692217186e-02 1.927029194091972022e+04 9.833245776920706703e+03 7.023293457675961690e+03 2.105877269581836464e-01 1.704578322233510698e+04 1.009504387740082271e-25 7.738071927511838224e-26 3.954669590759623476e-26 2.756999456678100313e-01 8.408416355060665704e-26 1.000000000000000000e+00 0.000000000000000000e+00 0.000000000000000000e+00 0.000000000000000000e+00 1.000000000000000000e+00 1.000000000000000000e+10 0.000000000000000000e+00 0.000000000000000000e+00 0.000000000000000000e+00 1.000000000000000000e+10
4.333277441790538143e-02 1.456316915734320355e+04 7.609293434062881715e+03 4.492418518520446014e+03 1.955014478615405560e-01 1.274535978427903683e+04 8.566157235733704164e-26 5.816944761772311610e-26 3.309738383486466317e-26 2.716670430044539897e-01 7.068494983950396552e-26 1.000000000000000000e+00 0.000000000000000000e+00 0.000000000000000000e+00 0.000000000000000000e+00 1.000000000000000000e+00 1.000000000000000000e+10 0.000000000000000000e+00 0.000000000000000000e+00 0.000000000000000000e+00 1.000000000000000000e+10
4.997521788524898756e-02 1.135681167672940137e+04 5.364986172780278139e+03 3.537679298267214108e+03 1.910363114868507961e-01 1.004973112081920044e+04 7.077120039030377712e-26 5.638294754672444750e-26 2.568338601788077777e-26 2.699980644228083815e-01 5.790688221916831984e-26 1.000000000000000000e+00 0.000000000000000000e+00 0.000000000000000000e+00 0.000000000000000000e+00 1.000000000000000000e+00 1.000000000000000000e+10 0.000000000000000000e+00 0.000000000000000000e+00 0.000000000000000000e+00 1.000000000000000000e+10
5.763587575980636674e-02 8.853079881282052156e+03 3.677964594341086922e+03 2.964193138024535074e+03 1.798636284654200335e-01 8.167435570010818992e+03 5.780316016166294146e-26 4.440511011233376153e-26 1.844771777060001285e-26 2.673581828937472427e-01 4.656944134820811833e-26 1.000000000000000000e+00 0.000000000000000000e+00 0.000000000000000000e+00 0.000000000000000000e+00 1.000000000000000000e+00 1.000000000000000000e+10 0.000000000000000000e+00 0.000000000000000000e+00 0.000000000000000000e+00 1.000000000000000000e+10
6.647082924635627776e-02 6.897717597652746008e+03 3.166360130873869821e+03 1.980937196290962675e+03 1.723737770310727335e-01 6.171485592186319082e+03 4.486510386201802375e-26 3.547707561118670321e-26 1.522899783803094728e-26 2.647922822871843218e-01 3.571729658551475172e-26 1.000000000000000000e+00 0.000000000000000000e+00 0.000000000000000000e+00 0.000000000000000000e+00 1.000000000000000000e+00 1.000000000000000000e+10 0.000000000000000000e+00 0.000000000000000000e+00 0.000000000000000000e+00 1.000000000000000000e+10
7.666008510240249207e-02 5.596634259609058063e+03 2.756658532433319124e+03 1.701079231515910578e+03 1.758776630046392508e-01 5.124411383766406288e+03 3.452581981396428890e-26 2.743389503018860314e-26 1.082333358785410722e-26 2.630203293062595149e-01 2.736566229417138755e-26 1.000000000000000000e+00 0.000000000000000000e+00 0.000000000000000000e+00 0.000000000000000000e+00 1.000000000000000000e+00 1.000000000000000000e+10 0.000000000000000000e+00 0.000000000000000000e+00 0.000000000000000000e+00 1.000000000000000000e+10
8.841124316543315376e-02 4.235178722695432953e+03 2.203134466706837884e+03 1.023482363922616059e+03 1.641807105384876231e-01 3.789186344522883701e+03 2.595353111077446712e-26 2.144837316199332600e-26 9.576958824996342170e-27 2.663592284859415127e-01 2.102479339266248811e-26 1.000000000000000000e+00 0.000000000000000000e+00 0.000000000000000000e+00 0.000000000000000000e+00 1.000000000000000000e+00 1.000000000000000000e+10 0.000000000000000000e+00 0.000000000000000000e+00 0.000000000000000000e+00 1.000000000000000000e+10
1.019637260722580097e-01 3.193000275952365428e+03 1.554827413665413587e+03 7.828969498886203837e+02 1.600512633189702105e-01 2.878315676349545356e+03 1.919716253395123148e-26 1.630920466052037256e-26 6.933282298786770433e-27 2.685016564808887507e-01 1.519930794334004190e-26 1.000000000000000000e+00 0.000000000000000000e+00 0.000000000000000000e+00 0.000000000000000000e+00 1.000000000000000000e+00 1.000000000000000000e+10 0.000000000000000000e+00 0.000000000000000000e+00 0.000000000000000000e+00 1.000000000000000000e+10
1.175936573483598035e-01 2.432546412739563493e+03 1.107136022897812381e+03 6.784108805118944474e+02 1.629214498964720870e-01 2.201532850372637768e+03 1.383694064929163858e-26 1.171584020021694811e-26 4.794337439467942465e-27 2.759276172336702637e-01 1.054457659848161723e-26 1.000000000000000000e+00 0.000000000000000000e+00 0.000000000000000000e+00 0.000000000000000000e+00 1.000000000000000000e+00 1.000000000000000000e+10 0.000000000000000000e+00 0.000000000000000000e+00 0.000000000000000000e+00 1.000000000000000000e+10
1.356194872553388164e-01 1.840551167963933722e+03 8.651648740732953229e+02 4.797707654755690783e+02 1.607279053998477980e-01 1.675756123760974788e+03 9.794375922941253341e-27 8.331143158194825748e-27 3.580198376755465402e-27 2.856986805428963216e-01 7.499238720894383378e-27 1.000000000000000000e+00 0.000000000000000000e+00 0.000000000000000000e+00 0.000000000000000000e+00 1.000000000000000000e+00 1.000000000000000000e+10 0.000000000000000000e+00 0.000000000000000000e+00 0.000000000000000000e+00 1.000000000000000000e+10
1.564084810196403053e-01 1.363151039186493563e+03 7.168901316531055272e+02 3.919040819095082497e+02 1.675726025132956987e-01 1.235448582750267178e+03 6.697679754782822936e-27 6.576353077611976708e-27 2.622352419357734824e-27 2.993264548228348754e-01 5.236136257718110758e-27 1.000000000000000000e+00 0.000000000000000000e+00 0.000000000000000000e+00 0.000000000000000000e+00 1.000000000000000000e+00 1.000000000000000000e+10 0.000000000000000000e+00 0.000000000000000000e+00 0.000000000000000000e+00 1.000000000000000000e+10
1.803842016362447453e-01 1.017969965813707745e+03 5.048052855558278225e+02 2.989696811231966649e+02 1.726961609566105005e-01 9.049219629402730334e+02 4.533036301774457413e-27 4.097140407255800730e-27 1.932526856874431005e-27 3.125502439539802335e-01 3.571073775554106468e-27 1.000000000000000000e+00 0.000000000000000000e+00 0.000000000000000000e+00 0.000000000000000000e+00 1.000000000000000000e+00 1.000000000000000000e+10 0.000000000000000000e+00 0.000000000000000000e+00 0.000000000000000000e+00 1.000000000000000000e+10
2.080351397048574025e-01 7.468592164277033589e+02 3.538002980518378990e+02 2.345697484169510858e+02 1.744933814671499328e-01 6.810956491587385244e+02 3.104359233847058421e-27 2.939262545933471872e-27 1.280491658121630519e-27 3.289874254567269340e-01 2.293068569112537364e-27 1.000000000000000000e+00 0.000000000000000000e+00 0.000000000000000000e+00 0.000000000000000000e+00 1.000000000000000000e+00 1.000000000000000000e+10 0.000000000000000000e+00 0.000000000000000000e+00 0.000000000000000000e+00 1.000000000000000000e+10
2.399246661262133540e-01 5.375628188462474100e+02 2.345243255341819690e+02 1.626018010415657500e+02 1.711618056545364808e-01 4.917319451703233995e+02 2.221613158005970265e-27 2.020071993926840752e-27 7.596889010247351416e-28 3.473350655886322524e-01 1.443775888804682226e-27 1.000000000000000000e+00 0.000000000000000000e+00 0.000000000000000000e+00 0.000000000000000000e+00 1.000000000000000000e+00 1.000000000000000000e+10 0.000000000000000000e+00 0.000000000000000000e+00 0.000000000000000000e+00 1.000000000000000000e+10
2.767025104385807399e-01 3.919146084546717930e+02 2.129547979448611841e+02 1.027187727138825437e+02 1.655803099551213797e-01 3.409993474011604349e+02 1.588797096771855933e-27 1.375223442154914962e-27 4.549754066547235531e-28 3.595552783243399220e-01 9.087517844816605878e-28 1.000000000000000000e+00 0.000000000000000000e+00 0.000000000000000000e+00 0.000000000000000000e+00 1.000000000000000000e+00 1.000000000000000000e+10 0.000000000000000000e+00 0.000000000000000000e+00 0.000000000000000000e+00 1.000000000000000000e+10
3.191179986585286343e-01 2.875736763687456801e+02 1.526759632300470173e+02 6.061814689500627651e+01 1.714385023841560052e-01 2.461026235697310369e+02 1.174393461415595860e-27 8.499511492202302975e-28 2.907230093893164459e-28 3.782011421901584347e-01 6.114916937554011309e-28 1.000000000000000000e+00 0.000000000000000000e+00 0.000000000000000000e+00 0.000000000000000000e+00 1.000000000000000000e+00 1.000000000000000000e+10 0.000000000000000000e+00 0.000000000000000000e+00 0.000000000000000000e+00 1.000000000000000000e+10
3.680353203388414540e-01 2.216743976906197133e+02 1.032916272049488953e+02 5.200997245450238893e+01 1.891131858575047786e-01 1.841330139051005972e+02 9.475162619329010794e-28 5.337329015177918258e-28 1.880318144650195186e-28 4.116568056753027172e-01 4.018386512733041053e-28 1.000000000000000000e+00 0.000000000000000000e+00 0.000000000000000000e+00 0.000000000000000000e+00 1.000000000000000000e+00 1.000000000000000000e+10 0.000000000000000000e+00 0.000000000000000000e+00 0.000000000000000000e+00 1.000000000000000000e+10
4.244511359005219142e-01 1.799087274679886548e+02 8.305790768006588110e+01 4.560488680345589785e+01 2.142262214083010541e-01 1.425413963646241768e+02 8.298558299307072013e-28 4.369721158908713380e-28 1.303908060021516112e-28 4.595202318301264688e-01 2.744247480420052678e-28 1.000000000000000000e+00 0.000000000000000000e+00 0.000000000000000000e+00 0.000000000000000000e+00 1.000000000000000000e+00 1.000000000000000000e+10 0.000000000000000000e+00 0.000000000000000000e+00 0.000000000000000000e+00 1.000000000000000000e+10
4.895148829774688681e-01 1.428976314279435087e+02 8.152391130899260929e+01 3.487944917211849827e+01 2.252821058225881745e-01 1.123290717982849856e+02 7.722011537511955657e-28 4.283082164582610532e-28 9.864064133356880046e-29 5.130581502392121962e-01 1.864679707977850319e-28 1.000000000000000000e+00 0.000000000000000000e+00 0.000000000000000000e+00 0.000000000000000000e+00 1.000000000000000000e+00 1.000000000000000000e+10 0.000000000000000000e+00 0.000000000000000000e+00 0.000000000000000000e+00 1.000000000000000000e+10
5.645521955031491679e-01 1.195994022553615252e+02 9.187668065309134136e+01 3.227092834102514729e+01 2.415219197543291840e-01 9.042590088387086666e+01 7.703747018906780191e-28 4.289105620533638156e-28 8.631974402786731693e-29 5.748428184669828189e-01 1.422310998394898520e-28 1.000000000000000000e+00 0.000000000000000000e+00 0.000000000000000000e+00 0.000000000000000000e+00 1.000000000000000000e+00 1.000000000000000000e+10 0.000000000000000000e+00 0.000000000000000000e+00 0.000000000000000000e+00 1.000000000000000000e+10
6.510919126887823039e-01 1.070587037567886313e+02 7.818025009951044524e+01 2.778066926111242907e+01 2.639812852198906157e-01 7.752275691686453740e+01 8.020676212521842365e-28 3.607112796073946806e-28 7.568947985717539475e-29 6.189932103354963688e-01 1.196148196803881355e-28 1.000000000000000000e+00 0.000000000000000000e+00 0.000000000000000000e+00 0.000000000000000000e+00 1.000000000000000000e+00 1.000000000000000000e+10 0.000000000000000000e+00 0.000000000000000000e+00 0.000000000000000000e+00 1.000000000000000000e+10
7.508972281844089602e-01 8.866769422299132941e+01 5.680526784045464694e+01 2.000875855687876026e+01 2.576916256066439370e-01 6.228882841980035323e+01 8.526610425816140173e-28 3.108296131490070493e-28 6.126322937604075094e-29 6.308544923621166589e-01 9.325097509635592020e-29 1.000000000000000000e+00 0.000000000000000000e+00 0.000000000000000000e+00 0.000000000000000000e+00 1.000000000000000000e+00 1.000000000000000000e+10 0.000000000000000000e+00 0.000000000000000000e+00 0.000000000000000000e+00 1.000000000000000000e+10
8.660016140678794550e-01 8.104292557351089954e+01 4.325788621383576071e+01 2.165426952112121484e+01 2.659776682304815232e-01 5.623461113299711656e+01 8.751120948989364472e-28 3.070399510352435397e-28 5.494384159573203228e-29 6.623725258855297504e-01 7.782113459538587860e-29 1.000000000000000000e+00 0.000000000000000000e+00 0.000000000000000000e+00 0.000000000000000000e+00 1.000000000000000000e+00 1.000000000000000000e+10 0.000000000000000000e+00 0.000000000000000000e+00 0.000000000000000000e+00 1.000000000000000000e+10
9.987502515910116063e-01 6.907922011948031127e+01 4.572645537612098821e+01 1.700315666573806084e+01 2.642072969108500424e-01 4.749438469494103998e+01 7.051549163215163014e-28 2.588051327988331203e-28 4.760703746138567061e-29 6.766242563248797692e-01 6.565156113912672679e-29 1.000000000000000000e+00 0.000000000000000000e+00 0.000000000000000000e+00 0.000000000000000000e+00 1.000000000000000000e+00 1.000000000000000000e+10 0.000000000000000000e+00 0.000000000000000000e+00 0.000000000000000000e+00 1.000000000000000000e+10
1.151847812808953542e+00 5.873721296984171403e+01 2.844399275996094900e+01 1.497317762586594725e+01 2.594706400562206694e-01 4.154910055735463459e+01 6.118305601956615184e-28 1.342002351662933542e-28 4.002093945676199163e-29 6.791922131590895084e-01 5.328035608114059445e-29 1.000000000000000000e+00 0.000000000000000000e+00 0.000000000000000000e+00 0.000000000000000000e+00 1.000000000000000000e+00 1.000000000000000000e+10 0.000000000000000000e+00 0.000000000000000000e+00 0.000000000000000000e+00 1.000000000000000000e+10
1.328413566614123908e+00 5.120152546009561689e+01 3.496642691285005355e+01 1.257571648394880981e+01 2.634260022651061517e-01 3.542717147101635078e+01 4.848380236895148137e-28 2.099114904166388165e-28 2.343380430135949963e-29 7.153257145886865453e-01 3.404519618419737711e-29 1.000000000000000000e+00 0.000000000000000000e+00 0.000000000000000000e+00 0.000000000000000000e+00 1.000000000000000000e+00 1.000000000000000000e+10 0.000000000000000000e+00 0.000000000000000000e+00 0.000000000000000000e+00 1.000000000000000000e+10
1.532044931926391351e+00 4.668206765071827391e+01 3.090663665187636866e+01 1.466539935219445212e+01 2.585205161289821363e-01 3.494118444447863681e+01 4.151861698284499905e-28 2.273708169325851235e-28 3.347513228525391765e-29 7.371456492364220070e-01 4.275345374571167629e-29 1.000000000000000000e+00 0.000000000000000000e+00 0.000000000000000000e+00 0.000000000000000000e+00 1.000000000000000000e+00 1.000000000000000000e+10 0.000000000000000000e+00 0.000000000000000000e+00 0.000000000000000000e+00 1.000000000000000000e+10
1.766890772896739126e+00 4.238412660658447351e+01 2.291225888678366829e+01 1.316385645720340136e+01 2.507237330012135335e-01 3.256841494881000898e+01 3.422909265398896341e-28 1.867802300797149168e-28 2.905139970760862531e-29 7.247250653030939960e-01 3.841112530066327307e-29 1.000000000000000000e+00 0.000000000000000000e+00 0.000000000000000000e+00 0.000000000000000000e+00 1.000000000000000000e+00 1.000000000000000000e+10 0.000000000000000000e+00 0.000000000000000000e+00 0.000000000000000000e+00 1.000000000000000000e+10
2.037735929469222107e+00 3.891537749088730891e+01 2.119454546786253246e+01 8.908373452106452817e+00 2.402185021758998784e-01 2.814374086142338882e+01 3.644213568208354001e-28 1.437450227013513257e-28 2.263760023579892707e-29 7.099233601646901537e-01 3.220771956323381193e-29 1.000000000000000000e+00 0.000000000000000000e+00 0.000000000000000000e+00 0.000000000000000000e+00 1.000000000000000000e+00 1.000000000000000000e+10 0.000000000000000000e+00 0.000000000000000000e+00 0.000000000000000000e+00 1.000000000000000000e+10
2.350098705559579226e+00 3.556658314731978976e+01 1.757054810420148883e+01 8.040170315984205729e+00 2.241994937874586535e-01 2.716447416065835441e+01 2.948357346308734923e-28 1.243315136744558137e-28 2.788338717073206611e-29 6.717514556195590680e-01 3.913214587912427113e-29 1.000000000000000000e+00 0.000000000000000000e+00 0.000000000000000000e+00 0.000000000000000000e+00 1.000000000000000000e+00 1.000000000000000000e+10 0.000000000000000000e+00 0.000000000000000000e+00 0.000000000000000000e+00 1.000000000000000000e+10
