# R (Mpc), rho (Msol/kpc^3), errup, errlow, std, pth (Msol/kpc/s^2), errup, errlow, std 
#  nprofs 455, average weighted mh 5682994634498.487305
1.040961082911032697e-02 5.585648571516531520e+05 7.091515948889972642e+05 6.363283470254866406e+05 6.602016255455048777e-01 2.917893392980728223e-24 1.375222098680852444e-24 5.541263736777225553e-25 5.489456438636771685e-01
1.200529105910367808e-02 3.959664472113345983e+05 7.471823920243864413e+05 3.668999418659164221e+05 6.926474002901865656e-01 1.850323815464896522e-24 1.548717564008412689e-24 4.866588241964535534e-25 4.217623796318411000e-01
1.384557172980430476e-02 2.986353080052455189e+05 4.853641720325994538e+05 3.032431784896163153e+05 6.444677145690652642e-01 1.539369840979671252e-24 9.757852364997668396e-25 4.191553515568803441e-25 5.023437363916338771e-01
1.596794743096121086e-02 2.222877528082501085e+05 3.116567266956812819e+05 2.376309146985299012e+05 5.838640862363601025e-01 1.962373910537301795e-24 1.032306336836454709e-24 4.341650524677260346e-25 3.962174827755555184e-01
1.841566026551830909e-02 1.641783064746056334e+05 2.201866033217682852e+05 1.345190383878570865e+05 5.281445251860734658e-01 1.517375901424938536e-24 1.044969854413091870e-24 3.250809053280804593e-25 3.531506057269607757e-01
2.123858088093512342e-02 1.247907867719854403e+05 1.461731636706569989e+05 8.164001632836087083e+04 4.657744218301499983e-01 1.434929775214700598e-24 6.652218144403659955e-25 4.582892005006639592e-25 3.481071279452379041e-01
2.449422455303571639e-02 9.305919701335561695e+04 1.207839273077865073e+05 4.237094834636148153e+04 4.351256663902851596e-01 1.274529710005038521e-24 5.776939390164712692e-25 3.433115788801042538e-25 3.834981906219398495e-01
2.824892302447100725e-02 7.365327432411396876e+04 8.419437275775033049e+04 2.788138966560870176e+04 3.836009686392470863e-01 1.301962806758746531e-24 6.874164262483162407e-25 3.416860474030959490e-25 3.574612880565451456e-01
3.257917597328415654e-02 6.227763307041057124e+04 5.662439809982035513e+04 2.328595061895397885e+04 3.739929868274676217e-01 1.164302419961613566e-24 5.333205248293051691e-25 3.113375833037201193e-25 3.637006292145298358e-01
3.757320964692217186e-02 4.756707022665344994e+04 3.730786753103320370e+04 2.041807740848090179e+04 3.646487774815842520e-01 1.029915626648803549e-24 4.926313130593516430e-25 2.564532621349636876e-25 3.510487594306488934e-01
4.333277441790538143e-02 4.011461577456202212e+04 3.444250775222376978e+04 1.523636157469714999e+04 3.562240739229896036e-01 9.436104711957692146e-25 3.901735629012332393e-25 2.286388305264438291e-25 3.621701026611487961e-01
4.997521788524898756e-02 2.949592637846689468e+04 2.100521799323457162e+04 1.083522312336374671e+04 3.401886687852981872e-01 8.034058758902032581e-25 3.855135894731413691e-25 2.211828381219617899e-25 3.663189700882348854e-01
5.763587575980636674e-02 2.367319741696543133e+04 1.569936838534077106e+04 8.370997406162276093e+03 3.019399549024864848e-01 7.219796463697829373e-25 3.860133893739215899e-25 1.706668159839312841e-25 3.516781148266419632e-01
6.647082924635627776e-02 1.881013548365267343e+04 9.907465864143161525e+03 6.184767886541584630e+03 2.950411804995002885e-01 6.415174371780984336e-25 3.310937728084135158e-25 1.637975602921322845e-25 3.698339763615254849e-01
7.666008510240249207e-02 1.392547691708435013e+04 6.946528713446130496e+03 5.062550622595297682e+03 2.667887682801185489e-01 5.234702660859318265e-25 1.875898352692356172e-25 1.106593823082616722e-25 3.557501441970686296e-01
8.841124316543315376e-02 1.217737384956944697e+04 6.976873454746006246e+03 3.883961101669648087e+03 2.796284175627817836e-01 4.471291231669637631e-25 1.749043817513488725e-25 8.473296552278658682e-26 3.625004430209963213e-01
1.019637260722580097e-01 1.014008164118832065e+04 4.353045095808393853e+03 3.300057552085960197e+03 2.772172096487515169e-01 3.652379460312865553e-25 1.659025316248567262e-25 6.423292035701161191e-26 3.566312484103320024e-01
1.175936573483598035e-01 7.961540735714913353e+03 3.131353587201703704e+03 3.371211558869005785e+03 2.662811093865779521e-01 2.947555037633944181e-25 1.334933287385141957e-25 5.971459211581385934e-26 3.617311792042877672e-01
1.356194872553388164e-01 7.101756724079966261e+03 2.600293343314616322e+03 2.617037106783842319e+03 2.599326496905584594e-01 2.389211091308552454e-25 1.224163416449764269e-25 4.509958201149524251e-26 3.660032278716681131e-01
1.564084810196403053e-01 5.660854156857484668e+03 2.200015783014699991e+03 1.843461986712339012e+03 2.622599977007203931e-01 1.900682649397055373e-25 9.781729208484626251e-26 3.726843000826748447e-26 3.775444219847593486e-01
1.803842016362447453e-01 4.710393280629061337e+03 2.176895329368752755e+03 1.144383018319248094e+03 2.688408510314297395e-01 1.476667667257450888e-25 7.279562755709436519e-26 2.573042180562667002e-26 3.800371989121318905e-01
2.080351397048574025e-01 3.600445158852960503e+03 1.443460649078400820e+03 9.204183456938280870e+02 2.480583698912056656e-01 1.128805930343529709e-25 4.708443025018499580e-26 1.541036295510304215e-26 3.869097727039464418e-01
2.399246661262133540e-01 2.853975586609090897e+03 1.178058368553431364e+03 4.440850282852991313e+02 2.354725636347799467e-01 8.472261399583470100e-26 3.173207122358457237e-26 1.013519727920760067e-26 3.938720305531174248e-01
2.767025104385807399e-01 2.118443245553934503e+03 7.382414324662654508e+02 2.729617352375490782e+02 2.281781229840332270e-01 5.949250437310969919e-26 2.490731217509660853e-26 5.898478660089020525e-27 3.996147584932656094e-01
3.191179986585286343e-01 1.452726210058612878e+03 6.108733173140760755e+02 2.404807356476210316e+02 2.188176282519180282e-01 3.853759355500806028e-26 1.150479931416120991e-26 3.505562815015790274e-27 4.064118239153716727e-01
3.680353203388414540e-01 9.805935652234426243e+02 4.287803687314258241e+02 1.730815303139396519e+02 2.154560209991377429e-01 2.347415412506336348e-26 7.342614829606021072e-27 2.394153423186082303e-27 4.137158305647714029e-01
4.244511359005219142e-01 6.960197938901624184e+02 2.364995813175132753e+02 1.631302667940448998e+02 2.201288794563746321e-01 1.422203970421312020e-26 4.544852768292022344e-27 2.356113213787338830e-27 4.393151154855761686e-01
4.895148829774688681e-01 4.938322252883311876e+02 2.680485898642407392e+02 1.123093086453963849e+02 2.384454893584644353e-01 8.716422822036340471e-27 3.562092636108052232e-27 1.616880397601555962e-27 4.716599300435579400e-01
5.645521955031491679e-01 3.611443007063120945e+02 1.722348024921258514e+02 7.333606191737139568e+01 2.359956275701155792e-01 5.357293535527822413e-27 3.022683579551216311e-27 1.043427888760412042e-27 4.883506368500694639e-01
6.510919126887823039e-01 2.518257410967269152e+02 1.108054997330468154e+02 7.225426421538143984e+01 2.367908035062590566e-01 3.410559844537345313e-27 1.973393306377236688e-27 8.345831046579364128e-28 5.191336823865563277e-01
7.508972281844089602e-01 1.904229510943735590e+02 9.323517317591088727e+01 4.759513219011563478e+01 2.386975899036547499e-01 2.222551406721728994e-27 1.933791890622616730e-27 5.334673673629733505e-28 5.627438015627862500e-01
8.660016140678794550e-01 1.414130489974325258e+02 7.740589068101260750e+01 4.534850822179490848e+01 2.524180603770868059e-01 1.630415720593607389e-27 1.249061908369303222e-27 4.278914286527334415e-28 6.144354615074756332e-01
9.987502515910116063e-01 1.209661282139959155e+02 8.046856498545564307e+01 3.102290093255488301e+01 2.556349338664765103e-01 1.451216717525213474e-27 1.020634365531653557e-27 2.817023436335882581e-28 6.384098695979074645e-01
1.151847812808953542e+00 8.733059404172432494e+01 5.375703705806337496e+01 1.469583965866117126e+01 2.181103083898431050e-01 1.290644335659298189e-27 4.500964424960158415e-28 2.092108160071334536e-28 6.017828033439157620e-01
1.328413566614123908e+00 7.511211377618936069e+01 1.828275482898339277e+01 2.136056381758413636e+01 2.170417521926207849e-01 1.637637690991088626e-27 2.715600481811144163e-28 1.616058409597497165e-28 5.945177212721619586e-01
1.532044931926391351e+00 6.966398020451876505e+01 3.111540581294455876e+01 1.578272403976019334e+01 2.422582861487694028e-01 2.950465164589346962e-27 3.385085040652839961e-28 1.273017126385480693e-28 6.759553749366051800e-01
1.766890772896739126e+00 6.579687958120435098e+01 1.829215510693938995e+01 1.341421457552663199e+01 2.615148650759555604e-01 4.742057498830362563e-27 1.659497329872641519e-28 9.498527369029143085e-29 7.236809221827541494e-01
2.037735929469222107e+00 5.360299415005759016e+01 2.413866653546503827e+01 8.586620269937828454e+00 2.862651929932745754e-01 3.522695832789059970e-27 2.941261302217832223e-28 5.896975577782653176e-29 7.788696197868071325e-01
2.350098705559579226e+00 4.006442103072755856e+01 2.367724063043972649e+01 9.694844532199340392e+00 2.525327213258412029e-01 1.100968226739426862e-27 2.470120114385446067e-28 7.310913756310667479e-29 7.199587195240417792e-01
