# R (Mpc), rho (Msol/kpc^3), errup, errlow, std, pth (Msol/kpc/s^2), errup, errlow, std 
#  nprofs 454, average weighted mh 5760915498449.819336
1.040961082911032697e-02 4.667411367927003885e+05 7.519351582649213960e+05 4.194513177646211116e+05 5.467638815502525729e-01 2.348630542153053553e-24 2.671945873046970933e-24 4.439715814158231505e-25 4.830818917596385043e-01
1.200529105910367808e-02 3.613756077722066548e+05 6.064804194035392720e+05 3.019279843314089230e+05 5.396956470443563525e-01 2.020107581750723832e-24 1.523588056567460636e-24 5.064555253561453333e-25 4.666236201765392999e-01
1.384557172980430476e-02 2.701417391182327992e+05 4.469531869495482533e+05 1.885162139176030760e+05 5.254920808007486066e-01 1.690651517563217232e-24 1.278850062659833366e-24 4.848368736321275816e-25 4.700005033713304248e-01
1.596794743096121086e-02 2.035165410016724491e+05 3.550211538302814588e+05 1.302603125999034382e+05 5.221715738079361069e-01 1.987635410491947441e-24 1.150571992334071786e-24 5.992232209997035413e-25 4.874611233901314788e-01
1.841566026551830909e-02 1.531883643376259133e+05 2.562260176300836320e+05 8.841615643537558208e+04 4.739270088841872619e-01 1.925383480183130239e-24 9.482004382993115350e-25 5.645757009962566541e-25 4.552536682563798620e-01
2.123858088093512342e-02 1.220344388520588254e+05 2.035749520979080407e+05 6.689899532183034171e+04 4.470415649002186798e-01 2.150545894424328819e-24 7.144944809543685164e-25 4.275150157522432511e-25 4.418135177233935562e-01
2.449422455303571639e-02 9.713830291140281770e+04 1.502376901475135237e+05 4.079217236212422722e+04 4.512237216127418238e-01 1.560613615418545212e-24 1.070412419437682252e-24 5.045627315802586601e-25 4.206874359310994738e-01
2.824892302447100725e-02 7.091262933659514238e+04 8.901016502214048523e+04 2.686702325259759891e+04 3.960133470700327729e-01 1.296408417320134873e-24 5.753125748522810687e-25 3.663660142568257989e-25 3.634991765884719728e-01
3.257917597328415654e-02 5.361196873172844789e+04 6.478003603217670752e+04 2.365112517197654597e+04 3.699349858905245925e-01 1.321330923969222164e-24 5.434274733528491348e-25 3.242434820670215823e-25 3.805215176632628649e-01
3.757320964692217186e-02 4.162853742051852896e+04 3.853121967875728296e+04 1.896775931435599341e+04 3.430986243542521463e-01 1.208074126418392102e-24 5.144682653914826611e-25 2.715085166045963965e-25 3.673785371740087569e-01
4.333277441790538143e-02 3.164908049051788112e+04 3.230596045997255351e+04 1.430544723674534725e+04 3.291875660076812871e-01 1.072793500001087927e-24 5.743988414690244183e-25 2.616997314979455037e-25 3.593866269810276348e-01
4.997521788524898756e-02 2.399978253347730060e+04 2.020222049834129939e+04 1.060461511529752897e+04 3.289578045159743946e-01 9.353003264561508073e-25 4.039959524265802432e-25 2.072976821079665238e-25 3.742689896680111983e-01
5.763587575980636674e-02 2.029273785267870699e+04 1.612752049445786361e+04 7.727910662146857248e+03 3.299392702885622364e-01 8.123561124272358637e-25 2.694817937196002311e-25 1.417967859026285878e-25 3.594837930965756323e-01
6.647082924635627776e-02 1.580258377799224036e+04 1.224989813176190364e+04 6.622336198250069174e+03 3.309032940185673288e-01 6.452800371865815412e-25 2.478336385848223334e-25 1.355356304368348914e-25 3.544980931432647475e-01
7.666008510240249207e-02 1.347656595233890948e+04 7.239661146365313471e+03 6.038839481276545484e+03 3.069480540732344998e-01 5.687247725863383060e-25 2.115713289908655515e-25 1.103795977590875589e-25 3.618723668144077643e-01
8.841124316543315376e-02 1.138997388206718279e+04 5.670678666739722757e+03 5.067110066614990501e+03 2.957250696889114350e-01 4.494596765275982480e-25 1.557778925571532696e-25 8.906006766076281193e-26 3.544959244099368245e-01
1.019637260722580097e-01 9.497745063643136746e+03 4.956462010886208191e+03 3.157028622102711324e+03 2.986666489869655994e-01 3.617545023695511103e-25 1.320692504009474975e-25 6.660707426554106638e-26 3.564381253681059292e-01
1.175936573483598035e-01 7.509266902618976928e+03 3.927769792816755398e+03 2.243611549693161578e+03 2.782019944726803473e-01 2.906144377287839003e-25 1.091805311434751984e-25 4.695238026460510804e-26 3.585882760944996694e-01
1.356194872553388164e-01 6.122256762745143533e+03 2.464878077390327235e+03 2.132980034393267488e+03 2.722827601085305305e-01 2.308444228544411115e-25 8.714080713299158727e-26 3.500989256944233944e-26 3.606977266388928238e-01
1.564084810196403053e-01 5.063845991216143375e+03 2.221544991843867138e+03 1.396652415091776675e+03 2.598366158390846836e-01 1.780660227446965113e-25 8.025988967504307114e-26 2.433641701155113292e-26 3.631715508455592434e-01
1.803842016362447453e-01 4.317811301915647164e+03 1.928008771920702657e+03 1.129159376095122980e+03 2.612560695731895866e-01 1.395931016683409597e-25 5.735641662967004131e-26 2.165595485840522849e-26 3.748452750828391578e-01
2.080351397048574025e-01 3.375653558329526732e+03 1.046394491966484111e+03 9.795347854018921225e+02 2.429436985320395648e-01 1.069520344842540173e-25 3.925435507411634805e-26 1.876019873549446670e-26 3.827047513556101066e-01
2.399246661262133540e-01 2.707274996256728627e+03 9.450728782927990324e+02 5.460359048593131774e+02 2.340933162822020353e-01 8.194816640139695867e-26 2.600648815692761567e-26 1.096019669032142744e-26 3.922205833332121361e-01
2.767025104385807399e-01 2.064794155045481602e+03 7.548749097374995927e+02 3.237688973667950449e+02 2.182842744833777271e-01 6.327227216202950117e-26 1.881255644979456413e-26 7.988613635332741975e-27 4.120234459201794208e-01
3.191179986585286343e-01 1.530085187528791039e+03 5.258621939781056653e+02 2.708958387526524234e+02 2.215065032846419701e-01 4.195110716022912894e-26 1.416494507794884534e-26 4.398079488853523882e-27 4.317357098036869734e-01
3.680353203388414540e-01 1.054140575867994585e+03 4.390477367594470479e+02 1.747288015669622609e+02 2.267610764246433541e-01 2.713687588669301156e-26 8.375194274615381940e-27 3.398140035276685029e-27 4.561958609223962235e-01
4.244511359005219142e-01 7.719464850133850859e+02 2.568066124289362619e+02 1.499519360366290925e+02 2.335237064892299319e-01 1.667205439828853051e-26 5.596079938288735497e-27 2.624790422838969449e-27 4.805580136037500005e-01
4.895148829774688681e-01 5.086550973966092215e+02 2.218160143740246326e+02 1.013211056582368599e+02 2.462988049016614778e-01 9.423090612891918934e-27 4.249684815827971369e-27 1.227871304015614226e-27 4.940445514913027192e-01
5.645521955031491679e-01 3.561635261827625527e+02 1.823848274935417919e+02 6.728590758661306381e+01 2.351855830688173721e-01 5.608674626121213954e-27 2.864468783710935729e-27 8.575331395481366852e-28 4.926515131117679136e-01
6.510919126887823039e-01 2.559867587957825492e+02 1.205976584299721424e+02 7.094444838879407200e+01 2.365179119287238174e-01 3.495839725543253774e-27 1.687566317944076187e-27 7.915323124667914354e-28 5.066198019917351747e-01
7.508972281844089602e-01 1.932588534636314250e+02 1.015305595824037965e+02 4.498211051076938816e+01 2.409907124991181870e-01 2.346583608369788452e-27 1.856275955610861333e-27 4.655617258556531836e-28 5.452796473865791915e-01
8.660016140678794550e-01 1.469554331201350408e+02 7.085354567583161156e+01 4.391754195046758014e+01 2.531950929973776909e-01 1.788104508545307597e-27 9.498131731012343702e-28 4.689558754179555807e-28 5.983908184484322268e-01
9.987502515910116063e-01 1.231795502465105585e+02 7.351093897528605225e+01 2.830971060764003511e+01 2.573382723200399180e-01 1.479999569346992455e-27 8.457120822890801767e-28 2.677786281154511249e-28 6.327937476369558389e-01
1.151847812808953542e+00 9.154468502534953700e+01 4.880441511711902791e+01 2.149855346573824022e+01 2.262223110715135821e-01 1.323925627439076865e-27 4.807370743166756567e-28 1.939202808619602081e-28 6.127801359096811673e-01
1.328413566614123908e+00 7.458496311490328878e+01 1.571207126011756827e+01 2.289199426728373510e+01 2.184956538208099874e-01 1.554523399880986072e-27 2.556335047174406511e-28 1.500798811064133141e-28 6.046402657976301942e-01
1.532044931926391351e+00 6.979658598595383978e+01 2.861902448636490703e+01 1.524922914885603475e+01 2.470061739138755263e-01 2.837367939948668029e-27 3.082776874175704272e-28 1.130048777354138485e-28 6.605082840442261238e-01
1.766890772896739126e+00 6.486162833461629873e+01 1.695899155324887886e+01 1.434369353544849801e+01 2.650672775045855856e-01 4.852354274769207312e-27 1.800002449100939997e-28 9.368002479253210160e-29 7.146173314375822150e-01
2.037735929469222107e+00 5.311615837099381565e+01 2.790523993336429598e+01 9.248663607262397335e+00 2.918911541851497704e-01 3.419379833279991630e-27 3.185327880920792596e-28 6.012273640963901321e-29 7.828436606520655650e-01
2.350098705559579226e+00 3.907125639599781408e+01 2.443970364033717146e+01 7.862682540376070506e+00 2.505724941994444954e-01 9.805308842369225128e-28 2.753614686448981880e-28 6.743233685001500601e-29 7.209037821822258385e-01
