# R (Mpc), rho (Msol/kpc^3), errup, errlow, std, pth (Msol/kpc/s^2), errup, errlow, std 
#  nprofs 458, average weighted mh 6426763119668.053711
1.040961082911032697e-02 3.102894606042372761e+05 6.582300918681635521e+05 1.590515354458913207e+05 6.512544754165359162e-01 2.966763326563094047e-24 2.446293113058546881e-24 7.727576774902976294e-25 5.678297621649930349e-01
1.200529105910367808e-02 2.575264308915929869e+05 4.685983400163250044e+05 1.624253779947823496e+05 6.127804782537107364e-01 2.689337560584645383e-24 2.290448696422061868e-24 5.487989135957833377e-25 5.430048363889583563e-01
1.384557172980430476e-02 2.013071649522165826e+05 3.560453624465566827e+05 1.344931590633598680e+05 5.660787767378843149e-01 2.339592236524557433e-24 2.338038075890932832e-24 5.986223929048379289e-25 4.828286012989970177e-01
1.596794743096121086e-02 1.418692902897332970e+05 2.379005726881538285e+05 1.094221335471362690e+05 5.610279132662705504e-01 2.183305430126763612e-24 1.449466058522119995e-24 4.220555320244677015e-25 5.119289733506827700e-01
1.841566026551830909e-02 1.107002017650406051e+05 1.806970612519592396e+05 6.742560543784257607e+04 5.278911082909881758e-01 2.062806798449261992e-24 1.243998544556840236e-24 4.629993220120718166e-25 5.115122983146535018e-01
2.123858088093512342e-02 8.626362683418591041e+04 1.360417974344646500e+05 3.814452472924337781e+04 4.574423765947315812e-01 1.897749244684068426e-24 1.242015939485790160e-24 4.503698630629022452e-25 4.766015754966077544e-01
2.449422455303571639e-02 6.349267125507079618e+04 8.783595336546673207e+04 2.925423849116139900e+04 4.459999155588078579e-01 1.598210949612011709e-24 9.010297385401170981e-25 4.712383234896693558e-25 4.484758313071393609e-01
2.824892302447100725e-02 5.127928688800038071e+04 6.352625036876838567e+04 2.311180564109796978e+04 4.379534913366032733e-01 1.492117619761626854e-24 1.024189013002913936e-24 4.132476112542790011e-25 4.552703117229504048e-01
3.257917597328415654e-02 3.942880058296026982e+04 4.367852516657691740e+04 2.017841715491477953e+04 4.240830919633974960e-01 1.425640701584794157e-24 9.269891623303832917e-25 3.150513029431251432e-25 4.645403020781379566e-01
3.757320964692217186e-02 2.998160829282251507e+04 2.645344782256184044e+04 1.736039075886353385e+04 4.064688581255726518e-01 1.147972111556237541e-24 7.803818722470680024e-25 3.109578585131342733e-25 4.667555059217821101e-01
4.333277441790538143e-02 2.589609319613338084e+04 2.396861161153805006e+04 1.285763389029981226e+04 3.759433238702095115e-01 1.012901775613922006e-24 5.740881776793928201e-25 2.714213487155562637e-25 4.473860405230840054e-01
4.997521788524898756e-02 2.235345126137149055e+04 1.649978514554665526e+04 8.997663600442803727e+03 3.614048872798800716e-01 8.711606753862799746e-25 5.764741997375858694e-25 2.214918748074372759e-25 4.661514482703940088e-01
5.763587575980636674e-02 2.195999442074146646e+04 1.236358648496437672e+04 9.473949299969423009e+03 3.713353794323360768e-01 7.670567939720584353e-25 5.044863052769373661e-25 1.820437018314124980e-25 4.567474434577970532e-01
6.647082924635627776e-02 1.601526944525108775e+04 1.003567083048322093e+04 7.400084356362711333e+03 3.508669402274844917e-01 6.423141941130406586e-25 3.013356355490664709e-25 1.583168638446923749e-25 4.457436894355742418e-01
7.666008510240249207e-02 1.316967750167880331e+04 8.131017001046988298e+03 5.688473372980306522e+03 3.691462130305659950e-01 5.588608026900486957e-25 2.769605693828664873e-25 1.056220794665097028e-25 4.607409466755333916e-01
8.841124316543315376e-02 1.046364387982595872e+04 6.141137290038919673e+03 4.839569297031268434e+03 3.630701311388281893e-01 4.729737091499447191e-25 2.321387252499193209e-25 7.504363994553997218e-26 4.512589247956770300e-01
1.019637260722580097e-01 8.959744473202208610e+03 3.896041589461471631e+03 3.928537584882688861e+03 3.576180326690466815e-01 3.877498359268070771e-25 2.022137587444686393e-25 5.173803690404437185e-26 4.385033863043137914e-01
1.175936573483598035e-01 7.532354532345053485e+03 3.358167036987498250e+03 3.155148411971905716e+03 3.634023968680125671e-01 3.233813937353589200e-25 1.641345845896488535e-25 4.478806182382940556e-26 4.423449235339033114e-01
1.356194872553388164e-01 6.087502673769811736e+03 2.700613206543992874e+03 2.353217150465144641e+03 3.472768098064306086e-01 2.641406907943474195e-25 1.225706101790224654e-25 3.476083968008478880e-26 4.414656442923050594e-01
1.564084810196403053e-01 5.253065654212323352e+03 2.195039496145981047e+03 1.828953732701327681e+03 3.307666996380833613e-01 2.079132699871114192e-25 8.863645202065648494e-26 2.243599495033118247e-26 4.363948715598054418e-01
1.803842016362447453e-01 4.019694828530450650e+03 1.713960727661312376e+03 1.071029695144515017e+03 3.089519399019921009e-01 1.593764902721302755e-25 6.404075512405372228e-26 2.348230014833432187e-26 4.384443421758515980e-01
2.080351397048574025e-01 3.071703836262068307e+03 1.519078527984786206e+03 7.977334885638831565e+02 2.955552693728565883e-01 1.182916091651324617e-25 4.907744388811278774e-26 1.886809321525418099e-26 4.334079339749850046e-01
2.399246661262133540e-01 2.453183932454999649e+03 1.164650670399887076e+03 7.231332012064960963e+02 2.823063229349975778e-01 8.414824166335275895e-26 3.992516519340890590e-26 1.251673445098586750e-26 4.306165864992803627e-01
2.767025104385807399e-01 1.866209018550210430e+03 8.224104431478001516e+02 4.895523577224013252e+02 2.696197182179435048e-01 5.856250094198556126e-26 2.461011827467898330e-26 1.048995503186129445e-26 4.376358298102335231e-01
3.191179986585286343e-01 1.377910028968703955e+03 7.329411891034638984e+02 2.793138552742592537e+02 2.635111680334400464e-01 4.068778664142625100e-26 2.334400922314636459e-26 6.514271922161143943e-27 4.655443215783331978e-01
3.680353203388414540e-01 1.034978315796144898e+03 4.385239175459533953e+02 2.114785078642366329e+02 2.589545229576742935e-01 2.651558643224756010e-26 1.606180561822912561e-26 4.324160194587945381e-27 4.927978580059674263e-01
4.244511359005219142e-01 7.888826409755384930e+02 3.722628039304249228e+02 1.153167670576883381e+02 2.727129704147501221e-01 1.715874673707565366e-26 1.372274745549449996e-26 3.432313558670847022e-27 5.235388070773031588e-01
4.895148829774688681e-01 5.581660050468343570e+02 2.913009200160217915e+02 1.074377853769344426e+02 2.717936826188330213e-01 1.117903512416150576e-26 7.318817799557591354e-27 2.425620748816907472e-27 5.505520134341861382e-01
5.645521955031491679e-01 3.834658939519658247e+02 2.009457330754088389e+02 8.260846784340223792e+01 2.700737943537956376e-01 7.179341594931432802e-27 4.539753716366586039e-27 1.654090144913120920e-27 5.755282506762439132e-01
6.510919126887823039e-01 2.835355550369112052e+02 1.628626339423871627e+02 7.806568514829760375e+01 2.808164134372115317e-01 4.677948554841959871e-27 3.618790707551642145e-27 9.759930286988039113e-28 6.043901500445815200e-01
7.508972281844089602e-01 1.976946467333784767e+02 1.208063641241508037e+02 5.607604881415514342e+01 2.742601056753657396e-01 2.933995811907509600e-27 2.913529310466065706e-27 6.607764242411842626e-28 6.106095315572699356e-01
8.660016140678794550e-01 1.437463712504797968e+02 7.158893566627024541e+01 3.858491453315662056e+01 2.492153269203127852e-01 1.862531387765296046e-27 1.525164728600113765e-27 4.179190848599511658e-28 5.885501775207285791e-01
9.987502515910116063e-01 1.105111743367173034e+02 4.979218287536473042e+01 2.962124832670064478e+01 2.309183792142687763e-01 1.288800702503062809e-27 7.618525088529087560e-28 3.058309494118057956e-28 5.763955607137147830e-01
1.151847812808953542e+00 8.909558259644592226e+01 3.871573777213601630e+01 2.724827021727283238e+01 2.357890808932736892e-01 1.006757301113431218e-27 4.991384158128795820e-28 2.083643824898444112e-28 6.004906166647051569e-01
1.328413566614123908e+00 7.067568244810836120e+01 3.722763449575000294e+01 1.962302353690557766e+01 2.309257555228620695e-01 6.487461723924470745e-28 3.379706498308740486e-28 2.384849162288560750e-28 5.853645047185673800e-01
1.532044931926391351e+00 5.751541721900866122e+01 2.878959977520722191e+01 1.867708029452721163e+01 2.235057746551990798e-01 4.548568045463444900e-28 4.315504608419771668e-28 2.158069174692319560e-28 5.755735938192483303e-01
1.766890772896739126e+00 4.639368488031902160e+01 3.388368593237704118e+01 1.039439702300197865e+01 2.235699556455980064e-01 3.558848465702386913e-28 4.829857926850145863e-28 1.273363622425528006e-28 5.941639945813758095e-01
2.037735929469222107e+00 4.095662879309971061e+01 3.186646746902987104e+01 1.207458048486094171e+01 2.362422515649451882e-01 3.398696132558462013e-28 4.578270088412775736e-28 1.207371454688672631e-28 6.123115443714073347e-01
2.350098705559579226e+00 3.562171646172252792e+01 2.549708776873067961e+01 8.278968512493584342e+00 2.062679164012317934e-01 2.651189255664067053e-28 2.949452824523919843e-28 7.801941663128589870e-29 5.439683330111151349e-01
