# R (Mpc), rho (Msol/kpc^3), errup, errlow, std, pth (Msol/kpc/s^2), errup, errlow, std 
#  nprofs 469, average weighted mh 5385196566879.839844
1.040961082911032697e-02 2.603034513406953483e+05 1.131523333656182280e+06 9.910312559288495686e+04 7.751386607459348488e-01 2.203209959536712241e-24 1.132692777019434844e-24 3.032061172798737788e-25 6.158448539134064870e-01
1.200529105910367808e-02 2.081390538802019728e+05 7.881739315841635689e+05 1.094569257761964109e+05 7.192658766071908794e-01 2.224278593719874216e-24 1.295170231979634941e-24 5.019124476735104579e-25 5.895979432924030039e-01
1.384557172980430476e-02 1.553394849965351459e+05 5.609836912187236594e+05 7.337917328988100053e+04 6.820060419473643609e-01 1.883367582142880503e-24 8.340542463157143190e-25 4.151995579534236012e-25 5.096790743601694595e-01
1.596794743096121086e-02 1.121794188579182519e+05 3.903653632174351369e+05 4.525461402764747618e+04 6.454414427288132083e-01 1.216834813575740299e-24 7.984531070248863299e-25 4.591596732877764550e-25 5.249953999946939120e-01
1.841566026551830909e-02 8.093221852478157962e+04 2.442271071841034864e+05 4.234214530681755423e+04 5.896526397760283311e-01 1.115445094095296387e-24 8.893311028187239525e-25 5.046663414175163612e-25 4.858672930690410841e-01
2.123858088093512342e-02 6.419990640625440574e+04 1.797650047509384458e+05 4.160677311943725363e+04 5.112395690210623789e-01 9.521852320829679224e-25 6.102351512707930109e-25 4.726410538345744358e-25 4.469119418895251550e-01
2.449422455303571639e-02 5.303694616400988161e+04 1.202726781982898829e+05 3.677035272738127242e+04 5.313762032089159870e-01 8.838471417587823485e-25 6.543748211684273375e-25 4.770682885800875246e-25 4.925994949149957725e-01
2.824892302447100725e-02 4.837281208581363171e+04 9.060953793184796814e+04 2.907949829599363875e+04 5.074035363953688371e-01 7.865710882524613928e-25 6.637003222713038927e-25 3.592152717604970847e-25 4.586981454826897231e-01
3.257917597328415654e-02 3.681504777671974443e+04 5.446525335262968292e+04 1.943363126366792858e+04 4.626419778965166762e-01 6.178377824385746218e-25 5.390426376796864755e-25 3.458756760882504085e-25 4.828836525284075920e-01
3.757320964692217186e-02 3.150095585897518322e+04 3.161337866099707389e+04 1.794969247190271562e+04 4.608803197982803135e-01 5.582334908623608354e-25 4.098806698771528486e-25 2.914140104024399979e-25 4.659782913420148498e-01
4.333277441790538143e-02 2.156788693708485516e+04 2.637925108065337554e+04 1.262118616893053877e+04 4.116022043924000284e-01 5.114198333038054734e-25 4.311470067049170699e-25 2.592016583139623868e-25 4.485800772979550155e-01
4.997521788524898756e-02 1.658039803946801476e+04 1.167997215925749333e+04 1.078068283235151466e+04 3.643414641537845444e-01 4.792748371197621960e-25 3.623422347207000483e-25 2.107088383891194310e-25 4.431089503680360475e-01
5.763587575980636674e-02 1.394719971067355618e+04 1.472615297967059450e+04 7.941242805544554358e+03 3.830626908251897333e-01 4.008223091937031192e-25 2.579863052506186078e-25 1.925043658997301993e-25 4.534373857709165234e-01
6.647082924635627776e-02 1.175913339775045097e+04 7.152961486526652152e+03 8.100096073517517652e+03 3.800980086963166027e-01 3.581580188988056503e-25 1.943532741124324012e-25 1.510446503203489079e-25 4.263999846375705061e-01
7.666008510240249207e-02 9.803176720618796026e+03 8.792369972188100292e+03 4.919504031435380057e+03 3.859572880726395150e-01 3.015204884570921232e-25 1.292794471736878262e-25 1.349431611081137514e-25 4.339304191897608853e-01
8.841124316543315376e-02 7.566861200364115575e+03 6.188090322122115140e+03 3.757373922833465258e+03 3.813635092722845732e-01 2.713152070972075605e-25 1.087914716962923369e-25 8.908257715412681390e-26 4.274438156048239179e-01
1.019637260722580097e-01 5.789157452302293677e+03 4.604411194957468069e+03 3.549583469892004814e+03 3.573722852752946877e-01 2.362060282200277594e-25 1.080455328367573836e-25 5.569322625957975691e-26 4.069093406475450814e-01
1.175936573483598035e-01 5.264614397076580644e+03 3.463201758295427680e+03 2.829879652234580135e+03 3.593438999969195691e-01 1.977528464617258175e-25 9.235558692145949967e-26 4.510829695456229398e-26 4.025238321185253265e-01
1.356194872553388164e-01 4.375322008516366623e+03 2.734056063256593916e+03 1.828404427778662921e+03 3.343198578355711659e-01 1.684506389296797016e-25 7.261506289135340773e-26 3.793887427429409811e-26 3.887980605903235687e-01
1.564084810196403053e-01 4.106594754625231872e+03 2.688592050200861650e+03 1.720168110389545973e+03 3.399764634655738638e-01 1.334936613745707755e-25 6.112612699581531851e-26 2.342413284805381296e-26 3.839756030278000942e-01
1.803842016362447453e-01 3.570234883022018039e+03 1.911522006398210351e+03 1.097956959362003090e+03 3.228821406996913446e-01 1.042240326452414563e-25 4.660335022572878669e-26 1.795607578981549954e-26 3.762022806266188679e-01
2.080351397048574025e-01 2.630468698286590097e+03 1.452382486532033454e+03 8.161880715127696249e+02 3.027885938780735531e-01 8.304639441945194128e-26 3.147801520215434357e-26 1.484819260338308079e-26 3.901037020075713846e-01
2.399246661262133540e-01 1.953290114947866641e+03 8.953033553369950823e+02 5.216961074197746484e+02 2.742527543854594296e-01 6.311790296456411591e-26 2.123585296652292673e-26 1.264208273277345296e-26 4.022799279992433363e-01
2.767025104385807399e-01 1.492055061050006543e+03 5.581420213968037842e+02 3.667072705075371459e+02 2.620101128893015385e-01 4.270687056482284616e-26 1.357170082610334112e-26 8.399221684440188392e-27 4.272692076459099764e-01
3.191179986585286343e-01 1.114006461148729159e+03 3.323112644566322160e+02 3.187215111595128860e+02 2.718538174851005129e-01 2.874299805109173805e-26 1.191268636003250625e-26 5.955374575786146626e-27 4.574252623777220750e-01
3.680353203388414540e-01 7.865760297607799885e+02 2.678677724791982655e+02 2.856343614027547915e+02 2.559913062535660866e-01 1.997416774605499425e-26 7.218007532382506627e-27 4.894116953648407686e-27 4.818779916705411837e-01
4.244511359005219142e-01 5.787365387868869675e+02 2.570164735485250276e+02 1.850346940321600187e+02 2.520481801362625673e-01 1.309248728476880521e-26 5.711103781626648231e-27 3.158381794717443842e-27 4.905177845338337117e-01
4.895148829774688681e-01 4.389137247085803892e+02 2.080798959182806129e+02 1.235947880927884341e+02 2.598898528539992925e-01 8.403764339231057841e-27 5.835967994594661900e-27 1.571522124584910384e-27 5.057482826421274558e-01
5.645521955031491679e-01 3.282591449534244816e+02 1.387837401869721816e+02 8.741764866341218010e+01 2.528228991379608548e-01 5.372036843253415703e-27 3.882476686697525668e-27 1.283399045394132787e-27 5.103340431909789698e-01
6.510919126887823039e-01 2.440531023982567547e+02 1.051331542031250308e+02 8.190177669290919482e+01 2.428470055121172422e-01 3.522573084217691675e-27 3.070288591930746198e-27 7.846347928046786619e-28 5.292951632428629649e-01
7.508972281844089602e-01 1.859146814642576544e+02 8.965329063555437017e+01 5.415959511771396961e+01 2.476982099351552613e-01 2.390505860375562068e-27 2.050008941953090415e-27 7.010815753825059193e-28 5.656818954213085338e-01
8.660016140678794550e-01 1.457491352407597560e+02 8.479161053566292594e+01 5.306573791042140442e+01 2.575144604749173838e-01 1.617094827095431489e-27 1.491213941353033676e-27 6.063809329566055986e-28 6.028805335124097775e-01
9.987502515910116063e-01 1.178173192221417338e+02 6.658101116686451348e+01 4.142050534263905348e+01 2.470856412512673905e-01 1.159505917293677126e-27 1.108964666203588704e-27 4.844993005801654583e-28 6.083956308415120473e-01
1.151847812808953542e+00 8.824857093747573344e+01 5.014387238114233014e+01 2.102857328837552586e+01 2.273080613269615191e-01 7.956545793820029129e-28 7.088486287999802702e-28 3.078004208632620858e-28 5.762292272365466816e-01
1.328413566614123908e+00 6.752394685779397321e+01 2.294623855850167615e+01 2.258198468953064264e+01 2.202068287317012485e-01 5.522483483136990841e-28 3.024749873771894738e-28 1.701715998053440255e-28 5.691927381262115171e-01
1.532044931926391351e+00 5.548498138894932197e+01 2.026469864385465769e+01 2.393536975990090454e+01 2.441720326676061759e-01 4.547402548355405992e-28 3.197690959062435416e-28 1.367603183746758134e-28 6.206304949243501845e-01
1.766890772896739126e+00 4.481056530648999114e+01 1.668553766249914361e+01 1.480799694250190512e+01 2.604372675858266928e-01 4.201289241320263916e-28 2.195503911245442266e-28 8.074828333439350309e-29 6.688603156052064236e-01
2.037735929469222107e+00 3.859064796061720415e+01 2.534427895151085153e+01 1.067228908614510985e+01 2.795273167406089332e-01 3.858735431563581407e-28 2.764833798102670255e-28 8.451308250105084236e-29 7.152526347073405733e-01
2.350098705559579226e+00 3.395795883362544032e+01 2.106837721590107648e+01 1.119767163977387980e+01 2.397739208897936292e-01 2.641610733013371754e-28 2.381908128348832966e-28 8.987705345867909663e-29 6.548362132930558577e-01
