# R (Mpc), rho (Msol/kpc^3), errup, errlow, std, pth (Msol/kpc/s^2), errup, errlow, std 
#  nprofs 461, average weighted mh 5866304702865.213867
1.040961082911032697e-02 5.829813793240539962e+05 7.149279246649448760e+05 5.119909715151552809e+05 5.811495163117185170e-01 2.582400765868521546e-24 1.929890751400942054e-24 8.758236066819246472e-25 5.786004055354265763e-01
1.200529105910367808e-02 4.676087984945407952e+05 6.674433841200813185e+05 3.046702747299422626e+05 5.709904434604098356e-01 2.683635106265222494e-24 2.173690050909611636e-24 7.775701006743724747e-25 5.481707827454294080e-01
1.384557172980430476e-02 3.519506782314286102e+05 4.099040500084644882e+05 2.530772945325708133e+05 5.494472336370895826e-01 2.136490724842845705e-24 1.440370779823766704e-24 8.679606527126192609e-25 5.645841550236263551e-01
1.596794743096121086e-02 2.674603157637153636e+05 2.587244603210612549e+05 2.157042642180364346e+05 5.467984580184523935e-01 2.383390926618815364e-24 2.536968456548169081e-24 5.989910889036545335e-25 5.545944275932557233e-01
1.841566026551830909e-02 1.789061837923468556e+05 2.334011775566516444e+05 1.408887379821337527e+05 4.929397697716929039e-01 2.167132347631859700e-24 1.923412934316653064e-24 6.695557170032488527e-25 4.921921648991151588e-01
2.123858088093512342e-02 1.268390519158839452e+05 2.004857008219553973e+05 9.318874174660109566e+04 4.933680054736200860e-01 1.995634682877403017e-24 1.619585986675163275e-24 5.658513150966439129e-25 4.631916178144960816e-01
2.449422455303571639e-02 9.028155191216398089e+04 1.211618245160453225e+05 6.001849255582213664e+04 4.482069563331021467e-01 1.924412969148801196e-24 1.425335448432502155e-24 3.511354837061405874e-25 4.703465292731247027e-01
2.824892302447100725e-02 7.417025002486284939e+04 6.063079500733237364e+04 4.912588599100331339e+04 4.175972162584160596e-01 1.627435942368457961e-24 1.336708051713744669e-24 3.564948254859084626e-25 5.179276081153286748e-01
3.257917597328415654e-02 5.612346010387989372e+04 4.159236600579539663e+04 3.560372316170480917e+04 3.847159091259335084e-01 1.600600136423344539e-24 8.566579886893434280e-25 2.403091477127446864e-25 4.228452104266892109e-01
3.757320964692217186e-02 4.180677666730657802e+04 3.008803017398335942e+04 2.020304117846585359e+04 3.478697384819666727e-01 1.314201975950345129e-24 7.457545985827829368e-25 1.977313568268858312e-25 3.848464872091106326e-01
4.333277441790538143e-02 3.339341046766946965e+04 2.118020398926809867e+04 1.784711074185556208e+04 3.687702720837162107e-01 1.137247968128590092e-24 5.740488528463125871e-25 2.089823859700949930e-25 3.838047287440001787e-01
4.997521788524898756e-02 2.587419784194187014e+04 1.722167120604090451e+04 1.176871096986405246e+04 3.434087787432619221e-01 1.009327700361662066e-24 4.786392417399935504e-25 1.528656444743555217e-25 3.879191391374085529e-01
5.763587575980636674e-02 2.399167877046089052e+04 1.318937739908355070e+04 8.657408751597629816e+03 3.461142704223268418e-01 8.546102455365880350e-25 4.296502580939967485e-25 1.373836587923051519e-25 3.749010078246351463e-01
6.647082924635627776e-02 1.982966911476798850e+04 9.620358661076814315e+03 6.390833548252309811e+03 3.211154645767568261e-01 7.008678170001356521e-25 3.300344502407853868e-25 1.343931094346022402e-25 3.644109010676018223e-01
7.666008510240249207e-02 1.578447297259089464e+04 7.974353446992314275e+03 5.740908394939845493e+03 3.068987376067996431e-01 5.981629772449115849e-25 2.819371243270385055e-25 1.115097033766905699e-25 3.598559008943433835e-01
8.841124316543315376e-02 1.297955752847293297e+04 6.690717002888804927e+03 4.861768678393636037e+03 2.967229211560733493e-01 5.010946368576014459e-25 2.034095447493333508e-25 9.892963471750826138e-26 3.578699443845281269e-01
1.019637260722580097e-01 1.078337766618565183e+04 5.081304619429449303e+03 3.045824659735286332e+03 2.834293116475063434e-01 4.099858871909254203e-25 1.570701788341588265e-25 6.877415502477130925e-26 3.609485991886620670e-01
1.175936573483598035e-01 8.931588004157296382e+03 3.943566874217562145e+03 2.271991449236556946e+03 2.690097272764700453e-01 3.387691002409882786e-25 1.248551331318264049e-25 4.349019064424144354e-26 3.522016056968764741e-01
1.356194872553388164e-01 7.600728785954415798e+03 4.016831821663668052e+03 1.842710950916844922e+03 2.676229352978125031e-01 2.838015781664244891e-25 1.154865482527862668e-25 3.350554234586727463e-26 3.666023604603078079e-01
1.564084810196403053e-01 6.159131270416612097e+03 2.944200921767377622e+03 1.262778304495481734e+03 2.693260282886498214e-01 2.240004337058836723e-25 9.245996430654492478e-26 2.414517037017944829e-26 3.767594305056988224e-01
1.803842016362447453e-01 5.033320486666038960e+03 2.338678893733062523e+03 1.018062336035259705e+03 2.663049052980879239e-01 1.680432462879463142e-25 6.323006127461268536e-26 2.323447668349259550e-26 3.814779281498866803e-01
2.080351397048574025e-01 3.824694038553248902e+03 1.593139324670467431e+03 8.604562941679319010e+02 2.587796716013802678e-01 1.245105503751548117e-25 5.007252662498516991e-26 1.510911659001772310e-26 3.981304230544254752e-01
2.399246661262133540e-01 3.020273902996703328e+03 1.037437397173854151e+03 6.266758711802343669e+02 2.517631498993903594e-01 9.032689820109927151e-26 3.663559240937818794e-26 1.129252460040519966e-26 4.161838518220009608e-01
2.767025104385807399e-01 2.083292429733957306e+03 1.032806189445701648e+03 3.354284026716931066e+02 2.523110685168126199e-01 6.088044539933378144e-26 2.576246793810063379e-26 7.595022897317830567e-27 4.325946426490127616e-01
3.191179986585286343e-01 1.452986867329277629e+03 5.729212595029121076e+02 2.552191595088742133e+02 2.376842096435674567e-01 3.878600522769253157e-26 1.745803232959367890e-26 5.020447000333768965e-27 4.478968121001094538e-01
3.680353203388414540e-01 1.005581861563866482e+03 3.353599460178221534e+02 2.449468934181597319e+02 2.411400426660378349e-01 2.379705441261667583e-26 8.308084106140173043e-27 2.834772363847863744e-27 4.626924002534752445e-01
4.244511359005219142e-01 7.057132713271482771e+02 2.886028647785370822e+02 1.369164214844001606e+02 2.357405836384869335e-01 1.436353470708619753e-26 4.867190475481351764e-27 1.942577703541511192e-27 4.678789310918451405e-01
4.895148829774688681e-01 4.780619703467305044e+02 1.835799218155539165e+02 1.200998267867081495e+02 2.365496533060572060e-01 9.006568781056355899e-27 3.771344006762996494e-27 1.220720458672039461e-27 4.752213273200875943e-01
5.645521955031491679e-01 3.457942157095166635e+02 1.316122639786132993e+02 9.570619765483920105e+01 2.238599663486086355e-01 5.689755527519934316e-27 2.734467077392023413e-27 1.010059554750373370e-27 4.867199473157759471e-01
6.510919126887823039e-01 2.499279778488070463e+02 1.051185982357615671e+02 6.838123194287902606e+01 2.251774109932349888e-01 3.568985152314037299e-27 1.955189331378738588e-27 6.883596077470505191e-28 5.023993248367235598e-01
7.508972281844089602e-01 1.852972234107546115e+02 1.039298706129390695e+02 3.585675219302780192e+01 2.279749714494315460e-01 2.319568444791807952e-27 1.820423000634385950e-27 4.291585358009311555e-28 5.398875954787449860e-01
8.660016140678794550e-01 1.403011459116105470e+02 8.796989510852165495e+01 4.346098459718961493e+01 2.514681958306481113e-01 1.675746626774598336e-27 1.500867467271449921e-27 3.361997540050677382e-28 5.979218590057474580e-01
9.987502515910116063e-01 1.166610946727417115e+02 7.070064002134664349e+01 2.853278115966694628e+01 2.507280119062631485e-01 1.433158474078978038e-27 1.042061068853900201e-27 2.744454801785270762e-28 6.391213647482297810e-01
1.151847812808953542e+00 9.138846928694125893e+01 4.707875647143054465e+01 1.712239044040353519e+01 2.254071574869667138e-01 1.271165602474891705e-27 5.110171195201800131e-28 1.706220205955199896e-28 6.071115685427717068e-01
1.328413566614123908e+00 7.500543454300917290e+01 1.676533606457893910e+01 2.174732924464796113e+01 2.207517613392040445e-01 1.564652241181216841e-27 2.848520894394366278e-28 1.444573148407901739e-28 6.108900194441964082e-01
1.532044931926391351e+00 6.894420618070451212e+01 2.959443027451924024e+01 1.774538656867181530e+01 2.498012208903240550e-01 2.656502876167920516e-27 3.541701235679907855e-28 1.031340738286596953e-28 6.851818048977182940e-01
1.766890772896739126e+00 6.344228301163215633e+01 1.807805985751814859e+01 1.339700835517176003e+01 2.609369520930465147e-01 4.485586561201268964e-27 1.543562472489399142e-28 1.070413065208161752e-28 7.208054956270006919e-01
2.037735929469222107e+00 5.257071113451679167e+01 2.951155439507542155e+01 9.113508185903889114e+00 2.870072926387483014e-01 3.426798149287158077e-27 3.361089755917077493e-28 7.326602136333170141e-29 7.786384305408454720e-01
2.350098705559579226e+00 3.935383263304169077e+01 2.390546012390060326e+01 8.528070313002849900e+00 2.494748985080181003e-01 1.018444184310473818e-27 2.488045529398041664e-28 7.598618541771203199e-29 7.158326287658297593e-01
