# R (Mpc), rho (Msol/kpc^3), errup, errlow, std, pth (Msol/kpc/s^2), errup, errlow, std 
#  nprofs 66, average weighted mh 379625620569.004822
6.384041294330565800e-04 4.924447772437294573e+07 6.253965589988832921e+07 1.249317184552730061e+07 4.239283103079956594e-01 1.287514804135214032e-22 1.605108690305621035e-22 4.649284279809487628e-23 6.207835532602051787e-01
1.109419225205789290e-03 1.825653726128988713e+07 2.961329911527981982e+07 6.620261831778891385e+06 5.085373093744954831e-01 5.181945601908123501e-23 8.777052649129280533e-23 8.882564280385273917e-24 7.737089757564666881e-01
1.927949648993110754e-03 8.769050827662898228e+06 1.262060745844343677e+07 3.054069616771609988e+06 5.004444127921959806e-01 1.890868321262701969e-23 2.931394161743822966e-23 3.901316290142346137e-24 7.349915089431404702e-01
3.350392497807294732e-03 3.919334998837758321e+06 5.113447884116478264e+06 1.687550705501561519e+06 4.126162281745250904e-01 5.918088055230725150e-24 1.064935075215620865e-23 1.885889866447002015e-24 6.354744401163870959e-01
5.822314859325205920e-03 1.363478686630308861e+06 9.989668498419970274e+05 7.071262332533288281e+05 3.082141766251262904e-01 1.435110977225715545e-24 2.026619683648226375e-24 7.661281504184011429e-25 5.054285756328631418e-01
1.011802358777515003e-02 3.240134389666840434e+05 1.946773717057737522e+05 8.012162189833371667e+04 2.235170341725516985e-01 2.990328930813576270e-25 5.648033476240023495e-25 7.673336218543744460e-26 4.927820043845972942e-01
1.758310977614137294e-02 6.387699979443784105e+04 3.000329205807026301e+04 1.368989600038516073e+04 1.728194531008609147e-01 1.300463730802918020e-25 2.076650659690327594e-25 1.581622922274376523e-26 5.960976198274610116e-01
3.055594274096973609e-02 2.006855316864519045e+04 1.338897867530287840e+04 4.036697777056957420e+03 2.141530770679952456e-01 8.099991650734349141e-26 1.234509020995365810e-25 1.367209919566230505e-26 4.636647689753795598e-01
5.310014261847564171e-02 7.982741492612058209e+03 3.535747509785319380e+03 2.060478185783262234e+03 1.524045681464109292e-01 5.815725078929195417e-26 7.802645789539936125e-26 1.247613995446691312e-26 3.522626383558013496e-01
9.227747184909704248e-02 2.487890474906766485e+03 1.115900196548061103e+03 3.935140389691578093e+02 1.323098113670363174e-01 2.092500525955422290e-26 3.279348079217371291e-26 3.666561196127385024e-27 3.760740519211969168e-01
1.603598670542578930e-01 6.983840578763130225e+02 3.020735107010124239e+02 1.948175093592033136e+02 1.616628061653311299e-01 3.804616438470466151e-27 3.307998803177758961e-27 1.304228682502166405e-27 3.462204852915404252e-01
2.786735098650292008e-01 2.239709646848158400e+02 5.895508296560632289e+01 8.260071476544788993e+01 1.565709047258608544e-01 5.675729409846711555e-28 5.656581463078457571e-28 2.292631605654232121e-28 3.395333640109252649e-01
4.842790563939447512e-01 9.282714324215629631e+01 2.903806019202457378e+01 3.322015421075521857e+01 1.443769845966265397e-01 1.132479128720176966e-28 1.226688713569926713e-28 5.545149349432343818e-29 3.509662445397833119e-01
8.415805455473629459e-01 5.514450833682099784e+01 1.831018587418139276e+01 1.871221076711393749e+01 1.463666261728857054e-01 6.303343857790422071e-29 4.429627902610383071e-29 2.836898669489869704e-29 3.714709665287638796e-01
1.462499369511558234e+00 3.829442825891897684e+01 1.171313031195463594e+01 8.092274580399596573e+00 1.377385875192714271e-01 3.279777382514328108e-29 2.827527297698018884e-29 1.135893287370592511e-29 3.629830965425794864e-01
2.541532616382623733e+00 3.004814741179060888e+01 1.535039861281189744e+01 4.318222505237699238e+00 1.215100526531851105e-01 2.102722197397735563e-29 2.402987536319723826e-29 5.401530658148278904e-30 3.139285377177927217e-01
