# R (Mpc), rho (Msol/kpc^3), errup, errlow, std, pth (Msol/kpc/s^2), errup, errlow, std 
#  nprofs 454, average weighted mh 5381129957963.775391
1.040961082911032697e-02 4.249180649229760747e+05 6.427866316912391922e+05 4.763263531763177598e+05 7.220909479100635631e-01 1.808911346472995647e-24 1.543316740676497477e-24 3.668437951941568621e-25 4.444382202463076914e-01
1.200529105910367808e-02 3.151460344567821012e+05 5.774483182212181855e+05 3.453545309956163401e+05 6.618204023864069363e-01 1.798429391161492262e-24 1.550010542053692324e-24 3.811224535368276092e-25 4.178768107978141910e-01
1.384557172980430476e-02 2.674693655475995620e+05 4.571247521077715210e+05 2.075418131262769166e+05 6.256845216478230665e-01 1.829987630703497513e-24 9.393107274952386437e-25 4.768192827500213489e-25 4.611472285469053745e-01
1.596794743096121086e-02 1.989139861932857602e+05 3.980502405469624209e+05 1.162763150005337375e+05 5.474289287313311991e-01 1.601392348044390189e-24 1.104387462249797738e-24 5.712623333371758001e-25 4.273226726365213501e-01
1.841566026551830909e-02 1.532525950703827257e+05 2.957141430240559857e+05 8.142857847852265695e+04 5.294185550149236308e-01 1.752015589274450399e-24 1.614715113852331887e-24 3.276173453035559512e-25 4.763862328458816631e-01
2.123858088093512342e-02 1.149777100914130424e+05 1.577448586263119068e+05 5.543268343285226729e+04 4.743615051605605815e-01 1.616623952852353017e-24 8.762782683712822426e-25 3.180958408721664556e-25 4.129178720991779628e-01
2.449422455303571639e-02 8.163613151526032016e+04 1.059849147326529201e+05 4.021924819910400402e+04 4.113209508625556010e-01 1.488364380833312838e-24 9.812671886424785469e-25 2.655254560081188964e-25 3.721925914202997565e-01
2.824892302447100725e-02 6.177160102724638273e+04 6.293280264709376206e+04 3.680060710784244293e+04 3.843981325438150520e-01 1.441026173587938200e-24 8.056661561771177464e-25 3.039742057759850870e-25 3.901487117581613484e-01
3.257917597328415654e-02 4.906345481129738619e+04 5.089380499541345489e+04 2.494954777705352171e+04 3.559862232907253232e-01 1.277576340846926028e-24 6.719633175512294908e-25 2.676225118976358192e-25 3.836067575270539765e-01
3.757320964692217186e-02 3.733299876918258087e+04 2.737689610172979155e+04 1.943189932674355805e+04 3.499942437371950654e-01 1.270400973121095606e-24 4.730028926772011095e-25 2.291879230106466881e-25 3.776073535592519015e-01
4.333277441790538143e-02 2.698092783265300386e+04 2.947541045725960430e+04 1.469618203441495098e+04 3.315079486697212197e-01 1.039437199749555168e-24 4.191798185015685092e-25 2.069890650136829464e-25 3.542203727681963454e-01
4.997521788524898756e-02 2.249795118547202583e+04 2.146419840045806995e+04 9.464333050680445012e+03 3.097995081340820800e-01 8.955850097536207025e-25 4.014382056630900507e-25 1.631272413952881999e-25 3.676012935527932513e-01
5.763587575980636674e-02 2.079258267751815220e+04 1.717897521521789895e+04 7.202926134051011104e+03 3.104047228814156845e-01 8.155841151802249669e-25 2.926732888822522353e-25 1.361519700200336248e-25 3.673267794713779844e-01
6.647082924635627776e-02 1.787395862439914345e+04 7.876750608500953604e+03 6.697705910815156130e+03 2.983733310643628678e-01 6.991060352394658018e-25 2.338112296544785042e-25 1.082819300428721179e-25 3.647316884115532898e-01
7.666008510240249207e-02 1.383685150193628033e+04 5.519775413431145353e+03 5.532668879718797143e+03 2.909310844016990139e-01 5.115390912344308060e-25 2.023005340671564577e-25 8.338876363934323412e-26 3.548023787853754052e-01
8.841124316543315376e-02 1.150295914978943256e+04 5.323618399397952089e+03 6.014928121888486203e+03 2.971410678097709535e-01 4.088434224136145194e-25 1.634935015990859914e-25 7.005451618273035454e-26 3.378215541785296594e-01
1.019637260722580097e-01 9.729424090774136857e+03 4.036104405442919415e+03 4.511665572768717539e+03 3.003557819439257592e-01 3.495798014343878822e-25 1.643119667365992219e-25 4.826826479619498775e-26 3.497521824015259462e-01
1.175936573483598035e-01 7.609043560891663219e+03 3.276622636647529362e+03 3.672609978828835210e+03 2.829626605892637259e-01 2.887828199068913471e-25 1.276422206749782879e-25 4.241842508957903901e-26 3.462681781577566786e-01
1.356194872553388164e-01 6.233970766725015892e+03 2.561690002926109628e+03 2.677332857759155559e+03 2.798439939629200901e-01 2.333679094469238998e-25 1.012405058899536875e-25 4.616834720358290363e-26 3.582171208423977071e-01
1.564084810196403053e-01 5.272570696501392376e+03 2.569374882530249579e+03 1.726627851958399333e+03 2.752158398778268844e-01 1.854407431166888511e-25 7.782249654125988577e-26 3.073202338150579237e-26 3.580959716633711487e-01
1.803842016362447453e-01 4.423735153042674938e+03 2.443965794536331487e+03 1.259900192217764243e+03 2.717604999329000237e-01 1.434442336713113593e-25 6.279379292607996697e-26 2.196965385853784460e-26 3.731721861090233072e-01
2.080351397048574025e-01 3.380877060590576093e+03 1.361882164759548004e+03 8.553829903406526682e+02 2.490502352532137365e-01 1.040397027056272596e-25 3.874139983266565372e-26 1.722307465857831313e-26 3.816819604675540378e-01
2.399246661262133540e-01 2.546291232465322082e+03 8.476694063249965438e+02 7.153224621206609299e+02 2.417925586575140340e-01 7.517657836057682111e-26 3.514604461046320625e-26 1.215075001938894485e-26 3.976967293916220392e-01
2.767025104385807399e-01 1.823361493923417356e+03 7.534705913081415929e+02 4.284686958231285416e+02 2.232350705067423502e-01 5.114033093446060604e-26 2.158509719155254643e-26 8.924251989827181262e-27 4.150561515621921660e-01
3.191179986585286343e-01 1.326339838837512616e+03 4.839256865096408546e+02 3.685060462880449563e+02 2.244510672184678035e-01 3.298833682324058708e-26 1.641717396894524617e-26 5.377097979682924288e-27 4.363006175345410798e-01
3.680353203388414540e-01 9.086563050497853737e+02 4.052419121215376663e+02 2.240675201838283783e+02 2.256838677634320778e-01 2.064976175653877800e-26 1.089644115829621848e-26 3.658097425187996485e-27 4.594174196250506159e-01
4.244511359005219142e-01 6.446198330631220870e+02 3.369605034769780332e+02 1.551317072470147593e+02 2.334663787841129989e-01 1.293522352938757069e-26 7.561305282617814180e-27 1.608702933839720964e-27 4.819422843037776683e-01
4.895148829774688681e-01 4.705964152171013666e+02 2.882599973575706827e+02 1.056315378550485491e+02 2.420384185127918975e-01 8.264003617559843322e-27 5.132461285362392995e-27 1.158586889142478735e-27 5.032088518098537522e-01
5.645521955031491679e-01 3.486898506896068284e+02 1.649150348088392946e+02 9.142798571679774966e+01 2.435744699415355596e-01 5.393484127507796680e-27 3.202374929275638718e-27 1.098702806710389592e-27 5.175055212661958670e-01
6.510919126887823039e-01 2.448421529223906248e+02 9.904444460080165413e+01 7.622428229173661407e+01 2.367886958507117723e-01 3.385100464589669599e-27 1.713343734962456575e-27 9.612567657256508382e-28 5.375913712474542638e-01
7.508972281844089602e-01 1.846287993402689835e+02 1.199023585489168084e+02 3.846452674833396657e+01 2.455949669558670778e-01 2.278303503868447160e-27 1.667868895917088186e-27 5.896984992802588197e-28 5.845865524508983002e-01
8.660016140678794550e-01 1.403326818288486209e+02 7.731538585598300983e+01 4.727992918731546723e+01 2.530515094710101276e-01 1.694440752283124424e-27 1.010626272500646967e-27 5.543913949420970868e-28 6.317649659441209042e-01
9.987502515910116063e-01 1.149064948644407451e+02 7.281423764067147886e+01 3.676606246693095414e+01 2.499606870758614152e-01 1.500256211145480007e-27 1.114612345172391530e-27 3.079506213773982547e-28 6.598478298081377202e-01
1.151847812808953542e+00 8.726290888408261992e+01 4.790415432801734852e+01 2.516823360954159483e+01 2.227337176045874612e-01 1.313464738468287539e-27 4.957137748722356753e-28 2.604611227977591774e-28 6.351225470758506964e-01
1.328413566614123908e+00 7.540321926594005220e+01 1.741612657495253558e+01 2.241345132136055085e+01 2.209457302482643881e-01 1.571141775581193375e-27 2.885109827076963043e-28 2.332853500007955382e-28 6.280187320448925581e-01
1.532044931926391351e+00 6.926099873073606261e+01 2.412210064827061018e+01 1.796903913970295008e+01 2.413813616811870955e-01 2.673606097336352999e-27 3.216140103649596510e-28 1.333315333902770778e-28 6.675149283474540729e-01
1.766890772896739126e+00 6.381203364461745053e+01 1.889507583142740543e+01 1.393532112939263001e+01 2.598506830787992161e-01 4.459829061314957745e-27 1.741299744411975101e-28 1.109328719030223795e-28 7.250510870474947689e-01
2.037735929469222107e+00 5.309817134025846741e+01 2.583150056054461174e+01 9.949649795028836508e+00 2.892342391867530615e-01 3.359890236915875661e-27 3.107349360526666492e-28 8.822465985573306194e-29 7.971953847026614914e-01
2.350098705559579226e+00 3.996649920635840658e+01 2.326641589825060308e+01 8.835143514860707370e+00 2.547770145503066019e-01 1.026788858833248666e-27 2.435747213015241777e-28 9.127040936902884875e-29 7.378285367804811035e-01
