# R (Mpc), rho (Msol/kpc^3), errup, errlow, std, pth (Msol/kpc/s^2), errup, errlow, std 
#  nprofs 59, average weighted mh 375438119553.638672
6.384041294330565800e-04 8.058490608340866864e+07 1.824291160292432904e+08 1.181096704685700871e+07 5.720607670768531605e-01 2.383197743420352532e-22 6.112834116760999661e-22 2.662190951321801835e-23 7.256070052030131334e-01
1.109419225205789290e-03 2.465821567987624556e+07 3.943795796689525247e+07 6.911639185284411535e+06 3.939529213206146019e-01 5.406602493304524065e-23 1.090709106489444920e-22 1.108942165582431932e-23 5.184764162986305047e-01
1.927949648993110754e-03 1.038931935481273010e+07 6.085741264505399391e+06 3.555895424560933374e+06 2.709819662296307219e-01 1.705798865482252506e-23 1.323596589528055035e-23 6.498790302155804467e-24 3.907313206700528951e-01
3.350392497807294732e-03 3.908947073776654433e+06 1.140154143966570497e+06 9.145163174270507880e+05 2.013116289817004634e-01 4.845338147313535729e-24 2.065669755003208188e-24 1.432370222258352108e-24 3.064063116695336375e-01
5.822314859325205920e-03 1.217606597659826046e+06 4.000544737234211061e+05 1.588732946354980813e+05 1.422640400912892900e-01 1.032704180901483111e-24 6.108235006090426903e-25 2.341347794873231498e-25 2.290174374494709508e-01
1.011802358777515003e-02 2.772858823494047974e+05 9.957570325537535246e+04 6.845196967426454648e+04 1.635657472867739215e-01 2.077264490161014675e-25 1.085627785022078887e-25 4.835792289500212095e-26 2.830376294745098886e-01
1.758310977614137294e-02 5.461615446061084367e+04 3.507024570021462569e+04 9.751279398016915366e+03 1.825028613416707912e-01 1.322510655767657859e-25 9.523370431771407645e-26 4.672225857979529893e-26 3.891579018082029218e-01
3.055594274096973609e-02 1.158673154117329250e+04 5.655146180424997510e+03 5.570768997596863301e+03 2.211896225586734988e-01 1.041120834068462730e-25 7.657314320506490216e-26 3.819849742090982485e-26 2.848125470746709631e-01
5.310014261847564171e-02 4.037176038645192875e+03 2.202160946732155935e+03 1.386755497219395238e+03 2.574547037918006320e-01 6.064381960205877610e-26 6.383554773719837903e-26 1.776379764594977074e-26 2.771999011042883265e-01
9.227747184909704248e-02 1.554228199905937345e+03 7.825534182702101589e+02 4.744879502272876834e+02 2.015899945753907019e-01 2.420394341316993310e-26 2.451495602892670103e-26 7.635614480236344892e-27 3.348591467799264532e-01
1.603598670542578930e-01 6.623258165028852318e+02 2.142500490118411562e+02 2.688990343546958570e+02 1.767593390361544559e-01 7.949941679886948546e-27 6.525897389129704715e-27 1.673943917772750233e-27 3.374875898828028631e-01
2.786735098650292008e-01 2.955096809177798036e+02 8.920174904745925915e+01 1.103861672518907540e+02 1.510196264871385141e-01 2.287290695775812730e-27 1.859832003230501289e-27 7.912160271673828425e-28 2.958895449471758421e-01
4.842790563939447512e-01 1.124883262683881924e+02 3.823678531406943648e+01 3.952122028756106431e+01 1.507008133044147602e-01 4.172001468416619657e-28 4.361291738223778332e-28 1.184391655636680145e-28 3.728278097207114450e-01
8.415805455473629459e-01 5.749528683253463868e+01 1.867339269762230458e+01 1.966216176670233295e+01 1.515828228472129446e-01 1.131312094186357002e-28 1.115105929273042896e-28 4.605063822763460802e-29 4.661167760871173238e-01
1.462499369511558234e+00 3.931583966779820116e+01 1.126321764757937416e+01 9.379994720717004242e+00 1.443778821655448685e-01 5.198817772745086228e-29 5.100729483944407332e-29 1.694731336203859748e-29 4.318877923353627857e-01
2.541532616382623733e+00 3.120549027395155051e+01 1.539992125043600169e+01 5.092261415819294257e+00 1.265486002362115059e-01 3.514914291507555596e-29 4.499021691062367318e-29 9.147738365307655170e-30 3.843617502574052103e-01
