# R (Mpc), rho (Msol/kpc^3), errup, errlow, std, pth (Msol/kpc/s^2), errup, errlow, std 
#  nprofs 447, average weighted mh 6288834882385.506836
1.040961082911032697e-02 5.289145582373054931e+05 4.045654762304430478e+05 1.656359768420553883e+05 2.272585644759818058e-01 3.268787605487391066e-24 2.415362734287963161e-24 5.687750620100302034e-25 6.042887295619066013e-01
1.200529105910367808e-02 3.865238953333993559e+05 2.658648913401209284e+05 1.762834381492079701e+05 2.346669260761138631e-01 4.626151206348883110e-24 2.369481847256323234e-24 8.508651139789413575e-25 5.464810913928371816e-01
1.384557172980430476e-02 3.072090960840559565e+05 2.197049135446138098e+05 1.650584651868098299e+05 2.625678718613859708e-01 5.301623925673510681e-24 2.661773036932639875e-24 6.771477114941938823e-25 4.962410213972767159e-01
1.596794743096121086e-02 2.249342347915561695e+05 1.243081615136072796e+05 1.342029023363554734e+05 2.802858554226422827e-01 4.107293107161808664e-24 2.059298105968985670e-24 6.644985832695300342e-25 4.477655286103463528e-01
1.841566026551830909e-02 1.651841678891791380e+05 7.455331637746142223e+04 8.499603322237115935e+04 2.474909673558084167e-01 4.333202015755694768e-24 2.344277375273794444e-24 5.779109383550373123e-25 4.031939565653684387e-01
2.123858088093512342e-02 1.229133427109649347e+05 4.451523944219910481e+04 6.575134137228924374e+04 2.487453143947309375e-01 4.116157821944748351e-24 2.304433523543054114e-24 5.115157729363771051e-25 4.064457588764808227e-01
2.449422455303571639e-02 8.609913469603350677e+04 4.570152221798387473e+04 3.745633571814873721e+04 2.497671076701065973e-01 3.610198578984856265e-24 1.906565273027789536e-24 4.465210393640565189e-25 4.016851376279066965e-01
2.824892302447100725e-02 6.779650502814173524e+04 3.446444273440665711e+04 2.801013258213585505e+04 2.220687349205165695e-01 3.289202970096716224e-24 1.889499250814186220e-24 4.218476133823955107e-25 3.995263544644631626e-01
3.257917597328415654e-02 5.263534411297789484e+04 2.968562643286392995e+04 1.573870786194302491e+04 1.932754624341415650e-01 2.827109272319529939e-24 1.688711244959174907e-24 4.846572479467966098e-25 3.849854251734006749e-01
3.757320964692217186e-02 4.654801230152321659e+04 2.849887208494253719e+04 1.291541696732474520e+04 1.892962943548212318e-01 2.360643433930070779e-24 1.680831149458151598e-24 3.349553279715152116e-25 3.723529053915941578e-01
4.333277441790538143e-02 4.042885794188085856e+04 2.419325193992202549e+04 8.347315063003556133e+03 1.896546763229044752e-01 2.133088168617612658e-24 1.454058976525296305e-24 3.393342955738563976e-25 3.704624152897100231e-01
4.997521788524898756e-02 3.590485496563943161e+04 1.884153724755077201e+04 5.869958117849957489e+03 1.931603698405146563e-01 1.913617612540290837e-24 1.472393895848743497e-24 2.875429295848984906e-25 3.639845004058179234e-01
5.763587575980636674e-02 3.179505540833080522e+04 1.361315399537280246e+04 6.863733932127890512e+03 1.873732336209847082e-01 1.693155068766463416e-24 1.038992663934986474e-24 2.074366072375691176e-25 3.622987391869882390e-01
6.647082924635627776e-02 2.826293443038737314e+04 1.230825497031232590e+04 5.661448757739444773e+03 1.903474693244931737e-01 1.513480489964324336e-24 8.170946276901359225e-25 1.823116187389143007e-25 3.701509957721556554e-01
7.666008510240249207e-02 2.487848616546702397e+04 1.087988769958520425e+04 4.829532620382100504e+03 1.874230911217428519e-01 1.257479792802016089e-24 6.065578897360363702e-25 1.465664118485547698e-25 3.678879809394186018e-01
8.841124316543315376e-02 2.128164135059036562e+04 9.034130412386723037e+03 3.893409176869508883e+03 1.837019591069356528e-01 1.014732550151800849e-24 4.938101016899496306e-25 1.172186103192868461e-25 3.723522105886791778e-01
1.019637260722580097e-01 1.821028418395348126e+04 7.447487064549466595e+03 3.057861331180813977e+03 1.906351477831944585e-01 8.147986424348938609e-25 4.320824387308582287e-25 8.609645074598070545e-26 3.773369720707068220e-01
1.175936573483598035e-01 1.581550340583922480e+04 6.016203446570350934e+03 2.701234671512309433e+03 2.028514215875422966e-01 6.357362977687984007e-25 3.643810256081129052e-25 6.904389635296515417e-26 3.813401093872656467e-01
1.356194872553388164e-01 1.286208849127285612e+04 5.571631273841719121e+03 1.950983786326406516e+03 2.052000545437534240e-01 4.766840998946651154e-25 2.677935415467248010e-25 5.245122993538449897e-26 3.843582332632880516e-01
1.564084810196403053e-01 1.041906790299514250e+04 3.878206030788047428e+03 1.630594905621542239e+03 2.118873034075293149e-01 3.543682834106912572e-25 2.111790597507637780e-25 3.368324213659671537e-26 3.877339184313629006e-01
1.803842016362447453e-01 7.955892793378243368e+03 3.199676288624555582e+03 1.136134353271958389e+03 2.165453248794800556e-01 2.600946386053754345e-25 1.641693983480661873e-25 2.524631776397027966e-26 4.009262661831294872e-01
2.080351397048574025e-01 6.192664511511648925e+03 3.246972622853686971e+03 7.091560876456280766e+02 2.270378588346697590e-01 1.882570004697242279e-25 1.097894541192905128e-25 1.972252021650641696e-26 4.220289335841034273e-01
2.399246661262133540e-01 4.674148365822307824e+03 2.347857204777393235e+03 5.074846062543620064e+02 2.372724439670560459e-01 1.314364336600555496e-25 6.555921866378075432e-26 1.405261422228692780e-26 4.421535673251558163e-01
2.767025104385807399e-01 3.160369832214931193e+03 1.534280255304584443e+03 5.017329629260726733e+02 2.349552267865079591e-01 8.389172699023146699e-26 4.149874484235009184e-26 8.229030681138760657e-27 4.490533856453763351e-01
3.191179986585286343e-01 2.051896169734890918e+03 9.355814549307749530e+02 3.745115742263648144e+02 2.321044167634715993e-01 4.833216108133978083e-26 2.650558175316920694e-26 5.512982261759275406e-27 4.501218513996132486e-01
3.680353203388414540e-01 1.307435180067345073e+03 4.646472919036071971e+02 2.135124872625150942e+02 2.346109474225180624e-01 2.679526335170963327e-26 1.143725906706199126e-26 3.035610242435745306e-27 4.539225185571942323e-01
4.244511359005219142e-01 8.124825067826393479e+02 2.802142691368938472e+02 1.752834047425990036e+02 2.284079281945735618e-01 1.399977396643248890e-26 6.757365251716054588e-27 1.586476749413900851e-27 4.504733681133529788e-01
4.895148829774688681e-01 5.286237103466834242e+02 2.219134964946138098e+02 9.975287331349193209e+01 2.304438643784657570e-01 7.784785046682385439e-27 3.803813372472843972e-27 9.018772749844304574e-28 4.480232068966071290e-01
5.645521955031491679e-01 3.714138801900606950e+02 1.222264689795110542e+02 7.862832052794952631e+01 2.156024201913942784e-01 4.763075778344217902e-27 1.703542833903044747e-27 5.997735634909328229e-28 4.430188021694877465e-01
6.510919126887823039e-01 2.727879598907599075e+02 8.550313900888431817e+01 6.006055792785453207e+01 2.209114033861417636e-01 3.556129113655375329e-27 1.450159831606635427e-27 4.744693611523567517e-28 4.679019227180201135e-01
7.508972281844089602e-01 1.913011012953415104e+02 8.948328470877076768e+01 3.764187761574703472e+01 2.355029968694434539e-01 2.317809703374841839e-27 1.448604060606216571e-27 2.908449564166418460e-28 5.214490247383427590e-01
8.660016140678794550e-01 1.326901711942236375e+02 8.754858221764034454e+01 3.490727056718300503e+01 2.508057493555078121e-01 1.397558772576050262e-27 1.683189352110895715e-27 1.567120318745613054e-28 5.783376184830767430e-01
9.987502515910116063e-01 1.026568558162910989e+02 7.884478713281293949e+01 2.258345082761814382e+01 2.424780424461613904e-01 9.899696870111308455e-28 1.343273524560760375e-27 1.269022383503472885e-28 5.943315041299552792e-01
1.151847812808953542e+00 7.352831515844724208e+01 4.790487191412267265e+01 1.387803206704402470e+01 1.938248096709660195e-01 5.530539246450189762e-28 4.798423863571349758e-28 9.224889389745627827e-29 5.322397124249416134e-01
1.328413566614123908e+00 5.735263068815677201e+01 2.199475336636045597e+01 1.367475820034145073e+01 1.831893205436681271e-01 3.975067838966307848e-28 2.342306517590690243e-28 7.185039950391040360e-29 5.265068948551049344e-01
1.532044931926391351e+00 5.045940199980669405e+01 2.657639748188947948e+01 1.207023137677298052e+01 2.109262641055749399e-01 5.413599024675649723e-28 3.247459412268358714e-28 7.821351674939366517e-29 6.347055174179956349e-01
1.766890772896739126e+00 4.818756148926700433e+01 1.952000653989854584e+01 1.247576262521446822e+01 2.528645654303747770e-01 1.370243323572731185e-27 1.503039770671861981e-28 6.781822255198392549e-29 7.246725127231695707e-01
2.037735929469222107e+00 5.258514200921732140e+01 2.865292581790044935e+01 8.025488250764507114e+00 3.043100042162151797e-01 3.195807114503241848e-27 3.338429438834872700e-28 3.858865140658372579e-29 8.344800873841139444e-01
2.350098705559579226e+00 4.475816204220981120e+01 2.495152289821732694e+01 8.626185804927029466e+00 2.745213184607093737e-01 2.659609659250131286e-27 2.538702739356992028e-28 5.585965199678525227e-29 7.826003268738717100e-01
