# R (Mpc), rho (Msol/kpc^3), errup, errlow, std, pth (Msol/kpc/s^2), errup, errlow, std 
#  nprofs 458, average weighted mh 5599933151858.815430
1.040961082911032697e-02 4.338244324608985917e+05 5.508743374054159503e+05 5.587645062820396852e+05 6.890783376470457355e-01 2.291377946436497211e-24 2.063942436344440264e-24 4.068276493693378963e-25 4.964167051724808211e-01
1.200529105910367808e-02 3.577515782078214688e+05 3.721621180027186056e+05 4.536997804192868061e+05 6.766407940967738011e-01 2.087537750118843411e-24 1.539428441976664568e-24 3.482644729965767371e-25 4.558435741343648262e-01
1.384557172980430476e-02 2.759243725895331008e+05 3.468163719234808232e+05 2.931874749495308497e+05 5.716558727021370245e-01 1.675719822674607935e-24 1.179733040033773281e-24 6.691424814646719051e-25 4.335455399127156606e-01
1.596794743096121086e-02 1.960613337067867396e+05 2.650451382150832796e+05 1.854215917140737001e+05 5.794171829195462475e-01 1.578030376832476141e-24 8.981949641565979203e-25 5.864631410054825572e-25 4.923561471528349887e-01
1.841566026551830909e-02 1.485799455648370786e+05 2.064739876010831213e+05 1.225529217431808647e+05 4.929414858593799131e-01 1.603556885370304234e-24 9.993322971465510786e-25 5.201764985324577059e-25 3.848774524937068064e-01
2.123858088093512342e-02 1.144037949991171481e+05 1.348445682586411422e+05 8.216949180395789153e+04 4.307318774338214085e-01 1.486259927537850848e-24 8.764655173279147183e-25 4.752653676347817054e-25 3.816243204729462546e-01
2.449422455303571639e-02 9.186658331371854001e+04 8.880349626678451023e+04 5.519671847147440712e+04 4.007713556444659764e-01 1.277376095197706988e-24 7.962437510996993143e-25 4.180650441056177942e-25 3.599221208624919788e-01
2.824892302447100725e-02 6.539012823140121327e+04 6.351919190680768224e+04 2.912423454122493422e+04 3.534044749948633823e-01 1.183062156204193536e-24 6.042519235905903127e-25 3.033183929461892014e-25 3.882420657194159963e-01
3.257917597328415654e-02 4.943924295118796726e+04 3.443168242900250334e+04 2.354132109337981456e+04 3.183557264419458743e-01 1.105970018939226659e-24 7.826249957096180977e-25 3.321328247832628574e-25 3.533280566792982302e-01
3.757320964692217186e-02 3.551166327382760937e+04 2.652013392281813140e+04 1.747068328904998634e+04 3.059714241019822478e-01 1.080114603925074658e-24 6.034089335180963658e-25 2.405943140721644780e-25 3.655544582490629080e-01
4.333277441790538143e-02 2.679252480607922553e+04 2.583524919571120336e+04 1.206055867438920723e+04 3.266007819729830342e-01 7.824568938528093436e-25 4.949834719234449896e-25 2.672867819149777343e-25 3.570941307397271780e-01
4.997521788524898756e-02 2.216161609237161974e+04 1.635159535652867999e+04 1.188900521738749376e+04 3.232253175323871464e-01 6.886118322394433959e-25 4.160115881395330180e-25 1.921249389940603837e-25 3.565491242503586733e-01
5.763587575980636674e-02 2.000902031488729699e+04 1.225914875599278093e+04 1.046163837578778657e+04 3.227623207892645341e-01 6.580754443655033690e-25 4.857639178952943784e-25 1.466678281288381345e-25 3.607841311752766345e-01
6.647082924635627776e-02 1.722193060118558788e+04 8.181588413901899912e+03 7.410118486304506405e+03 3.301136152964328496e-01 5.817063057199589829e-25 2.391969272882071229e-25 1.548367442081202327e-25 3.809365234254484811e-01
7.666008510240249207e-02 1.461994829947255676e+04 7.480828021188492130e+03 6.014947303282459870e+03 3.213410331610555559e-01 5.035161315125192860e-25 2.235258102665825365e-25 1.230619960532703763e-25 3.653878854816706157e-01
8.841124316543315376e-02 1.106535115016917189e+04 7.048899933622307799e+03 5.196715666043241072e+03 3.154430770360411862e-01 4.179279455202122456e-25 1.594710107643713132e-25 8.854885895583029809e-26 3.642418787075492603e-01
1.019637260722580097e-01 9.862789870243299447e+03 4.815568255414892519e+03 4.315027647030888147e+03 3.210113675819493695e-01 3.493951126795260121e-25 1.056538933868692600e-25 5.288579118472296028e-26 3.569647712090546210e-01
1.175936573483598035e-01 7.534049010118621482e+03 3.650794973178084547e+03 3.259174822834799670e+03 3.100791163253267535e-01 2.923653774733091179e-25 8.463133957227217913e-26 4.434066298814989089e-26 3.616009988277220644e-01
1.356194872553388164e-01 6.426689050447762384e+03 2.570188197926476278e+03 2.638428087986468199e+03 2.939525042043110714e-01 2.440706129548644198e-25 7.834200610445247842e-26 4.857797746211562741e-26 3.761616415706037220e-01
1.564084810196403053e-01 5.426082304745952570e+03 2.285303045241467316e+03 1.796521698407021404e+03 2.946124871445358062e-01 1.986784448712272121e-25 7.463795197990829254e-26 2.929845708037173407e-26 3.963142100547657476e-01
1.803842016362447453e-01 4.527606883845317498e+03 2.189279729437858805e+03 1.251776867506052213e+03 2.801169880648187172e-01 1.620812368597595479e-25 6.894664791173052499e-26 1.658249656351380189e-26 4.055016248786093569e-01
2.080351397048574025e-01 3.529051164821131351e+03 1.550244329739978639e+03 1.027126512814538955e+03 2.595305190375258864e-01 1.246222392706124010e-25 5.298277528385816344e-26 1.542365123034684115e-26 4.151202505607249349e-01
2.399246661262133540e-01 2.709820230876255209e+03 1.075596662619128665e+03 6.857993329026016909e+02 2.593649357333330241e-01 8.827205239911818046e-26 3.690201605195496160e-26 1.210472956165642364e-26 4.182039074752414431e-01
2.767025104385807399e-01 2.066965108020806383e+03 7.636912719463543908e+02 4.086171720588223479e+02 2.523080399647154026e-01 5.724872625172148460e-26 2.066203462139271200e-26 9.097027930262258784e-27 4.176358727286310080e-01
3.191179986585286343e-01 1.386029389266750059e+03 4.361148960529537817e+02 3.053933954283125445e+02 2.333735951583637280e-01 3.502332994773719286e-26 1.166145304704387427e-26 5.624722235359993113e-27 4.196855824061704876e-01
3.680353203388414540e-01 8.901299298959885391e+02 2.667722604109775375e+02 2.757265886981151084e+02 2.174770206590073973e-01 2.063824905917062922e-26 6.995386803033319778e-27 4.333502289554088443e-27 4.214415000644231579e-01
4.244511359005219142e-01 6.326379556125388035e+02 2.440661440714154082e+02 1.850025258097846574e+02 2.242259674394514180e-01 1.223113199938832315e-26 6.747857468125243887e-27 2.370929796684376152e-27 4.336199965328497719e-01
4.895148829774688681e-01 4.543219517227186088e+02 2.298138577835046590e+02 1.168939535822671303e+02 2.322077765791751569e-01 7.620530059077742681e-27 5.312011035574097411e-27 1.497187804316833911e-27 4.546201135672144900e-01
5.645521955031491679e-01 3.295785760885736977e+02 1.642697847013863282e+02 7.196357114638043129e+01 2.203819187232541332e-01 4.929457096524491665e-27 3.318531512632426176e-27 1.157401126852434977e-27 4.703840052200718436e-01
6.510919126887823039e-01 2.339643478299895492e+02 1.127070788106846351e+02 6.903144486105867372e+01 2.179143526300326705e-01 3.172317263307511785e-27 1.676959249586961655e-27 7.983235154199531457e-28 4.972898161105092085e-01
7.508972281844089602e-01 1.849186285726924268e+02 9.720913587155177993e+01 4.887518363736728588e+01 2.317541524826817190e-01 2.259255697702169075e-27 1.564673899976237907e-27 7.481502655770413756e-28 5.462928825014560230e-01
8.660016140678794550e-01 1.450399112743640444e+02 8.010713964760103067e+01 4.069676066506362133e+01 2.461276395499071290e-01 1.806996680224195159e-27 1.331791296773125560e-27 5.122568082061601376e-28 5.924629360411816092e-01
9.987502515910116063e-01 1.190403755297249688e+02 6.733041200473680021e+01 2.956286940935083862e+01 2.362120626988893357e-01 1.573552369167595056e-27 1.259875473006909736e-27 3.085165970397951611e-28 6.112090712473501330e-01
1.151847812808953542e+00 8.950351663160820692e+01 5.069597950559035837e+01 1.755481969113534291e+01 2.139543618735985919e-01 1.436273364635020665e-27 6.038803061451445016e-28 2.047658866546021186e-28 5.923729615533663839e-01
1.328413566614123908e+00 7.534578801166816220e+01 1.717860384367102000e+01 2.016559964562571139e+01 2.139408047599876128e-01 1.720904624261464833e-27 3.443537975050305719e-28 1.692341150400866063e-28 6.072986372970579083e-01
1.532044931926391351e+00 7.178942645191818883e+01 2.559896760460010512e+01 1.521166218055615360e+01 2.468765640015588014e-01 3.029171990443405058e-27 3.421996619352910801e-28 1.252842790531148403e-28 6.920420510056299879e-01
1.766890772896739126e+00 6.628392564607155180e+01 1.735102805875956022e+01 1.462699416015825804e+01 2.612971743796025370e-01 5.048122716054589005e-27 1.835361431813846634e-28 1.319888525793276346e-28 7.297783942422462200e-01
2.037735929469222107e+00 5.375909704961355828e+01 2.596050853611012954e+01 7.943470723507626730e+00 2.854456702401017565e-01 3.436692764468569096e-27 3.258955288055762078e-28 8.348945693810216153e-29 7.795685966571144210e-01
2.350098705559579226e+00 4.072451704137446882e+01 2.343099186703123848e+01 9.070002052427785344e+00 2.460362687625779199e-01 1.035516924929187595e-27 2.227438208113904918e-28 9.139650917032745235e-29 6.898895004251637264e-01
