# R (Mpc), rho (Msol/kpc^3), errup, errlow, std, pth (Msol/kpc/s^2), errup, errlow, std 
#  nprofs 437, average weighted mh 5612859674021.787109
1.040961082911032697e-02 3.911015847808808903e+05 4.311067822364754975e+05 1.847113085295145866e+05 4.778655987554426554e-01 2.906010567608415515e-24 2.208860738074574325e-24 4.167028672310062542e-25 5.182398729554095196e-01
1.200529105910367808e-02 2.665434994528515381e+05 1.978601017692199675e+05 1.314600791807119094e+05 4.112465646463928648e-01 2.281325391932483577e-24 1.715376941322740025e-24 5.457444287755450846e-25 4.707864811401500371e-01
1.384557172980430476e-02 1.851188657412591274e+05 2.022897380183938076e+05 8.124633767501506372e+04 3.834024349456553460e-01 2.993687659801047438e-24 1.433531187756468229e-24 5.036277365320506975e-25 4.520334836948460833e-01
1.596794743096121086e-02 1.305524560327353392e+05 1.253288112091274525e+05 5.676723257524266228e+04 3.564788408995257507e-01 3.314100574450998173e-24 1.029638882917840905e-24 4.566773535480031596e-25 4.446358818238180244e-01
1.841566026551830909e-02 9.041370667552314990e+04 9.507376074436993804e+04 4.316641395696729887e+04 3.450873671730818049e-01 2.732886829429476379e-24 1.156796942697252716e-24 4.520268643908508811e-25 4.589445147863596142e-01
2.123858088093512342e-02 7.534335392836376559e+04 8.936025723533802375e+04 2.543669004696762931e+04 3.478215974566085111e-01 2.322316085510805363e-24 9.142833681322984858e-25 3.123318690628984494e-25 4.206321580607634836e-01
2.449422455303571639e-02 5.658045769818284316e+04 5.797357543340876873e+04 2.283716802612227184e+04 3.238195071161166227e-01 1.558587317040396507e-24 9.364563399458746114e-25 4.002354292439219305e-25 3.885886842570679955e-01
2.824892302447100725e-02 4.568869058779842453e+04 3.150087396773716318e+04 1.539652470193871704e+04 2.832755022537581380e-01 1.392828294971661601e-24 5.073937917143561954e-25 3.398967316351043426e-25 3.719979210985174256e-01
3.257917597328415654e-02 3.831244452622784593e+04 2.513946712079975259e+04 1.564473097608389617e+04 2.941206477376203665e-01 1.251371436085075188e-24 5.012580903738542742e-25 2.172850252977586713e-25 3.652304135554775288e-01
3.757320964692217186e-02 3.488372685647854814e+04 2.523261131272949933e+04 9.276743505541460763e+03 2.855125593880902257e-01 1.158821566992316674e-24 4.893324373755527990e-25 2.295088348169875634e-25 3.564058284766713491e-01
4.333277441790538143e-02 2.881819582822602388e+04 2.008217380279563076e+04 8.412829608027108407e+03 2.999284842744903701e-01 9.987433419359685650e-25 5.361149211324251322e-25 1.825825472800101239e-25 3.513758702593770544e-01
4.997521788524898756e-02 2.225432477859532446e+04 1.436906308171178171e+04 8.127117231225594878e+03 2.790315639800691194e-01 8.730410003810800985e-25 4.693337960833771540e-25 1.478871055960131228e-25 3.413084691019542816e-01
5.763587575980636674e-02 1.804438802904008480e+04 9.925008298644441311e+03 5.573532432311480079e+03 2.567044993110941808e-01 7.428639756246980647e-25 3.887932874657262701e-25 1.144587755842818384e-25 3.427078957868036624e-01
6.647082924635627776e-02 1.509308055250658981e+04 6.019673961996200887e+03 4.147221853402212218e+03 2.376393307895789120e-01 6.264038947964836932e-25 3.071699884364233565e-25 9.018013466493493406e-26 3.303026791220299296e-01
7.666008510240249207e-02 1.357658938892602418e+04 5.828631807255635067e+03 2.934826946196959398e+03 2.320923820891871159e-01 5.385578656184564358e-25 2.573707490692203903e-25 8.138407099929365798e-26 3.306727024183270247e-01
8.841124316543315376e-02 1.096261623585052621e+04 5.104681692752486015e+03 2.477637633952163014e+03 2.280099338596519587e-01 4.503684727553691049e-25 2.192544312164566581e-25 6.802710881005114625e-26 3.285112478110904233e-01
1.019637260722580097e-01 8.952023372626008495e+03 3.914518301761258044e+03 1.958583428216637003e+03 2.139866353011688760e-01 3.866729532043472141e-25 1.799795666775576667e-25 5.600874501223014565e-26 3.324165942622216430e-01
1.175936573483598035e-01 7.708707710593909724e+03 3.280983053669132460e+03 1.863153635272589327e+03 2.141044782374166844e-01 3.223477629372587448e-25 1.454104759157827521e-25 5.149773313121792725e-26 3.454746740679694450e-01
1.356194872553388164e-01 6.838151388136338937e+03 2.836354650293269515e+03 1.633976402228092411e+03 2.285125792738564865e-01 2.693320347694809848e-25 1.402319600934915469e-25 4.085196596085257229e-26 3.602359596212312831e-01
1.564084810196403053e-01 5.692793089888621580e+03 2.506170268604671037e+03 1.244025506392089483e+03 2.307773077600762668e-01 2.209217681914129882e-25 1.001836869767808078e-25 3.395913164862960051e-26 3.741389137119153774e-01
1.803842016362447453e-01 4.737995266296079535e+03 2.106334445149605017e+03 1.056505540209770288e+03 2.406918827782541515e-01 1.665902972779504236e-25 6.756267581917625642e-26 3.468898048594767646e-26 3.794282043474995203e-01
2.080351397048574025e-01 3.534327904341137582e+03 1.190094767520018195e+03 1.026350191662447969e+03 2.235906145017690916e-01 1.160899607498340967e-25 4.902864828888090328e-26 2.276506085403024710e-26 3.813186662299014595e-01
2.399246661262133540e-01 2.832597102411454671e+03 1.049890486663838374e+03 7.063445460905743403e+02 2.247605781024287208e-01 7.960868607931992627e-26 3.222728336284753069e-26 1.515141746785192838e-26 3.865925199139966240e-01
2.767025104385807399e-01 2.031340303681894738e+03 7.506009649535255903e+02 4.450411241689893131e+02 2.155092970171306466e-01 5.432779867267624663e-26 2.546044296833713959e-26 9.896626459690275189e-27 3.980212287632448054e-01
3.191179986585286343e-01 1.487643321415404671e+03 5.871568787833791703e+02 3.317916892304017438e+02 2.143246626134200639e-01 3.575423098817593771e-26 1.651721095892884905e-26 5.905129941918867773e-27 4.103643366640089551e-01
3.680353203388414540e-01 1.017152569286494554e+03 3.781784603337839599e+02 2.818214866515925792e+02 2.099964903620754608e-01 2.233113167509234194e-26 1.027784013323299082e-26 3.572572735165218053e-27 4.181633361299495477e-01
4.244511359005219142e-01 7.076988380605051816e+02 2.695981218558688965e+02 1.817821183487429266e+02 2.038194474762692610e-01 1.378678257453068265e-26 5.457955414244873637e-27 2.196205029186354402e-27 4.246926370674681817e-01
4.895148829774688681e-01 5.051912613470600490e+02 2.465935232511995423e+02 1.062941871137150542e+02 2.105797294406744347e-01 8.429208080439392101e-27 4.207283079295583916e-27 1.212996707347019475e-27 4.352906429038964076e-01
5.645521955031491679e-01 3.659942570101591173e+02 1.426089836037292571e+02 7.348431840592999720e+01 1.997324613495986279e-01 5.158918566498295293e-27 2.762354356472913361e-27 8.105389711197236228e-28 4.383340163361857944e-01
6.510919126887823039e-01 2.620082792150927276e+02 8.636749023226653321e+01 6.147385751364059558e+01 1.966184965929517192e-01 3.243887082074028477e-27 2.008871931799666942e-27 6.695378226055658168e-28 4.503306164492680286e-01
7.508972281844089602e-01 1.943294645649388883e+02 1.002158345923312481e+02 4.080987075870520187e+01 2.020215186375799443e-01 2.214946374863015741e-27 1.641059807330143179e-27 4.563373937179051580e-28 4.763363548575266782e-01
8.660016140678794550e-01 1.494393932731868802e+02 6.762295708395839711e+01 3.325841886329820341e+01 2.083043709394842846e-01 1.670508492429888420e-27 1.180300532407641261e-27 3.272214757982807079e-28 5.184413361006109389e-01
9.987502515910116063e-01 1.215102592759467939e+02 6.544187601819143651e+01 2.735149019971890993e+01 2.159607082860952043e-01 1.365800444103754325e-27 8.095782057432354987e-28 2.247934271843613665e-28 5.510655735032521374e-01
1.151847812808953542e+00 8.956299689980340872e+01 4.466559472595798042e+01 1.411667475962668306e+01 1.945003003288962862e-01 1.167490604095889839e-27 4.617506556808885350e-28 1.743093537873265836e-28 5.415075585037326666e-01
1.328413566614123908e+00 7.660537317401721680e+01 1.525480162783276938e+01 1.938091465537643643e+01 1.979430199774825649e-01 1.596067565324963793e-27 2.552536459805777163e-28 1.487742076541501572e-28 5.474406673774132592e-01
1.532044931926391351e+00 7.189541118631120753e+01 1.919614484091395923e+01 1.479143487648642008e+01 2.261904747211173072e-01 3.145095541593984878e-27 2.420951113137088779e-28 9.728955348974062618e-29 6.111287386110690889e-01
1.766890772896739126e+00 6.735092921236193320e+01 2.005323366091209891e+01 1.138289544375479068e+01 2.399523473810762364e-01 5.110141515508992573e-27 1.338856679191696026e-28 8.976751379271351916e-29 6.517629814628106422e-01
2.037735929469222107e+00 5.542828324397826378e+01 2.509904267626146535e+01 8.783801297486231618e+00 2.535646467467523313e-01 3.812465259037153800e-27 3.269798755542015099e-28 6.247265141517270321e-29 6.982066950279897100e-01
2.350098705559579226e+00 4.006586729270422609e+01 2.263856168531214763e+01 9.360373754358274567e+00 2.191106686433816619e-01 1.054642160547938227e-27 2.495856309161640639e-28 7.363448052979890115e-29 6.253265758659359852e-01
