# R (Mpc), rho (Msol/kpc^3), errup, errlow, std, pth (Msol/kpc/s^2), errup, errlow, std 
#  nprofs 301, average weighted mh 4039938894473.961426
1.040961082911032697e-02 3.740551093849996105e+05 5.130901665830744896e+05 6.158458567819042364e+05 6.316697587022214178e-01 2.957387568583289919e-24 6.686038756587588984e-25 4.540922967059603318e-25 4.479747919352900509e-01
1.200529105910367808e-02 2.690330029433192685e+05 4.517680681121110101e+05 4.278857160231946618e+05 6.162863157604163700e-01 4.943609938981361905e-24 1.133772712773165455e-24 5.407613877592316625e-25 4.758291547794902265e-01
1.384557172980430476e-02 2.369392634610646928e+05 3.197812309341117507e+05 3.084084729629360954e+05 6.684506526650880742e-01 4.402825733108208388e-24 1.725705616644039736e-24 4.955118306482081885e-25 6.012488062145573409e-01
1.596794743096121086e-02 2.011942236741539091e+05 2.814215301894393633e+05 2.332067961596499081e+05 6.101555706181742700e-01 2.748272690923201471e-24 7.329035672915020812e-25 4.117829879881139330e-25 6.095215531014779309e-01
1.841566026551830909e-02 1.664028183057407732e+05 1.940506020154210564e+05 1.841434272233071679e+05 4.890587767210564096e-01 2.337014001356351629e-24 9.214961077353935024e-25 3.013503194217544867e-25 4.498179460370999583e-01
2.123858088093512342e-02 1.257546565069572389e+05 7.438829505054763285e+04 1.618389290155287017e+05 4.553463334530749029e-01 2.539540951856465163e-24 7.142324238249683912e-25 4.178969094832294727e-25 4.711147775811651561e-01
2.449422455303571639e-02 1.096170564798969426e+05 4.456640057023425470e+04 1.108572175224912353e+05 4.067013571348499501e-01 1.840072895546679151e-24 6.298137755386162717e-25 3.942733980394722214e-25 4.157096079260146348e-01
2.824892302447100725e-02 1.124364340463694389e+05 4.071955559817994072e+04 8.015471307031277684e+04 4.149118542538781651e-01 1.779482426916094773e-24 5.278862691029989134e-25 3.153242374551509782e-25 4.333009912772949335e-01
3.257917597328415654e-02 7.632373717117418710e+04 3.756754523324506590e+04 4.424219276906148298e+04 3.461918938053449302e-01 7.410310429443940387e-25 3.602943707593669967e-25 2.141715851123191526e-25 3.287629791167642757e-01
3.757320964692217186e-02 5.770820392418561823e+04 3.731151748685091297e+04 2.888415298738758793e+04 3.149377028787716526e-01 7.119275587886708084e-25 2.659193572771511857e-25 2.620916788876380023e-25 3.186448409844734320e-01
4.333277441790538143e-02 4.211273867179846275e+04 3.343956738018280885e+04 1.433648222378412174e+04 3.391299161085504221e-01 6.011148923521155212e-25 2.135273985018408197e-25 2.127559862210285702e-25 3.238029392200746925e-01
4.997521788524898756e-02 3.134334750556576910e+04 1.400411679211053342e+04 1.554019131645992275e+04 3.676635800939504484e-01 5.171134549837008137e-25 2.225288004901697386e-25 1.709512139606611021e-25 3.540769038308436145e-01
5.763587575980636674e-02 2.425724526930210777e+04 1.631034251899553783e+04 7.304566130281835285e+03 3.273704339395723806e-01 4.369349976091964854e-25 1.805375330348144087e-25 1.219744879841196565e-25 2.979008695417326158e-01
6.647082924635627776e-02 1.880595445058785117e+04 1.066651805356124532e+04 9.412132312253055716e+03 3.301764897920770325e-01 3.941091078964009315e-25 1.098672556615530722e-25 1.398676925020460930e-25 3.186544779637369706e-01
7.666008510240249207e-02 1.535913213717083818e+04 6.886206165841842449e+03 7.638706216376843258e+03 3.065822721141179263e-01 3.430507558454418125e-25 1.109998764415376287e-25 1.212915302319998824e-25 3.217145355841244392e-01
8.841124316543315376e-02 1.132288727368526270e+04 5.231868069338830537e+03 6.060986556199984989e+03 3.045476236077748200e-01 2.864347545469345736e-25 1.019400524598121100e-25 8.877564937413201873e-26 3.210633362241933075e-01
1.019637260722580097e-01 9.350212772844275605e+03 4.608101059184946280e+03 5.439218071993946978e+03 2.980204193758263509e-01 2.421058006297238959e-25 8.870726287493713274e-26 7.424859362228504388e-26 3.203686972522541421e-01
1.175936573483598035e-01 7.260747386531021220e+03 2.295604733122514517e+03 3.840658622608775204e+03 2.924545339018335688e-01 1.985070695789525885e-25 7.650036351125410642e-26 5.016356050581363456e-26 3.285445424189336050e-01
1.356194872553388164e-01 6.253961370552388871e+03 2.465402069234520241e+03 2.869430002912618875e+03 2.786194305489018697e-01 1.632509545575692144e-25 6.737371772551272366e-26 2.989517366660057891e-26 3.140857625179057089e-01
1.564084810196403053e-01 5.421821635244912613e+03 2.018207080980787396e+03 1.842359837844420326e+03 2.759581622477165763e-01 1.265534429021337786e-25 6.868660786020629948e-26 2.057639815630773752e-26 2.995083646219691142e-01
1.803842016362447453e-01 4.314215890176136782e+03 1.379784623467232905e+03 1.193511670445484469e+03 2.494018513742615739e-01 9.765634503908175362e-26 4.531283700761441183e-26 1.382377273449122999e-26 2.896231323200089691e-01
2.080351397048574025e-01 3.183331659233686423e+03 6.852492347662159773e+02 8.081664009142491523e+02 2.218213238654816177e-01 7.514578420238141586e-26 3.296282489944535540e-26 8.990424210943483686e-27 2.981377879862016078e-01
2.399246661262133540e-01 2.405508653745641823e+03 6.984158654530533568e+02 4.327845981031550764e+02 2.093666341205772941e-01 5.323792526037472933e-26 2.725462180357740434e-26 7.128634773708184557e-27 2.990840798692468439e-01
2.767025104385807399e-01 1.797580644949978478e+03 6.011785423109733983e+02 3.281791213593312477e+02 1.917147466520180421e-01 3.809782179629361882e-26 1.415453590310809360e-26 7.976436978787539706e-27 3.113118826704773801e-01
3.191179986585286343e-01 1.360727649486566406e+03 4.737900856658224029e+02 2.815666425653664646e+02 1.855572575899823162e-01 2.724053901779299149e-26 9.271451280057771341e-27 5.235760703446137110e-27 3.293903165897762997e-01
3.680353203388414540e-01 1.016154289985601395e+03 3.471341214340704937e+02 2.354940781581810825e+02 1.928267251506370072e-01 1.894772427228092753e-26 7.656267702964659252e-27 2.492065668564385715e-27 3.587763723748681466e-01
4.244511359005219142e-01 7.359434467136871945e+02 3.010991880594422128e+02 1.810825181681462936e+02 1.989786516022592211e-01 1.262315968730274227e-26 5.283588121621103770e-27 1.881379994975781896e-27 3.955246217342783810e-01
4.895148829774688681e-01 5.667053693329119142e+02 2.303878237509535438e+02 1.426164658574700184e+02 2.155703790458261548e-01 8.921223096460979554e-27 5.090194419484704479e-27 1.267259975185880985e-27 4.546627554940261273e-01
5.645521955031491679e-01 4.535303892981558533e+02 1.807526468989557316e+02 1.204020207933039899e+02 2.249124397859003088e-01 6.267244592465780748e-27 4.055596903905062340e-27 7.843164371271310890e-28 5.025493632115276554e-01
6.510919126887823039e-01 3.833101045582783399e+02 1.795358126024144667e+02 6.335525848985837172e+01 2.326447406763767212e-01 4.128334207963403786e-27 3.384577381472604228e-27 4.466862683347510049e-28 5.197549005967613267e-01
7.508972281844089602e-01 2.349069615419598733e+02 1.035730037301514983e+02 4.279611462465435068e+01 2.001350565101933932e-01 2.333330003156593220e-27 1.446798469460000834e-27 4.080119149845432639e-28 4.975536393070654761e-01
8.660016140678794550e-01 1.765828296059969205e+02 6.344340642289310495e+01 4.621557278770549715e+01 1.939213500507338817e-01 1.511931678101202171e-27 9.783710418793267845e-28 2.917080536528849298e-28 5.066285182642927820e-01
9.987502515910116063e-01 1.246827356047615041e+02 7.010568790510825465e+01 2.554337213861241196e+01 2.150636852228714202e-01 9.393956100271559612e-28 7.195888472614706705e-28 3.190621239207650559e-28 5.271370180910741610e-01
1.151847812808953542e+00 9.916477387617503325e+01 5.127075526573135278e+01 2.593257732891964906e+01 1.964652922469169449e-01 6.378020018952531462e-28 4.722382651043769595e-28 2.051542785741770167e-28 5.257711785388516912e-01
1.328413566614123908e+00 7.588879469964717828e+01 4.475936447740438950e+01 1.426063392645987449e+01 1.902559593805135119e-01 4.577400901580547495e-28 1.590170626195753760e-28 1.263450994740749320e-28 5.276979134293632301e-01
1.532044931926391351e+00 5.605800498177465130e+01 1.885145377035041747e+01 9.221784411664671666e+00 1.905652324900345695e-01 3.602352090546721407e-28 1.489505646688903702e-28 1.033499296094185900e-28 5.764277887919199150e-01
1.766890772896739126e+00 4.488057121064448296e+01 2.007659374761597348e+01 9.455281547988349189e+00 2.295168767299969603e-01 4.454985049156447558e-28 1.897580911197466687e-28 6.324001081782465092e-29 6.722034703672444822e-01
2.037735929469222107e+00 3.769274611964009125e+01 2.482431074361365830e+01 7.917230769114215860e+00 2.547062201013728933e-01 4.646831073897649216e-28 1.682004106351098882e-28 8.420832461087976394e-29 7.215082574164285445e-01
2.350098705559579226e+00 3.107427304603191587e+01 1.514645657590512684e+01 1.015412239385900506e+01 2.235024000394842114e-01 1.831688760875832126e-28 1.132044569946541073e-28 4.966924016109133573e-29 6.480179449008863779e-01
