# R (Mpc), rho (Msol/kpc^3), errup, errlow, std, pth (Msol/kpc/s^2), errup, errlow, std 
#  nprofs 424, average weighted mh 5778759779037.076172
1.040961082911032697e-02 1.366749692760574399e+05 1.634831929412263853e+05 1.442610769658911158e+05 4.536595016436401062e-01 2.290944084780231749e-24 1.370879393802117232e-24 3.832607963701483648e-25 6.164901868603659407e-01
1.200529105910367808e-02 9.544918575891415821e+04 1.025817273008299526e+05 1.126953735619367508e+05 4.234263331385595963e-01 1.779574545066844142e-24 6.661939960699492834e-25 4.415862112557353637e-25 5.309476352623681006e-01
1.384557172980430476e-02 8.137904529593064217e+04 7.058557901798772218e+04 6.778955063761209021e+04 3.623293295359715227e-01 1.774818404758696680e-24 1.407025250101475882e-24 5.022148257309281935e-25 5.572782649366405661e-01
1.596794743096121086e-02 5.943703811059207510e+04 4.692891091029731615e+04 4.246712292591324513e+04 3.267073844273573058e-01 1.774718598846291687e-24 7.897326918044784189e-25 3.680731559384902077e-25 4.950245931732443760e-01
1.841566026551830909e-02 4.976284198446474329e+04 3.715515874560811062e+04 2.616954242581085782e+04 3.224858569409577158e-01 1.688211719791975329e-24 8.784513389553174015e-25 2.510635730834147585e-25 4.570245606344303657e-01
2.123858088093512342e-02 4.471744858210851817e+04 3.404423481667586020e+04 1.336920945988194217e+04 3.150069679759093799e-01 1.379194530289158323e-24 7.797545908296146075e-25 3.597375350196771172e-25 4.645715217594014179e-01
2.449422455303571639e-02 4.137246713315436500e+04 2.351850653787687042e+04 1.529430988378372967e+04 3.138346665596252194e-01 1.561305644421061710e-24 8.152402218932769101e-25 2.066566994199338334e-25 4.777514785467014136e-01
2.824892302447100725e-02 3.626522522528698755e+04 2.328965191666554892e+04 1.054453886645987222e+04 3.299929270947560833e-01 1.374222538627035170e-24 7.779754249514852028e-25 2.337701903030150779e-25 4.312145506191623068e-01
3.257917597328415654e-02 2.852125746615458775e+04 1.753142333278038859e+04 9.696058721870438603e+03 2.875061208901276699e-01 1.131867358039987670e-24 5.071582244802891770e-25 2.266984653536946024e-25 4.155337282273560140e-01
3.757320964692217186e-02 2.470241315788601787e+04 1.464863955238440212e+04 6.112498469938291237e+03 2.544655715900781545e-01 1.038495898128247214e-24 5.200144504866390240e-25 1.156024155672605162e-25 3.700356949263724493e-01
4.333277441790538143e-02 1.942283008529225117e+04 6.601166500925995933e+03 6.270269971563105173e+03 2.501910980643884952e-01 9.087914278925474977e-25 4.604904469860932650e-25 1.326870998636189270e-25 3.653313018307883242e-01
4.997521788524898756e-02 1.554759864618305983e+04 5.336858228202258033e+03 3.925791659627591798e+03 2.190648340073301503e-01 8.020708090623604825e-25 4.571666403764845154e-25 1.190592244944712404e-25 3.526394766634907696e-01
5.763587575980636674e-02 1.444426531929364864e+04 4.789585698988747026e+03 3.542761309610869830e+03 2.385111450246673037e-01 7.105322466671277260e-25 3.064232206118135506e-25 1.216796271668072142e-25 3.464586289738568192e-01
6.647082924635627776e-02 1.272011192372552250e+04 5.954338446356425266e+03 3.544037279729885995e+03 2.297751563528732111e-01 6.023126186288565603e-25 2.622824975436965681e-25 7.024017210786772396e-26 3.418785284212199627e-01
7.666008510240249207e-02 1.135452547120234703e+04 5.580807899040578377e+03 2.283301319620683898e+03 2.341367902726486372e-01 5.312343640890448677e-25 2.233770803497224819e-25 6.967906981409252121e-26 3.456720230918989833e-01
8.841124316543315376e-02 9.654154020200503510e+03 5.509382625875718986e+03 1.535301544925941016e+03 2.359197508311315084e-01 4.466902536336886479e-25 2.080551658663154954e-25 5.798873426583440737e-26 3.467126815228932513e-01
1.019637260722580097e-01 8.314466847330259043e+03 3.571614575223184147e+03 1.540073672526507835e+03 2.309706716691440342e-01 3.851584898527438983e-25 1.671381561145250459e-25 5.691314160199036386e-26 3.522014308652466341e-01
1.175936573483598035e-01 7.428666666582944345e+03 3.309763973952959532e+03 1.903578238968756068e+03 2.355659272595696796e-01 3.306939751567689465e-25 1.649642795924135173e-25 5.123672595225521394e-26 3.619844592961045660e-01
1.356194872553388164e-01 6.542546931976295127e+03 2.369088267191801151e+03 1.296104552512920691e+03 2.278228010853859120e-01 2.660298945080166348e-25 1.153090617741203340e-25 3.574653043675616457e-26 3.619798001920666031e-01
1.564084810196403053e-01 5.017465977727815698e+03 2.140373841859948243e+03 7.062851981560193053e+02 2.120954491034856004e-01 2.091399832507333911e-25 8.526009861606148300e-26 3.217335542768869983e-26 3.677141051217565071e-01
1.803842016362447453e-01 4.276695999603405653e+03 2.264013271053855078e+03 7.702471307699404406e+02 2.161503219786336805e-01 1.616720200428666603e-25 7.708294263786278084e-26 2.850227251275574431e-26 3.807917962424584579e-01
2.080351397048574025e-01 3.319824708112899771e+03 1.596566013787150951e+03 5.820883511877568708e+02 2.129542449578580576e-01 1.190753294076470121e-25 6.245396891721628606e-26 1.701922447195119159e-26 3.974190424851147818e-01
2.399246661262133540e-01 2.613946419221365431e+03 1.079942928449610463e+03 5.491649227138425431e+02 2.111332890246714056e-01 8.439807754984068488e-26 4.407542218609245243e-26 1.176648581382302337e-26 4.119062065153549224e-01
2.767025104385807399e-01 2.020084813603953080e+03 6.429095165786707184e+02 4.310267334547179416e+02 2.153884622720213249e-01 5.832617662314175645e-26 3.318407613715715336e-26 8.710178017134992871e-27 4.186461274131595967e-01
3.191179986585286343e-01 1.454279773261969467e+03 5.544608807273625644e+02 3.525639569306142675e+02 2.087234765235043421e-01 3.794682762101676631e-26 1.795385205145910688e-26 5.666577402302382689e-27 4.173666329069835590e-01
3.680353203388414540e-01 1.060176778116387823e+03 4.266436775787375382e+02 2.298220493026556142e+02 2.117829502725235846e-01 2.411324819303907498e-26 1.084052241788504093e-26 4.152545515741164304e-27 4.216623352212327536e-01
4.244511359005219142e-01 7.477004781072361084e+02 3.318764425041702566e+02 1.753869934162135564e+02 2.064525064750440120e-01 1.448795805426981831e-26 6.072593804032346005e-27 2.638946017131363225e-27 4.260787557821951177e-01
4.895148829774688681e-01 5.256254475458803199e+02 2.755911964933329728e+02 1.074638544917087586e+02 2.070451636571026821e-01 8.876242455182534136e-27 3.631148280989969665e-27 1.368848277808305436e-27 4.296065915042327488e-01
5.645521955031491679e-01 3.801668794039525778e+02 1.703425087388782515e+02 5.813405069409867565e+01 1.918806805984322184e-01 5.576704701867535119e-27 2.432793695166289365e-27 9.258541985205318042e-28 4.302447009956924528e-01
6.510919126887823039e-01 2.724183305470305072e+02 7.560082525778423701e+01 6.906979853501368893e+01 1.798776010652079205e-01 3.436012803544866550e-27 2.018317462154069586e-27 5.533334439110283793e-28 4.258370406552426379e-01
7.508972281844089602e-01 1.962296926548501688e+02 8.793876572028636929e+01 4.506415685581218611e+01 1.861384180276332845e-01 2.061285651125866656e-27 1.389197447755732870e-27 5.171053526898991088e-28 4.403024212555544104e-01
8.660016140678794550e-01 1.499283444625148434e+02 6.699186108062015421e+01 2.675641215094876202e+01 1.881401927522622086e-01 1.430748798632612384e-27 1.135245936638229296e-27 3.892387916856689378e-28 4.758876669223699452e-01
9.987502515910116063e-01 1.207608496647459191e+02 7.201690426659874333e+01 1.984392212506796938e+01 1.973575780309536898e-01 1.015090661224646552e-27 9.419619819247568973e-28 2.784448500157585056e-28 5.053605326755258309e-01
1.151847812808953542e+00 8.795922809602153336e+01 4.258708762293925787e+01 1.543016092652961646e+01 1.834916590653446478e-01 6.190179859672721925e-28 4.904379464035631495e-28 1.847314558034195927e-28 4.994668729851601263e-01
1.328413566614123908e+00 6.856769190665886526e+01 1.631679107425429009e+01 1.785690293074657831e+01 1.897993868354409530e-01 4.033199924077043427e-28 2.279096981510957865e-28 1.326912619605304252e-28 5.167117506601635046e-01
1.532044931926391351e+00 5.531425523812174561e+01 1.908258087084952592e+01 1.598543738943255477e+01 2.203952139648261976e-01 3.567720981720790507e-28 2.378260397811826521e-28 1.039319219892734419e-28 5.956194672291604819e-01
1.766890772896739126e+00 4.515723619787332410e+01 1.920850371874385587e+01 1.111451807618551868e+01 2.432525505296186941e-01 3.702298329436186800e-28 1.599518332600929417e-28 8.394356793029870303e-29 6.515955797127476190e-01
2.037735929469222107e+00 3.930159367832511208e+01 2.391804891022410118e+01 9.869072931231496426e+00 2.522110155601696158e-01 3.221435079806740367e-28 3.559139531549855888e-28 5.923105910952929714e-29 6.977861861373149122e-01
2.350098705559579226e+00 3.288385376887803346e+01 2.307181804824656979e+01 8.127716999113385299e+00 2.192029868018469663e-01 1.823292820414837047e-28 2.681228691077690327e-28 4.563987739624301006e-29 6.221829914649789073e-01
