# R (Mpc), rho (Msol/kpc^3), errup, errlow, std, pth (Msol/kpc/s^2), errup, errlow, std 
#  nprofs 617, average weighted mh 7492711545780.634766
1.040961082911032697e-02 4.094415663214004016e+05 6.527870910817239201e+05 3.047914532663535210e+05 5.795236650020271219e-01 4.508437817124433959e-24 2.243668044677856003e-24 7.733496326665718334e-25 5.696890939957142130e-01
1.200529105910367808e-02 2.839763335138811381e+05 4.190902140469508013e+05 2.270679548122590350e+05 5.398588171315489292e-01 3.872933840676056395e-24 2.354571364586307392e-24 6.681109873531200523e-25 5.503014359794734522e-01
1.384557172980430476e-02 2.105391924657610070e+05 3.130387342246805783e+05 1.663618428420258570e+05 5.304010475622593646e-01 3.473289238392039086e-24 1.961430982524179316e-24 5.815605889371658913e-25 5.354595822730099375e-01
1.596794743096121086e-02 1.604338824846376665e+05 2.203734864661340252e+05 1.169783508020441368e+05 5.004162791647098762e-01 2.782644666742839302e-24 2.032997155024353286e-24 4.609119147255560643e-25 4.155778765427984855e-01
1.841566026551830909e-02 1.138589977802763169e+05 1.996604194096478750e+05 6.406794136778504617e+04 4.721125877127235193e-01 2.324303509974781126e-24 1.494539838035243730e-24 5.231235761225936811e-25 4.258286457571723860e-01
2.123858088093512342e-02 8.271877314771522651e+04 1.456289714842389803e+05 4.752050244731355633e+04 4.131511145075075775e-01 2.011931653621566535e-24 1.274388295823367544e-24 4.643061127383681174e-25 3.820007984264540135e-01
2.449422455303571639e-02 6.000390050028168480e+04 1.012679151819550607e+05 2.805378574355760793e+04 4.033489906198196584e-01 1.827270700369753377e-24 1.178914892402987995e-24 4.894603870847122539e-25 3.778909847915298825e-01
2.824892302447100725e-02 4.626442331320465746e+04 6.257950822329985385e+04 1.877694437571271192e+04 3.694069553934373751e-01 1.533071207326252201e-24 8.124115523296070999e-25 3.976751666988758312e-25 3.565183511309964470e-01
3.257917597328415654e-02 3.687037366157568613e+04 3.558046057408548222e+04 1.933756471304604202e+04 3.541731905982136719e-01 1.477008693767752450e-24 8.857597966698127295e-25 3.542611348418464471e-25 3.651636159767601142e-01
3.757320964692217186e-02 3.109200079689051199e+04 2.399095060239835948e+04 1.439536575622074815e+04 3.139419869468211277e-01 1.220910329939201593e-24 6.215572863112878924e-25 2.910061416144512535e-25 3.423612129921330682e-01
4.333277441790538143e-02 3.062039964611344476e+04 1.825175365657919247e+04 1.070590686445141364e+04 3.274808918315182393e-01 1.163597422490698879e-24 5.667771674262746143e-25 2.358927372577656177e-25 3.531331722612587320e-01
4.997521788524898756e-02 2.400746109967922894e+04 1.330793865792101860e+04 8.292246675312058869e+03 3.287564982593678686e-01 9.467230439161572572e-25 4.626251102974890984e-25 2.427766451765528732e-25 3.506926610660072718e-01
5.763587575980636674e-02 1.827235947706206571e+04 9.081277412030540290e+03 6.720109347006517055e+03 3.197736395107955154e-01 8.426438097493260336e-25 3.884483085823464760e-25 2.190057348994214815e-25 3.557816742602994964e-01
6.647082924635627776e-02 1.430902425260562086e+04 6.485498664951535829e+03 4.996533921937733794e+03 3.075593077212363524e-01 7.274652775891480923e-25 3.278879751098832437e-25 1.859786464700587350e-25 3.715092143383339485e-01
7.666008510240249207e-02 1.279836610805732380e+04 7.786926494941066267e+03 4.579738981355360011e+03 3.208828570458706064e-01 6.445986743061218087e-25 2.872187702482675066e-25 1.439264779860047681e-25 3.850360269694013127e-01
8.841124316543315376e-02 1.076377227920603764e+04 5.426959614835345747e+03 4.008575787213693729e+03 3.182468931603512075e-01 5.686491699512441116e-25 2.481846765103298186e-25 9.951780530101800437e-26 3.980549162394919072e-01
1.019637260722580097e-01 8.680122293584896397e+03 4.338588055146621628e+03 3.008005704096596673e+03 3.084166409189462166e-01 5.032104221239246447e-25 2.342790808660514166e-25 7.357884579492321312e-26 4.159585136332461519e-01
1.175936573483598035e-01 7.533359083430369537e+03 3.690161786073590520e+03 2.399163125149755160e+03 2.863098964048850781e-01 4.338644073537340548e-25 1.692512369128387087e-25 5.441678513812975814e-26 4.236010563992588795e-01
1.356194872553388164e-01 6.665333601508423271e+03 3.639830068654072420e+03 1.687786973348967877e+03 2.951079206802433852e-01 3.537575716942090286e-25 1.541554097938011768e-25 3.217930599562819307e-26 4.505006900189771346e-01
1.564084810196403053e-01 5.742634222086429872e+03 3.190963234787482634e+03 1.309768567083323887e+03 3.006173635522900178e-01 2.841431988432129287e-25 1.089528716147568563e-25 2.327442935153613198e-26 4.666358480306436740e-01
1.803842016362447453e-01 4.804217455827649246e+03 2.392629106623599910e+03 9.887747681030143667e+02 3.004766092584033044e-01 2.177325833569491425e-25 8.892283128430947242e-26 1.545039815288095940e-26 4.792473892547552961e-01
2.080351397048574025e-01 3.672222298793567461e+03 1.776235871014213217e+03 7.199711998967065938e+02 2.888015265370730278e-01 1.598580293050092439e-25 7.052455864240654283e-26 1.529260605654258018e-26 4.910190847535054193e-01
2.399246661262133540e-01 2.776773672444087879e+03 1.439222727830558142e+03 4.836130766586338723e+02 2.814776284984435994e-01 1.135177192133950791e-25 5.193216796200706216e-26 9.697391173998281734e-27 5.132301030515329376e-01
2.767025104385807399e-01 2.005806507696794142e+03 8.615867524064586860e+02 3.878641923446344890e+02 2.815188674819300019e-01 7.470244295809872654e-26 3.736344737915433575e-26 6.550090113727356825e-27 5.364501682878460853e-01
3.191179986585286343e-01 1.438034758034814786e+03 6.891639834379719787e+02 2.584125509445739795e+02 2.905939337084756935e-01 4.893814252093125274e-26 2.566061877097351453e-26 4.435131022009602750e-27 5.639843426792209291e-01
3.680353203388414540e-01 1.026823099491172798e+03 4.450063571082375233e+02 1.653637083457138601e+02 2.899383687603218629e-01 3.183325793559084961e-26 1.332468715581760608e-26 3.223515716040465921e-27 5.806492884429108603e-01
4.244511359005219142e-01 7.068105241386047055e+02 2.915808642058094051e+02 1.541171548546392671e+02 2.900741440379955294e-01 1.884539517957170380e-26 8.432408738125077644e-27 2.321233920094272697e-27 5.858178759238167332e-01
4.895148829774688681e-01 5.057620059325957413e+02 2.130663124706061069e+02 1.110909015488022220e+02 2.875684054380621135e-01 1.155027102294635306e-26 5.653137076564170636e-27 1.376172102903087716e-27 5.956072997699127791e-01
5.645521955031491679e-01 3.474611182333420629e+02 1.683291936361307535e+02 6.411081061967044548e+01 2.793585092336117737e-01 7.123130797038463251e-27 3.595314418764293124e-27 7.877705815476263036e-28 6.102078883209254290e-01
6.510919126887823039e-01 2.400299613520172386e+02 1.156857721037891622e+02 5.943671316051887743e+01 2.755427139297959571e-01 4.228109620282189962e-27 3.443849034999081200e-27 4.556322337583531272e-28 6.369839493721315415e-01
7.508972281844089602e-01 1.840317877085392979e+02 1.154073440951688099e+02 4.209789325497326473e+01 2.888632569468120304e-01 2.784921137639305196e-27 2.884164898507906236e-27 3.811876319745738490e-28 6.796041403786536872e-01
8.660016140678794550e-01 1.377430637952758730e+02 9.083558269221825299e+01 3.255288309694081050e+01 2.953291173671114822e-01 1.957802621308916164e-27 1.663064075408864268e-27 3.493611561828522303e-28 7.184322209713076557e-01
9.987502515910116063e-01 1.034141568822463739e+02 6.262328731864975140e+01 2.980350140735542652e+01 2.703439456404908015e-01 1.448820662303467938e-27 1.174761377983118124e-27 2.762100924548302860e-28 7.064727491782161195e-01
1.151847812808953542e+00 7.977509473830679099e+01 4.055224987733368636e+01 2.561774981299999254e+01 2.572088783371161980e-01 1.303375760456133375e-27 8.592896516112250961e-28 2.152806210417734992e-28 6.858926385070732712e-01
1.328413566614123908e+00 6.814749429831178418e+01 3.343275709630920289e+01 2.105358983196121514e+01 2.613278720206448358e-01 1.593661698159600049e-27 5.491629969414370691e-28 1.767880237373957903e-28 7.029893152128773304e-01
1.532044931926391351e+00 5.931054934436149040e+01 2.750950362351561296e+01 1.700809958417124435e+01 2.702994813237180050e-01 2.290753684138789248e-27 3.250983990262588205e-28 1.480035086403185948e-28 7.093544428451624695e-01
1.766890772896739126e+00 5.415204883191366036e+01 2.333119564691015313e+01 1.340981093532516866e+01 2.748357043536286404e-01 3.433248385300215695e-27 3.255732925800983485e-28 9.274400032567454911e-29 7.171549998107542567e-01
2.037735929469222107e+00 4.698696198033955795e+01 2.619189140819792172e+01 1.013165519926469926e+01 2.733249145574849770e-01 2.304930863505503846e-27 5.159555893236757489e-28 8.623638149351373439e-29 7.417654033446567929e-01
2.350098705559579226e+00 3.607612233596929485e+01 2.565694126851176904e+01 6.100775762638377842e+00 2.351579620392288406e-01 7.608916628287296247e-28 4.107425404063115157e-28 8.328555023322035042e-29 6.684253919812210842e-01
