# R (Mpc), rho (Msol/kpc^3), errup, errlow, std, pth (Msol/kpc/s^2), errup, errlow, std 
#  nprofs 461, average weighted mh 5637699181068.810547
1.040961082911032697e-02 6.091336960054172669e+05 7.013165070450325729e+05 5.050148179926365847e+05 4.923893028732204136e-01 3.207575602896716452e-24 1.358044273477763886e-24 4.394807295163744020e-25 4.962183783022196537e-01
1.200529105910367808e-02 4.737956622952388716e+05 5.717875350451796548e+05 4.296709784540075343e+05 4.806563902500197161e-01 3.030342853979670249e-24 1.303546658053286932e-24 5.074274976054077984e-25 5.263206235169771707e-01
1.384557172980430476e-02 3.675806613032023888e+05 4.491496111891949549e+05 3.117110641251195921e+05 4.901826355606609953e-01 2.261417037949995675e-24 1.161681533043554721e-24 4.922788739620677265e-25 4.317716334599348560e-01
1.596794743096121086e-02 2.733688377035717131e+05 3.290224192887086538e+05 2.361692802979673725e+05 4.231803301894402902e-01 1.958004274693600496e-24 9.971244550677105509e-25 3.562860071252170474e-25 3.909442066690339557e-01
1.841566026551830909e-02 1.894241086653883394e+05 1.767954808739546279e+05 1.595137366214882059e+05 4.023570079070438177e-01 1.841585434281034386e-24 9.948403552042800078e-25 6.203957850854815973e-25 4.252767845648061096e-01
2.123858088093512342e-02 1.384725060793008888e+05 1.674086890938882716e+05 6.558649172578475554e+04 3.433714362290256061e-01 1.618011791364288679e-24 8.584559813026178240e-25 5.354427875565582995e-25 4.177744751039402793e-01
2.449422455303571639e-02 9.657095623078850622e+04 8.075383436836680630e+04 4.951579207333781233e+04 3.179618864777392084e-01 1.647556244597206688e-24 8.414436105486541410e-25 5.217979830767577109e-25 3.943951215047221681e-01
2.824892302447100725e-02 6.951544756784568017e+04 4.780336283268175612e+04 3.939059990833277698e+04 2.872265861310710489e-01 1.371646110020256388e-24 6.911681472105849213e-25 3.723875551991467532e-25 3.790614060258799545e-01
3.257917597328415654e-02 5.660526719436073472e+04 3.264865771183370089e+04 3.136422835821248736e+04 2.790193174853418112e-01 1.243659041256804146e-24 6.846543649307045047e-25 3.727358556074875920e-25 3.502805571598863743e-01
3.757320964692217186e-02 4.736596454829126742e+04 2.943235287488882022e+04 1.955893384804146990e+04 2.717441542150885736e-01 1.126795455850975097e-24 4.438391790840859820e-25 3.315636431953559941e-25 3.433313495266040460e-01
4.333277441790538143e-02 3.430548583956401126e+04 2.104146541415360844e+04 1.231977889745639186e+04 2.512663150288673708e-01 9.224107692436279698e-25 4.171439095942660201e-25 3.219153921129567299e-25 3.182446392637507393e-01
4.997521788524898756e-02 2.726826154536021932e+04 2.094156271773899061e+04 7.983383056156269959e+03 2.472279778426317021e-01 8.471678437226979981e-25 3.575112935106940310e-25 2.567719706803121657e-25 3.266752351566898915e-01
5.763587575980636674e-02 2.387879627785612684e+04 1.276083956586455679e+04 6.055446302322006886e+03 2.438724486846702011e-01 7.689036342903822586e-25 3.209441772113345699e-25 1.857571072381121898e-25 3.136742398172053248e-01
6.647082924635627776e-02 2.028839307593705962e+04 1.042935502895333229e+04 5.321748781207801585e+03 2.493045125058922229e-01 6.467999669206438023e-25 2.622595167663389839e-25 1.659710011331026508e-25 3.122003246113034258e-01
7.666008510240249207e-02 1.574149781114498728e+04 7.238233410295904832e+03 4.283292223513620229e+03 2.344507041177286699e-01 5.475742036166961868e-25 2.474218814595156895e-25 1.417922099143923445e-25 3.144527654686473661e-01
8.841124316543315376e-02 1.266092784446525002e+04 6.967462215590086998e+03 3.391675044264651660e+03 2.426549438743894616e-01 4.626587229857346775e-25 1.994457121988140939e-25 1.029387654073430235e-25 3.199078269026511823e-01
1.019637260722580097e-01 1.094708594686556171e+04 4.421209450909251245e+03 2.784778271413902985e+03 2.390968155407670326e-01 3.966926466582434120e-25 1.466491920738807692e-25 8.357831632823737047e-26 3.310963710037967966e-01
1.175936573483598035e-01 8.795496287885074707e+03 2.730484167134571180e+03 2.620236805291134715e+03 2.233679771204834796e-01 3.308252907116071807e-25 1.250597995577642386e-25 6.967198362880871911e-26 3.423836932950083956e-01
1.356194872553388164e-01 7.428450255340486365e+03 2.583253040210508516e+03 2.194988017839104941e+03 2.187957330465717942e-01 2.612003910114226397e-25 9.842011610771321566e-26 4.719967332428844843e-26 3.501220841058934052e-01
1.564084810196403053e-01 5.991669142970198664e+03 2.858903006586563606e+03 1.453271590816900243e+03 2.245985647048650002e-01 2.052008834529151453e-25 9.858317732418712678e-26 2.533431648865767922e-26 3.683851021986887520e-01
1.803842016362447453e-01 5.096100505268641427e+03 2.577608382210197306e+03 1.049954982650367810e+03 2.330829288637257246e-01 1.589534502746508138e-25 7.841334438198287300e-26 1.786820291664811505e-26 3.891860393329092949e-01
2.080351397048574025e-01 3.851615205252102442e+03 1.435030418759808072e+03 8.805533490706586690e+02 2.299426506565448725e-01 1.149707505367201781e-25 5.910341936661175164e-26 1.774284943536600187e-26 4.084645068195138506e-01
2.399246661262133540e-01 3.021006531312822517e+03 1.130821637571256360e+03 4.166735770270946659e+02 2.328396148343132022e-01 8.200632504935447791e-26 3.856171554635676715e-26 1.272637381452692546e-26 4.263905739569562869e-01
2.767025104385807399e-01 2.163041007405666733e+03 7.696306534034010838e+02 3.894579125020654828e+02 2.301496782736594804e-01 5.726866592476032184e-26 2.510046395341824653e-26 9.067637913303700062e-27 4.510283721342696617e-01
3.191179986585286343e-01 1.448099972805013067e+03 4.954856444706434786e+02 3.168171833030878588e+02 2.286937611632968714e-01 3.578835849002488301e-26 1.590114392604907234e-26 4.939027840465979640e-27 4.633885451666459598e-01
3.680353203388414540e-01 9.805934488466779158e+02 2.617729439810167378e+02 2.292047116902821813e+02 2.279974355618048509e-01 2.129803767596663791e-26 8.379027204707823874e-27 3.453984582935893147e-27 4.683397179825200540e-01
4.244511359005219142e-01 6.928497249455044766e+02 2.937732469018798724e+02 1.566016303609582394e+02 2.346075469108558909e-01 1.271439357992809082e-26 4.759916040166692119e-27 2.657617493501976860e-27 4.753840146617978601e-01
4.895148829774688681e-01 4.931376938141152664e+02 2.130997635858688000e+02 1.232409283707249301e+02 2.497587687406713775e-01 7.854605262406241707e-27 3.166930181428421770e-27 1.625487629040990698e-27 4.927757901385536599e-01
5.645521955031491679e-01 3.595605295755179895e+02 1.592731574114230568e+02 8.477866182538353712e+01 2.427836731345092147e-01 4.920131529279869599e-27 2.566590734984186315e-27 1.112971052884038956e-27 5.047158913489505627e-01
6.510919126887823039e-01 2.466197890750351291e+02 1.013012125461062851e+02 8.227620739991476739e+01 2.473191760526333161e-01 3.102319509117603321e-27 1.644003541837675127e-27 8.394558786110437709e-28 5.393952747954453564e-01
7.508972281844089602e-01 1.884856058152668936e+02 8.879823839324645007e+01 5.220119416612430996e+01 2.644784980845787392e-01 2.147204023933136903e-27 1.678803073872124524e-27 5.197529169524080706e-28 5.908873774967287051e-01
8.660016140678794550e-01 1.415419352306154224e+02 6.938751910777570231e+01 4.939115981817404588e+01 2.675328296086378899e-01 1.533151907644656912e-27 1.086491060784174729e-27 4.956550995644662194e-28 6.236884024606977883e-01
9.987502515910116063e-01 1.183498957365556379e+02 8.006170712742745366e+01 3.081431326559592065e+01 2.606162392056917132e-01 1.295900830400427457e-27 1.327396071666101861e-27 2.823897535417414647e-28 6.266573770936393339e-01
1.151847812808953542e+00 8.662247671590499465e+01 4.568085177793366825e+01 1.726703553217084419e+01 2.294082355639768256e-01 1.163866104074361511e-27 4.390057907381866750e-28 1.951611478485405848e-28 5.976579718305603528e-01
1.328413566614123908e+00 7.384647867741486493e+01 1.783447542611599346e+01 2.129662088470187342e+01 2.234856232603348036e-01 1.577943886398091048e-27 2.681932595871628976e-28 1.530253143729168232e-28 5.883570896889920299e-01
1.532044931926391351e+00 6.954323908910482999e+01 3.072978497108903895e+01 1.487637309330736457e+01 2.479873956632203946e-01 2.925048095357343573e-27 2.758444891511064621e-28 9.743931477420993646e-29 6.555782717365918888e-01
1.766890772896739126e+00 6.527608547006421702e+01 1.751528317634698340e+01 1.309485833352440665e+01 2.621681477424799844e-01 4.988790477180651581e-27 1.703036255601735545e-28 6.736787213925556588e-29 7.073269813899462077e-01
2.037735929469222107e+00 5.302630899749383531e+01 2.489868927265879606e+01 9.558601771802617719e+00 2.898063026217020388e-01 3.428931435539374554e-27 2.831203410802726214e-28 5.424166174437041649e-29 7.824793234554018317e-01
2.350098705559579226e+00 3.922971026721786814e+01 2.644031588020820323e+01 7.882487925831487274e+00 2.527512210794907732e-01 9.654757980235263078e-28 2.590668583956176427e-28 6.282248978242577574e-29 7.319196799324613201e-01
