# R (Mpc), rho (Msol/kpc^3), errup, errlow, std, pth (Msol/kpc/s^2), errup, errlow, std 
#  nprofs 430, average weighted mh 6039779363375.198242
1.040961082911032697e-02 5.275210869846602436e+05 2.816017970454377937e+05 1.995404031954320380e+05 5.122031176400035912e-01 3.314706044635490187e-24 2.017753718466233983e-24 5.343622273226742161e-25 4.953275053119876037e-01
1.200529105910367808e-02 3.757025031920567853e+05 2.548095031103712390e+05 1.164100779437416058e+05 4.947983752718669859e-01 2.965845317887190619e-24 1.804871335226664569e-24 4.909536092504472814e-25 5.115069490948854769e-01
1.384557172980430476e-02 2.344804180130510940e+05 1.683792868000756716e+05 7.338449849571567029e+04 4.341604439437201646e-01 2.992457166321429275e-24 1.864812589493369777e-24 2.587046391244807049e-25 4.588055843533092593e-01
1.596794743096121086e-02 1.819041182500893192e+05 1.284958205323080620e+05 5.661394559139254852e+04 4.257898609752438501e-01 2.748734953280098874e-24 1.524423273589240399e-24 3.746234373961487702e-25 4.642573115248901372e-01
1.841566026551830909e-02 1.512472974666125956e+05 7.773933607401048357e+04 2.514142832691531294e+04 4.160961951635958056e-01 2.568112864513054387e-24 1.586899701201405967e-24 4.293446327601600059e-25 4.561602296900377218e-01
2.123858088093512342e-02 1.126126186559896887e+05 7.844620362351229414e+04 2.024517493802799800e+04 3.673961934379570415e-01 2.547215359015059573e-24 1.134134733732172044e-24 4.486477405513172638e-25 4.407813200144899413e-01
2.449422455303571639e-02 8.036950102253766090e+04 6.358072295380663127e+04 1.051348539246186920e+04 3.624611537267763417e-01 1.696710941567289098e-24 9.549574708708500461e-25 3.460808930837690884e-25 3.725915313505386295e-01
2.824892302447100725e-02 5.746061979001704458e+04 4.606148755447336589e+04 1.146260809646599773e+04 3.402535941136761166e-01 1.524237279608666084e-24 7.293049137987003514e-25 2.986953226477500446e-25 3.623949317045747631e-01
3.257917597328415654e-02 4.297155119236865721e+04 3.173600308023151592e+04 9.779225743822044024e+03 3.303367593055730467e-01 1.487450000962978623e-24 6.821554950815886835e-25 1.970192719592886648e-25 3.577194556787721136e-01
3.757320964692217186e-02 3.372364015736427973e+04 2.673792222285760363e+04 8.513561628337965885e+03 2.898410000106050877e-01 1.339107302428533950e-24 7.018695856542930283e-25 2.034550728287217258e-25 3.482553760407897658e-01
4.333277441790538143e-02 2.522862665133329938e+04 1.390182836078367836e+04 5.895718999800561505e+03 2.615861269360025276e-01 1.131254670570381171e-24 6.748861592653072272e-25 1.192663486568546510e-25 3.396171526602619339e-01
4.997521788524898756e-02 2.000138929280366210e+04 1.054731345166946267e+04 3.950554763766167525e+03 2.308571275597942063e-01 9.804802015876469035e-25 5.732893337143005836e-25 1.146327790439431536e-25 3.255238262519593029e-01
5.763587575980636674e-02 1.658556972498374307e+04 8.414838536324892630e+03 3.776529329648070416e+03 2.373497258448172553e-01 8.555000534087260279e-25 5.403877345701111061e-25 1.370253823231458797e-25 3.295968068334696466e-01
6.647082924635627776e-02 1.512498417904714006e+04 8.188524422494770988e+03 3.175999861903133933e+03 2.365765104430455346e-01 7.404732747231533521e-25 4.207835095310118128e-25 1.163759356815232601e-25 3.277228522667792743e-01
7.666008510240249207e-02 1.348808227680591699e+04 4.343814154617197346e+03 3.823787753535390038e+03 2.494577754626055854e-01 6.320581449351086472e-25 3.454687282227299695e-25 1.085236823643122317e-25 3.349517135779973565e-01
8.841124316543315376e-02 1.117493847233410816e+04 4.623771140889302842e+03 2.702865845807273217e+03 2.394358060117344200e-01 5.238545408190487466e-25 3.003310272560482596e-25 8.169331805588554839e-26 3.367755923599458634e-01
1.019637260722580097e-01 9.047429553022571781e+03 4.458753344346784615e+03 2.441213148515747889e+03 2.374626213594555335e-01 4.271560020239811893e-25 2.274162006348738161e-25 6.350137866224651041e-26 3.467284085717861064e-01
1.175936573483598035e-01 7.783688108468069913e+03 4.135159868126402216e+03 1.765014055961935810e+03 2.332969560673022191e-01 3.423155233213318599e-25 1.531897236517953731e-25 5.460067214160971967e-26 3.508916745310891039e-01
1.356194872553388164e-01 6.688594714830500379e+03 3.683902656726610076e+03 1.603109938647543004e+03 2.313740878503992571e-01 2.739090845580480849e-25 1.153785082855203335e-25 4.233752745079501106e-26 3.597729681928037437e-01
1.564084810196403053e-01 5.711709716178032977e+03 2.886029993156004821e+03 1.085068048898372581e+03 2.292929172926246872e-01 2.181193919132843501e-25 8.880285882136828763e-26 2.786124301253059587e-26 3.697278086800759866e-01
1.803842016362447453e-01 4.526575177340557275e+03 2.344905274448498858e+03 8.325308738617070503e+02 2.259593463796576163e-01 1.659397595089527126e-25 7.587414750831072338e-26 1.912715200423655953e-26 3.772037848837004326e-01
2.080351397048574025e-01 3.570362904070781951e+03 1.489588899597042200e+03 6.559031170660953194e+02 2.161852200817588332e-01 1.254460634903372922e-25 5.974574910547367776e-26 1.183708852916074607e-26 3.879310406756719676e-01
2.399246661262133540e-01 2.843789955285288670e+03 1.240173625698887690e+03 4.837260840371911854e+02 2.137656726680079444e-01 9.548535275687641719e-26 4.570846649492863704e-26 8.731468532599484694e-27 3.999255084925831261e-01
2.767025104385807399e-01 2.245201137785429637e+03 8.653989153336519848e+02 4.201191075467235123e+02 2.113194257213613370e-01 6.933326411595294196e-26 3.148298084626822154e-26 6.936867179323419206e-27 4.076705096888668667e-01
3.191179986585286343e-01 1.605222502156969313e+03 5.388398792516103413e+02 3.177872559367157237e+02 2.121689902962701213e-01 4.581268581882740261e-26 1.893168746334153064e-26 5.049354284671342926e-27 4.173620752493647501e-01
3.680353203388414540e-01 1.154746572585869671e+03 4.187231913711732432e+02 2.324034500868003761e+02 2.209105439720842334e-01 2.849391204504264221e-26 1.435866819750402057e-26 3.359579737445853994e-27 4.322320972783735282e-01
4.244511359005219142e-01 8.250082478366431360e+02 3.513278482949915542e+02 1.861158344390417483e+02 2.232409230782916587e-01 1.789192037902345352e-26 9.744049626572984701e-27 2.155045104484061340e-27 4.447600202965460991e-01
4.895148829774688681e-01 5.810259020746856322e+02 3.201477385495207955e+02 1.143921879816560931e+02 2.272160147783525985e-01 1.106316940234404710e-26 5.339444645420291354e-27 1.350889175648155529e-27 4.595791396690346864e-01
5.645521955031491679e-01 4.136374036237016867e+02 1.685698333817277330e+02 8.144079777328059322e+01 2.108231468373713557e-01 6.814781548139448286e-27 3.292443519151024618e-27 9.276981303225405295e-28 4.613249413698772838e-01
6.510919126887823039e-01 2.906946261190961422e+02 9.337524883442230816e+01 6.782072912565504907e+01 1.966616564799580635e-01 4.006823393246031508e-27 1.922988670417411300e-27 6.522037454771833854e-28 4.519140534690502808e-01
7.508972281844089602e-01 2.075560300128026370e+02 9.270882522742948595e+01 4.457578178941066938e+01 1.988846545872979266e-01 2.373167044306151201e-27 1.586217993085845760e-27 3.873145528408618399e-28 4.591792837847115116e-01
8.660016140678794550e-01 1.558979426963822732e+02 6.209335091458379452e+01 3.238634305263110491e+01 1.962705407910702859e-01 1.538377905735863252e-27 1.174364179022731113e-27 2.352075230757163438e-28 4.839662005160262348e-01
9.987502515910116063e-01 1.216469481533097223e+02 4.993531068212604396e+01 2.440705205333284056e+01 2.020189063333468482e-01 1.090284211173821868e-27 7.262847058082520910e-28 2.240049008859927971e-28 5.256560083772240377e-01
1.151847812808953542e+00 8.916387530506069936e+01 3.716895085100527751e+01 1.620317994061406353e+01 1.872054845014577695e-01 6.165867652690871659e-28 3.790338035607642609e-28 1.529023891434841932e-28 5.040800257662059192e-01
1.328413566614123908e+00 6.906661045011799160e+01 1.412702920276854712e+01 1.846959412818056023e+01 1.904846667837117868e-01 3.922062632988481393e-28 1.335853374666987004e-28 1.591905679867231494e-28 5.079911196509024895e-01
1.532044931926391351e+00 5.300374247316787546e+01 1.795969492748441354e+01 1.486876831627699502e+01 2.169479880772640090e-01 3.165776550660033495e-28 1.776137149769598050e-28 1.077318589569604024e-28 5.864643078633035023e-01
1.766890772896739126e+00 4.286743155986636822e+01 1.783515458011433452e+01 1.261934873151268732e+01 2.375274484389420238e-01 3.216882418940181989e-28 1.161106647034762912e-28 7.665032665318142446e-29 6.426619840432460373e-01
2.037735929469222107e+00 3.693653548948975640e+01 2.654958395062757148e+01 8.610315181177742971e+00 2.517620827235780845e-01 2.875482636817491087e-28 2.971345501025283959e-28 6.333331534409869218e-29 7.006960016816778936e-01
2.350098705559579226e+00 3.185250014482229730e+01 2.158773123883767653e+01 9.509143944161777995e+00 2.176829006997340055e-01 1.640537463320622478e-28 2.509576425468678667e-28 6.473376321988332227e-29 6.285219170192518634e-01
