# R (Mpc), rho (Msol/kpc^3), errup, errlow, std, pth (Msol/kpc/s^2), errup, errlow, std 
#  nprofs 449, average weighted mh 6122099176262.858398
1.040961082911032697e-02 5.136953340133690508e+05 3.123610979872803437e+05 3.875036746157787275e+05 3.318342879297280223e-01 4.952343139874969948e-24 3.047912810251032402e-24 1.017665321417774922e-24 5.243522467693904066e-01
1.200529105910367808e-02 4.009652492035071482e+05 2.122832347470396198e+05 2.482010867644553073e+05 3.328421725659985730e-01 5.415167204241836133e-24 3.283130789017272205e-24 1.127161216493089980e-24 5.239499422724986921e-01
1.384557172980430476e-02 3.161274723022970720e+05 2.789098733637266560e+05 1.607535642503045383e+05 3.198620274681730491e-01 4.849000494547016683e-24 1.918821569593685357e-24 1.084558340391518065e-24 4.602779686787154545e-01
1.596794743096121086e-02 2.506628665419682220e+05 2.006653660152303346e+05 1.260024757155810803e+05 3.231445918469922352e-01 4.088499766436059038e-24 2.131997441548864457e-24 8.127334859942646968e-25 3.798186407774594708e-01
1.841566026551830909e-02 1.816648921489107306e+05 1.367221801616838784e+05 8.947171774269371235e+04 3.156566201291529650e-01 3.196762463222665538e-24 1.970670374949822489e-24 7.434724893233172103e-25 3.599554086030599676e-01
2.123858088093512342e-02 1.279170419238187460e+05 8.943256957385211717e+04 5.644317867453384679e+04 2.654310899651006195e-01 3.273637695662840726e-24 2.075846358000600506e-24 8.127225598543306627e-25 3.697775989913724137e-01
2.449422455303571639e-02 9.662342192605926539e+04 6.337111498549066891e+04 4.458940141715711070e+04 2.558556864845352163e-01 2.902856567177170763e-24 1.907801276494971014e-24 6.155202266879008600e-25 3.558384667402757495e-01
2.824892302447100725e-02 7.755765303431022039e+04 3.777275277855573222e+04 2.819445720498068840e+04 2.406371393648277790e-01 2.506880035751621939e-24 1.554590940642858923e-24 6.802117559922427757e-25 3.741736635472883710e-01
3.257917597328415654e-02 6.199171841099450830e+04 2.942807789982468239e+04 2.092281163847560310e+04 2.052652090838359145e-01 2.367135568146132445e-24 1.146462284311012932e-24 5.412464383062224249e-25 3.473605562122715207e-01
3.757320964692217186e-02 4.656968934113587602e+04 1.963235446262139158e+04 1.250609342038492468e+04 1.864791048514503613e-01 2.008358594727662355e-24 8.507598764859547382e-25 4.585622553874555789e-25 3.439556303281830485e-01
4.333277441790538143e-02 4.011969589067133347e+04 1.550803769221801485e+04 9.419031406317535584e+03 1.806334091763443506e-01 1.776010407313619300e-24 9.623468602761372189e-25 3.335321414290901638e-25 3.247910469504631248e-01
4.997521788524898756e-02 3.339078175619736430e+04 1.527562771267353310e+04 7.786512820099549572e+03 1.801504200782086951e-01 1.470522202585092169e-24 7.891646985709039065e-25 2.416973507848299562e-25 3.187292429438147168e-01
5.763587575980636674e-02 2.896187088056105858e+04 1.205232562975219116e+04 4.933702046377500665e+03 1.824598868658476869e-01 1.295407036593820539e-24 6.517293598322388046e-25 1.909437331261782896e-25 3.136118783478442085e-01
6.647082924635627776e-02 2.526732499599178846e+04 1.005279623679630458e+04 4.000936496833315687e+03 1.735960624707895139e-01 1.102636225498088663e-24 5.575003717449756727e-25 1.340533207448967823e-25 3.138732667631370932e-01
7.666008510240249207e-02 2.309014418346420644e+04 7.131650397495905054e+03 2.910687744012004259e+03 1.768618372009385098e-01 9.359317118177538031e-25 4.659251508420696637e-25 1.138069937949698759e-25 3.207767496970264642e-01
8.841124316543315376e-02 1.840061180117054028e+04 7.111934717094962252e+03 2.909542754122150654e+03 1.648481468603295863e-01 7.779702570186874726e-25 4.030444234745775820e-25 1.022764048814738560e-25 3.265074976594445344e-01
1.019637260722580097e-01 1.477754281729703689e+04 5.229720032630753849e+03 3.018701693201001945e+03 1.593914621749508431e-01 6.169697375126583490e-25 3.416955032849977656e-25 7.432613622588711773e-26 3.278745229076543422e-01
1.175936573483598035e-01 1.278170619332866590e+04 4.610531387845307108e+03 1.918533888170385580e+03 1.663489959317354383e-01 4.868763635366149266e-25 2.606373960714953987e-25 6.479070460540982361e-26 3.344560233844874331e-01
1.356194872553388164e-01 1.070282809359746352e+04 4.103727777276648339e+03 1.484418419767123851e+03 1.705364679120826565e-01 3.891968354869672007e-25 2.145800596510778095e-25 5.186460614985204190e-26 3.471845051242894442e-01
1.564084810196403053e-01 8.871729194184243170e+03 3.158128280269627794e+03 1.292805897137270222e+03 1.925138769246294290e-01 3.056167477917477621e-25 1.611608522358168032e-25 2.996992035614154900e-26 3.710346371498018381e-01
1.803842016362447453e-01 7.011547301116365816e+03 2.848561099703607397e+03 1.101725461545872349e+03 2.074817533902070243e-01 2.247126618246595505e-25 1.124037233133230180e-25 2.557519954254769309e-26 3.945358214397611252e-01
2.080351397048574025e-01 5.312034423369123033e+03 1.978366234613267807e+03 8.293946731311596068e+02 2.170611379537980001e-01 1.576580519271500070e-25 8.480546887390844363e-26 1.770730376897127395e-26 4.180270847134051060e-01
2.399246661262133540e-01 3.961263086119326090e+03 1.663653444441660213e+03 7.939184842578833923e+02 2.253478228833105945e-01 1.062642646606079102e-25 6.845622142643362230e-26 1.111844809474650517e-26 4.332012597124137443e-01
2.767025104385807399e-01 2.774240354143964851e+03 1.222648401338298299e+03 4.579295641019401728e+02 2.242207556837939875e-01 6.836638597447056224e-26 3.761756666217221611e-26 7.089436109220609783e-27 4.391201580827895357e-01
3.191179986585286343e-01 1.835168723122766778e+03 1.165373942969871678e+03 2.730864976549619314e+02 2.277566985538999611e-01 4.127088014369355066e-26 2.975651381904856295e-26 3.951967328836941706e-27 4.427535533348541663e-01
3.680353203388414540e-01 1.210565405692239437e+03 6.430741144187722966e+02 1.613918504222208412e+02 2.297216003337888834e-01 2.514686606885219885e-26 1.873231582667564954e-26 2.287992584068094879e-27 4.544617718656366323e-01
4.244511359005219142e-01 8.161151240510703246e+02 3.861407142873606517e+02 1.301587197293584950e+02 2.318432694937602456e-01 1.568399273609384210e-26 9.272796264203699177e-27 1.580089222936630949e-27 4.632275170866970160e-01
4.895148829774688681e-01 5.547738826322691921e+02 2.748066811669901881e+02 1.039094521155386417e+02 2.390568133168138876e-01 9.215108433882394346e-27 4.558977712202729815e-27 8.957081485891555241e-28 4.620467897529330070e-01
5.645521955031491679e-01 3.774458832903646339e+02 1.213814641974403230e+02 6.853894439744171052e+01 2.241885426553530958e-01 5.461452357519544222e-27 2.271458390093318155e-27 4.860183800401931932e-28 4.553394318343380598e-01
6.510919126887823039e-01 2.702206104527880939e+02 7.053025334255389112e+01 6.293115799606911764e+01 2.227625517292905755e-01 3.602904127841069273e-27 1.547850427745738811e-27 5.063478936685342639e-28 4.714081053106526920e-01
7.508972281844089602e-01 1.926411231037553478e+02 7.906192243773440964e+01 3.235726987006364652e+01 2.327291692336281304e-01 2.676067675663999601e-27 1.355760572309164593e-27 3.396204867976488285e-28 5.247567449523500294e-01
8.660016140678794550e-01 1.454742914101130111e+02 9.446202181742756920e+01 3.492672815465724057e+01 2.556149278503788702e-01 1.775992645878433986e-27 1.410896350240618616e-27 1.969828795631930984e-28 5.743301028470857439e-01
9.987502515910116063e-01 1.142363549499287245e+02 8.406688580411521627e+01 2.246526745239875567e+01 2.499747706464900965e-01 1.160641592488490649e-27 1.111087420091088173e-27 1.295495929627441631e-28 5.869618647081914498e-01
1.151847812808953542e+00 7.943123463513411764e+01 4.231269538377082995e+01 1.217685538313099869e+01 1.949749105988282938e-01 6.648277886006862483e-28 3.927689426172839998e-28 8.830786168215884456e-29 5.080100518486219130e-01
1.328413566614123908e+00 6.212684715562335924e+01 2.091654562985488042e+01 1.283060256589849502e+01 1.809517289089104530e-01 4.904963272080744617e-28 2.091752834041034791e-28 7.072587285286634551e-29 4.929199633612256770e-01
1.532044931926391351e+00 5.241964875573776084e+01 2.534517252645365204e+01 1.059199962206112033e+01 1.974189877211569022e-01 5.897516583446897299e-28 3.296644933415779029e-28 8.064825123157116176e-29 5.702484345066144433e-01
1.766890772896739126e+00 4.943281731131545342e+01 1.851672386666405146e+01 1.321897785306982698e+01 2.201039292932617242e-01 1.333138925205909957e-27 1.369210929619072185e-28 7.548895910872741731e-29 6.287155364772906152e-01
2.037735929469222107e+00 5.168478413611240541e+01 2.856658942502557608e+01 8.806736891887268825e+00 2.678345219658112564e-01 3.149741557779158938e-27 3.336470886206551659e-28 4.025386464594351749e-29 7.358225218435265891e-01
2.350098705559579226e+00 4.467272146647560760e+01 2.402976900295414708e+01 9.258343048118121033e+00 2.460241955141357073e-01 2.611020896632103831e-27 2.800468701234875501e-28 5.479785836009165985e-29 7.021762440432663954e-01
