# R (Mpc), rho (Msol/kpc^3), errup, errlow, std, pth (Msol/kpc/s^2), errup, errlow, std 
#  nprofs 465, average weighted mh 6839391694004.909180
1.040961082911032697e-02 2.905396558099954273e+05 8.095042620498461183e+05 2.180241515063458646e+05 6.388151617693080819e-01 7.243633698366964781e-24 3.087756951471648865e-24 9.404290292239289071e-25 7.147877425776986149e-01
1.200529105910367808e-02 2.054984606725691119e+05 5.137991917115462711e+05 1.522812357693582017e+05 6.516137962458977695e-01 5.231598361268027312e-24 2.305930697894439162e-24 7.850493566243762960e-25 7.374783648879623676e-01
1.384557172980430476e-02 1.669496041174046986e+05 4.238775629080811050e+05 8.783671105848150910e+04 6.146371990812264929e-01 4.228638969950540207e-24 2.485961753599699323e-24 6.480493778925135050e-25 7.347453713811177289e-01
1.596794743096121086e-02 1.273964738224386238e+05 2.845323139310182305e+05 9.300954712658841163e+04 6.089846885057298431e-01 3.173439880866046780e-24 2.372975630423470413e-24 6.200827109030378017e-25 5.811724619838483097e-01
1.841566026551830909e-02 9.902540032875812904e+04 1.693756777967375820e+05 6.449455786142413854e+04 5.320672862713666795e-01 2.504094723597876955e-24 1.145330703179228848e-24 8.082263949456425681e-25 5.241617059771442877e-01
2.123858088093512342e-02 6.650750759687868413e+04 1.098610978210951289e+05 4.722855652477698459e+04 5.214932767952650261e-01 1.959890786381506001e-24 1.298835803634394842e-24 5.378535577060715651e-25 5.653234975644568783e-01
2.449422455303571639e-02 5.092867439555941382e+04 7.222910766044876073e+04 3.440712045615965326e+04 4.424431619245206004e-01 1.645425651537546295e-24 1.057903494351701636e-24 4.569867976053267429e-25 4.900785998350431494e-01
2.824892302447100725e-02 4.076665748790695216e+04 6.511546505366357451e+04 2.589323934150896093e+04 4.171066334215801641e-01 1.370942325322850719e-24 6.385744133529381661e-25 4.865349272249159370e-25 5.007274474771367112e-01
3.257917597328415654e-02 3.138722908663863927e+04 3.098214732566980092e+04 2.041357032721169890e+04 3.929867533136452429e-01 1.149318149391913823e-24 6.241736184137048794e-25 3.562010814429549690e-25 4.623415538372432354e-01
3.757320964692217186e-02 2.473870060931292755e+04 2.384455034234559571e+04 1.475003365792227487e+04 3.476679077938505391e-01 1.045840384744098415e-24 3.955922648294453274e-25 3.094580863589597395e-25 4.488049568134755418e-01
4.333277441790538143e-02 2.062107967604195801e+04 1.667289260339792600e+04 1.185508966688627697e+04 3.419499397511939209e-01 8.836049795023599985e-25 4.435560489282547743e-25 2.446303102421753004e-25 4.435767832311853232e-01
4.997521788524898756e-02 1.640080609631178595e+04 8.709903623444040932e+03 1.042743995696487036e+04 3.223412257930141633e-01 8.129621243394399597e-25 4.177185305525389782e-25 1.823037339586609154e-25 4.296836423201934041e-01
5.763587575980636674e-02 1.435040878150894423e+04 6.848984146611344840e+03 8.076547504683024272e+03 3.375200328759525581e-01 7.338317233364048764e-25 3.000126122758627947e-25 1.756784988511698273e-25 4.572934948064644733e-01
6.647082924635627776e-02 1.212299378565039842e+04 5.845981632082943179e+03 6.276625121444882097e+03 3.246366845502841603e-01 6.331264304927985871e-25 2.546847450940853990e-25 1.336125788900306373e-25 4.358342899843500873e-01
7.666008510240249207e-02 1.084172073821155209e+04 5.560487375570739459e+03 5.099997341514751497e+03 3.302719471839319354e-01 5.568633497080487778e-25 1.556239509483887500e-25 1.133264864367153846e-25 4.351765438169920008e-01
8.841124316543315376e-02 1.000126546035609135e+04 4.367551803097057018e+03 3.801981774231060172e+03 3.441384269887886038e-01 4.677885665616106596e-25 1.602205501535128676e-25 7.793079418986118874e-26 4.279891495584564054e-01
1.019637260722580097e-01 7.873819406985498972e+03 4.529228541129738005e+03 3.208446640347183347e+03 3.521495544870397176e-01 4.094439211772437724e-25 1.470519942252480645e-25 6.251646646711068118e-26 4.358673929062345520e-01
1.175936573483598035e-01 6.904248604089128094e+03 3.891061224317694723e+03 3.047990729351911796e+03 3.551071987467843694e-01 3.434664418032646884e-25 1.067689967263940933e-25 6.172345097189791427e-26 4.401143093034290410e-01
1.356194872553388164e-01 6.073353305322231790e+03 2.742261567327975172e+03 2.398801238912808913e+03 3.633117375512416869e-01 2.834987108956713420e-25 8.993908939405032118e-26 4.125610636224645766e-26 4.527507040815160755e-01
1.564084810196403053e-01 5.104622780479240646e+03 2.611718976431712235e+03 1.737068507855153939e+03 3.548871582337800312e-01 2.258729080887420580e-25 7.247072037376376604e-26 3.066835994582642819e-26 4.562271586520415534e-01
1.803842016362447453e-01 4.168922783704151698e+03 2.360282907376917137e+03 1.177354927139333086e+03 3.450534841666020314e-01 1.744699756633863116e-25 6.628936783556944093e-26 2.345005306263905573e-26 4.686837808404160644e-01
2.080351397048574025e-01 3.330369896397730372e+03 1.915547376484433244e+03 8.308461500145608625e+02 3.214293512546674836e-01 1.303582518755866992e-25 5.674097228015952828e-26 1.792858260931023616e-26 4.730073085105495623e-01
2.399246661262133540e-01 2.691468624762955187e+03 1.252536680773425360e+03 5.707245130135485169e+02 3.029899669439151122e-01 9.497201303435235008e-26 4.333818443188061919e-26 1.272334316315591723e-26 4.813068002748775442e-01
2.767025104385807399e-01 2.050151227634366478e+03 9.883660112550536496e+02 3.389358706946411530e+02 2.830462474439238707e-01 6.689686859178042708e-26 3.114502415124380694e-26 7.916346967335561192e-27 4.905648632784767593e-01
3.191179986585286343e-01 1.504462682333949715e+03 6.322101160307762484e+02 3.166890038506994074e+02 2.813511070918955914e-01 4.571628119060385182e-26 1.844170565287140950e-26 6.913495455866262363e-27 5.011757541179009401e-01
3.680353203388414540e-01 1.125873507379869125e+03 5.219865534277467987e+02 2.000684676220744791e+02 2.832519609570429697e-01 3.253569469285552076e-26 1.027429713060027207e-26 5.290653640688320497e-27 5.238853587185929861e-01
4.244511359005219142e-01 8.114101241392103248e+02 3.913405602796435119e+02 1.780064951903112842e+02 2.873699602027833255e-01 2.168399970737840919e-26 6.847921681964293895e-27 3.557781574320290333e-27 5.547065844789919042e-01
4.895148829774688681e-01 6.060322980998101912e+02 2.785612669740690990e+02 1.510449420624307777e+02 3.058814385866724939e-01 1.377906557933013934e-26 5.314043305285230570e-27 2.767618682540141611e-27 5.897703449481085380e-01
5.645521955031491679e-01 4.369479889583848831e+02 2.215029643791679916e+02 1.174921362483255791e+02 3.092360026049606470e-01 8.776079572003811614e-27 4.526253890475305046e-27 1.707698587301836209e-27 6.214847847940498937e-01
6.510919126887823039e-01 2.996220576508515023e+02 1.519822718552349272e+02 8.082584962583061383e+01 3.054279584919923907e-01 5.434982703557986834e-27 3.263478117931624959e-27 1.033972509454795586e-27 6.489119601729553821e-01
7.508972281844089602e-01 2.129870751993129545e+02 1.168976269420804215e+02 5.571346049943038992e+01 3.004551327734752975e-01 3.343930018111939568e-27 2.313795150576182048e-27 7.250938029897947112e-28 6.559811676636604361e-01
8.660016140678794550e-01 1.555886473347439107e+02 6.658576415109041591e+01 4.672719179855351257e+01 2.795376326897294761e-01 2.222075765987068572e-27 1.296017592507189861e-27 5.546972933448365379e-28 6.545089295838802945e-01
9.987502515910116063e-01 1.193015601708405029e+02 5.038772896681972213e+01 3.600881831270150712e+01 2.665189258145691520e-01 1.718013707732263655e-27 1.035653125408527816e-27 4.137223606266779848e-28 6.520189266942912898e-01
1.151847812808953542e+00 9.292602927554536052e+01 4.556833246411334670e+01 2.724505632129469035e+01 2.643715151287927001e-01 1.240665971921814786e-27 6.308118906293277766e-28 2.918046543794817227e-28 6.448178066751042437e-01
1.328413566614123908e+00 7.031104218758591173e+01 3.459947715663601997e+01 2.093249537852614139e+01 2.396825188345527158e-01 7.424912919772501379e-28 4.892842390820972627e-28 2.730201187953750283e-28 6.050291928673152686e-01
1.532044931926391351e+00 5.776333595091953299e+01 2.859068023591755292e+01 1.811793241094015627e+01 2.350507426486008189e-01 5.410442176877704451e-28 4.631210310981073101e-28 2.118591015861615181e-28 5.959975052174404375e-01
1.766890772896739126e+00 4.965462726179762143e+01 3.905668085681833901e+01 1.236917777873992819e+01 2.439797277557758104e-01 4.468680322184782213e-28 6.229686703999384625e-28 1.417893263015395985e-28 6.281416262136512163e-01
2.037735929469222107e+00 4.326114568459365017e+01 2.201129555636041246e+01 1.196227480138454524e+01 2.380997408170530127e-01 4.649305089336923203e-28 3.889670032358053270e-28 1.005413354307974924e-28 6.451967538752223508e-01
2.350098705559579226e+00 3.513320588739500039e+01 2.748308251007081893e+01 9.322888307902712057e+00 2.115782558715929296e-01 2.570353433839139952e-28 4.069493681999126193e-28 7.185509479808736228e-29 5.803610129023430986e-01
