# R (Mpc), rho (Msol/kpc^3), errup, errlow, std, pth (Msol/kpc/s^2), errup, errlow, std 
#  nprofs 462, average weighted mh 5470069329215.429688
1.040961082911032697e-02 4.225156739594113897e+05 7.997124351474887226e+05 5.062949487495604553e+05 7.339380078611805747e-01 8.287912446621050137e-24 1.570299828811839389e-24 6.203955388324933012e-25 5.028475314284354125e-01
1.200529105910367808e-02 3.053071728150278796e+05 5.908664231405898463e+05 2.850698968333083903e+05 6.964827533102664336e-01 5.780623200030681291e-24 1.419806184663423938e-24 6.258413926711106430e-25 5.829648214589054911e-01
1.384557172980430476e-02 2.552065988674041000e+05 3.828077693282188266e+05 2.334200503107082623e+05 5.823319836811228223e-01 2.801136769011212612e-24 1.413937325698274597e-24 4.169466839732365062e-25 4.758179601397052871e-01
1.596794743096121086e-02 1.931711682306278381e+05 3.203727847492417786e+05 1.447587934624560294e+05 5.508799238526778108e-01 1.953345183754746897e-24 1.004412906719475058e-24 6.193777187654525650e-25 4.926605110703545232e-01
1.841566026551830909e-02 1.357535148248665791e+05 2.678672469577682787e+05 8.891603117373326677e+04 5.739442015191902335e-01 1.569415622634699943e-24 1.176814105167496767e-24 5.167535949048080068e-25 4.673994368100022889e-01
2.123858088093512342e-02 9.034653969703748589e+04 1.785450921093362849e+05 5.982790858179397765e+04 4.707203138316671254e-01 1.123906671698841586e-24 9.020339532196166966e-25 4.375855921258129408e-25 4.450812380904470289e-01
2.449422455303571639e-02 6.939893432925082743e+04 8.102673683349369094e+04 5.648084613690990227e+04 4.413014452646430441e-01 1.104871179676173724e-24 9.066741418988727700e-25 3.887109045599567006e-25 4.119235059698923007e-01
2.824892302447100725e-02 5.115868969354041474e+04 6.393932496708916005e+04 3.209253967484453824e+04 4.125347571727633333e-01 1.029090420271404431e-24 7.876634689660645210e-25 3.689587974380102634e-25 4.180620152472880324e-01
3.257917597328415654e-02 4.031423742147153098e+04 5.076865011217664869e+04 2.301324030046610278e+04 3.962008055946414364e-01 1.057916956153826845e-24 5.837394159947463871e-25 3.126991749228518532e-25 4.205110035010904967e-01
3.757320964692217186e-02 3.425872516334404645e+04 2.650736287891393658e+04 2.097534775977667596e+04 3.901295109960993823e-01 9.702225237523730432e-25 4.178209620386658134e-25 2.424126739371955533e-25 3.953571723508476077e-01
4.333277441790538143e-02 2.625782883129395123e+04 2.123542737388479509e+04 1.321149942413567442e+04 3.990045925820725481e-01 8.843090210437647508e-25 3.234089080320395692e-25 2.375409892251043729e-25 4.189804825842244895e-01
4.997521788524898756e-02 2.193681663932717856e+04 1.942620508812977641e+04 9.816393854161069612e+03 3.803562175724919947e-01 8.154585778292730399e-25 3.214161850168908802e-25 1.951849400256055290e-25 4.018177624623567312e-01
5.763587575980636674e-02 1.880154393790641916e+04 1.988113366134602984e+04 7.755860760762054269e+03 3.870956377183134012e-01 6.037998324582986106e-25 2.834716317504630545e-25 1.640158346716844522e-25 3.786298873093202899e-01
6.647082924635627776e-02 1.702164597157723983e+04 1.036165425855803187e+04 7.560339191125811340e+03 3.780203437237570352e-01 5.097103172285492121e-25 2.285181546253086563e-25 1.338755544869897550e-25 3.876575871498393333e-01
7.666008510240249207e-02 1.251400803970520428e+04 6.941796433861050900e+03 6.529459261564268672e+03 3.587566467004921211e-01 4.430479816738081353e-25 2.114889595204990308e-25 1.007383791145338345e-25 3.891322679774768534e-01
8.841124316543315376e-02 1.042671621122912438e+04 7.001604047355878720e+03 4.666941162501030703e+03 3.547135149230701834e-01 3.893201310097708803e-25 1.846128728678083240e-25 9.156096728538210815e-26 3.849454080489017604e-01
1.019637260722580097e-01 8.082307313275761771e+03 4.851194210754383676e+03 4.303665659257277184e+03 3.426255074645177534e-01 3.119119179194599066e-25 1.786173616568387231e-25 7.539140567063393248e-26 3.800419800168110540e-01
1.175936573483598035e-01 6.259028479767375757e+03 3.167102841695898860e+03 3.539415370140702635e+03 3.202643922089962736e-01 2.442181720503842113e-25 1.356363611650106373e-25 5.652355399872426013e-26 3.720008133614772228e-01
1.356194872553388164e-01 5.433368008035239654e+03 2.595461324604499168e+03 2.352187337716087768e+03 2.968146900880623273e-01 1.950345315899996739e-25 8.801945545821316101e-26 4.483979231525552972e-26 3.699711735041632532e-01
1.564084810196403053e-01 4.750682362328302588e+03 2.213450289180083018e+03 1.751376761908326898e+03 2.997619408191540269e-01 1.510757375311359762e-25 5.902210860390161422e-26 3.571560225671112441e-26 3.706527575879344227e-01
1.803842016362447453e-01 3.576196049021309591e+03 1.833082753427490388e+03 1.003732526325088429e+03 2.755409579776966211e-01 1.161837432693732086e-25 5.104220985252968004e-26 2.119575540092556371e-26 3.753758334045806944e-01
2.080351397048574025e-01 2.786761992272898624e+03 1.307833295443253974e+03 8.634956967078868502e+02 2.615502319231162165e-01 8.979824694242252147e-26 3.822590587280799161e-26 1.414159106706870471e-26 3.797545549234817575e-01
2.399246661262133540e-01 2.163404135848333226e+03 9.159074709288972826e+02 6.048715436142903172e+02 2.472716456966075893e-01 6.556386543217978467e-26 2.450093734642778082e-26 8.997204647240494022e-27 3.798559455971760035e-01
2.767025104385807399e-01 1.632910507348952478e+03 6.398742974283031799e+02 3.315533633628547250e+02 2.276812067569634890e-01 4.588239579722100706e-26 1.637804215137706071e-26 6.532356756134004609e-27 3.837963530375291810e-01
3.191179986585286343e-01 1.149797487856664702e+03 4.616877137942360605e+02 2.386657866627875819e+02 2.185863383730935472e-01 3.155138287997642015e-26 1.289512149121374263e-26 3.535348702102313225e-27 3.964488367505766830e-01
3.680353203388414540e-01 8.493330939570572582e+02 3.435372589672963386e+02 1.975045064313200669e+02 2.136721417133715106e-01 2.146247307450139833e-26 8.985073034643240998e-27 2.283349508230163579e-27 4.112334318323359050e-01
4.244511359005219142e-01 6.444976354919923551e+02 3.128473068897816347e+02 1.379963270266992765e+02 2.215672741832499237e-01 1.405326164841844305e-26 6.668830239907871098e-27 1.894258367233318616e-27 4.350092751332946261e-01
4.895148829774688681e-01 4.723888999823850554e+02 2.560031225988531105e+02 9.281888189986977977e+01 2.372881696623960479e-01 8.980724031612155636e-27 5.095087041182725454e-27 1.104503595031954539e-27 4.684065873592355711e-01
5.645521955031491679e-01 3.405325077817569195e+02 1.636543377324868516e+02 7.079235870638315475e+01 2.325155830740390228e-01 5.730564513070083724e-27 3.447994981668602717e-27 9.250744925449086361e-28 5.037953873350569101e-01
6.510919126887823039e-01 2.556226957281620003e+02 1.110866953864862126e+02 7.143297648616808715e+01 2.392880599072605419e-01 3.734667406497360719e-27 1.722549567145314699e-27 9.003090299692470032e-28 5.386779882230049443e-01
7.508972281844089602e-01 1.921339157491715923e+02 1.012551294326282232e+02 4.181630304997018754e+01 2.470486197163139497e-01 2.548713260819276850e-27 1.910063771867066196e-27 7.214933450439181568e-28 5.872434070816111573e-01
8.660016140678794550e-01 1.446959113525818452e+02 7.335964591552081515e+01 5.564171448173448198e+01 2.546904032207298885e-01 1.817749621447969874e-27 1.131725253467973747e-27 6.725997160467299746e-28 6.350518720430289310e-01
9.987502515910116063e-01 1.245791906271230403e+02 7.800579397995986142e+01 3.718676563450219419e+01 2.521176987131279468e-01 1.602068399808399687e-27 1.188847505893859772e-27 3.501474101553751891e-28 6.530563907535121837e-01
1.151847812808953542e+00 9.231488952706790485e+01 4.362035147251705069e+01 2.403409577289324517e+01 2.191324993437975821e-01 1.447261578839264289e-27 4.865748802987710863e-28 2.627781439280921036e-28 6.178672704631611445e-01
1.328413566614123908e+00 7.797304370591400868e+01 1.981466489364623129e+01 2.218779006428198031e+01 2.167098411641828204e-01 1.829508455950742910e-27 3.479540125059749830e-28 1.595538641231354796e-28 6.044292061623831591e-01
1.532044931926391351e+00 7.243151996623123523e+01 2.640327921442970194e+01 1.725202630869885212e+01 2.388121813478980560e-01 2.872524686082610966e-27 3.197692645665135691e-28 1.341919236402416278e-28 6.564033836812686040e-01
1.766890772896739126e+00 6.567879833982621562e+01 1.706536960461522057e+01 1.492822204909354866e+01 2.520172123669651709e-01 4.707495661652461604e-27 1.919221594247690871e-28 1.148239326898286175e-28 6.848998496516490730e-01
2.037735929469222107e+00 5.354093277150054320e+01 2.769330051244967450e+01 9.188992582624234018e+00 2.790470851373132444e-01 3.367296747911251141e-27 3.109491625460641783e-28 6.955278262376315116e-29 7.452532563860096992e-01
2.350098705559579226e+00 4.062060999531193772e+01 2.376781805922294666e+01 8.313233476433644853e+00 2.431897016392651767e-01 1.065553140800581459e-27 2.410207255443392213e-28 1.059193856705584437e-28 6.965450962762935738e-01
