# R (Mpc), rho (Msol/kpc^3), errup, errlow, std, pth (Msol/kpc/s^2), errup, errlow, std 
#  nprofs 464, average weighted mh 5575550100594.513672
1.040961082911032697e-02 7.508997191780289868e+05 9.766507073235500138e+05 9.338809900308779906e+05 6.831132197275853191e-01 2.615021404536053613e-24 2.378486821767652224e-24 7.316891808428398404e-25 5.048576770156841809e-01
1.200529105910367808e-02 5.915452178201947827e+05 8.275469466557886917e+05 6.447660667445817962e+05 6.639198797359181503e-01 2.281521620034441441e-24 1.397075403363399934e-24 1.135378638767511695e-24 4.758840355390681620e-01
1.384557172980430476e-02 4.326634564330509165e+05 6.500788833816767437e+05 4.636412396789629129e+05 6.446140132101115805e-01 2.046092293776177581e-24 2.008888965782074592e-24 9.073652874769746189e-25 4.615479051269578137e-01
1.596794743096121086e-02 3.135996846112955827e+05 4.685429401925961720e+05 3.285317833451111219e+05 5.958555706727534096e-01 2.350691920031553722e-24 1.782721940621645143e-24 8.820821703734292284e-25 5.843565524456195703e-01
1.841566026551830909e-02 2.160334354708129249e+05 2.884453013649923378e+05 2.256523554537456948e+05 5.367695105670249323e-01 2.121460292335512526e-24 1.327229562831649373e-24 8.463988312312017100e-25 4.600076100543440405e-01
2.123858088093512342e-02 1.523292491137556208e+05 1.889046503355816239e+05 1.414902694278893468e+05 5.406038360049664204e-01 1.883493799920682237e-24 1.126064945336872024e-24 9.565907514637252998e-25 4.701561597675631976e-01
2.449422455303571639e-02 1.097070729726999270e+05 1.310590787731437595e+05 8.432127867763402173e+04 4.885220573419604140e-01 1.840769568588002447e-24 8.113695317294634734e-25 7.890687963134701348e-25 4.489469727815788014e-01
2.824892302447100725e-02 7.942145813773838745e+04 9.526845531737283454e+04 5.770292805601775035e+04 4.691231542888489314e-01 1.418342269933775526e-24 6.709139199639317056e-25 6.714453079369792477e-25 4.661683537122430221e-01
3.257917597328415654e-02 5.657364182116634038e+04 5.933097997314836539e+04 4.586459739719136269e+04 4.376752506273378640e-01 1.163520233595386600e-24 5.894921194814163049e-25 5.362076916912128862e-25 4.493282592099622219e-01
3.757320964692217186e-02 4.654940734433566104e+04 3.894096045887243235e+04 3.614471619652517256e+04 4.490173027562023855e-01 1.031264371843066389e-24 6.287232048515616778e-25 4.404745699405637916e-25 4.716486143503718087e-01
4.333277441790538143e-02 3.507322671209975670e+04 2.850337826117708755e+04 2.185990388469946993e+04 4.409053019931966078e-01 9.127021870304934499e-25 6.060414092549154810e-25 2.954899673764391224e-25 4.723510607029879904e-01
4.997521788524898756e-02 2.575570323358220412e+04 1.777152744469666141e+04 1.938135814926109379e+04 4.136689851783837968e-01 7.409837724863022636e-25 4.624579904838487100e-25 2.506021525060401822e-25 4.588320181128875408e-01
5.763587575980636674e-02 1.999090700849759742e+04 1.332236837011152966e+04 1.460745846045176222e+04 4.084442216465400954e-01 6.160230028418801198e-25 4.187026487200358108e-25 1.756227311893357943e-25 4.612626156376788966e-01
6.647082924635627776e-02 1.748931938112435455e+04 1.118648747094729697e+04 1.198031682942067164e+04 4.200982459015527026e-01 5.027889130769950799e-25 3.169638444472693848e-25 1.409351762303022523e-25 4.611167007297493625e-01
7.666008510240249207e-02 1.291920111657281268e+04 7.409420257560625032e+03 8.940570163934607990e+03 4.111384947555185021e-01 3.938572814495007942e-25 2.619886913612163005e-25 1.068998444773211326e-25 4.520095102913600504e-01
8.841124316543315376e-02 1.140455968885585389e+04 6.524071594148954318e+03 6.523165723523013185e+03 3.964623559128139796e-01 3.297115952643856682e-25 1.893354940631951665e-25 6.630799069840652478e-26 4.342358419977910833e-01
1.019637260722580097e-01 8.495814273847818185e+03 4.623641127107503053e+03 4.723561378071879517e+03 3.652515992058426586e-01 2.692109001128801215e-25 1.319522542248407680e-25 6.783531030943583370e-26 4.139692208285541408e-01
1.175936573483598035e-01 6.394766372085843614e+03 3.232840603304750402e+03 3.397376166030863260e+03 3.509944100900015407e-01 2.164715597515340815e-25 1.185815691155433693e-25 3.966824590339847489e-26 4.061996084378164951e-01
1.356194872553388164e-01 4.948641823697827022e+03 2.807317757393025659e+03 2.419869575528649420e+03 3.279733132760607739e-01 1.653268636304224687e-25 8.507452457761210140e-26 3.705384617022703116e-26 3.852930317454565934e-01
1.564084810196403053e-01 4.137303274547894034e+03 2.448123905519734762e+03 1.716209797599295371e+03 3.240111009626469585e-01 1.305594674516722917e-25 6.368429128133397084e-26 2.732392556134410181e-26 3.866503797528024200e-01
1.803842016362447453e-01 3.513123968492795484e+03 1.466256504030168799e+03 1.140475990194919632e+03 3.024570252571492923e-01 1.065660969551753489e-25 4.394579613715938174e-26 2.101843892689644074e-26 3.948564046039194642e-01
2.080351397048574025e-01 2.622716505849830355e+03 7.587758955101589891e+02 9.512875907412440029e+02 2.682070148322587833e-01 8.449066319709113152e-26 2.972435712013068166e-26 1.480648328234853999e-26 3.997764768114671630e-01
2.399246661262133540e-01 2.193032783469621336e+03 7.541726599430730857e+02 4.732839492823902674e+02 2.634440342439428040e-01 6.477737043171915820e-26 1.968816112416896348e-26 1.070301242729475815e-26 4.128319033164706275e-01
2.767025104385807399e-01 1.745730447267620320e+03 7.683932426468679751e+02 2.409133820236465908e+02 2.586944652877714024e-01 4.640787888073021879e-26 1.670423310744348102e-26 5.939233914337293306e-27 4.273741945134983955e-01
3.191179986585286343e-01 1.174628707967716764e+03 6.345119464424193438e+02 2.242519907761437139e+02 2.563524173376786064e-01 3.125649978831424922e-26 1.430100840486017422e-26 4.212585415572295563e-27 4.430482691408988427e-01
3.680353203388414540e-01 7.704825359046935773e+02 3.206738699489149553e+02 2.267761314994857855e+02 2.511683030775561098e-01 1.882206873830498867e-26 7.620033939929202255e-27 3.085561082992908598e-27 4.570485346917185776e-01
4.244511359005219142e-01 5.692013039261859149e+02 3.102187515001862721e+02 1.390628281139549358e+02 2.603481915580486694e-01 1.170056951194082833e-26 6.262177076995854026e-27 1.974995143972724829e-27 4.833274508503528355e-01
4.895148829774688681e-01 4.073022757684533417e+02 2.290405160849455228e+02 8.572083082508564189e+01 2.639132498870824239e-01 7.763207897640124691e-27 4.462876877112131661e-27 1.270181645655433412e-27 5.150614389950983751e-01
5.645521955031491679e-01 3.037045921062658067e+02 1.432136705147988778e+02 6.819594678096369478e+01 2.439556448666696520e-01 5.266801381130990549e-27 3.227587529150197475e-27 9.050206883904900387e-28 5.314744686359945680e-01
6.510919126887823039e-01 2.315502372224029841e+02 1.081890931093067820e+02 7.443687244918228885e+01 2.502090756590880094e-01 3.762351853072263825e-27 2.691234347209524347e-27 6.844779197635577674e-28 5.769220155005254647e-01
7.508972281844089602e-01 1.868726234050316179e+02 1.245497574246138441e+02 4.794592748576303620e+01 2.663372032485357699e-01 2.869579331154202931e-27 2.287565579585595190e-27 4.848626783166095274e-28 6.239933483740476294e-01
8.660016140678794550e-01 1.400724437880945175e+02 8.434709083202342583e+01 4.454760856465082242e+01 2.633167810320188318e-01 2.071180984214537970e-27 1.749602890295087807e-27 4.888979532619137471e-28 6.502349716577751071e-01
9.987502515910116063e-01 1.143133582675277324e+02 7.112628139776627734e+01 2.730637399068897508e+01 2.461273212257207854e-01 1.639658955995769187e-27 1.235187870733366546e-27 3.621262916269476498e-28 6.502593644146392737e-01
1.151847812808953542e+00 8.652947990148047097e+01 5.310648387565211692e+01 1.187498972966299249e+01 2.116310184531936811e-01 1.463884487165671486e-27 6.629897726289061331e-28 2.273367478786075434e-28 6.139124954497438003e-01
1.328413566614123908e+00 7.273197760120649491e+01 2.210885795536199083e+01 1.945951431002736953e+01 2.112672226704634670e-01 1.665042481638977647e-27 4.103785229040948239e-28 1.741404654905175084e-28 6.257978222406982427e-01
1.532044931926391351e+00 6.999253357333577696e+01 2.500630093098320827e+01 1.808727661638808115e+01 2.371495074091666544e-01 2.775804509778844472e-27 2.969686910345817467e-28 1.640036383404697459e-28 6.694631778984401205e-01
1.766890772896739126e+00 6.441142928674670998e+01 1.699021145181909986e+01 1.462808040510299534e+01 2.525994542539810594e-01 4.472865625839819077e-27 2.307046903779374661e-28 1.295309212645523047e-28 7.149007802986395710e-01
2.037735929469222107e+00 5.388997680892602204e+01 2.438630262689655126e+01 9.564487928085686264e+00 2.749486707537810437e-01 3.253521651575146530e-27 3.130955425435276192e-28 9.553390986369382922e-29 7.550858578761276974e-01
2.350098705559579226e+00 4.068886253625485239e+01 2.258337541932455395e+01 7.788919910423174997e+00 2.362469581299138366e-01 1.044457846340650634e-27 2.454258377475400708e-28 7.136086917106270107e-29 6.663558529956649101e-01
