# R (Mpc), rho (Msol/kpc^3), errup, errlow, std, pth (Msol/kpc/s^2), errup, errlow, std 
#  nprofs 140, average weighted mh 1998511626883.495361
1.040961082911032697e-02 9.769717519677142845e+05 6.933361969236069126e+05 5.246465551214521984e+05 3.161075231679200681e-01 9.502673814496046141e-25 2.836639453255593093e-25 2.796943740347501740e-25 1.400564318922387086e-01
1.200529105910367808e-02 7.228166558777112514e+05 4.654857463523156475e+05 3.303851538729028543e+05 2.811949849359834941e-01 8.994044455664998796e-25 3.283590176453482850e-25 3.141968954770720476e-25 1.741197918594750982e-01
1.384557172980430476e-02 6.026837546759806573e+05 2.947546127759198425e+05 2.648597711677540210e+05 2.191213284314437737e-01 9.851130797482102305e-25 2.166939345689357830e-25 1.990677492942033700e-25 1.041676721094902947e-01
1.596794743096121086e-02 4.319025838232311071e+05 2.070427251952023362e+05 2.380263229289458250e+05 2.573487473232852207e-01 1.660032898410109953e-24 3.986354089715614854e-25 7.479415837549847928e-25 2.128605871483190970e-01
1.841566026551830909e-02 4.162791600731243379e+05 3.041934503190495889e+05 2.322232513661082776e+05 3.343969556021669232e-01 1.288641877613421692e-24 6.206263137295865083e-25 3.814436329955292349e-25 1.855709708639075028e-01
2.123858088093512342e-02 3.051557840632182779e+05 1.999233114506494894e+05 7.749389181037273374e+04 2.205153151120574917e-01 1.076204082701131884e-24 1.670117351865635074e-25 2.410831795987173694e-25 1.098816093284495504e-01
2.449422455303571639e-02 3.257475116557935253e+05 1.895140177434993093e+05 1.312386652949741983e+05 2.351135759089841570e-01 1.231916321676465085e-24 6.319106315987992054e-25 2.742393538605944271e-25 1.948721395072085250e-01
2.824892302447100725e-02 2.556262262390943652e+05 1.342501644781875948e+05 1.269669278220467095e+05 2.445605066116028070e-01 9.523750656221675043e-25 5.319554855164621799e-27 2.357331153417162953e-25 1.042776698573630867e-01
3.257917597328415654e-02 1.926686413967604749e+05 1.404417382327182568e+05 7.743124952224195295e+04 2.821162360300176197e-01 8.439438918942683587e-25 2.662221008540341428e-25 1.108644493973297255e-25 1.229217981639889878e-01
3.757320964692217186e-02 1.265271935722630005e+05 1.044286602239390777e+05 3.818078609111515834e+04 2.811188290704452752e-01 6.753562668828076108e-25 1.460666256792204777e-25 4.271029990272816777e-26 8.055426716231076090e-02
4.333277441790538143e-02 8.688893340571659792e+04 7.130924612335993152e+04 1.985790048913028295e+04 2.598985370446323384e-01 5.597335789325146785e-25 1.125643975751213638e-25 5.505859512087469443e-26 8.112487856417838206e-02
4.997521788524898756e-02 5.126282830042738351e+04 2.400583858988524298e+04 3.987366103988395480e+03 1.500723754034103963e-01 5.114248225885747477e-25 1.536908418550256062e-25 1.215178908456638929e-25 1.308964661773847349e-01
5.763587575980636674e-02 3.500721338383897091e+04 1.128145221032993140e+04 1.010246933356647060e+04 1.369795359286594127e-01 4.380742252116351657e-25 1.548065375045699517e-25 1.274347197647520104e-25 1.509950767929054971e-01
6.647082924635627776e-02 2.840428079151953716e+04 9.479229963115656574e+03 1.126493266443460743e+04 1.745471654007908768e-01 3.576034016806734693e-25 9.376827962746623678e-26 1.189864319112697923e-25 1.401095109369313307e-01
7.666008510240249207e-02 2.076564080029550314e+04 5.798958075452970661e+03 7.409740249300184587e+03 1.515211862559605049e-01 2.455441506708294658e-25 4.565431191203861858e-26 6.796929254207317850e-26 1.260535162175770996e-01
8.841124316543315376e-02 1.489221048841608535e+04 1.167119934076257778e+03 1.788506305144610451e+03 5.300121174229683457e-02 1.795896337203825912e-25 4.725271186000695014e-26 4.000987172199413729e-26 1.462029048702355172e-01
1.019637260722580097e-01 1.142712529392381839e+04 2.674008707643468369e+03 1.201742488568070257e+03 7.937010852399815908e-02 1.414095187707293628e-25 6.052350553339813732e-26 2.533796952215402533e-26 1.723732450315483278e-01
1.175936573483598035e-01 8.181807872750294337e+03 1.893405755333244997e+03 3.986927199434067006e+02 8.242307141159922745e-02 1.096903560779780116e-25 4.648917468181544236e-26 1.859113727040524022e-26 1.708356460628893958e-01
1.356194872553388164e-01 6.488362134827211776e+03 1.875079987136700765e+03 5.727328021079383689e+02 1.077667164288477197e-01 8.504804211833834113e-26 4.095229537787958562e-26 1.439189805537419341e-26 1.731050209641930571e-01
1.564084810196403053e-01 5.200841063025394760e+03 2.868061667894955917e+03 2.910544990558842073e+02 1.694361284661987654e-01 6.248483288037975015e-26 3.979552459122731302e-26 1.128573554763272784e-26 2.077517984497331271e-01
1.803842016362447453e-01 3.613573672700214047e+03 1.702060729310544502e+03 2.593454972203348916e+02 1.461246694960434966e-01 4.603638245608892509e-26 3.271179044261819178e-26 9.609333306511532538e-27 2.277599211173942928e-01
2.080351397048574025e-01 2.928327933432768987e+03 1.687826365364484900e+03 3.551497966950953469e+02 1.849518210931041517e-01 3.421698735319283525e-26 2.721330899958986261e-26 5.930873829295693345e-27 2.450628664170760862e-01
2.399246661262133540e-01 2.342685575991489713e+03 1.104424882493717178e+03 2.296916619073558650e+02 1.570993428271034720e-01 2.801569738836084246e-26 2.537436297491572854e-26 4.462755201264894647e-27 2.741010925108826046e-01
2.767025104385807399e-01 1.692206678849825721e+03 6.947328483966166459e+02 1.368320215129547250e+02 1.395219790316827579e-01 1.651819527395226227e-26 9.115766104526193132e-27 4.043926977449050120e-27 1.995393233155667856e-01
3.191179986585286343e-01 1.326970419783979196e+03 6.511685776489348427e+02 1.794017107854397182e+02 1.558123628446049513e-01 1.234536007625838308e-26 5.774987675190770273e-27 4.271505621512621538e-27 2.212793274850467784e-01
3.680353203388414540e-01 9.438291999751610319e+02 3.951512762510105858e+02 1.979687393150435355e+02 1.526584519336069423e-01 8.953953085792203009e-27 4.590066039986355650e-27 3.900550322511615548e-27 3.070399850172547129e-01
4.244511359005219142e-01 7.033527797049391665e+02 2.135507508938474075e+02 2.187598130921310258e+02 1.771312143155915897e-01 6.167198417704495482e-27 3.220439163789500935e-27 2.793070445218992999e-27 3.978675799037316718e-01
4.895148829774688681e-01 4.969111382878314771e+02 1.985799455537447784e+02 1.724314239606478054e+02 2.020615035569840734e-01 4.046052124793943808e-27 1.893997028997843687e-27 1.861885764150049831e-27 4.497885685079588414e-01
5.645521955031491679e-01 3.714788825397431538e+02 9.666954557985184238e+01 1.297227918760370358e+02 1.989957095502038198e-01 2.522403604372600494e-27 7.747419860163232548e-28 1.330403897612160185e-27 4.319025155824095519e-01
6.510919126887823039e-01 2.574823928977385208e+02 3.282578191816458002e+01 9.282723103213839977e+01 1.829464886217415376e-01 1.518068677915148368e-27 3.432404636724766307e-28 8.417690468958527878e-28 3.875745208050850876e-01
7.508972281844089602e-01 1.761699593579952818e+02 2.212334248245534241e+01 6.269556268184535952e+01 1.700931274535301407e-01 8.520403807914476516e-28 1.919278172633200748e-28 4.305616537958421825e-28 3.313573563278506273e-01
8.660016140678794550e-01 1.264978360536861004e+02 9.599986330308666993e+00 4.034946298687199828e+01 1.442146532510977519e-01 5.171304089400464275e-28 7.989436272920767364e-29 2.486506772930061347e-28 2.844204684855319298e-01
9.987502515910116063e-01 1.023337468592124537e+02 2.440581987070271452e+01 2.392497292112221885e+01 1.354005962671338825e-01 3.593521624014674071e-28 1.449561042737305992e-28 1.638920738633235996e-28 2.707370652705690106e-01
1.151847812808953542e+00 7.963986449656130162e+01 2.175833940862462157e+01 1.622294445343523250e+01 1.130383967941917672e-01 2.527595270755724342e-28 1.400235414290696596e-28 1.410184447018548169e-28 3.145908250329367828e-01
1.328413566614123908e+00 6.301041611281804222e+01 2.179811875059034776e+01 1.549923822632798931e+01 1.408775769199824557e-01 1.842916163171295431e-28 1.286668364892984416e-28 1.329416413556275855e-28 3.944280887744529007e-01
1.532044931926391351e+00 5.851773512470216332e+01 2.655792193518882982e+01 1.315872075957345544e+01 1.572622546264882959e-01 1.406857242773055112e-28 1.117548837674340605e-28 1.037469814854326892e-28 4.505006585409709330e-01
1.766890772896739126e+00 5.163671283957231850e+01 1.282542096983759450e+01 9.842061897040245810e+00 1.286985062672778013e-01 9.898484261299499252e-29 6.130279348637976932e-29 5.628443908845790733e-29 4.241918279300093131e-01
2.037735929469222107e+00 4.153578055238480715e+01 8.093522920489853334e+00 1.084082379600041435e+01 1.074255059054970429e-01 6.687806143312673138e-29 4.034692779873040261e-29 4.340534154101366888e-29 4.048422228548508306e-01
2.350098705559579226e+00 3.371541090936296570e+01 7.191045285624490191e+00 6.262148709350871201e+00 8.785856614653392294e-02 5.066634365015696663e-29 4.597681746045109836e-29 2.114362672904669429e-29 3.598355220569448010e-01
