# R (Mpc), rho (Msol/kpc^3), errup, errlow, std, pth (Msol/kpc/s^2), errup, errlow, std 
#  nprofs 220, average weighted mh 3290826616348.192383
1.040961082911032697e-02 2.120588490768259217e+05 4.085762971358611248e+05 2.472786606109151908e+05 6.231089377063018242e-01 2.271091842022980611e-23 1.294799785257566286e-24 6.544199048399993188e-25 7.270629316407806186e-01
1.200529105910367808e-02 1.869804977346083615e+05 2.282454773565436772e+05 1.617501925411646371e+05 5.748002666979196151e-01 1.658368175314569080e-23 2.189219730141319152e-24 4.980511099927538224e-25 9.164598712504801181e-01
1.384557172980430476e-02 1.623948705387658265e+05 1.851406972451492620e+05 1.356143169811569387e+05 4.493864094381783691e-01 1.218877477919245596e-23 1.950214676350600012e-24 6.248605359959759621e-25 6.096433045840270459e-01
1.596794743096121086e-02 1.217469425502818049e+05 2.246467140173849184e+05 1.316333078239059541e+05 4.461369297884721363e-01 3.407763445977114836e-24 1.474272500637630010e-24 6.241724427980820702e-25 5.026918434447846806e-01
1.841566026551830909e-02 1.208179068146458885e+05 1.428159762306548073e+05 9.499650682805839460e+04 4.152251370465098734e-01 1.558133471274349932e-24 8.929183356662110209e-25 5.663952596824226702e-25 4.030042327915316913e-01
2.123858088093512342e-02 1.273416447659927799e+05 1.047031528143582545e+05 8.353175287021722761e+04 4.252315415388444597e-01 1.351826915548734415e-24 7.300741037452999083e-25 4.426863675473366929e-25 4.416131783100170627e-01
2.449422455303571639e-02 1.011996945456372487e+05 7.366999586318442016e+04 7.480252084623734117e+04 4.082006115188236972e-01 1.195100839616140053e-24 4.969650339568366664e-25 2.672488380824868124e-25 4.143497978147585026e-01
2.824892302447100725e-02 9.234311425575164321e+04 7.695469946359973983e+04 4.394838054937633569e+04 3.694881349910570378e-01 1.350621894003782210e-24 4.594977643022513507e-25 2.337525615716143317e-25 4.160402720719699188e-01
3.257917597328415654e-02 7.978236593292183534e+04 6.687485508801179822e+04 1.427623608377539495e+04 3.451246511197878508e-01 8.066268870954467642e-25 3.833806825530054305e-25 2.160835922493049378e-25 3.716097203440263397e-01
3.757320964692217186e-02 6.266503432728591724e+04 2.443883947532560705e+04 2.048540938569258287e+04 3.133926844538142964e-01 5.201958908601664671e-25 2.433331768565306158e-25 2.348958831764171260e-25 3.765421365632140027e-01
4.333277441790538143e-02 5.069960131484083831e+04 2.001698928088862158e+04 1.111266083913258262e+04 3.118885245204033319e-01 4.772523789428439592e-25 2.011149475786370067e-25 1.886950074984972243e-25 3.760427105189554364e-01
4.997521788524898756e-02 4.110827952171921788e+04 1.389700600156517612e+04 6.090455606691441062e+03 2.843356883533161295e-01 4.330567119538987097e-25 2.555630565108518441e-25 1.258992451434367988e-25 3.399384591977187564e-01
5.763587575980636674e-02 2.661113578440150377e+04 1.357446064824311907e+04 5.138903672337797616e+03 2.907258071001987965e-01 3.577822115892427145e-25 2.330664288664176213e-25 7.988371352058249175e-26 3.610304579230150246e-01
6.647082924635627776e-02 1.958115475432381936e+04 9.713195596811408905e+03 5.609615845222479038e+03 2.931743349080491723e-01 3.467158374021013205e-25 7.874954302440219962e-26 1.092536589956305215e-25 3.411092848161214608e-01
7.666008510240249207e-02 1.406312978892760293e+04 3.901188812230720941e+03 5.625274349412604352e+03 2.849405972255917296e-01 3.244090992390998546e-25 7.200446354415301227e-26 1.142423085277379009e-25 3.630216161511696238e-01
8.841124316543315376e-02 1.099940666472040903e+04 4.516834340415711267e+03 3.742797353687329633e+03 2.888107230258570857e-01 2.700931788733324242e-25 4.687082230523588089e-26 1.036113066770451416e-25 3.590518404985291179e-01
1.019637260722580097e-01 8.402535463211999740e+03 4.001870500152870591e+03 3.217513430578194857e+03 2.497588544953464329e-01 2.158984319449504946e-25 6.346247933491801532e-26 6.891236831920466439e-26 3.336229207894333415e-01
1.175936573483598035e-01 6.757612663112342489e+03 2.976909887795722170e+03 2.548516179107307835e+03 2.595577102484983301e-01 1.681210155448773166e-25 3.340046044723398928e-26 4.836041830669890832e-26 3.074251377187295353e-01
1.356194872553388164e-01 5.347024738005047766e+03 1.972729857968417491e+03 1.421429931173222940e+03 2.581672031896346531e-01 1.332650798443673282e-25 2.744358666087885221e-26 3.396655477154344015e-26 2.910216255803733110e-01
1.564084810196403053e-01 4.094391295296967201e+03 1.046285517228123354e+03 1.298309279010554292e+03 2.516584663910422792e-01 9.696449904838374347e-26 2.382744564428998584e-26 2.136718302996252790e-26 2.597079634735992570e-01
1.803842016362447453e-01 3.137032237897175492e+03 1.037791299015598270e+03 7.399554994713366796e+02 2.318486818344737410e-01 7.342182941813941756e-26 1.311812285649925968e-26 1.976007015514926119e-26 2.421061387799798570e-01
2.080351397048574025e-01 2.746843586604519260e+03 4.875659370048256278e+02 9.181548447862937792e+02 2.073348331496537300e-01 5.825329307181023066e-26 1.605285538605903009e-26 1.222003925483221695e-26 2.489676477177921454e-01
2.399246661262133540e-01 2.313665428233582134e+03 6.967615158307651200e+02 6.036767558120941430e+02 2.114068101016702561e-01 4.848081019264752770e-26 1.289664612637025391e-26 8.636859385643200538e-27 2.775834930088140751e-01
2.767025104385807399e-01 1.940226842953466530e+03 4.965788528006512479e+02 5.136187236605250064e+02 2.084547492528001089e-01 4.023240414895318940e-26 1.259500215234837357e-26 4.994133943565989573e-27 3.186044268980851024e-01
3.191179986585286343e-01 1.590825469672018471e+03 4.741227672307793455e+02 4.923752539278896165e+02 2.187744232625049023e-01 2.956132461712079282e-26 9.490130342881713653e-27 3.982251817047272692e-27 3.601603095132284160e-01
3.680353203388414540e-01 1.227124820194426775e+03 3.671210446289412630e+02 3.200031085857536368e+02 2.193947989846133928e-01 2.269308914775779798e-26 7.966638416070760278e-27 2.961087370742646630e-27 3.947161854260897162e-01
4.244511359005219142e-01 9.115031970609907148e+02 3.061433793710946816e+02 1.397396964956944885e+02 2.114512527201261871e-01 1.599403999482488147e-26 6.145062168518432655e-27 1.964800772100756202e-27 4.183486437637148336e-01
4.895148829774688681e-01 6.397211291939255489e+02 2.395639106465916370e+02 1.163141270953463788e+02 2.176879837150925423e-01 9.797218836401478397e-27 4.446695272311373663e-27 1.363660501042406564e-27 4.598405347128217691e-01
5.645521955031491679e-01 4.434754540673874885e+02 1.914941427104977265e+02 1.224847156153790024e+02 2.342041933242168805e-01 6.061783814863913913e-27 2.677509515244249978e-27 1.350081444277242109e-27 5.246432952399830985e-01
6.510919126887823039e-01 3.062446193329254243e+02 9.932649896964565528e+01 1.288189620808370250e+02 2.390718508041403678e-01 3.549864177700640796e-27 1.528753482640603552e-27 1.121912574398504512e-27 5.721344601079894066e-01
7.508972281844089602e-01 2.286481347315692290e+02 8.475145531024722345e+01 6.817378766906350052e+01 2.234941175868906948e-01 2.270478344894179964e-27 1.253919843270007174e-27 8.457996488365340559e-28 5.796609618395668351e-01
8.660016140678794550e-01 1.704633433938814164e+02 6.457614062716490366e+01 4.308775445435290408e+01 1.971532773050466703e-01 1.408198486293787809e-27 9.417309034000505775e-28 4.153983496165967908e-28 5.388165861519363942e-01
9.987502515910116063e-01 1.174397889790841845e+02 5.327511200232274291e+01 2.671079630480755895e+01 1.649442328791472789e-01 8.035931321416206823e-28 3.362622213788305122e-28 3.199955494681990293e-28 5.040499875321423628e-01
1.151847812808953542e+00 9.434442964208157889e+01 3.784569221887076651e+01 2.128247189451241894e+01 1.784870367229253740e-01 5.642000910500260125e-28 2.072067294349603068e-28 2.251054352553376879e-28 5.491602987254441404e-01
1.328413566614123908e+00 7.911600377136008433e+01 3.546768765667103196e+01 2.228934222202549620e+01 2.165748280683260640e-01 5.174782822299840730e-28 2.181910610398645286e-28 8.167910283358982253e-29 6.064459097427532530e-01
1.532044931926391351e+00 6.679330857321296833e+01 2.712341028411854182e+01 5.114976181776128783e+00 2.290436598949138480e-01 5.232529800764524147e-28 8.968240909200950184e-29 4.621002569784482773e-29 6.484564524030151933e-01
1.766890772896739126e+00 5.382502965069098622e+01 1.389566965102445550e+01 9.214655581788150585e+00 2.823718369034594056e-01 7.052672887167723630e-28 1.016049291936668077e-28 3.916303907964763385e-29 7.592327924694091124e-01
2.037735929469222107e+00 4.237016212999552067e+01 2.782019793539073760e+01 6.636018191405749889e+00 2.932803200314205161e-01 4.001870288456442505e-28 2.583313394135869994e-28 2.411489666898176663e-29 8.130572465081558065e-01
2.350098705559579226e+00 3.336879381615756301e+01 1.369185250790576092e+01 8.456456094096743925e+00 2.231554021763572093e-01 1.302475951467442354e-28 1.339841061812530886e-28 2.179141226569709190e-29 7.166731909931940425e-01
