# R (Mpc), rho (Msol/kpc^3), errup, errlow, std, pth (Msol/kpc/s^2), errup, errlow, std 
#  nprofs 61, average weighted mh 371910040614.542725
6.384041294330565800e-04 4.261540013181341439e+07 1.084852943963501751e+08 7.625472037728491239e+06 5.449788624546004767e-01 1.106824847219889455e-22 3.408540672650973017e-22 6.577301370638889298e-24 9.017336752844611336e-01
1.109419225205789290e-03 8.232657984828051180e+06 1.068021250388334133e+07 1.530933621509921737e+06 4.984150220667813436e-01 1.472114172945918495e-23 2.026272185130585954e-23 1.205293625558602236e-24 7.630307709771330105e-01
1.927949648993110754e-03 3.389490853437836282e+06 3.994466329977237619e+06 1.438441084621597081e+06 4.973596778058972934e-01 4.082957998729062658e-24 5.035507354709560806e-24 8.876743290704132971e-25 7.236534566996331019e-01
3.350392497807294732e-03 1.317771491365449736e+06 1.599588643915664172e+06 4.202625714712391491e+05 4.488641653764799400e-01 1.233736322740446949e-24 1.438236376676724379e-24 3.275883534270741608e-25 6.757323710052030030e-01
5.822314859325205920e-03 5.546369448297275230e+05 3.437402636314687552e+05 1.265117027205005870e+05 2.501045007686122923e-01 3.683856084103234193e-25 4.223230554401885073e-25 7.428711256913343129e-26 4.312213608861792946e-01
1.011802358777515003e-02 2.001649303467124410e+05 1.355823578714184987e+05 5.587094466100446880e+04 2.064904336090357950e-01 1.399907286582199071e-25 2.366876322851689789e-25 3.585632559765800217e-26 4.055762660755051208e-01
1.758310977614137294e-02 5.262423923273311811e+04 4.146322861709306017e+04 1.681278769038452447e+04 2.011330674284022568e-01 9.297235168999298616e-26 1.202017015982738930e-25 2.500962957438943175e-26 3.769912714761168848e-01
3.055594274096973609e-02 1.497647737568792763e+04 7.755287468300375622e+03 4.099648924045728563e+03 1.747134406323612443e-01 8.644075690828202960e-26 7.074967362047427245e-26 2.147108204476207688e-26 2.708763425722137130e-01
5.310014261847564171e-02 6.304754694488954556e+03 3.086958083261499269e+03 1.349939435788961418e+03 1.706483160245686470e-01 6.970857343657123012e-26 7.974999182440644219e-26 2.247151887388413163e-26 3.125963052996690306e-01
9.227747184909704248e-02 2.694364539467130726e+03 1.116469147931116822e+03 7.076185210461580937e+02 1.626420862218182495e-01 3.091249631328723969e-26 5.014763596914434446e-26 7.116875581146637391e-27 3.789707604461740598e-01
1.603598670542578930e-01 9.567146025752333571e+02 5.378517864148153649e+02 2.063912813611198089e+02 1.707785346633721169e-01 7.389609168061132984e-27 9.976332198487486583e-27 2.022225822115705256e-27 3.727245510834767961e-01
2.786735098650292008e-01 2.708961078394737001e+02 6.118663076789488287e+01 1.012233351305058591e+02 1.606292742594392919e-01 1.071599875489892959e-27 8.606531198913942920e-28 4.399100447198297947e-28 3.581554104480575429e-01
4.842790563939447512e-01 9.691086612888909713e+01 3.109665061443411105e+01 3.198995642794173477e+01 1.441284508289346067e-01 1.432063578802501007e-28 1.583673875599152568e-28 6.914033512950030066e-29 3.643032116003460108e-01
8.415805455473629459e-01 5.664337826316221935e+01 1.766039401070189285e+01 1.808770965380185203e+01 1.473108320210522182e-01 8.147113414458251149e-29 7.621172355956710330e-29 3.027221798212728768e-29 3.926168914984122793e-01
1.462499369511558234e+00 3.898722512323354294e+01 1.155278220666865963e+01 7.155006733204999136e+00 1.404538506281971522e-01 4.134819780152448493e-29 3.591402731260145247e-29 1.346809128608385928e-29 3.848783842883037321e-01
2.541532616382623733e+00 3.065632253531376250e+01 1.595040061454729141e+01 4.249323039643108757e+00 1.232456239344911081e-01 2.691896648461848178e-29 3.286545330122723260e-29 6.530223758626890119e-30 3.390115630587494100e-01
