# R (Mpc), rho (Msol/kpc^3), errup, errlow, std, pth (Msol/kpc/s^2), errup, errlow, std 
#  nprofs 449, average weighted mh 4264029896148.156738
1.040961082911032697e-02 3.514765437229240779e+05 6.525088199617760256e+05 3.497217056504079374e+05 4.573221087168322652e-01 3.747676965712493411e-24 9.619386850331432998e-25 3.860637426902249653e-25 4.448374584865247283e-01
1.200529105910367808e-02 2.747338910044995137e+05 4.468238903557651793e+05 3.418373282380640740e+05 4.998857506081860191e-01 2.477980451877911491e-24 1.050416864001836661e-24 3.246042137784260590e-25 4.095709852648570237e-01
1.384557172980430476e-02 2.274943327592572314e+05 2.359499325886636507e+05 2.861023037577315699e+05 4.893808266713993715e-01 2.513776355286740868e-24 1.020794416113640448e-24 3.868807311159415294e-25 3.709978739805678827e-01
1.596794743096121086e-02 2.326989457251997374e+05 2.623480594297895441e+05 1.416597740804421192e+05 4.535839924497018227e-01 2.166500276704866229e-24 7.197504135717476028e-25 3.301739232804411893e-25 3.127632855254720567e-01
1.841566026551830909e-02 1.603347223078006937e+05 2.296027373219038709e+05 8.865166009059560020e+04 4.488063338330047225e-01 2.824804032689255457e-24 6.991458181670154103e-25 4.249256624275099657e-25 3.269602523900577151e-01
2.123858088093512342e-02 1.253198855959905341e+05 1.182394232326724159e+05 5.909741009276867408e+04 4.181881301606070744e-01 2.860677464441574873e-24 3.424501393029108321e-25 3.459038035186970783e-25 3.297552689695056327e-01
2.449422455303571639e-02 9.625847446946120181e+04 1.582184258087521011e+05 4.493846758185932413e+04 3.939479754853744686e-01 1.838536330936041809e-24 4.932865195178515970e-25 3.247774240497506782e-25 3.014843370271211298e-01
2.824892302447100725e-02 6.679109783184989647e+04 5.438086499591710162e+04 2.613688379966219509e+04 3.449743596579992744e-01 1.007685185257721976e-24 4.523709280810006588e-25 2.080588070711573988e-25 2.420371972806448502e-01
3.257917597328415654e-02 5.660395317141342821e+04 2.984539472661512264e+04 2.885081869388777341e+04 3.392605346430325741e-01 8.150902249520937140e-25 3.414553958214533366e-25 2.506397979105849890e-25 2.569917165552770277e-01
3.757320964692217186e-02 4.513475215763045708e+04 3.286612182621264219e+04 1.983332993462808372e+04 3.401167233428755154e-01 7.472129697169030412e-25 2.709806805439498029e-25 1.984513837801759155e-25 2.674029920097776847e-01
4.333277441790538143e-02 3.805744919323542126e+04 2.058849913658823789e+04 1.627517219554071562e+04 3.076702517975765661e-01 6.302902274799847368e-25 2.306746042504076876e-25 1.645520120048120045e-25 2.458708517100270663e-01
4.997521788524898756e-02 2.930283127887462979e+04 1.517160774916603623e+04 9.623888603519249955e+03 2.815970649615403554e-01 5.677278220915421110e-25 2.282029752707879890e-25 1.509445495912333518e-25 2.557329416858284410e-01
5.763587575980636674e-02 2.345686926383738319e+04 8.501287280975273461e+03 5.874691611010332053e+03 2.694067322054321534e-01 4.933410943762726948e-25 1.905857368387865711e-25 1.477918643487492725e-25 2.690828048072618772e-01
6.647082924635627776e-02 1.602691524735736493e+04 8.076436492693806940e+03 4.607499517847929383e+03 2.679156954053020234e-01 4.287472689618643217e-25 1.645972169003787305e-25 1.162622164421690297e-25 2.662266619320220462e-01
7.666008510240249207e-02 1.341542175104464513e+04 5.559761368111423508e+03 4.034742744509190743e+03 2.675411679728110781e-01 3.789556900830377339e-25 1.735556893893472321e-25 1.019779478414509293e-25 2.788496761311322625e-01
8.841124316543315376e-02 1.163512344067611230e+04 3.753043808862526930e+03 3.075852823914932742e+03 2.556461875070105139e-01 3.287600474504216380e-25 1.462033623596664354e-25 8.357901435223408470e-26 2.673610660680850737e-01
1.019637260722580097e-01 8.510580583742495946e+03 3.356743599761548467e+03 2.603578086451341733e+03 2.557530414568605082e-01 2.697904506329750755e-25 1.195179437674147709e-25 7.215867043227770274e-26 2.854364472887700455e-01
1.175936573483598035e-01 6.482632234530747155e+03 2.458547681683267001e+03 1.782617279224152298e+03 2.489658235441656875e-01 2.106521377974123871e-25 7.341671953019360361e-26 5.296288201250712219e-26 2.976328650163960199e-01
1.356194872553388164e-01 5.733356613959947936e+03 2.019958558385823380e+03 1.522875383144369152e+03 2.399148821091809380e-01 1.766888220547345484e-25 6.046055680482387391e-26 3.683302115645703844e-26 2.962635118992790195e-01
1.564084810196403053e-01 4.736313598446149626e+03 1.431443544004456271e+03 1.556732607567324976e+03 2.360603214848679965e-01 1.456986699822632746e-25 3.885909157527363964e-26 3.273095884899321846e-26 2.988470509918724760e-01
1.803842016362447453e-01 3.999526340501927280e+03 1.102311205396699734e+03 1.493491354155132285e+03 2.214720372453782005e-01 1.130442314719823387e-25 3.205893281469376969e-26 2.225851783168623903e-26 3.074502655515799487e-01
2.080351397048574025e-01 3.085213506281524133e+03 8.938083702511335105e+02 1.091948559894748087e+03 2.077646858410297503e-01 8.374857537341567557e-26 3.168679065886784648e-26 1.319402900681665368e-26 3.222158836940156590e-01
2.399246661262133540e-01 2.355959113722514303e+03 7.789605783024246648e+02 5.936151107588190143e+02 1.955839042007764539e-01 6.266219161800713737e-26 3.174464100649125971e-26 5.471394755131136193e-27 3.394447247367078369e-01
2.767025104385807399e-01 1.849548467268099330e+03 7.414751237679085989e+02 3.044137582694892217e+02 2.000719447254195316e-01 4.405923433063809488e-26 2.542165964563756006e-26 3.342585262013762546e-27 3.636447424882952029e-01
3.191179986585286343e-01 1.402067062639476262e+03 5.429500288434044251e+02 2.146181581521162798e+02 2.054168034416758715e-01 3.013824645425194105e-26 1.505009858501931651e-26 3.430192604499110175e-27 3.964853780193123844e-01
3.680353203388414540e-01 9.634159420847187221e+02 5.140878746045680145e+02 1.575344942896186353e+02 2.146292960479180001e-01 1.903898618518508941e-26 8.777211829000593215e-27 2.423611774844927023e-27 4.242982411756897609e-01
4.244511359005219142e-01 6.847079355806754393e+02 3.416853176454308141e+02 1.460040821986542028e+02 2.264835019799673610e-01 1.163753740979334198e-26 7.257286144501984100e-27 2.490472283891335539e-27 4.554838035105835403e-01
4.895148829774688681e-01 4.405716159272438404e+02 1.799284022595679176e+02 1.417688104106289302e+02 2.386547132854103248e-01 6.767900237074427629e-27 4.400658283441448470e-27 1.937281899408153105e-27 4.919469289349804875e-01
5.645521955031491679e-01 3.174566913261215291e+02 1.836354379996704438e+02 9.251142085525415837e+01 2.499454990441173086e-01 4.323441744942054997e-27 3.971655030993754684e-27 1.244908661881190947e-27 5.356127720608625520e-01
6.510919126887823039e-01 2.343136596331758312e+02 1.761737125744826926e+02 6.246301098994527479e+01 2.663584831882300774e-01 2.787625655056388727e-27 2.393178249409987283e-27 7.327850814592767708e-28 5.750717821040386424e-01
7.508972281844089602e-01 1.805668333590817838e+02 1.159852384579946118e+02 5.625131227298916770e+01 2.549883048630952609e-01 1.862110387312630159e-27 1.851901803527916083e-27 4.669685273470550548e-28 5.926255099613604305e-01
8.660016140678794550e-01 1.333695252791259804e+02 8.692171523961596336e+01 3.890007045581141654e+01 2.387906237809689913e-01 1.217526020280119992e-27 1.264093824083387411e-27 3.018653430796720618e-28 5.946123984200434309e-01
9.987502515910116063e-01 9.380090383084137784e+01 6.351575087876497605e+01 3.420742007014888486e+01 2.289074505835581030e-01 7.103435190879866350e-28 6.420887626095652790e-28 2.565534858166559275e-28 5.683128651535429565e-01
1.151847812808953542e+00 8.029365367649324980e+01 4.247676061293790184e+01 2.331014036998169559e+01 2.164360409271796903e-01 5.204981544954025098e-28 4.581997056017145133e-28 2.203234901881226479e-28 5.531253667389419704e-01
1.328413566614123908e+00 5.640058982855505576e+01 2.751909224661741860e+01 2.233805026347734923e+01 1.945313256736861118e-01 2.958471754226517055e-28 3.070024758497663268e-28 1.419297107079288647e-28 5.310231797290675404e-01
1.532044931926391351e+00 5.128175941093331858e+01 2.380932233126182496e+01 1.119521914925515205e+01 1.679320262314154821e-01 2.074658333631163812e-28 1.729688359859220940e-28 6.751561492527476760e-29 4.703294553470114825e-01
1.766890772896739126e+00 4.292397450785257007e+01 1.525238981524684334e+01 9.825272690661847719e+00 1.588160232267012695e-01 1.313062033241255004e-28 1.512328027051182792e-28 6.222055042171637551e-29 4.913247213230964583e-01
2.037735929469222107e+00 3.789647983989281244e+01 2.080956141468038112e+01 1.106504114551455942e+01 1.874640157575425126e-01 1.403547961162619619e-28 2.429078753809888923e-28 3.485296861155882565e-29 6.204196563053631097e-01
2.350098705559579226e+00 3.217255908147115662e+01 1.830858782832325815e+01 9.604703808605421500e+00 2.285191012447062020e-01 1.713491607078436774e-28 1.828770862655419182e-28 4.342625698079952669e-29 7.093018509627372348e-01
