# R (Mpc), rho (Msol/kpc^3), errup, errlow, std, pth (Msol/kpc/s^2), errup, errlow, std 
#  nprofs 461, average weighted mh 5499021891286.673828
1.040961082911032697e-02 4.917606848290997441e+05 7.047562872454235330e+05 4.521219899735158542e+05 7.068378877465855137e-01 3.737545445319058615e-24 1.541614826764913775e-24 3.871583944627936563e-25 5.176790054573685573e-01
1.200529105910367808e-02 3.728198582640571403e+05 4.809375091445443686e+05 3.903118143315968337e+05 6.243162417499688033e-01 2.827418620743920844e-24 1.410499287384992141e-24 6.310832108387176828e-25 4.453238063706193572e-01
1.384557172980430476e-02 2.821912041479528416e+05 3.788398320187439676e+05 3.319369780703107826e+05 6.471410661382245300e-01 2.662557055366654811e-24 1.102996620132716082e-24 5.440615836204911472e-25 4.757304325789631361e-01
1.596794743096121086e-02 1.999326045321700803e+05 2.497202618275714922e+05 2.402925886684759753e+05 6.234151573002153501e-01 1.708260391417294453e-24 1.076456765267890779e-24 4.667813186634406317e-25 4.290222141175769055e-01
1.841566026551830909e-02 1.456962461998747895e+05 1.711137146167477476e+05 1.806047050514913280e+05 6.274049028233990022e-01 1.828717657816646735e-24 9.755696267631789930e-25 6.797556493075683704e-25 4.808224487794423574e-01
2.123858088093512342e-02 1.028487444065816962e+05 1.285685831711657520e+05 9.527333099842458614e+04 5.106073281362224492e-01 1.786846423286158547e-24 9.422998645495310081e-25 4.855618500733578371e-25 4.359293463804139179e-01
2.449422455303571639e-02 7.613921613635067479e+04 8.028821112407118198e+04 6.147157494228679570e+04 4.745036711977165256e-01 1.854838671645875410e-24 8.999194685943812171e-25 3.547588983282819110e-25 4.373183435408518061e-01
2.824892302447100725e-02 5.174692971877331001e+04 7.273543112134930561e+04 3.674504241880390327e+04 4.325900369462634676e-01 1.490311817648517671e-24 9.054674294861417144e-25 3.837430020807887399e-25 4.952635305705306856e-01
3.257917597328415654e-02 3.829500821503951738e+04 4.569812966025584319e+04 2.282737797134347784e+04 4.057322435186071496e-01 1.310266899202703256e-24 6.634600064260782136e-25 3.032908830591054292e-25 4.559748391661326283e-01
3.757320964692217186e-02 3.299634866108602728e+04 3.487495900416780933e+04 1.635507762195805117e+04 3.910563262508708338e-01 1.188787037147810152e-24 6.154118323181591130e-25 3.145871497513154632e-25 4.256516718497127538e-01
4.333277441790538143e-02 2.886335334081546534e+04 2.617321426414737289e+04 1.327734242073711721e+04 4.000010707016887213e-01 1.141123745849270848e-24 4.584096031371752803e-25 3.055778659286295185e-25 4.608532903558898997e-01
4.997521788524898756e-02 2.498139506954062017e+04 2.467072261256470665e+04 1.138224954515885111e+04 4.140158290903548366e-01 1.029047083451221831e-24 4.159755767705889702e-25 2.148003886837011893e-25 4.568354899513176193e-01
5.763587575980636674e-02 2.108822795522727756e+04 1.479644333685635320e+04 9.860361288514941407e+03 4.004114793621978419e-01 9.547682464598843572e-25 3.620863012867198996e-25 2.008169744645313154e-25 4.666363504136294971e-01
6.647082924635627776e-02 1.673699498050343027e+04 8.554650867737349472e+03 8.714661246177201974e+03 3.707131895018412338e-01 7.548481932545578993e-25 3.327430244456662510e-25 1.712775428839753245e-25 4.465617141053166428e-01
7.666008510240249207e-02 1.310501300124250156e+04 6.912979404833826266e+03 6.411396457773620568e+03 3.475354622219500311e-01 5.852941024330377140e-25 2.804750497006506317e-25 1.266800519759066305e-25 4.347715997232316498e-01
8.841124316543315376e-02 1.113182832374152713e+04 7.610733011305148466e+03 5.917811144603700086e+03 3.660988151170103122e-01 4.665634032870299324e-25 2.249030862691759821e-25 7.798881923845043843e-26 4.167035453179467330e-01
1.019637260722580097e-01 9.520172945371976311e+03 4.407703455159409714e+03 4.906282310720171154e+03 3.690864187283987574e-01 3.915516398013145852e-25 1.855981792592715335e-25 6.429672942922532142e-26 4.132581443721807246e-01
1.175936573483598035e-01 7.431194729362025100e+03 3.085821255841424318e+03 3.605096537836687276e+03 3.607945738105072242e-01 3.268608108765879605e-25 1.291288882614489704e-25 4.847613561731176516e-26 4.110319364613126969e-01
1.356194872553388164e-01 6.057109868460675898e+03 3.085654243695589685e+03 2.989790614056038976e+03 3.427718438864227335e-01 2.555692257812397775e-25 8.835512897396755503e-26 4.035242357859823507e-26 3.930555837536552355e-01
1.564084810196403053e-01 4.793182345063946741e+03 2.741528943925874501e+03 2.291994437147091048e+03 3.258683985490337665e-01 1.907241020983200198e-25 7.652193733171728646e-26 2.487843498694585707e-26 3.775023660226246580e-01
1.803842016362447453e-01 3.948021644036170528e+03 2.434402470384708522e+03 1.321831885692253991e+03 3.077781765565708039e-01 1.413459857772361433e-25 6.836685633831461402e-26 1.981845002104053831e-26 3.773413382215773382e-01
2.080351397048574025e-01 3.151341629372262105e+03 1.564326241672944889e+03 1.076976366038929427e+03 2.923158223032560343e-01 9.946325854056064182e-26 5.199111404291977596e-26 1.425021014313281338e-26 3.833226743379116730e-01
2.399246661262133540e-01 2.419825684409770020e+03 1.310460112846853917e+03 5.501170585931787400e+02 2.728492981539997753e-01 7.280904022668006838e-26 3.718906249391372248e-26 1.326597826224780836e-26 4.036582158137326237e-01
2.767025104385807399e-01 1.842536444364981890e+03 7.301579507949029448e+02 3.739825410709836433e+02 2.622283660577343078e-01 5.179742692890702740e-26 2.819469734814131950e-26 1.121621105027861943e-26 4.227434997302522701e-01
3.191179986585286343e-01 1.262176013567287100e+03 5.882139960549559419e+02 2.927546728422433375e+02 2.455474646751439338e-01 3.256512681915859402e-26 1.968700047213080606e-26 5.703591693466257336e-27 4.208574738933197890e-01
3.680353203388414540e-01 8.546646228546303519e+02 2.984791838912892672e+02 2.273720895089554688e+02 2.244242766965043046e-01 2.030693285554514767e-26 8.708732733643583280e-27 3.830319767657765590e-27 4.254887955385208143e-01
4.244511359005219142e-01 6.194595993436491881e+02 2.774834813666169566e+02 1.765173143632029849e+02 2.262065964233016813e-01 1.297688932668976483e-26 7.024891927035134486e-27 2.509631180935375468e-27 4.449458378955957194e-01
4.895148829774688681e-01 4.456225901891856438e+02 1.980077989233843709e+02 1.162075429225377263e+02 2.349981955524721999e-01 8.242194106428733748e-27 4.516299932856811736e-27 1.656051216771303379e-27 4.830201228248931500e-01
5.645521955031491679e-01 3.233051214203321706e+02 1.438904590847151894e+02 7.571336470876391900e+01 2.265737017562545474e-01 5.098045064481448694e-27 3.154985129584466717e-27 1.193101340898068801e-27 4.964569470870556223e-01
6.510919126887823039e-01 2.312991681485978575e+02 1.094253490707421292e+02 6.512792077914237154e+01 2.345384749856921358e-01 3.268821112164469647e-27 2.042120633409714614e-27 9.258886555314023930e-28 5.277075466874981968e-01
7.508972281844089602e-01 1.828858285445085983e+02 1.292982240275710808e+02 3.703297779029497860e+01 2.590208174763252158e-01 2.368346941200399805e-27 1.848257290708209450e-27 5.940254821442515426e-28 5.954725140454845134e-01
8.660016140678794550e-01 1.433421431954078287e+02 8.579916539678634990e+01 4.580071441884232541e+01 2.693037013820817616e-01 1.819861060582430300e-27 1.606159927030783448e-27 4.691014956644623195e-28 6.451556576375794272e-01
9.987502515910116063e-01 1.161831843756204847e+02 7.285388106315801338e+01 3.234612606183435446e+01 2.468034092973406257e-01 1.351359023976946729e-27 1.424218295614595399e-27 2.912523173350132450e-28 6.441876261340976351e-01
1.151847812808953542e+00 8.576543074685940837e+01 4.558843723303266415e+01 2.166430020264470357e+01 2.135419657210214373e-01 9.016564731488878298e-28 7.218308206771404887e-28 2.119968491973049970e-28 6.102378190617785414e-01
1.328413566614123908e+00 6.814260201630933977e+01 2.133682663648339428e+01 2.065435495293590051e+01 2.009177385095221313e-01 7.559936914495487637e-28 3.501553876946319813e-28 1.632635793959298600e-28 5.966077633064945651e-01
1.532044931926391351e+00 6.059974718379177716e+01 2.984300844761261828e+01 1.703101755310769505e+01 2.197999082531295334e-01 9.711015357203771883e-28 3.904399070223476372e-28 1.380906277609148986e-28 6.408488204936934052e-01
1.766890772896739126e+00 5.467232486242682654e+01 1.719366885045354820e+01 1.377330378138666944e+01 2.342369703330675623e-01 1.722859239297645421e-27 2.162282371085733390e-28 1.162406952075647852e-28 6.894384328511445892e-01
2.037735929469222107e+00 5.342913485093842496e+01 2.594839071429455402e+01 1.051789972137535045e+01 2.776516012873647687e-01 3.260260088624741685e-27 3.124764757200258358e-28 8.539219957782477251e-29 7.786157807358824456e-01
2.350098705559579226e+00 4.540008257103293943e+01 2.466048983334134448e+01 7.685691223488255730e+00 2.563312672075048759e-01 2.475015234467174402e-27 2.867161114182667321e-28 9.780945389561880865e-29 7.423286585186420483e-01
