# R (Mpc), rho (Msol/kpc^3), errup, errlow, std, pth (Msol/kpc/s^2), errup, errlow, std 
#  nprofs 456, average weighted mh 5546093105258.758789
1.040961082911032697e-02 4.479585911523056566e+05 5.889091187920200173e+05 4.804616149715021020e+05 6.474969187077992405e-01 2.992315412083231172e-24 2.151477391372463794e-24 4.869138050133168811e-25 5.388529163648901887e-01
1.200529105910367808e-02 3.508268186807158636e+05 3.127354688519714400e+05 5.295557052315433975e+05 6.259532491546033750e-01 2.423687133195233795e-24 1.514548707925532872e-24 3.856110364574288180e-25 5.607455970120697186e-01
1.384557172980430476e-02 2.808817255855932017e+05 3.826588599797305069e+05 2.674150074105774984e+05 5.508564364204530106e-01 3.312190353518380688e-24 1.349397257828211190e-24 6.473080116507237459e-25 5.250483422686420543e-01
1.596794743096121086e-02 2.328349086103307782e+05 2.624623376382591669e+05 1.655637051918409707e+05 5.089543685673065809e-01 2.541820475513896103e-24 1.120035347606761690e-24 5.357520662208728268e-25 5.082419897479860671e-01
1.841566026551830909e-02 1.806719841974620940e+05 2.139923705270765640e+05 9.268738525946409209e+04 4.270524277773619648e-01 1.892285372349376288e-24 1.413072754740645151e-24 3.885398688574460877e-25 5.099471631278780226e-01
2.123858088093512342e-02 1.286533498464347795e+05 1.525788905230077216e+05 7.574604493780160556e+04 4.107312037998386844e-01 1.527227768088791129e-24 8.651264477306547484e-25 2.974303486534641696e-25 4.244932003713454138e-01
2.449422455303571639e-02 9.034315040530987608e+04 8.647330646179546602e+04 4.478976995784764586e+04 3.767683138281980870e-01 1.363195569304137162e-24 9.385796476605546508e-25 4.081795496930792953e-25 4.202425149909835289e-01
2.824892302447100725e-02 6.772704294572341314e+04 6.837077805439633084e+04 2.362692217224968408e+04 3.180749024887097876e-01 1.367838546997467671e-24 8.543429354901073678e-25 4.439652182755729886e-25 4.316693250170864915e-01
3.257917597328415654e-02 5.034039392699504970e+04 3.441607504752172099e+04 2.031928331618564334e+04 2.817021454156800608e-01 1.288442547953446035e-24 8.627521978963924008e-25 3.246508572425989421e-25 3.762448808835480718e-01
3.757320964692217186e-02 3.817442424707446480e+04 2.519174731010148389e+04 1.649786594077129485e+04 2.684626900480894807e-01 1.137945655445893027e-24 4.838862633570479285e-25 2.545099322900249341e-25 3.827468297336068526e-01
4.333277441790538143e-02 3.058011896017158870e+04 2.608084538755727044e+04 1.316156172843744935e+04 2.938682248468946212e-01 9.836357112967344506e-25 4.404897372615975550e-25 2.935255527772202342e-25 3.890193941782399412e-01
4.997521788524898756e-02 2.396000909369418878e+04 1.986687128125380332e+04 1.202777783486760200e+04 3.130271369758469979e-01 8.724868278842043238e-25 4.912596273901932479e-25 2.559477033775420398e-25 3.800267118362387064e-01
5.763587575980636674e-02 2.000789136162467548e+04 1.368044199287347874e+04 1.022536119683512698e+04 3.104777142439109072e-01 6.867420618503493861e-25 3.356153324507284255e-25 1.958626793637951245e-25 3.610460057892946883e-01
6.647082924635627776e-02 1.679963343914549841e+04 8.561103590298655035e+03 7.959432910957531021e+03 3.098410057769973580e-01 6.031241868202480388e-25 3.422932740755714366e-25 1.338861529329508360e-25 3.622435175213105651e-01
7.666008510240249207e-02 1.303536910289087064e+04 5.597639604275735110e+03 7.722189388807524665e+03 3.232939574134292560e-01 5.042152745365267762e-25 2.051229813192817561e-25 1.391870301326683885e-25 3.664879787312196879e-01
8.841124316543315376e-02 1.106646204937268703e+04 5.939516940057475949e+03 5.550261354461166775e+03 3.133205636857863130e-01 4.283894513559753730e-25 1.509606513679476809e-25 1.100003826241290348e-25 3.575654764189574730e-01
1.019637260722580097e-01 9.255099541842728286e+03 4.510566845695346274e+03 4.766732930571897668e+03 3.086430387651052376e-01 3.627160560781400939e-25 1.382327619758820424e-25 7.812902820191228381e-26 3.487450911265295717e-01
1.175936573483598035e-01 7.434891965262308076e+03 2.835595927783487241e+03 3.392171558491966152e+03 2.926759620263963968e-01 3.197272022649675549e-25 1.153368747241930706e-25 6.060450119690974719e-26 3.635012086002689657e-01
1.356194872553388164e-01 6.357723677070429403e+03 2.452777998416296214e+03 2.769500877972357102e+03 2.863567585550499395e-01 2.675478617681913674e-25 9.803109450677001761e-26 4.018757074450602657e-26 3.652105684437527700e-01
1.564084810196403053e-01 5.459491580391528259e+03 2.200628019389494057e+03 2.246518210229801298e+03 2.840237655795768701e-01 2.095573455633985495e-25 1.073908844660605448e-25 2.895805092321098373e-26 3.691235993893625111e-01
1.803842016362447453e-01 4.358609434245471675e+03 2.161904644003221620e+03 1.346942479232457572e+03 2.722794500456733879e-01 1.543759282837110631e-25 7.085579938242436059e-26 1.803854499067400620e-26 3.682409682550580321e-01
2.080351397048574025e-01 3.475548802923837684e+03 1.638334091480086499e+03 9.649135284912670159e+02 2.516662304447214726e-01 1.102482326034004228e-25 4.154290807303465553e-26 1.342967301775778877e-26 3.655132728842470646e-01
2.399246661262133540e-01 2.892899215240299782e+03 1.100297634694482895e+03 6.041321127594731024e+02 2.431917506524636508e-01 8.658521638411169476e-26 2.889813420064258273e-26 1.083171071688541893e-26 3.832575541991239954e-01
2.767025104385807399e-01 2.055234819123218585e+03 7.234681273913124642e+02 3.675326344468824118e+02 2.170526970390252164e-01 6.295940648094051130e-26 1.969380581506870858e-26 8.693925988528186657e-27 4.133050537968478988e-01
3.191179986585286343e-01 1.449349693924485337e+03 6.094056219046370870e+02 2.285048046602123577e+02 2.178779013749209126e-01 4.070606949664003930e-26 1.478700915467382359e-26 5.486925364529677204e-27 4.432292540182792284e-01
3.680353203388414540e-01 1.000634407379030563e+03 3.042921122857384262e+02 2.204878700022036355e+02 2.188464293267816385e-01 2.591972330775669262e-26 1.177034900211820251e-26 3.564029597286502453e-27 4.611461182729791330e-01
4.244511359005219142e-01 7.075242977770570860e+02 3.914175046917820850e+02 1.231735435695656520e+02 2.302128590767293648e-01 1.570624181580894132e-26 5.893918825869632551e-27 2.965958692632075051e-27 4.752333772786399013e-01
4.895148829774688681e-01 4.866325877907113977e+02 2.248324538000310326e+02 1.205048117593366044e+02 2.375225414222147946e-01 8.729856553958908656e-27 4.021253674720499344e-27 1.641923936946191602e-27 4.846229278394195705e-01
5.645521955031491679e-01 3.401454455216410793e+02 1.501548559455530096e+02 8.955809373571182164e+01 2.290708986307293804e-01 5.048559145648438509e-27 2.934531962484584119e-27 1.049767378661334057e-27 4.939966765642433422e-01
6.510919126887823039e-01 2.396179211038799508e+02 9.558862713335932426e+01 7.837179381200161288e+01 2.344945773173349179e-01 3.036879412380791667e-27 1.925649550647734269e-27 9.044178598050878889e-28 5.240515024367272678e-01
7.508972281844089602e-01 1.845994650602690683e+02 1.116238197373511980e+02 4.707975279761153331e+01 2.431624143404577942e-01 2.076912505693991570e-27 1.982216747021722997e-27 5.942438572105211162e-28 5.741012397495692809e-01
8.660016140678794550e-01 1.362624945684521549e+02 7.236932799163234620e+01 4.855727318200614917e+01 2.516805999891931211e-01 1.530863226084349997e-27 1.123142738823780290e-27 5.171348071467471822e-28 6.175572163750583377e-01
9.987502515910116063e-01 1.160893130305994703e+02 7.524018534218244270e+01 3.474277309228942556e+01 2.471079944403390682e-01 1.431848461502089580e-27 8.444094675003294388e-28 3.198117429933548577e-28 6.430728122476513375e-01
1.151847812808953542e+00 8.859280853395115685e+01 5.051950522714808756e+01 2.078090474668021415e+01 2.212896746012050497e-01 1.368214861678289892e-27 4.905872949299272572e-28 2.041868120869957914e-28 6.243706974850772307e-01
1.328413566614123908e+00 7.493995740125660632e+01 1.900966957926482337e+01 2.135919210804761548e+01 2.186410114100461322e-01 1.625589815007744766e-27 3.129949228672249704e-28 1.735131379410633188e-28 6.194467258912211838e-01
1.532044931926391351e+00 6.970318369539236869e+01 2.866607116636357944e+01 1.605089449235065402e+01 2.433742325757822511e-01 2.756586472320942906e-27 3.426558427890295148e-28 1.115519749212475371e-28 6.830524281011032262e-01
1.766890772896739126e+00 6.379785347471130308e+01 1.936990798544670156e+01 1.192284911205166154e+01 2.586820121196499733e-01 4.500152643171709085e-27 1.911144926398959849e-28 1.031481193650678077e-28 7.360577980734867021e-01
2.037735929469222107e+00 5.366564455736767769e+01 2.479173496499928575e+01 8.900687880081157743e+00 2.866593224822367447e-01 3.483842018120325990e-27 2.665845901059174125e-28 8.026364394900655791e-29 7.990176451944294156e-01
2.350098705559579226e+00 4.071799872618066729e+01 2.500295943612903571e+01 8.750350538287253954e+00 2.504786533863685438e-01 1.086358212063016514e-27 2.503629148174828469e-28 8.522008876860944209e-29 7.216405573396638129e-01
