# R (Mpc), rho (Msol/kpc^3), errup, errlow, std, pth (Msol/kpc/s^2), errup, errlow, std 
#  nprofs 51, average weighted mh 14348634013012.683594
1.040961082911032697e-02 3.062268552707438357e+05 0.000000000000000000e+00 0.000000000000000000e+00 0.000000000000000000e+00 2.376923308115512665e-24 0.000000000000000000e+00 0.000000000000000000e+00 0.000000000000000000e+00
1.200529105910367808e-02 2.260293425366061565e+05 0.000000000000000000e+00 0.000000000000000000e+00 0.000000000000000000e+00 1.964676377540065743e-24 0.000000000000000000e+00 0.000000000000000000e+00 0.000000000000000000e+00
1.384557172980430476e-02 2.438411543225001078e+05 0.000000000000000000e+00 0.000000000000000000e+00 0.000000000000000000e+00 1.267193802581634840e-24 0.000000000000000000e+00 0.000000000000000000e+00 0.000000000000000000e+00
1.596794743096121086e-02 2.676160475961422198e+05 0.000000000000000000e+00 0.000000000000000000e+00 0.000000000000000000e+00 1.479010322952511976e-24 0.000000000000000000e+00 0.000000000000000000e+00 0.000000000000000000e+00
1.841566026551830909e-02 2.785761917627602816e+05 0.000000000000000000e+00 0.000000000000000000e+00 0.000000000000000000e+00 1.541477074029511191e-24 0.000000000000000000e+00 0.000000000000000000e+00 0.000000000000000000e+00
2.123858088093512342e-02 2.243802170535277401e+05 0.000000000000000000e+00 0.000000000000000000e+00 0.000000000000000000e+00 1.356713037289214004e-24 0.000000000000000000e+00 0.000000000000000000e+00 0.000000000000000000e+00
2.449422455303571639e-02 1.801462822856072162e+05 0.000000000000000000e+00 0.000000000000000000e+00 0.000000000000000000e+00 1.509278695155888044e-24 0.000000000000000000e+00 0.000000000000000000e+00 0.000000000000000000e+00
2.824892302447100725e-02 1.632271237404453277e+05 0.000000000000000000e+00 0.000000000000000000e+00 0.000000000000000000e+00 9.118698015098032251e-25 0.000000000000000000e+00 0.000000000000000000e+00 0.000000000000000000e+00
3.257917597328415654e-02 1.460078103983024776e+05 0.000000000000000000e+00 0.000000000000000000e+00 0.000000000000000000e+00 1.465140996374870339e-24 0.000000000000000000e+00 0.000000000000000000e+00 0.000000000000000000e+00
3.757320964692217186e-02 1.454479299660122779e+05 0.000000000000000000e+00 0.000000000000000000e+00 0.000000000000000000e+00 1.579596619175868392e-24 0.000000000000000000e+00 0.000000000000000000e+00 0.000000000000000000e+00
4.333277441790538143e-02 1.069320109535235970e+05 0.000000000000000000e+00 0.000000000000000000e+00 0.000000000000000000e+00 2.000949456173482135e-24 0.000000000000000000e+00 0.000000000000000000e+00 0.000000000000000000e+00
4.997521788524898756e-02 6.763776121366251027e+04 0.000000000000000000e+00 0.000000000000000000e+00 0.000000000000000000e+00 2.174959781439698173e-24 0.000000000000000000e+00 0.000000000000000000e+00 0.000000000000000000e+00
5.763587575980636674e-02 4.547183685728490673e+04 0.000000000000000000e+00 0.000000000000000000e+00 0.000000000000000000e+00 2.766852050919170753e-24 0.000000000000000000e+00 0.000000000000000000e+00 0.000000000000000000e+00
6.647082924635627776e-02 4.048086860033118865e+04 0.000000000000000000e+00 0.000000000000000000e+00 0.000000000000000000e+00 3.167044285545157670e-24 0.000000000000000000e+00 0.000000000000000000e+00 0.000000000000000000e+00
7.666008510240249207e-02 5.526475677148098475e+04 0.000000000000000000e+00 0.000000000000000000e+00 0.000000000000000000e+00 3.230572336877219127e-24 0.000000000000000000e+00 0.000000000000000000e+00 0.000000000000000000e+00
8.841124316543315376e-02 4.757767346246261150e+04 0.000000000000000000e+00 0.000000000000000000e+00 0.000000000000000000e+00 2.712106668066894928e-24 0.000000000000000000e+00 0.000000000000000000e+00 0.000000000000000000e+00
1.019637260722580097e-01 4.479478692924656207e+04 0.000000000000000000e+00 0.000000000000000000e+00 0.000000000000000000e+00 2.174991906733017559e-24 0.000000000000000000e+00 0.000000000000000000e+00 0.000000000000000000e+00
1.175936573483598035e-01 5.585804198655866639e+04 0.000000000000000000e+00 0.000000000000000000e+00 0.000000000000000000e+00 1.787114749470698516e-24 0.000000000000000000e+00 0.000000000000000000e+00 0.000000000000000000e+00
1.356194872553388164e-01 3.851579179332184867e+04 0.000000000000000000e+00 0.000000000000000000e+00 0.000000000000000000e+00 1.656010619363206290e-24 0.000000000000000000e+00 0.000000000000000000e+00 0.000000000000000000e+00
1.564084810196403053e-01 3.785353238022448932e+04 0.000000000000000000e+00 0.000000000000000000e+00 0.000000000000000000e+00 1.501478801242964225e-24 0.000000000000000000e+00 0.000000000000000000e+00 0.000000000000000000e+00
1.803842016362447453e-01 3.062159452494827201e+04 0.000000000000000000e+00 0.000000000000000000e+00 0.000000000000000000e+00 1.164649424064210247e-24 0.000000000000000000e+00 0.000000000000000000e+00 0.000000000000000000e+00
2.080351397048574025e-01 2.139952364281038899e+04 0.000000000000000000e+00 0.000000000000000000e+00 0.000000000000000000e+00 9.845961939089366272e-25 0.000000000000000000e+00 0.000000000000000000e+00 0.000000000000000000e+00
2.399246661262133540e-01 1.785561706672852961e+04 0.000000000000000000e+00 0.000000000000000000e+00 0.000000000000000000e+00 8.215817287617338217e-25 0.000000000000000000e+00 0.000000000000000000e+00 0.000000000000000000e+00
2.767025104385807399e-01 1.392359436656216167e+04 0.000000000000000000e+00 0.000000000000000000e+00 0.000000000000000000e+00 6.353875160619857385e-25 0.000000000000000000e+00 0.000000000000000000e+00 0.000000000000000000e+00
3.191179986585286343e-01 9.631842229780420894e+03 0.000000000000000000e+00 0.000000000000000000e+00 0.000000000000000000e+00 4.629057990377768935e-25 0.000000000000000000e+00 0.000000000000000000e+00 0.000000000000000000e+00
3.680353203388414540e-01 6.912981576198660150e+03 0.000000000000000000e+00 0.000000000000000000e+00 0.000000000000000000e+00 3.016936698022774149e-25 0.000000000000000000e+00 0.000000000000000000e+00 0.000000000000000000e+00
4.244511359005219142e-01 5.280302359293962581e+03 0.000000000000000000e+00 0.000000000000000000e+00 0.000000000000000000e+00 1.957457630589699436e-25 0.000000000000000000e+00 0.000000000000000000e+00 0.000000000000000000e+00
4.895148829774688681e-01 4.106938270082378040e+03 0.000000000000000000e+00 0.000000000000000000e+00 0.000000000000000000e+00 1.275742792312664754e-25 0.000000000000000000e+00 0.000000000000000000e+00 0.000000000000000000e+00
5.645521955031491679e-01 2.973905752008078707e+03 0.000000000000000000e+00 0.000000000000000000e+00 0.000000000000000000e+00 8.497396310233815106e-26 0.000000000000000000e+00 0.000000000000000000e+00 0.000000000000000000e+00
6.510919126887823039e-01 2.032032202503076860e+03 0.000000000000000000e+00 0.000000000000000000e+00 0.000000000000000000e+00 5.093053384628882392e-26 0.000000000000000000e+00 0.000000000000000000e+00 0.000000000000000000e+00
7.508972281844089602e-01 1.366959522582427098e+03 0.000000000000000000e+00 0.000000000000000000e+00 0.000000000000000000e+00 2.805084897168455682e-26 0.000000000000000000e+00 0.000000000000000000e+00 0.000000000000000000e+00
8.660016140678794550e-01 9.046318420276664938e+02 0.000000000000000000e+00 0.000000000000000000e+00 0.000000000000000000e+00 1.639159192482754603e-26 0.000000000000000000e+00 0.000000000000000000e+00 0.000000000000000000e+00
9.987502515910116063e-01 6.966065513353303231e+02 0.000000000000000000e+00 0.000000000000000000e+00 0.000000000000000000e+00 1.141287319624512152e-26 0.000000000000000000e+00 0.000000000000000000e+00 0.000000000000000000e+00
1.151847812808953542e+00 5.180909066878223257e+02 0.000000000000000000e+00 0.000000000000000000e+00 0.000000000000000000e+00 7.550399296598527568e-27 0.000000000000000000e+00 0.000000000000000000e+00 0.000000000000000000e+00
1.328413566614123908e+00 3.708952203590360455e+02 0.000000000000000000e+00 0.000000000000000000e+00 0.000000000000000000e+00 4.282995153101543080e-27 0.000000000000000000e+00 0.000000000000000000e+00 0.000000000000000000e+00
1.532044931926391351e+00 2.462275547199360517e+02 0.000000000000000000e+00 0.000000000000000000e+00 0.000000000000000000e+00 2.195074864317203903e-27 0.000000000000000000e+00 0.000000000000000000e+00 0.000000000000000000e+00
1.766890772896739126e+00 1.610794203474426638e+02 0.000000000000000000e+00 0.000000000000000000e+00 0.000000000000000000e+00 1.102253113479565213e-27 0.000000000000000000e+00 0.000000000000000000e+00 0.000000000000000000e+00
2.037735929469222107e+00 1.067251585448970133e+02 0.000000000000000000e+00 0.000000000000000000e+00 0.000000000000000000e+00 5.390730611605435266e-28 0.000000000000000000e+00 0.000000000000000000e+00 0.000000000000000000e+00
2.350098705559579226e+00 8.293270170931995722e+01 0.000000000000000000e+00 0.000000000000000000e+00 0.000000000000000000e+00 2.825068108688783624e-28 0.000000000000000000e+00 0.000000000000000000e+00 0.000000000000000000e+00
