# R (Mpc), rho (Msol/kpc^3), errup, errlow, std, pth (Msol/kpc/s^2), errup, errlow, std 
#  nprofs 459, average weighted mh 5505955469607.150391
1.040961082911032697e-02 6.545676330489033135e+05 7.239640491843642667e+05 6.518267808672921965e+05 6.647648628507353274e-01 2.409779265600364554e-24 1.352151697599743879e-24 6.066053320119347372e-25 5.131455255758697875e-01
1.200529105910367808e-02 5.080194790184926242e+05 6.612808628863216145e+05 4.252833918398625683e+05 5.914605394457110865e-01 2.088984001665461437e-24 1.149362478206694519e-24 5.623789850669125045e-25 4.600732292168544513e-01
1.384557172980430476e-02 3.854792547034291783e+05 4.883209127208354766e+05 3.146823251540876226e+05 6.219231721695970272e-01 2.223565396518902996e-24 8.814870017987178478e-25 5.540240841257615815e-25 4.019531000757066153e-01
1.596794743096121086e-02 2.781552342323946650e+05 3.415150288288716692e+05 2.270836408842731907e+05 6.321428812856926260e-01 1.637381894110107874e-24 1.092995086069743722e-24 5.874146254251839190e-25 3.951792400806456995e-01
1.841566026551830909e-02 2.033074080544448225e+05 1.974782425088799500e+05 1.639711563394996047e+05 5.810356138496085565e-01 2.265132269136419028e-24 8.439318963328593220e-25 4.844949292591224902e-25 4.016575469743702276e-01
2.123858088093512342e-02 1.397232215856564580e+05 1.346858199336136167e+05 1.002083585651728499e+05 5.636998291726895705e-01 2.133268828905804753e-24 8.634469699181281531e-25 3.718092526464391911e-25 3.942335846468366656e-01
2.449422455303571639e-02 8.735379388939950150e+04 8.042874125202371215e+04 7.191071185740770306e+04 4.930655008340938394e-01 1.810011142422319188e-24 5.284695978694630860e-25 3.954291843490593968e-25 4.016194542054407624e-01
2.824892302447100725e-02 6.241779418297854136e+04 4.565587819653641782e+04 4.785407432460362179e+04 4.558905799571865702e-01 1.583768585216590294e-24 6.850501676208105763e-25 2.510691601760769034e-25 4.157330085321104263e-01
3.257917597328415654e-02 4.786204829398988659e+04 2.833644413909026480e+04 3.648432104869524483e+04 4.223356176310510968e-01 1.281834313375251172e-24 5.323155115844907481e-25 2.478626638692874510e-25 3.738700802087914776e-01
3.757320964692217186e-02 4.396050711712634802e+04 3.648298196671612823e+04 2.146637817215830728e+04 4.190681393878227801e-01 1.083886269665720077e-24 5.969010897125314234e-25 1.733728207113221036e-25 3.698010965970423558e-01
4.333277441790538143e-02 3.157887155024032108e+04 1.928607850167720972e+04 1.437449085313924661e+04 4.100727325440596260e-01 9.451069534541920458e-25 6.115036064205355290e-25 1.981437093138596530e-25 3.983964113533898788e-01
4.997521788524898756e-02 2.724407354283941822e+04 1.882222407058717363e+04 1.128274075483156412e+04 4.146464900224893779e-01 8.324322063054730126e-25 6.070947314219743784e-25 1.480571213956504533e-25 4.031585542123728994e-01
5.763587575980636674e-02 2.159411178110533001e+04 1.383182935260839804e+04 8.870748498507186014e+03 3.831297743109823850e-01 7.508340193764653621e-25 3.572211190135656072e-25 1.269665050963845788e-25 3.906108146930813985e-01
6.647082924635627776e-02 1.704251501518642181e+04 9.086341662722767069e+03 8.378609225144195079e+03 3.500958369872017029e-01 6.685334215815945388e-25 3.084592224918969669e-25 1.127370836602572085e-25 3.962848451932125537e-01
7.666008510240249207e-02 1.458766578596801628e+04 7.725721961371216821e+03 5.600281719476840408e+03 3.514146775423550029e-01 5.720844586739034992e-25 2.488014378690926416e-25 9.468438606269061922e-26 4.087450770567200298e-01
8.841124316543315376e-02 1.220077828471739849e+04 6.461964088338598231e+03 5.650216557470879707e+03 3.619505332087179506e-01 4.826765361785340793e-25 2.535580298122297171e-25 8.347392858509853935e-26 4.002276401997689192e-01
1.019637260722580097e-01 9.799343148968813694e+03 6.615092873842221707e+03 3.674056520435399307e+03 3.708776923135872483e-01 3.964630009724608237e-25 1.931443531209944946e-25 5.397393090535493159e-26 4.120144043025090741e-01
1.175936573483598035e-01 7.700485231367621964e+03 4.455316351394305457e+03 3.222187833576712819e+03 3.460644153875275242e-01 3.300092564803235019e-25 1.181526103054144508e-25 4.129546212498539127e-26 4.066617079501998466e-01
1.356194872553388164e-01 6.460591711227571068e+03 2.563275795943804042e+03 2.865710764955787454e+03 3.396273586074871065e-01 2.666016041596905368e-25 7.745103077651567125e-26 3.472829331021622105e-26 4.046496327681754490e-01
1.564084810196403053e-01 5.400127926715951617e+03 2.879175249099725988e+03 2.148586673033536044e+03 3.308344943955814910e-01 1.973394877282047215e-25 7.156149170137043061e-26 2.732163323539887948e-26 4.008515050841374161e-01
1.803842016362447453e-01 4.329557055542456510e+03 2.201918537273348193e+03 1.173927836263159861e+03 3.030755478863994545e-01 1.418796883538810007e-25 5.993007494604619299e-26 2.237136204609150342e-26 3.938751327348674058e-01
2.080351397048574025e-01 3.252042864705218108e+03 1.495726953090555526e+03 8.331952154550929208e+02 2.857374647195939921e-01 1.051392402855668123e-25 3.520147954144420893e-26 1.606967747793400609e-26 3.938611476670678679e-01
2.399246661262133540e-01 2.603615378209163737e+03 1.079696037468080249e+03 5.511487224038403383e+02 2.701024212457076024e-01 7.345262677784294553e-26 3.333922776290994338e-26 9.348327634167241025e-27 3.971900635791985046e-01
2.767025104385807399e-01 1.846077241830227649e+03 6.923973109948034335e+02 3.077945932300907543e+02 2.531919583962469744e-01 5.087050419729101311e-26 2.157721419405716232e-26 6.382279946669522705e-27 4.042382232511075868e-01
3.191179986585286343e-01 1.275094961518318314e+03 3.354840013145608282e+02 3.237786816170126372e+02 2.314070159180841302e-01 3.390638042448643280e-26 1.268539487842838802e-26 4.843722666377684545e-27 4.114871611263491991e-01
3.680353203388414540e-01 8.805806830056582157e+02 3.665720131430332458e+02 2.068492429367498744e+02 2.261759521320207411e-01 2.166540746176820066e-26 7.569215598175546449e-27 3.261803629792882202e-27 4.325702952764997056e-01
4.244511359005219142e-01 6.264509653214817035e+02 2.708036172424285724e+02 1.430589507503540005e+02 2.232806073322460561e-01 1.395577743699249335e-26 4.852835377209257563e-27 3.010930048009992372e-27 4.627687255054456217e-01
4.895148829774688681e-01 4.640454687279702171e+02 2.341114405767035578e+02 1.070366644830785674e+02 2.344125661910846092e-01 9.261420033873462680e-27 4.394489618694817488e-27 1.672778155587558998e-27 4.886173599803101952e-01
5.645521955031491679e-01 3.400077014550500394e+02 1.709551970325706520e+02 8.199208149049150052e+01 2.316920893567476492e-01 5.719108163326707360e-27 4.160984543329307865e-27 1.193312278028806205e-27 5.042988987124660261e-01
6.510919126887823039e-01 2.318797631366720395e+02 1.199757614526910174e+02 7.114423143567880459e+01 2.368091677566365461e-01 3.558012616481278724e-27 2.222522862798167106e-27 9.427261498547942689e-28 5.349326362263959744e-01
7.508972281844089602e-01 1.738381542214773106e+02 1.204610947385330775e+02 3.726882181639714986e+01 2.533187374065459796e-01 2.389988173743542943e-27 2.224397406977431323e-27 5.557718594895046964e-28 5.879971053606115605e-01
8.660016140678794550e-01 1.292601693705702530e+02 8.501876434778739622e+01 4.733717563128419670e+01 2.598467163947930647e-01 1.603337350667744090e-27 1.982554320934443009e-27 4.231312891449834297e-28 6.268193920132234531e-01
9.987502515910116063e-01 1.084791015981197830e+02 7.287788208512736787e+01 3.075263146690884497e+01 2.417178422560754270e-01 1.331157623569242171e-27 1.425659113130735851e-27 2.980664955927134225e-28 6.343236838299600722e-01
1.151847812808953542e+00 8.447291027392786589e+01 4.224583341275081239e+01 1.968186395581916770e+01 2.159870468239891428e-01 1.260011152211667941e-27 6.483303260737954881e-28 2.427979098528120320e-28 6.125699175287900866e-01
1.328413566614123908e+00 7.359921806524936017e+01 2.524896398652603580e+01 2.010609731354535157e+01 2.149667522162560795e-01 1.520857461812787528e-27 3.966774131344749686e-28 1.694353795103885778e-28 6.060002656304399604e-01
1.532044931926391351e+00 6.874358545935557174e+01 2.791025191444963127e+01 1.687422189616260582e+01 2.404033028339789269e-01 2.688519541819031249e-27 3.783978204929840192e-28 1.252679016891203822e-28 6.666959777860006486e-01
1.766890772896739126e+00 6.399169071204779158e+01 1.725434244389944638e+01 1.467706642292479202e+01 2.511479054766042052e-01 4.606676000640063235e-27 1.634146653321121407e-28 1.349385759220304719e-28 7.086079011378225712e-01
2.037735929469222107e+00 5.397476990560075194e+01 2.507952601641011725e+01 9.192329231810024481e+00 2.784373852300784935e-01 3.502823165786621664e-27 3.289884041246546303e-28 9.542454261176792938e-29 7.701260143344711429e-01
2.350098705559579226e+00 4.101219184144969176e+01 2.292563666077359841e+01 8.772707865128747784e+00 2.446270529454687981e-01 1.083487680492142286e-27 2.778595103479586115e-28 9.268360427831768793e-29 6.975469288365706566e-01
