# R (Mpc), rho (Msol/kpc^3), errup, errlow, std, pth (Msol/kpc/s^2), errup, errlow, std 
#  nprofs 461, average weighted mh 5560943690875.069336
1.040961082911032697e-02 6.242111953756128205e+05 6.055541372228937689e+05 6.177376535949897952e+05 6.556947484987624142e-01 1.294066043411752547e-24 1.023698819805148254e-24 2.725116626397745164e-25 4.209259670272895715e-01
1.200529105910367808e-02 3.958440914991234313e+05 4.192041027875849395e+05 4.522428774005203159e+05 6.390227965410318900e-01 1.583608452150209836e-24 9.598670556572898010e-25 4.303660024391482719e-25 4.776726406883201048e-01
1.384557172980430476e-02 2.945901369350443128e+05 3.618037353614541935e+05 2.913010174820037209e+05 6.175635974379642956e-01 1.436010571340041739e-24 1.008045977878954536e-24 3.960887494070554705e-25 3.981933513195691221e-01
1.596794743096121086e-02 2.126945372328497760e+05 2.688805779375204002e+05 1.700198201251774735e+05 5.320578421586270590e-01 1.518244998619601467e-24 8.683943257241554033e-25 5.050221616522731564e-25 4.398369255600033667e-01
1.841566026551830909e-02 1.464716116713568626e+05 1.896165247683119378e+05 1.167037910642013885e+05 5.017811367973417092e-01 1.323756601253662061e-24 7.857879077966399942e-25 4.644233335921255210e-25 3.765601851022958302e-01
2.123858088093512342e-02 1.168200377295935032e+05 1.280728006199140073e+05 9.000420820969747729e+04 4.713761874181486844e-01 1.220917174461951955e-24 9.674314870396406548e-25 4.078160020261504720e-25 4.009974817858205087e-01
2.449422455303571639e-02 7.893957545224919158e+04 7.195354126298690971e+04 6.154919677668388613e+04 4.182544663968500442e-01 1.204716659985303287e-24 6.834015658932845626e-25 4.470213192162369447e-25 3.428631863194833707e-01
2.824892302447100725e-02 4.893681352424469515e+04 6.347939765398309828e+04 3.849721129646209738e+04 4.048526175094953050e-01 1.046541798506953499e-24 8.078180155752196669e-25 2.650311754996156346e-25 3.597572843735342141e-01
3.257917597328415654e-02 3.674563301190100174e+04 3.744475017425491387e+04 2.430920778945427446e+04 3.709666303256944353e-01 1.139526367805894547e-24 6.941210241787122368e-25 3.716132047030303559e-25 3.863883387108005274e-01
3.757320964692217186e-02 2.979403736340876640e+04 3.178556430215867658e+04 1.780500481495693384e+04 3.306152642568236932e-01 9.735104625794624865e-25 5.215322236137312515e-25 2.934985178821892295e-25 3.704475507289603509e-01
4.333277441790538143e-02 2.579169052609926803e+04 2.456128743332855447e+04 1.400166446371388338e+04 3.432273479510887793e-01 9.004244241689387949e-25 5.404675448967408795e-25 2.427433172204837340e-25 3.675676386022249109e-01
4.997521788524898756e-02 2.072496959405571033e+04 1.965427849193309885e+04 1.168480163560970686e+04 3.415992550113194359e-01 7.390573422433668053e-25 5.532829486394027583e-25 1.748213711422349914e-25 3.655659773033579363e-01
5.763587575980636674e-02 1.693305744836318627e+04 1.014584510825292273e+04 9.287638111174523146e+03 3.152928766323985221e-01 6.004638441711684231e-25 3.486745887239538167e-25 1.334445886263210429e-25 3.534787219439236572e-01
6.647082924635627776e-02 1.488768496953439353e+04 5.410101974685761888e+03 8.327752161906650144e+03 3.145610944047760316e-01 4.943361895694386398e-25 2.907223953235362065e-25 1.000691323847078575e-25 3.539764775188074530e-01
7.666008510240249207e-02 1.343895259640784025e+04 4.839169926184573342e+03 6.071879152389887167e+03 2.989461484969081484e-01 4.396484473333739125e-25 2.633098527715133019e-25 8.044947380153114395e-26 3.505307897385119276e-01
8.841124316543315376e-02 1.063108413551215381e+04 5.766698049475937296e+03 4.580319070186951649e+03 3.030478843304155734e-01 3.787204998771710514e-25 1.944880033866446735e-25 7.311118706004286666e-26 3.497069564667098507e-01
1.019637260722580097e-01 9.233127341289489777e+03 4.657948817805175167e+03 4.159236291145039104e+03 3.063620714510887910e-01 3.266227867103564979e-25 1.591701742170301837e-25 5.470044480459502419e-26 3.461024939693351787e-01
1.175936573483598035e-01 6.977072840148579417e+03 3.386957103273491157e+03 3.523457943352729217e+03 2.877636255559234413e-01 2.734180994841580862e-25 1.041829266495201058e-25 5.460479314327908484e-26 3.523637683439338475e-01
1.356194872553388164e-01 6.051250407407260354e+03 2.397691186955099511e+03 2.761535886472927359e+03 2.858063471305253844e-01 2.302764760338945293e-25 1.005393131078477257e-25 4.127313231223891162e-26 3.677053942251559127e-01
1.564084810196403053e-01 5.047377300701460626e+03 2.114165271549343288e+03 2.323327880413343792e+03 2.781580877469876922e-01 1.925214228961493722e-25 9.658829261140667649e-26 2.955876150030341408e-26 3.855501926564723347e-01
1.803842016362447453e-01 4.206132841329060284e+03 2.143483891448060604e+03 1.292016866751098632e+03 2.669728982003754525e-01 1.529249858699884115e-25 6.085186837196589570e-26 2.438353341762033781e-26 3.994125089086970615e-01
2.080351397048574025e-01 3.181780138529324176e+03 1.641219110780932851e+03 8.044799941609398957e+02 2.576676534334928492e-01 1.076443172642239197e-25 4.679284511903733315e-26 1.469364624082883435e-26 4.076448602596622339e-01
2.399246661262133540e-01 2.483763963158715342e+03 1.067172353976870227e+03 6.059681949292289573e+02 2.464593206368610179e-01 7.997029607197199807e-26 3.623588048817213966e-26 1.120696726745789833e-26 4.172181746650009959e-01
2.767025104385807399e-01 1.918209317596672463e+03 6.688460685791500282e+02 3.556104508746224155e+02 2.388057229329446918e-01 5.638281037154141579e-26 2.417920084508190615e-26 6.961666268183735461e-27 4.322710790189824848e-01
3.191179986585286343e-01 1.355374242443117964e+03 3.959302599900812538e+02 2.663353225092870957e+02 2.267961943204825637e-01 3.978244535471558810e-26 1.470867449824083161e-26 4.415028677761618700e-27 4.564638430539959546e-01
3.680353203388414540e-01 9.726370740265233508e+02 4.058023279618562356e+02 2.158239058402934916e+02 2.341898027316561826e-01 2.713689667994948079e-26 1.185686861368602375e-26 2.579877624451598886e-27 4.807847487442802326e-01
4.244511359005219142e-01 7.088525456846530233e+02 2.863613797504489185e+02 1.603854303810338990e+02 2.353932411866511420e-01 1.771890811651762209e-26 8.438322015546710748e-27 1.691572450434070580e-27 5.005437399955989797e-01
4.895148829774688681e-01 4.936255192693087679e+02 2.625024776020439958e+02 1.075620208762470327e+02 2.392108173707725716e-01 1.005749051748392066e-26 5.863784818989763881e-27 1.141225852815495818e-27 5.088349916270692441e-01
5.645521955031491679e-01 3.471929516017248716e+02 1.787511711835259405e+02 8.612215939226631178e+01 2.289414048089363773e-01 6.024475758142897631e-27 3.716650668849948588e-27 1.029969323363672219e-27 5.152116716731105495e-01
6.510919126887823039e-01 2.368777047867925774e+02 1.016829178156165767e+02 6.762750789608527668e+01 2.240107834598072667e-01 3.504477431581245906e-27 2.244221594956403846e-27 8.523800979604627558e-28 5.258606344186599335e-01
7.508972281844089602e-01 1.762808943280178084e+02 1.191689699993558804e+02 4.005013358768933074e+01 2.361245044939226934e-01 2.273850352609297338e-27 1.852720639681876139e-27 6.460987394982481812e-28 5.709593823440857197e-01
8.660016140678794550e-01 1.337555955317313021e+02 8.166010404248474686e+01 4.065032959227340825e+01 2.474759262368499690e-01 1.690820208100641771e-27 1.057799428157545247e-27 5.033692122668229523e-28 6.223077572668392898e-01
9.987502515910116063e-01 1.154320330890406154e+02 8.155189995386281510e+01 2.358881075163672847e+01 2.458193748561956771e-01 1.478340844892807072e-27 1.067707320058675009e-27 2.797453449640431449e-28 6.410966290513608890e-01
1.151847812808953542e+00 8.667141833825235153e+01 4.881441353844448372e+01 1.730150932435460476e+01 2.195675977839800230e-01 1.425746828699326128e-27 5.994212172426619925e-28 2.686335076103902510e-28 6.227107312892338209e-01
1.328413566614123908e+00 7.501345194070204059e+01 2.150676957852921589e+01 2.090806724037027919e+01 2.161405012181778496e-01 1.758128500202497687e-27 3.937949662593925879e-28 1.577511139985466421e-28 6.220209497106782282e-01
1.532044931926391351e+00 7.034719943643428053e+01 2.492302862250068074e+01 1.617949960497715622e+01 2.407930274516555114e-01 2.916157970147609553e-27 4.028811845519546266e-28 1.249387574072993811e-28 6.835706221397422899e-01
1.766890772896739126e+00 6.557297852889662693e+01 1.604327725005996541e+01 1.415026159104969850e+01 2.568255070393900552e-01 4.893642925543714192e-27 2.266772278338416365e-28 1.129898854836058000e-28 7.278100467401729112e-01
2.037735929469222107e+00 5.475678446032861757e+01 2.281704157701862101e+01 1.117317542231621985e+01 2.830521495613946281e-01 3.533205629009799125e-27 2.939752001886324568e-28 8.711570208353648633e-29 7.866084237675137203e-01
2.350098705559579226e+00 4.142834184629643346e+01 2.405531421947603832e+01 7.417114233983898686e+00 2.481797933247978649e-01 1.118681718597298938e-27 2.609129249753155071e-28 7.529517562874648864e-29 7.076897615354321713e-01
