# R (Mpc), rho (Msol/kpc^3), errup, errlow, std, pth (Msol/kpc/s^2), errup, errlow, std 
#  nprofs 453, average weighted mh 5684539797731.090820
1.040961082911032697e-02 5.783788038375077303e+05 6.286989720291071571e+05 5.118799235294151586e+05 5.790585604398255093e-01 4.008740241935497243e-24 1.836047836876887051e-24 6.942140511293217540e-25 5.084332830265482217e-01
1.200529105910367808e-02 5.060895646869574557e+05 3.108552074703334365e+05 4.562515824268565048e+05 5.036695759946814288e-01 3.372879858514152202e-24 1.925534862578592692e-24 6.172734181430862899e-25 4.368577503351387947e-01
1.384557172980430476e-02 3.738698756536389701e+05 3.051026613378791371e+05 2.899622985820980975e+05 5.145196500444324528e-01 3.154301259706336853e-24 1.397381382250733644e-24 6.302963663651612653e-25 4.099124091772612943e-01
1.596794743096121086e-02 2.618419036730534572e+05 2.397321454021563986e+05 1.906305527287533332e+05 4.785692591887667491e-01 3.117592260903451793e-24 1.300109264962031551e-24 4.625284020092689115e-25 4.281760287297790013e-01
1.841566026551830909e-02 1.832149688088462863e+05 1.797388529001691204e+05 1.258130489812189917e+05 4.264108157462077053e-01 3.098362875758979100e-24 1.189692811882592360e-24 6.358930819914775635e-25 4.060320272046039070e-01
2.123858088093512342e-02 1.320987608149481530e+05 1.197462047632330068e+05 7.183268326734223228e+04 3.519074001519713613e-01 2.623713651747722158e-24 1.187689560393820852e-24 5.235619090428273176e-25 3.921937211734315976e-01
2.449422455303571639e-02 9.561904903242808359e+04 1.109085082598820736e+05 5.342519945285499853e+04 4.081702981889611670e-01 2.148063558590999752e-24 9.399654454782918928e-25 4.896788316616151560e-25 4.124881303866426152e-01
2.824892302447100725e-02 7.447384246914440882e+04 6.257131811227442813e+04 3.814403490277114179e+04 3.820573704071123511e-01 1.659829507444618549e-24 9.695078879625337251e-25 3.859855771459412807e-25 3.603069230796704936e-01
3.257917597328415654e-02 5.836345032880578219e+04 4.319905530243227258e+04 2.829618660698688473e+04 3.592096037087110783e-01 1.497549608055273580e-24 9.573792980656605793e-25 3.116167699618979982e-25 3.794835136533715736e-01
3.757320964692217186e-02 4.464722758781114680e+04 2.788581747266920866e+04 2.239573206240824220e+04 3.384975348678478380e-01 1.307631923111486891e-24 7.129819658760435411e-25 2.621650864883189134e-25 3.577501819165893049e-01
4.333277441790538143e-02 3.679760249065303651e+04 1.979822795770734592e+04 1.622370285409651115e+04 3.508817851757466411e-01 1.202950773694675675e-24 4.613553770205244429e-25 2.710792340023583363e-25 3.697005390836603511e-01
4.997521788524898756e-02 3.143570428948412518e+04 2.892254183233574076e+04 1.364498664776801525e+04 3.633054889932848530e-01 1.111142075833650711e-24 4.564628290081220331e-25 1.963295988278604398e-25 3.682279250562984219e-01
5.763587575980636674e-02 2.405172764632924736e+04 1.497399910742621432e+04 1.009730896363888678e+04 3.395716402524757704e-01 9.843670048811468181e-25 3.603633053885446087e-25 1.823424790064906550e-25 3.784090819582620613e-01
6.647082924635627776e-02 2.036249198866508232e+04 8.069762925496865137e+03 8.178410046306848926e+03 3.335458138655978955e-01 8.423872653634281072e-25 2.409056913256745548e-25 1.435743206460435699e-25 3.691830075638460329e-01
7.666008510240249207e-02 1.633895934622679488e+04 6.871529077475312079e+03 5.499451658603675241e+03 3.191244688589039979e-01 6.519121879156102379e-25 2.487742615932315937e-25 1.075062596906697942e-25 3.640049922028057994e-01
8.841124316543315376e-02 1.363710436082049455e+04 6.841246955543670992e+03 4.007240181719754219e+03 3.163931483347540152e-01 5.379888317860942048e-25 2.614764201909911355e-25 9.050211997313299005e-26 3.621944157562647648e-01
1.019637260722580097e-01 1.115268453102884996e+04 6.245665520187517359e+03 3.497913419549714490e+03 3.135916619323817489e-01 4.246352427270520742e-25 2.197873427154507925e-25 5.890537077882310393e-26 3.652408044775114493e-01
1.175936573483598035e-01 8.661482364090621559e+03 4.093672053776435860e+03 3.263217428379055491e+03 2.930197257476275796e-01 3.358630926332468258e-25 1.239823961398079730e-25 5.623891266705637284e-26 3.586440268283793698e-01
1.356194872553388164e-01 7.395625557882061003e+03 3.558949387987928276e+03 2.702580904755292522e+03 2.812432410923660919e-01 2.633508696864870059e-25 9.484668827464952090e-26 4.689047901143425076e-26 3.575332240721613153e-01
1.564084810196403053e-01 5.843016146047726579e+03 2.707078997460551363e+03 1.476545786424748712e+03 2.675995622967050624e-01 2.035138461967114566e-25 9.430538115933786826e-26 3.562512950477777670e-26 3.614898161502412277e-01
1.803842016362447453e-01 4.735459292966962494e+03 2.086107874735819678e+03 1.138713650645020834e+03 2.508798541489105083e-01 1.527538180211184777e-25 5.520292358918205740e-26 2.626016874918932719e-26 3.791626079615538214e-01
2.080351397048574025e-01 3.673413706273595835e+03 1.760101065788791857e+03 8.532459134341195295e+02 2.352662318786582496e-01 1.119533125484012948e-25 3.995723950205953921e-26 1.815486385563603717e-26 3.908705862296179556e-01
2.399246661262133540e-01 2.727264468355675945e+03 8.421542998336885830e+02 6.099919390459549504e+02 2.209987748809059960e-01 7.997660022265241063e-26 3.512728423349033926e-26 1.385073008368021021e-26 3.999179441928782386e-01
2.767025104385807399e-01 1.976539051863473560e+03 4.917895653480277360e+02 4.280688097617007770e+02 2.195732731779982960e-01 5.238899791994827568e-26 1.699352765162193810e-26 9.494979807145406047e-27 4.120356587769982704e-01
3.191179986585286343e-01 1.375694755708703724e+03 4.042100772887465610e+02 3.300378758586465437e+02 2.144175334210327299e-01 3.298044920685008449e-26 1.100869823612650175e-26 5.899677530966358633e-27 4.289026477466976739e-01
3.680353203388414540e-01 9.221382629417008729e+02 3.420052803484201149e+02 2.242060487715148156e+02 2.127687250395027818e-01 2.033028352414325958e-26 8.886661834860875557e-27 3.494320021112640889e-27 4.431455083133223893e-01
4.244511359005219142e-01 6.611456666097435573e+02 2.781622493817060331e+02 1.551283031369822254e+02 2.195950993099075044e-01 1.278540682098742373e-26 5.719048249978956091e-27 2.615093208723470525e-27 4.606234879203649490e-01
4.895148829774688681e-01 4.798405326442444334e+02 2.146393762555105127e+02 1.282981085489602435e+02 2.261040826922408598e-01 8.273265556919945839e-27 4.857857246020825126e-27 1.687991256132779961e-27 4.792973647803967507e-01
5.645521955031491679e-01 3.486720005531302036e+02 1.451303060343772700e+02 7.017542481679534205e+01 2.216187981850151478e-01 5.383268563048365319e-27 3.081823862488728702e-27 8.845671600285591584e-28 4.905207357202539531e-01
6.510919126887823039e-01 2.435121865572001525e+02 1.043647966422913669e+02 6.655900364251093038e+01 2.195961102014031829e-01 3.487028336373153967e-27 1.979888258674344299e-27 6.671367404671295598e-28 5.077412361521851381e-01
7.508972281844089602e-01 1.806471472834165297e+02 1.038333363175855197e+02 3.302199826266144100e+01 2.260636911636610125e-01 2.173621374483478559e-27 1.712597612990980557e-27 5.065394540394013090e-28 5.404441349327878674e-01
8.660016140678794550e-01 1.369935449746280653e+02 7.170100144456159796e+01 4.033317401818094794e+01 2.448763690271343052e-01 1.502003851932555586e-27 1.061945965719056905e-27 3.662388470838864114e-28 5.943118569434920895e-01
9.987502515910116063e-01 1.160782518563252239e+02 7.903702026088316757e+01 3.139535372399596724e+01 2.538084646506473807e-01 1.333650782169835275e-27 1.437945722058836140e-27 3.009700437963707337e-28 6.445400834375591970e-01
1.151847812808953542e+00 8.723578483591681731e+01 4.730158302250074343e+01 1.840369439463133006e+01 2.180986526408175974e-01 1.228773886821590335e-27 4.516941719538557377e-28 1.883475057954334399e-28 6.098377663411618244e-01
1.328413566614123908e+00 7.442171826376514332e+01 2.013735768232540124e+01 1.955859024740355068e+01 2.137054977242573706e-01 1.624996707065521943e-27 2.845345217881737173e-28 1.545726331627731189e-28 6.044298396438236853e-01
1.532044931926391351e+00 7.095365584927891689e+01 3.327115790221699854e+01 1.420217879831393404e+01 2.449117065933966164e-01 2.895145040806244767e-27 3.354839593479644961e-28 1.024615206720852130e-28 6.864310287259964838e-01
1.766890772896739126e+00 6.557861194950642414e+01 1.657542634315296226e+01 1.311658140641369741e+01 2.597241805972410611e-01 4.816515404800119248e-27 1.693924322918484051e-28 9.777192829235138334e-29 7.319760622112733151e-01
2.037735929469222107e+00 5.407543522684095905e+01 2.674641188022209093e+01 9.409083016103430452e+00 2.901396216218483093e-01 3.525975333234918919e-27 2.882176401459745987e-28 7.292201101529472277e-29 7.919281701621242453e-01
2.350098705559579226e+00 4.091780942648494346e+01 2.473476036830782476e+01 8.524387904651852921e+00 2.546403865271686384e-01 1.169405441403569478e-27 2.464358085079250658e-28 7.762753382127762268e-29 7.263910388730421275e-01
