# R (Mpc), rho (Msol/kpc^3), errup, errlow, std, pth (Msol/kpc/s^2), errup, errlow, std 
#  nprofs 462, average weighted mh 5567425255130.633789
1.040961082911032697e-02 9.460400681941122748e+05 1.543176471931800013e+06 1.236546919366723159e+06 7.995409701586851936e-01 2.065689905681092838e-23 2.636913453295157605e-24 7.133417349112247157e-25 7.160635813766788038e-01
1.200529105910367808e-02 6.892893367571354611e+05 9.912640862596209627e+05 8.445626249416267965e+05 8.177140110956550023e-01 3.490967169747447503e-24 1.527998652732624870e-24 9.985356072462155287e-25 6.204153348177983140e-01
1.384557172980430476e-02 5.674605319707158487e+05 7.469932195022376254e+05 4.967396659148412291e+05 7.209642485162508496e-01 3.639418634206027723e-24 2.089570410361988129e-24 7.433124185796976572e-25 4.979971392756760151e-01
1.596794743096121086e-02 3.494008279629053432e+05 5.281898884337224299e+05 3.181504224544584285e+05 6.571404252123295153e-01 2.423452633078706188e-24 1.819092998023032406e-24 9.882556763692185004e-25 5.624034393565937595e-01
1.841566026551830909e-02 2.291256131657174265e+05 3.790484706134833978e+05 2.246644786103943188e+05 6.605351925136261348e-01 1.422751897142786203e-24 1.819847100991542586e-24 7.693030098407030169e-25 5.063151277930295624e-01
2.123858088093512342e-02 1.430323485192286607e+05 2.208722975640882505e+05 1.465581904244582984e+05 6.159723647849342232e-01 1.248031439311597420e-24 1.082675034908827135e-24 7.593837365200223408e-25 5.565913793399789311e-01
2.449422455303571639e-02 1.134431116847235244e+05 1.291624165131241607e+05 1.187596211068205012e+05 5.552005060728659736e-01 1.127102892778623573e-24 9.930154800447471604e-25 7.019249785623763267e-25 4.660691996270645565e-01
2.824892302447100725e-02 7.997403210487833712e+04 9.603674969190629781e+04 9.606870650590772857e+04 5.581020517817778526e-01 1.042268815140205675e-24 6.392170424026630332e-25 6.575194959303566460e-25 4.727498516108811777e-01
3.257917597328415654e-02 5.894343369355293544e+04 5.044407187509034702e+04 6.634529613373144821e+04 5.539603596195913360e-01 9.389567082467051109e-25 6.023370033585800348e-25 5.258376984409901819e-25 4.705980825265979051e-01
3.757320964692217186e-02 4.255292146358473110e+04 5.206526030134256871e+04 4.496248855969192664e+04 5.214654384554647804e-01 8.446030747472443727e-25 6.372004332554224602e-25 4.108982791525647854e-25 4.739490518784563178e-01
4.333277441790538143e-02 2.946724297030131856e+04 3.371808851562588097e+04 3.194765242814785233e+04 5.488798091648782185e-01 7.702991647704904566e-25 5.585822785941973434e-25 3.236956786865810556e-25 4.936227868544340591e-01
4.997521788524898756e-02 2.193058731669119516e+04 1.976284706214559992e+04 2.385515088145866321e+04 4.960494481921352006e-01 5.982821555289415173e-25 4.262749299733763855e-25 2.429748575214979475e-25 4.612721958641339270e-01
5.763587575980636674e-02 1.770275159977820658e+04 1.315464722838827220e+04 1.705125573841591176e+04 4.941330923464038460e-01 4.953048043597295298e-25 3.160111361514902960e-25 1.518745484411435343e-25 4.786535357793549328e-01
6.647082924635627776e-02 1.577395178835437218e+04 7.046596493935074250e+03 1.156458082184866726e+04 4.743538626321497365e-01 4.417937732049750378e-25 2.830192576523146728e-25 1.359716878638623540e-25 4.624139209778465043e-01
7.666008510240249207e-02 1.149239932787064390e+04 6.139526751075973152e+03 7.744574662470220574e+03 4.449872471321674183e-01 3.891578262875223603e-25 2.420986413747595095e-25 8.549883412020279611e-26 4.672295654744665350e-01
8.841124316543315376e-02 9.659950081080451127e+03 5.697142033688134688e+03 6.014272787601517848e+03 4.732935778159513829e-01 3.408025758290716848e-25 1.904947697020446014e-25 6.709439390079584057e-26 4.994780849897875741e-01
1.019637260722580097e-01 7.783359224095060199e+03 3.246732823150790864e+03 4.374623356190677441e+03 4.398105310643367072e-01 2.766343014883968549e-25 1.268858818308037431e-25 3.846866733314269092e-26 4.672725831643588790e-01
1.175936573483598035e-01 6.037167543244973785e+03 2.724322084469550646e+03 3.504964497115232007e+03 4.206395895026485698e-01 2.132432928233575423e-25 8.273707203594084753e-26 3.289513864364626647e-26 4.528753567687034964e-01
1.356194872553388164e-01 4.568561517533271399e+03 2.123312495281599695e+03 2.382217622619804388e+03 3.832107508332153190e-01 1.650775306863784975e-25 5.507450788864484436e-26 2.514872702272575741e-26 4.376810833349136232e-01
1.564084810196403053e-01 3.961726721265882588e+03 2.166996849101184580e+03 1.675292130132354487e+03 3.817745414816707261e-01 1.288377309551304277e-25 5.014117617192182851e-26 1.767729222430619386e-26 4.249946311179935710e-01
1.803842016362447453e-01 3.085503875789866925e+03 1.483445518646420169e+03 9.893327062146190656e+02 3.449616816931613816e-01 9.850731112095899555e-26 3.723134649302956992e-26 1.384130272444580417e-26 4.150526134903775310e-01
2.080351397048574025e-01 2.409149545046122967e+03 1.096023197144048027e+03 5.495845351403146424e+02 3.175245468112027902e-01 7.469378769879663874e-26 2.947102493001171468e-26 9.148611147417988414e-27 4.116890509110480156e-01
2.399246661262133540e-01 1.973941640457553376e+03 8.107596262131348794e+02 3.473242523092935699e+02 2.997186536628525522e-01 5.526978123680447600e-26 2.631789135915452173e-26 7.459809550253932479e-27 4.217922366025622094e-01
2.767025104385807399e-01 1.465502517202550052e+03 7.353913881227570073e+02 2.239861300136942077e+02 2.901345071416154831e-01 4.117786360393290283e-26 2.187488927158884395e-26 4.761682615544046046e-27 4.428901605291031829e-01
3.191179986585286343e-01 1.039025926133895382e+03 4.246627390066470298e+02 2.148985858145770180e+02 2.595693039934873769e-01 2.980573451707544986e-26 1.427740177243978106e-26 3.056832509621136739e-27 4.661990529560160468e-01
3.680353203388414540e-01 7.138835085857251670e+02 2.017356725450222257e+02 1.972531287730797089e+02 2.529218873987858496e-01 2.016562482952638580e-26 7.794423623229479600e-27 2.816050643028601916e-27 4.889623105799950076e-01
4.244511359005219142e-01 5.418270083344395971e+02 2.415187748537991865e+02 1.504820757505626716e+02 2.718918067803606786e-01 1.370684187192716431e-26 4.599558480331301789e-27 2.235928415471395345e-27 5.102559706471432310e-01
4.895148829774688681e-01 4.132185927363586302e+02 1.920139848344066422e+02 1.147571931559291158e+02 2.758004669010475363e-01 9.653135097277960977e-27 3.637630301302707399e-27 1.310589677451245985e-27 5.424788770098863955e-01
5.645521955031491679e-01 2.999073733766849159e+02 1.390286535175600307e+02 6.045008710516775352e+01 2.475921466380869296e-01 6.095832292704345454e-27 2.898684846331739104e-27 1.049712718287001081e-27 5.616702645478519607e-01
6.510919126887823039e-01 2.149573242650004374e+02 1.078937862415024256e+02 7.178445223649428897e+01 2.489758665621570055e-01 3.720854197315324559e-27 2.109337337146550039e-27 9.738232869319470724e-28 5.907762937555903759e-01
7.508972281844089602e-01 1.737812790421668865e+02 1.171125746572561184e+02 4.524122684785920256e+01 2.678352060174627458e-01 2.575534467715824256e-27 2.205580495372191820e-27 7.750328322450283548e-28 6.347630442516056792e-01
8.660016140678794550e-01 1.335373160724564059e+02 1.019283112439635772e+02 4.496314834648570979e+01 2.669496705106972345e-01 1.974039567432804894e-27 1.769913946414385408e-27 5.141022498798059873e-28 6.579759119933831224e-01
9.987502515910116063e-01 1.106513422961894975e+02 6.252709619176827971e+01 2.682840718902032506e+01 2.416960567436462204e-01 1.692306152726523394e-27 1.329524337138812576e-27 3.095413116144649211e-28 6.523701795652923074e-01
1.151847812808953542e+00 8.469419083302217643e+01 4.896015766564752880e+01 1.482502822583332858e+01 2.181604120661526092e-01 1.543356903553188389e-27 8.014092808365299045e-28 2.025803480719409715e-28 6.336630041442808947e-01
1.328413566614123908e+00 6.985483282371149016e+01 1.825567672416611487e+01 2.122634520822319004e+01 2.139745295972721728e-01 1.662352966723602357e-27 5.580159817706622544e-28 1.720790616005644731e-28 6.374357282107304679e-01
1.532044931926391351e+00 6.730936705508960927e+01 2.959225843142904466e+01 1.854386749931694567e+01 2.370290786346657963e-01 2.751371262665098441e-27 3.191381461182565866e-28 1.726825924014627460e-28 6.649820126064660553e-01
1.766890772896739126e+00 6.175817873175744666e+01 1.625907365173441121e+01 1.510853231890045834e+01 2.451640953854177518e-01 4.338092331691062076e-27 2.353924631245825022e-28 1.423747678979022723e-28 7.099967525483887876e-01
2.037735929469222107e+00 5.257131665710990376e+01 2.523789692144536900e+01 9.998664790644916422e+00 2.709329588334520311e-01 3.240174726893740473e-27 3.313287565674102589e-28 1.037412356795046011e-28 7.481283615648541829e-01
2.350098705559579226e+00 4.099908977499383411e+01 2.221926359201778212e+01 7.883458144690521863e+00 2.349790853744305463e-01 1.096983764967320400e-27 2.324988641916628172e-28 1.019763445795934066e-28 6.760592453755818187e-01
