# R (Mpc), rho (Msol/kpc^3), errup, errlow, std, pth (Msol/kpc/s^2), errup, errlow, std 
#  nprofs 458, average weighted mh 5628427587135.359375
1.040961082911032697e-02 6.111762930160857504e+05 6.506923882436765125e+05 7.328584787575890077e+05 6.339555195102216656e-01 2.119022263248643533e-24 9.183480509928121562e-25 3.493129065738881722e-25 3.667125310573374208e-01
1.200529105910367808e-02 4.776332620596983470e+05 5.535098872686617542e+05 3.973623397309061256e+05 5.909957877018213734e-01 1.940684830297900140e-24 1.075120942185038605e-24 4.415714005876770524e-25 3.798143717577918688e-01
1.384557172980430476e-02 3.029149900672223303e+05 4.817448535351236933e+05 2.445234338414653321e+05 5.632579977056821896e-01 2.282045434252782685e-24 8.544995009474608804e-25 6.398101663277006867e-25 4.208391251736159910e-01
1.596794743096121086e-02 2.019186485218533489e+05 3.373740008372049779e+05 1.657230800113125879e+05 4.992377707266370535e-01 1.828114478730358851e-24 1.230275851566993440e-24 3.308122696594074880e-25 4.387795409232359556e-01
1.841566026551830909e-02 1.465710573017831775e+05 2.294734953791555017e+05 1.105553639903182193e+05 5.034854012930092271e-01 1.616057538494997684e-24 6.413089200402979039e-25 5.145785413645402067e-25 5.043273045694492973e-01
2.123858088093512342e-02 1.054192158320282033e+05 1.159443617479200184e+05 8.101069042949371214e+04 4.689401386693238805e-01 1.609896198763247420e-24 7.572374346012530973e-25 6.115898281197488380e-25 4.251714218507409160e-01
2.449422455303571639e-02 7.640090663870937715e+04 8.881909432686740183e+04 5.298846481447295082e+04 4.061082059258933619e-01 1.456332145174739490e-24 8.510016324133748654e-25 5.547483299107569879e-25 4.219754080868091672e-01
2.824892302447100725e-02 5.732204466440889519e+04 5.583883129718299460e+04 3.771074704935196496e+04 3.866579584734599617e-01 1.268316323288392467e-24 5.892996252827425638e-25 5.413264000353086822e-25 4.072308239283368159e-01
3.257917597328415654e-02 4.861398165967269597e+04 4.320493096897502255e+04 2.753012297185706484e+04 3.652555196858977005e-01 1.120539966018146773e-24 5.159165693144255156e-25 3.487175081508061532e-25 3.788365419977151038e-01
3.757320964692217186e-02 3.892712384102134092e+04 3.327192985913566372e+04 1.874161077410486178e+04 3.530958691002998862e-01 1.002772865030372007e-24 4.635717291527304020e-25 3.353432365756876103e-25 3.824180793372556342e-01
4.333277441790538143e-02 2.969424406862223987e+04 1.617155001422706482e+04 1.765306464436278475e+04 3.409202973424483307e-01 8.468471390720115863e-25 3.708098412257935248e-25 2.678351250498211340e-25 4.084772826103463261e-01
4.997521788524898756e-02 2.505688059441696896e+04 1.374296570725306810e+04 1.380759252063046006e+04 3.512204831840655683e-01 7.832307936623619334e-25 4.080082908607327919e-25 2.189603885087288251e-25 4.098382600093244399e-01
5.763587575980636674e-02 2.158136001882878554e+04 8.060249274250174494e+03 1.033589283231605805e+04 3.451463205354094455e-01 6.620610258877945312e-25 2.895620418220080037e-25 1.752110982124802479e-25 4.106554365566171816e-01
6.647082924635627776e-02 1.852404823050855703e+04 9.274561443476530258e+03 7.397363553131029221e+03 3.263419069233589598e-01 6.004113215120892648e-25 2.810989626003169734e-25 1.566170157772589566e-25 4.134026287993495252e-01
7.666008510240249207e-02 1.378353490850496746e+04 5.642200812026967469e+03 5.807109131412704301e+03 3.152369037217973013e-01 5.045257161660692320e-25 2.381275530453400969e-25 1.166402882688548490e-25 4.125216944937063479e-01
8.841124316543315376e-02 1.055232875469324426e+04 5.872588751848774336e+03 4.749027183519722712e+03 3.222785322475469338e-01 4.143856368444438899e-25 2.269074517996096733e-25 9.344517378844890618e-26 4.003245281628048935e-01
1.019637260722580097e-01 9.224303036294506455e+03 4.825328082881229420e+03 4.454587809201754681e+03 3.287798219944105260e-01 3.349767237303891785e-25 1.903117439492908092e-25 6.346440833800174377e-26 3.883314814781578250e-01
1.175936573483598035e-01 7.263275721930056534e+03 3.271182894587363990e+03 3.752054669994518008e+03 3.288865573237764184e-01 2.729221468390191940e-25 1.218653539134357431e-25 5.092026132991838343e-26 3.800327923899545213e-01
1.356194872553388164e-01 6.161701962051286500e+03 2.953235794702723069e+03 2.666815827233857362e+03 3.209041552454851010e-01 2.238581203888021825e-25 1.094523455555512694e-25 3.882110461060714907e-26 3.736964250649642549e-01
1.564084810196403053e-01 5.070040795342451929e+03 2.711575099340519955e+03 1.999516843275519705e+03 3.064314361514737795e-01 1.759228943587565010e-25 9.498537405293260812e-26 2.734508933060860269e-26 3.727451039526207266e-01
1.803842016362447453e-01 4.249638351018790672e+03 2.172066475295804594e+03 1.416338176954113578e+03 2.977657899809671993e-01 1.351812916084755943e-25 6.771960466290286676e-26 1.948460119093625186e-26 3.792219121805943671e-01
2.080351397048574025e-01 3.281380195871728120e+03 1.765986987959739508e+03 9.344754710062040886e+02 2.778822108342060004e-01 1.021743120226955570e-25 4.799159505152162589e-26 1.596858659509910761e-26 3.903275358198039502e-01
2.399246661262133540e-01 2.721691042518384165e+03 1.143448836140294134e+03 6.307442507614968008e+02 2.576497358654017411e-01 7.777897540161957290e-26 2.923063492392147553e-26 1.101439112396368043e-26 4.042825920275519014e-01
2.767025104385807399e-01 1.979826460226912104e+03 5.007716169255268142e+02 3.161715822075467486e+02 2.441170140973016045e-01 5.303726040039929119e-26 1.860013956673329278e-26 8.027331714760956753e-27 4.135794050767575003e-01
3.191179986585286343e-01 1.406269173069581711e+03 4.709548973952794313e+02 2.884644337349594139e+02 2.400447345753952411e-01 3.486981859218019282e-26 1.163619931045151164e-26 3.984429598779275441e-27 4.305802209578142858e-01
3.680353203388414540e-01 9.934948252064953067e+02 3.463434044607600981e+02 2.038945388794591054e+02 2.290818022838231327e-01 2.322720214346020945e-26 8.206689228000177825e-27 3.544756672116337683e-27 4.474706395621069754e-01
4.244511359005219142e-01 7.019251051811029356e+02 2.193378449707910818e+02 1.618562981663830271e+02 2.281265779093714641e-01 1.481366813865899536e-26 6.025057541646387320e-27 2.575757907161014828e-27 4.658965740974084779e-01
4.895148829774688681e-01 4.907023484846769747e+02 2.066065199989309349e+02 1.321469403106561344e+02 2.365720092106424199e-01 9.081551527725540474e-27 4.504488328852425564e-27 1.629268531529330306e-27 4.868688246568410594e-01
5.645521955031491679e-01 3.563696610825275570e+02 1.440908330180665473e+02 8.869186272348265732e+01 2.330344177944841944e-01 5.743008199686663894e-27 3.575117722685670040e-27 1.106084673335555048e-27 5.102830775685329723e-01
6.510919126887823039e-01 2.453351490388013474e+02 1.267985735118322452e+02 6.938421837782640011e+01 2.388192361084182369e-01 3.578417173154110894e-27 2.258474194399864526e-27 8.900114650707126258e-28 5.379544426788163136e-01
7.508972281844089602e-01 1.892696905377377163e+02 1.021637323746890047e+02 4.387713815188391209e+01 2.547008963911949753e-01 2.342908216941897310e-27 1.968106640486345468e-27 5.618921807579131198e-28 5.875208648083352081e-01
8.660016140678794550e-01 1.398541803816818572e+02 8.609261884940292475e+01 4.352539023917989880e+01 2.566434214433260252e-01 1.779863381377189587e-27 1.746659893857109924e-27 4.382575015769527482e-28 6.292602684267929458e-01
9.987502515910116063e-01 1.188598321216621940e+02 7.898176160908596444e+01 3.339765049795128959e+01 2.467079824178300684e-01 1.601938276140031546e-27 1.359691433499900583e-27 3.241476157625677462e-28 6.478335073939033295e-01
1.151847812808953542e+00 8.823079310968694244e+01 5.346711208682023653e+01 2.026662825090988207e+01 2.229974371746950013e-01 1.376731884543076972e-27 7.311480773893315487e-28 1.979542927045660993e-28 6.271552294624734847e-01
1.328413566614123908e+00 7.486419991240302352e+01 1.743309463266105297e+01 2.196585025410185921e+01 2.161550838861932555e-01 1.625015261983612988e-27 3.070576902929005917e-28 1.571064777231263385e-28 6.177041862567281827e-01
1.532044931926391351e+00 7.020726766401639907e+01 2.859783212256629525e+01 1.872819073348547292e+01 2.457683067547413724e-01 2.820198878097699039e-27 3.438931315186272614e-28 1.159515744438719277e-28 6.875230659821104373e-01
1.766890772896739126e+00 6.488151563511793540e+01 1.813857230599009540e+01 1.405063382503647773e+01 2.597786172480202604e-01 4.860820740528413620e-27 2.049874635547955516e-28 1.069767065291886343e-28 7.342440966114045509e-01
2.037735929469222107e+00 5.454516364281283813e+01 2.701867540075151908e+01 8.205931869865949579e+00 2.864346526525871073e-01 3.586111691322077144e-27 3.922150414076177017e-28 7.742200509558202354e-29 7.943473267894046730e-01
2.350098705559579226e+00 4.082569298101024202e+01 2.265883986088142876e+01 9.350465920498841399e+00 2.460531210759547560e-01 1.050820356683674190e-27 2.240415083727804938e-28 8.458069450436954076e-29 7.186606187806997559e-01
