# R (Mpc), rho (Msol/kpc^3), errup, errlow, std, pth (Msol/kpc/s^2), errup, errlow, std 
#  nprofs 65, average weighted mh 383728982800.608032
6.384041294330565800e-04 4.281063043010409921e+07 7.305220006250457466e+07 1.311241173896595277e+07 4.535783953920302092e-01 1.073497914056949047e-22 2.261534278063230867e-22 3.109815847333804456e-23 6.446297979719617377e-01
1.109419225205789290e-03 1.215584676954070292e+07 1.508681366831326857e+07 2.369254104537528940e+06 4.799559503924067938e-01 4.808705820227570213e-23 3.203123277335084624e-23 3.635947861417426530e-24 7.771259577822023923e-01
1.927949648993110754e-03 7.189741217261793092e+06 8.023459416714186780e+06 2.635144600433399901e+06 4.664499309835736240e-01 1.533203370219739932e-23 1.656826619437787848e-23 3.321341713019007621e-24 7.099393864705959567e-01
3.350392497807294732e-03 3.339596080693312455e+06 3.434757233290704899e+06 1.310191874895044137e+06 4.241250076767107968e-01 4.857136875536889646e-24 7.035175286495599603e-24 1.439454279505421463e-24 6.565806683416023359e-01
5.822314859325205920e-03 1.256319021147538209e+06 1.365551529398631305e+06 5.040956578257625806e+05 3.462847069222468877e-01 1.317245636195546944e-24 2.503102290033410659e-24 4.804427988724965167e-25 5.732237893429207309e-01
1.011802358777515003e-02 3.120242053507784731e+05 2.204849401787492679e+05 8.352458662799638114e+04 2.460781517299184262e-01 2.846324156145176794e-25 4.798370139737503328e-25 4.498818237132340286e-26 4.765106821699320316e-01
1.758310977614137294e-02 6.922916926784712996e+04 3.778814735816005850e+04 2.045505777180434234e+04 2.029218118305290142e-01 1.242992093293044036e-25 1.580831614445681973e-25 2.815804284561264870e-26 5.643377225511158057e-01
3.055594274096973609e-02 1.972510368418773214e+04 9.687360716244504147e+03 5.763457950879681448e+03 1.871420217374872019e-01 7.866465629776103848e-26 7.869545701467178323e-26 2.486047744035289808e-26 4.014762626030782822e-01
5.310014261847564171e-02 7.914361079209153104e+03 3.715086757855096039e+03 1.514021817989961164e+03 1.606213295857477907e-01 6.179495380962321901e-26 7.151258539759603128e-26 1.977416967022785926e-26 3.200250117114080695e-01
9.227747184909704248e-02 2.614509294101543219e+03 1.316367420040160596e+03 6.314300262032190858e+02 1.558193485916823662e-01 2.587872550863439453e-26 3.971444990885362331e-26 8.485018564578614078e-27 3.919606363260736970e-01
1.603598670542578930e-01 7.595759164730400244e+02 3.176986105554368578e+02 1.916843913599315101e+02 1.630178405588336155e-01 4.722008126040193915e-27 5.232885558566069485e-27 1.626990746372421248e-27 3.780974943925592413e-01
2.786735098650292008e-01 2.358875875078827278e+02 6.267998255042360256e+01 7.910664842490834303e+01 1.605018110253766395e-01 6.766410990858352470e-28 5.938745535987564006e-28 2.514304840996074936e-28 3.561329822731231776e-01
4.842790563939447512e-01 9.403335522088852372e+01 3.062626592655242064e+01 3.685733945380662391e+01 1.461110457720666556e-01 1.259063440817744229e-28 1.344803071849204506e-28 6.471763058216723129e-29 3.544228127147111551e-01
8.415805455473629459e-01 5.539444172024442992e+01 1.852685993643981277e+01 2.003297515203733070e+01 1.491972508250637708e-01 6.962895492948462884e-29 5.155784547475333493e-29 2.570543737836522946e-29 3.778851863981158576e-01
1.462499369511558234e+00 3.874078986784736855e+01 1.016616759667127212e+01 9.648379401664850974e+00 1.406269646770765269e-01 3.712485634836467392e-29 2.960060143544695039e-29 1.323640631587842720e-29 3.717664751935940148e-01
2.541532616382623733e+00 3.037677749604043242e+01 1.532829296002337571e+01 4.620902030908979441e+00 1.232634691632118751e-01 2.368414121347688435e-29 2.658598613449546107e-29 6.128556616735879717e-30 3.206113152010705569e-01
