# R (Mpc), rho (Msol/kpc^3), errup, errlow, std, pth (Msol/kpc/s^2), errup, errlow, std 
#  nprofs 69, average weighted mh 372998380988.673706
6.384041294330565800e-04 7.608537401678453386e+07 1.312043321162212193e+08 3.194238644052208215e+07 4.942875185276199290e-01 2.144027882021772050e-22 4.277043419193303615e-22 7.602888971279476507e-23 6.164460924169494760e-01
1.109419225205789290e-03 2.725883895130222291e+07 2.541730523197250068e+07 1.247339752908466943e+07 3.258415982922758802e-01 5.847668987114134231e-23 6.352701344983707397e-23 2.765353043292390936e-23 4.549283640312449251e-01
1.927949648993110754e-03 1.123775399334707670e+07 4.327878952859260142e+06 6.170153990269835107e+06 2.788472502235934680e-01 1.868705932033636237e-23 1.065198403870897085e-23 1.246330555962635610e-23 4.139116142033087420e-01
3.350392497807294732e-03 4.592850797189975157e+06 1.541305093967028894e+06 2.072935958183414768e+06 2.501236646174159195e-01 6.092292836626921908e-24 3.408034618131442742e-24 3.669896755856992956e-24 3.721241530852701374e-01
5.822314859325205920e-03 1.570452531213471200e+06 5.923783997799998615e+05 6.498209568316290388e+05 2.218027161094968946e-01 1.564669104847724026e-24 8.053561185131630100e-25 8.310154578675264460e-25 3.434452812616013984e-01
1.011802358777515003e-02 4.220702762424240937e+05 2.900283179629975348e+05 1.464779477414055145e+05 2.271963871233355636e-01 3.344558908903396646e-25 3.642243596405011856e-25 1.468894747415229756e-25 3.735477335966417289e-01
1.758310977614137294e-02 8.427234182159320335e+04 4.805145770710951183e+04 2.509969176273355697e+04 2.340149131523368287e-01 1.096564814814018455e-25 1.558747411179133089e-25 2.830789646387732693e-26 3.899556326339606027e-01
3.055594274096973609e-02 1.778558895658506299e+04 1.034349083479317414e+04 5.262339811903757436e+03 2.279957909325321941e-01 8.652240678209858594e-26 1.158997514952735881e-25 2.055191436032695281e-26 3.295000277929457932e-01
5.310014261847564171e-02 6.207109842205390123e+03 3.469594034595706034e+03 1.242544677507735287e+03 1.887399325276566675e-01 6.243870881940061921e-26 6.231294942201335756e-26 2.390305979537354702e-26 3.183317825115163369e-01
9.227747184909704248e-02 2.302382787371695031e+03 9.155582140728815830e+02 5.955925152690094819e+02 1.440640861632194458e-01 2.300975090891951483e-26 2.523690234283631922e-26 5.832147531473184610e-27 3.482008998653331466e-01
1.603598670542578930e-01 7.776338863856766466e+02 3.220309559201749607e+02 1.796850924338334607e+02 1.609382566572317985e-01 5.127946562603116869e-27 6.281872373391177524e-27 1.659808779898313919e-27 3.476681595938682645e-01
2.786735098650292008e-01 2.390920345257669624e+02 5.987075438599839572e+01 9.495525014085913540e+01 1.640367005384776866e-01 7.661540628465636677e-28 5.422778485979197916e-28 3.365749832936230082e-28 3.555674898401300355e-01
4.842790563939447512e-01 9.542871240872092642e+01 3.418766291601096441e+01 3.459243404862558435e+01 1.497366688642480792e-01 1.343413243480371021e-28 1.292014757405245659e-28 5.776125227332106361e-29 3.652065841505893751e-01
8.415805455473629459e-01 5.561418104043298882e+01 1.734144179505771177e+01 1.970535831151237716e+01 1.460434790321491483e-01 6.805004735311749424e-29 4.928768454935597547e-29 2.964856093597672285e-29 3.740518997508313070e-01
1.462499369511558234e+00 3.889972016495138973e+01 1.171252637169027366e+01 9.017589575761558507e+00 1.387504565491884390e-01 3.641181830064810158e-29 3.328297358517323139e-29 1.225323103496317896e-29 3.707573015513195291e-01
2.541532616382623733e+00 3.057318779559713562e+01 1.560499332169046482e+01 4.658042948208635181e+00 1.232552416818130520e-01 2.394129327382027495e-29 2.723490723198130359e-29 6.013142475853876282e-30 3.291319707172272180e-01
