# R (Mpc), rho (Msol/kpc^3), errup, errlow, std, pth (Msol/kpc/s^2), errup, errlow, std 
#  nprofs 490, average weighted mh 5759593251778.933594
1.040961082911032697e-02 2.995655697361388011e+05 5.516716063788410975e+05 2.515306584315110013e+04 7.002454519623531048e-01 1.618826212476743469e-24 1.820975729357154772e-24 3.868693811910892013e-25 5.598591479132223325e-01
1.200529105910367808e-02 1.793937182227435696e+05 3.860753819210533984e+05 2.221566638225407951e+04 6.674557042374261728e-01 1.438327727470257150e-24 1.048861354181714668e-24 3.897708323271878029e-25 6.673915031492533290e-01
1.384557172980430476e-02 1.538319037975603715e+05 2.252413019733781111e+05 2.190158969720402820e+04 6.426638749281143870e-01 1.647102423866754859e-24 1.497462101095861454e-24 3.285383965248120701e-25 6.930658724056137920e-01
1.596794743096121086e-02 1.040176194240393670e+05 2.308920504534757056e+05 1.559131485158585201e+04 6.167134514121820343e-01 1.015754126700940199e-24 1.151289835383464766e-24 3.337298383781317122e-25 6.085487632746806597e-01
1.841566026551830909e-02 8.021984558693472354e+04 1.283620584978188272e+05 1.225925317712075048e+04 5.675231797877361428e-01 1.133551321977776024e-24 9.948296626365579111e-25 3.306679823765058072e-25 5.766048559937227980e-01
2.123858088093512342e-02 6.993379809427470900e+04 1.055091867926667910e+05 1.450491950151540732e+04 5.481108589759892125e-01 8.927726384480362351e-25 6.567568946683691495e-25 3.202745358933423390e-25 5.831824400705940548e-01
2.449422455303571639e-02 6.173145497018989408e+04 7.754776971555556520e+04 1.403557704855821794e+04 5.723170489231469427e-01 9.386662844782468885e-25 7.370418435734804344e-25 2.281403727791808697e-25 5.796540069673713491e-01
2.824892302447100725e-02 4.666649929714203608e+04 4.760592045109838364e+04 1.110763621619510013e+04 5.070306917759191956e-01 7.827581220934329882e-25 8.050135768922419041e-25 1.941474298961905182e-25 5.377040843214445642e-01
3.257917597328415654e-02 2.952007234896377486e+04 4.343804176686368010e+04 8.430703026045493971e+03 4.609995228942539436e-01 7.452074387407705478e-25 6.687213524052221537e-25 1.792858786346186362e-25 5.370916604455032717e-01
3.757320964692217186e-02 1.886134879282398833e+04 3.061539848986636935e+04 6.805362232094318642e+03 4.837067365094477323e-01 5.875649914219851158e-25 6.476509447403276815e-25 1.441565222645768879e-25 5.497243761457317746e-01
4.333277441790538143e-02 1.494081777953883829e+04 2.158928106073699382e+04 6.757907655716157024e+03 4.482166120958420708e-01 5.513616962869505016e-25 4.467272628653502932e-25 1.133147654497286370e-25 5.174110044600126468e-01
4.997521788524898756e-02 1.240613777101890628e+04 1.486040804163994653e+04 4.931448307872511577e+03 4.199954282713998510e-01 4.946501261307631693e-25 4.027418250824827948e-25 1.007746159649707268e-25 5.411814752571134646e-01
5.763587575980636674e-02 1.257673159119132288e+04 8.998038248451091931e+03 4.423637637876503504e+03 4.395401212570039240e-01 4.577350996365413979e-25 3.521993199935831179e-25 1.009661291593307717e-25 5.235766226764074771e-01
6.647082924635627776e-02 1.084831845948151931e+04 8.758765936117164529e+03 3.932039116252364693e+03 4.417619083312333550e-01 4.198512731353172769e-25 3.045397231145315093e-25 8.917069909307469571e-26 5.305087463364288602e-01
7.666008510240249207e-02 8.207264681821599879e+03 5.813160678251535501e+03 3.491138043793554971e+03 3.935866420595907078e-01 3.536465160279360253e-25 1.988266709192086979e-25 7.273132262231520955e-26 4.951365380354301737e-01
8.841124316543315376e-02 6.711026495135972255e+03 5.023417764556582370e+03 2.897856262983801571e+03 4.269972418711494577e-01 2.861293933306940795e-25 1.359048925345174428e-25 6.945753955944475350e-26 4.967778529166014811e-01
1.019637260722580097e-01 5.308430212655094692e+03 5.274778884469257719e+03 1.998872023760013690e+03 3.957678890573781416e-01 2.352036082321090760e-25 1.045626344407941996e-25 6.343402446420665833e-26 4.829817286996474501e-01
1.175936573483598035e-01 4.311309527690540563e+03 4.060284294621671506e+03 1.790752853814001583e+03 3.823537382211975588e-01 1.897875730239376932e-25 9.073007363096640405e-26 4.672614882424977771e-26 4.781370291196022082e-01
1.356194872553388164e-01 3.926381420325432828e+03 2.855900382071062722e+03 1.565828289607759416e+03 3.675214152775656551e-01 1.512472976582462351e-25 8.554793293258062179e-26 3.562505168651438834e-26 4.720338037411209164e-01
1.564084810196403053e-01 3.437653597291489405e+03 2.328314717408371507e+03 1.269777110218049529e+03 3.809958793430351931e-01 1.222617288914909227e-25 6.709645896186731698e-26 3.095261650063061042e-26 4.671414589981038867e-01
1.803842016362447453e-01 2.870690240549576174e+03 1.743464507337257373e+03 1.002255041423816806e+03 3.718450108670556253e-01 9.621769538351052802e-26 4.697653713519525601e-26 2.169590012435407932e-26 4.587084888758024559e-01
2.080351397048574025e-01 2.190969822757801921e+03 1.218872112685524598e+03 7.429878932131701958e+02 3.376709291072989561e-01 7.432794643577206471e-26 3.651657867989675213e-26 1.540423087656281246e-26 4.589849656644914844e-01
2.399246661262133540e-01 1.629202662552127094e+03 9.966270335530568900e+02 5.745564625161267713e+02 3.190514916727327788e-01 5.160506411580112646e-26 2.094733325041616810e-26 1.176244867017316416e-26 4.353935270931161838e-01
2.767025104385807399e-01 1.229625445075970902e+03 5.696592934028885793e+02 3.945721714519982584e+02 3.042108882130716285e-01 3.786770625372805548e-26 1.699268402608950093e-26 6.341252153192654798e-27 4.199226618352812079e-01
3.191179986585286343e-01 1.012071010575454579e+03 3.804177810074746731e+02 3.270013236153700973e+02 2.924221504537156680e-01 2.876023928103542863e-26 1.476889571610342427e-26 4.086788672800244572e-27 4.258443342761035755e-01
3.680353203388414540e-01 7.542101352569059145e+02 2.572435557690438941e+02 2.687029897763021609e+02 2.744754908119303449e-01 2.148494624185218469e-26 1.047686419999662136e-26 2.816913771958233033e-27 4.276794689027832441e-01
4.244511359005219142e-01 5.518064957663982568e+02 3.220220049760289385e+02 1.538686465898320819e+02 2.728242432959669395e-01 1.482464287987463931e-26 7.563998311934931936e-27 1.986224373030675591e-27 4.331600648423372113e-01
4.895148829774688681e-01 4.138602811639923971e+02 2.037562641357173163e+02 1.012444761460792790e+02 2.523810208805722377e-01 1.012177040409501039e-26 5.860320215077722286e-27 1.435233400630462822e-27 4.408420897619647616e-01
5.645521955031491679e-01 3.145447390693177567e+02 1.449323339152676056e+02 8.319868089355769314e+01 2.332635034559900622e-01 6.608434387165889351e-27 4.561852322615361223e-27 1.086938585013457147e-27 4.393640121875460602e-01
6.510919126887823039e-01 2.296454780223596117e+02 1.288790436493526386e+02 5.417669243345928010e+01 2.215980638510274547e-01 4.331323309495565118e-27 3.521267855989306290e-27 7.738892812187931281e-28 4.554528057500560334e-01
7.508972281844089602e-01 1.957583060585414785e+02 9.558152825013794995e+01 4.499340914935838498e+01 2.476538106940701089e-01 2.997000565143039044e-27 2.245547698500388580e-27 5.544123806960761438e-28 4.842676894920652786e-01
8.660016140678794550e-01 1.448529163038288345e+02 7.941273669587626216e+01 5.313860596485783105e+01 2.450999706639204190e-01 1.997990082852935354e-27 1.657978122585189067e-27 3.963899506059671594e-28 5.075094404728653918e-01
9.987502515910116063e-01 1.236866587577427339e+02 5.244293945424387005e+01 3.531208380393920265e+01 2.374336406227207930e-01 1.442331588405124178e-27 1.285409266674976522e-27 3.387128140298446964e-28 5.146300838041137915e-01
1.151847812808953542e+00 9.089382504397930518e+01 4.178399507773721666e+01 2.143708080529010829e+01 2.188649083345095836e-01 9.446835495023845278e-28 6.108772640534027049e-28 2.992745256650204255e-28 5.083344063835449900e-01
1.328413566614123908e+00 6.876621976428096161e+01 1.769684607227119955e+01 2.128311083476582155e+01 2.057313726912157748e-01 6.354819990200413815e-28 2.759976955186806326e-28 1.966118625864156065e-28 5.246900626518680166e-01
1.532044931926391351e+00 5.506955061116608618e+01 2.259568377283660823e+01 1.630364391365543497e+01 2.355029817534962100e-01 4.981150327463078096e-28 2.678038848474505162e-28 1.567626614126876544e-28 5.818370126875851422e-01
1.766890772896739126e+00 4.468729853027716814e+01 1.336790662283124220e+01 1.163471071436361370e+01 2.493768417367062673e-01 4.623343742820801984e-28 2.264716454582006612e-28 1.152164175942825147e-28 6.233857596782339527e-01
2.037735929469222107e+00 3.786289216904538080e+01 2.592681260520040354e+01 8.804934797778763311e+00 2.739102935663404459e-01 4.135244614412346756e-28 3.880498547806583377e-28 9.343287108211119773e-29 6.909162867678908526e-01
2.350098705559579226e+00 3.304929849339643511e+01 2.128545286983346330e+01 8.558279991038009626e+00 2.277349728285529840e-01 2.773463082508756365e-28 2.523225616686978663e-28 1.007036188945813711e-28 6.105019904313372381e-01
