# R (Mpc), rho (Msol/kpc^3), errup, errlow, std, pth (Msol/kpc/s^2), errup, errlow, std 
#  nprofs 863, average weighted mh 7195205862606.795898
1.040961082911032697e-02 4.187479425550269079e+05 5.688960658170916140e+05 2.660681604703017510e+05 5.699881405220328379e-01 3.374762769650455999e-24 2.784632699485308887e-24 5.763816004655584202e-25 5.607795293738501163e-01
1.200529105910367808e-02 2.931318311779208598e+05 4.409245627385515254e+05 1.688072813661057735e+05 5.826489014230895602e-01 2.976644161013771208e-24 1.310244863673741754e-24 5.969906636208977416e-25 4.871289492128084153e-01
1.384557172980430476e-02 2.034326571047103207e+05 3.588720097760907374e+05 1.161232297895918746e+05 5.591780453142130014e-01 2.856209040970895064e-24 1.686540484356708107e-24 6.102364399940452045e-25 5.111916604032106237e-01
1.596794743096121086e-02 1.485705994870040449e+05 2.236350056700010318e+05 7.716505446016787027e+04 4.989296737070068044e-01 2.415271694268982916e-24 1.346042971069133926e-24 5.285578558878916542e-25 3.853337664777239935e-01
1.841566026551830909e-02 1.094197313834388042e+05 1.624991643905598903e+05 4.720408301927829598e+04 4.802160567274640357e-01 2.413477255357389251e-24 1.291560394836970055e-24 4.750393886594825753e-25 4.242234046102133505e-01
2.123858088093512342e-02 7.461024883231708372e+04 1.182588791840947815e+05 2.741775037160487773e+04 4.541467706158953122e-01 2.016750858298108044e-24 1.163542258987865624e-24 4.454110688326542306e-25 4.033603133437803079e-01
2.449422455303571639e-02 5.593731458175790613e+04 6.544804681833254290e+04 1.695910109726188966e+04 3.838083116777664672e-01 1.860457934868690722e-24 7.985606696101948138e-25 4.582747658997726795e-25 3.752963200185933101e-01
2.824892302447100725e-02 4.215150893795459706e+04 3.580912697178064991e+04 1.723284991568134137e+04 3.709626934151529776e-01 1.644226691542068359e-24 9.288923642848065063e-25 3.649814940227879123e-25 3.870549300275695215e-01
3.257917597328415654e-02 3.169754239701984989e+04 2.114350057583118905e+04 1.306960569240587938e+04 3.384389290312224685e-01 1.477838210785409202e-24 7.049786520398748959e-25 3.114878278118015700e-25 3.726061924153766802e-01
3.757320964692217186e-02 2.470693864890253099e+04 1.746083083756640553e+04 9.714933283356698666e+03 3.379583917265154835e-01 1.302065743997249219e-24 6.166981290442782344e-25 2.366070164219528855e-25 3.771959451716868639e-01
4.333277441790538143e-02 2.200509994164440650e+04 1.102050943931414076e+04 8.558584257001504739e+03 3.214142246191299956e-01 1.105748178935496458e-24 5.860032641444582250e-25 2.039545651061180878e-25 3.695889677168436305e-01
4.997521788524898756e-02 1.778077708581464321e+04 1.089456589918661484e+04 7.227503138939121527e+03 3.105472584376670064e-01 9.748058742128062214e-25 4.921852026825047943e-25 1.493114697349339663e-25 3.665932113060529352e-01
5.763587575980636674e-02 1.375640229942862607e+04 9.118492030227705982e+03 5.203606218928961425e+03 2.953924948644056636e-01 8.156131080625870537e-25 4.645123040667696984e-25 1.514273385667961949e-25 3.604941232239803339e-01
6.647082924635627776e-02 1.216071210690032785e+04 6.170616414148104013e+03 5.111470057608230491e+03 2.980039769179560483e-01 6.875260618797607594e-25 3.889092105169727334e-25 1.289181829576882761e-25 3.686100478032167671e-01
7.666008510240249207e-02 9.934364865063098478e+03 5.055050728865408018e+03 3.912201977712509233e+03 2.946250324216965200e-01 5.744181285935003866e-25 2.959123974160381581e-25 8.525666138657143660e-26 3.690051721269604901e-01
8.841124316543315376e-02 8.669324414836695723e+03 4.378758101957935651e+03 3.418009001123645248e+03 2.974378413497194562e-01 4.888811904962040815e-25 2.782404057774886158e-25 6.901710191228930683e-26 3.802377172957762674e-01
1.019637260722580097e-01 7.169630233585614405e+03 3.754299227571702431e+03 2.477780684341149481e+03 2.910952344736958963e-01 4.022306296451495597e-25 2.443502051479726950e-25 5.237124637359180237e-26 3.900711401395653977e-01
1.175936573483598035e-01 5.879942942212555863e+03 2.742438427488154048e+03 1.864037700423661136e+03 2.839207659768837599e-01 3.241989283411043869e-25 1.936387724113853018e-25 3.934511649745274789e-26 3.962127975963543602e-01
1.356194872553388164e-01 5.027913147833412040e+03 2.111520864848003839e+03 1.553716151881023507e+03 2.813915333432545074e-01 2.627814539743781446e-25 1.507555776155376227e-25 3.060348488165736760e-26 4.118431220942922466e-01
1.564084810196403053e-01 3.970649005989397665e+03 1.769831524084829198e+03 1.090458669869977939e+03 2.775911479663092929e-01 1.999455961349361922e-25 1.182761960647086043e-25 2.285782891936872266e-26 4.250374040774757556e-01
1.803842016362447453e-01 3.094994626732137021e+03 1.396999352359197474e+03 7.493550459419859635e+02 2.662689558957863079e-01 1.428101999813777453e-25 7.881955001730636081e-26 1.861210439635108030e-26 4.348031987917898578e-01
2.080351397048574025e-01 2.406967826981360304e+03 1.320902757829032680e+03 5.426087620427890670e+02 2.627580528970259732e-01 1.007243876105177675e-25 6.000008045360122556e-26 1.132289851185374617e-26 4.559571013579589160e-01
2.399246661262133540e-01 1.810987220097131285e+03 1.106739818758637284e+03 4.009778241661592801e+02 2.663451747322715946e-01 6.966193883107449992e-26 4.383820818844898657e-26 8.352812178930037411e-27 4.859406850564761959e-01
2.767025104385807399e-01 1.348868406054501520e+03 7.634460065143628071e+02 3.050091375798959916e+02 2.659287106510487275e-01 4.859756487150624586e-26 3.249357707382717732e-26 6.289950365663283553e-27 5.156153837381584060e-01
3.191179986585286343e-01 1.011337046848122441e+03 5.583755334087840083e+02 2.326182304118805462e+02 2.818615673286822831e-01 3.426088643957604258e-26 1.941634337732261708e-26 4.349445987726141424e-27 5.495151978537977655e-01
3.680353203388414540e-01 7.454980205879971891e+02 3.913414670040450005e+02 1.513663162633710613e+02 2.918484081482429215e-01 2.321535353057565266e-26 1.203462907032436842e-26 2.878080726235183621e-27 5.775311211923876975e-01
4.244511359005219142e-01 5.279831679237768185e+02 2.639062090828403484e+02 1.143204968354575186e+02 2.916923565872213686e-01 1.568435108957471854e-26 8.106462680404857173e-27 1.910036832304865755e-27 5.925533490307079987e-01
4.895148829774688681e-01 3.816332009884835088e+02 2.004384292488426240e+02 7.879923398080391905e+01 2.955692476884961284e-01 1.033827910719679502e-26 5.686307455757354000e-27 1.248939425210926256e-27 6.106086248728042065e-01
5.645521955031491679e-01 2.704791838383154641e+02 1.664325825649308399e+02 6.483881398605564073e+01 2.958356239058650416e-01 6.449517346696761844e-27 4.619501148522624082e-27 8.912203169640240771e-28 6.286464074544806380e-01
6.510919126887823039e-01 1.888689745620175984e+02 1.279800758175943116e+02 3.841810497974975647e+01 2.991658008719746409e-01 4.195777151901373137e-27 2.996187699811315044e-27 5.653912674262338482e-28 6.570609191802218030e-01
7.508972281844089602e-01 1.412753405967873164e+02 9.132110440068258583e+01 3.658929472003881500e+01 2.993270216100434866e-01 3.046353091743225546e-27 1.810621389135995562e-27 4.613471343993473726e-28 6.868618632318115313e-01
8.660016140678794550e-01 1.084286110319016530e+02 6.125904602849088576e+01 3.370980358453688552e+01 2.881191243742446395e-01 2.491927781193792798e-27 1.446756467803708661e-27 3.431120840481290713e-28 7.110679661493787274e-01
9.987502515910116063e-01 8.535712312597581786e+01 5.415444049560085205e+01 2.570337895174092324e+01 2.784034709554307208e-01 2.261514947821881115e-27 1.143194860785344880e-27 2.746386982014901344e-28 7.254964939570613947e-01
1.151847812808953542e+00 7.570887312794967272e+01 4.849228658177469953e+01 2.617821504426632018e+01 2.908834041973417661e-01 2.547523007116570407e-27 8.286501076238569504e-28 2.964866959553730379e-28 7.541232247544762402e-01
1.328413566614123908e+00 6.617399081774691183e+01 4.225273555464854525e+01 1.975187346634201901e+01 2.895752088572451921e-01 3.565143024665611383e-27 8.639380644091211176e-28 2.248054440991830137e-28 7.597093279964566293e-01
1.532044931926391351e+00 6.166305792376345352e+01 3.387202824656184674e+01 1.545138334434250282e+01 2.907707236859785604e-01 6.054134694545628969e-27 5.893760207826742707e-28 1.986121459934915579e-28 7.416746684770296749e-01
1.766890772896739126e+00 6.070905985265949312e+01 2.473879927678486723e+01 1.009810140282288771e+01 2.896694970114299661e-01 9.260873490177029654e-27 5.645143581959528570e-28 1.199065513369134818e-28 7.407681016797014184e-01
2.037735929469222107e+00 4.843252622086241388e+01 2.354305069930286720e+01 9.860185070345103497e+00 2.799431980469770931e-01 4.573842182343311194e-27 6.985202255298326737e-28 9.842611279974021014e-29 7.316620460057746689e-01
2.350098705559579226e+00 3.666612744501319554e+01 2.711771547060288867e+01 7.055800346366201126e+00 2.590101170091670957e-01 1.407473428745746348e-27 5.287929432415956268e-28 1.574126255302092985e-28 7.080099254687802768e-01
