# R (Mpc), rho (Msol/kpc^3), errup, errlow, std, pth (Msol/kpc/s^2), errup, errlow, std 
#  nprofs 469, average weighted mh 5569275542743.442383
1.040961082911032697e-02 5.420369620362212881e+05 8.732253694708500989e+05 8.637444605781425489e+05 7.065137579126473666e-01 7.925652057258041025e-24 2.265472398197464060e-24 1.210920372030213735e-24 6.043050547617977442e-01
1.200529105910367808e-02 4.413536573177744867e+05 7.235443757390545215e+05 5.343623800558528164e+05 7.013379815902908154e-01 6.554748446271925791e-24 1.485890010219817854e-24 8.961117048972125209e-25 6.827022647401616018e-01
1.384557172980430476e-02 3.339649466912472853e+05 4.444590829857187928e+05 4.296155424919832731e+05 5.822788981739532854e-01 5.632823592803519226e-24 1.746421586698746057e-24 1.107834439467122294e-24 5.546715124900388760e-01
1.596794743096121086e-02 2.580656127038938284e+05 3.566545673287098762e+05 2.826037457997905440e+05 5.870465268416297233e-01 2.299809317261989021e-24 1.386456050673576985e-24 9.050255861641828430e-25 4.879753297270414958e-01
1.841566026551830909e-02 1.986858997242371552e+05 2.653692639549891464e+05 1.883067504712170048e+05 5.393159681360806257e-01 1.864592450910128394e-24 1.276944553993228434e-24 7.976769728307976200e-25 3.957733190526572242e-01
2.123858088093512342e-02 1.487789677137621620e+05 1.783602177049983002e+05 1.375966995767173066e+05 5.015491901270634489e-01 1.580146180137983127e-24 8.455926363980741929e-25 5.748779375791741784e-25 4.247035410504477193e-01
2.449422455303571639e-02 1.154736407235907973e+05 1.227010754082596104e+05 8.916808335131801141e+04 4.194503740018314386e-01 1.357439381453417496e-24 9.448546675594524688e-25 5.699881130403553897e-25 3.589211701221027284e-01
2.824892302447100725e-02 8.041021848717234388e+04 9.797652381839466398e+04 4.928754359799582744e+04 3.690490312215733981e-01 1.205641214420284403e-24 6.051133527187246348e-25 5.318412135779002429e-25 3.518012980102451226e-01
3.257917597328415654e-02 6.134474459674363607e+04 4.771167643730548298e+04 2.913752311719117642e+04 3.479592254162765519e-01 1.290619757765857160e-24 6.859232132377846093e-25 3.897200377101815839e-25 3.625670833077444533e-01
3.757320964692217186e-02 4.560946620002348209e+04 3.930707830516732065e+04 2.191486582105138950e+04 3.513474905536599913e-01 1.133656348483508808e-24 5.474169654787471736e-25 2.989886375634223499e-25 3.429907917484408819e-01
4.333277441790538143e-02 3.236729437798291474e+04 3.249281108642410982e+04 1.920094172506761242e+04 3.382504943084020943e-01 1.065688222218574466e-24 4.831262460068701660e-25 2.386088221710616476e-25 3.626229973645989091e-01
4.997521788524898756e-02 2.421509902749909816e+04 1.982694838764209635e+04 1.512526339049758644e+04 3.348878247557974253e-01 9.110897888162508612e-25 3.550383872058842765e-25 1.938338039296055091e-25 3.455331651865728992e-01
5.763587575980636674e-02 1.991559309994129944e+04 1.665728233988356078e+04 1.030234136008510177e+04 3.337007952962195434e-01 7.928847948361090517e-25 3.411864189873288491e-25 1.545528147950996942e-25 3.580837070647489573e-01
6.647082924635627776e-02 1.651021797611105285e+04 9.807613276421139744e+03 9.824514756857095563e+03 3.405026103383845260e-01 5.651196875525633674e-25 2.938586387758041504e-25 8.776569297594907843e-26 3.534500544076811246e-01
7.666008510240249207e-02 1.401361429407304968e+04 7.045333935759888845e+03 6.370210359402020003e+03 3.362108882810403432e-01 4.271518962758425608e-25 2.141535101683265517e-25 6.055572168135093495e-26 3.522391027612426506e-01
8.841124316543315376e-02 1.072899161714738148e+04 6.346478137391002747e+03 5.421396404330436781e+03 3.250186893914748243e-01 3.497267343886536750e-25 1.377086805643384723e-25 7.272183874403570742e-26 3.519198180014618815e-01
1.019637260722580097e-01 8.023256926832341378e+03 5.099743622486708773e+03 4.211881956791543416e+03 3.187182121776698240e-01 2.885629022770359313e-25 1.129566156935715313e-25 6.946463213254004565e-26 3.649124793309019288e-01
1.175936573483598035e-01 6.443020601687767339e+03 3.088715457415419223e+03 3.398043412860769422e+03 3.138001441313159057e-01 2.460669937112510968e-25 1.114887283217261377e-25 5.642698103031096289e-26 3.710396581723481857e-01
1.356194872553388164e-01 5.504258585062331804e+03 2.230723283663201983e+03 2.561192352634590861e+03 2.990580285000138394e-01 1.972055993452994846e-25 7.055803929191652941e-26 3.962580068865873713e-26 3.639394543647911373e-01
1.564084810196403053e-01 4.587416838633449515e+03 1.634325619488045959e+03 1.771696737059244242e+03 2.978324677650417973e-01 1.495919891404963525e-25 5.153266755387012256e-26 2.628563140211208559e-26 3.520495986895219587e-01
1.803842016362447453e-01 3.687828704537160775e+03 1.210087108658051875e+03 1.444466913220301194e+03 2.702994521742032585e-01 1.093443709797089346e-25 3.311085376461071742e-26 1.978750184180794825e-26 3.537113369747236225e-01
2.080351397048574025e-01 2.726740368790569391e+03 1.050050579683535034e+03 9.508283215808806972e+02 2.569042917078114274e-01 7.850387545377739368e-26 2.793329880213005684e-26 1.259632862638938334e-26 3.670496285197858977e-01
2.399246661262133540e-01 2.099122382430638481e+03 8.933311902676991849e+02 5.381240551079598617e+02 2.425955070976234251e-01 6.010356985556857941e-26 2.096911751522601424e-26 1.268411829270580706e-26 4.015067292318307279e-01
2.767025104385807399e-01 1.800714373533994831e+03 8.027829536365234162e+02 1.767287942637457263e+02 2.416962147276286721e-01 4.340756350709202979e-26 2.186968616862311753e-26 7.659377812215235951e-27 4.287662113584909673e-01
3.191179986585286343e-01 1.172015837821872537e+03 5.424374030472095001e+02 2.067279883734647683e+02 2.348029201886775719e-01 3.033764229454463780e-26 1.527358011521370636e-26 3.784739786208154204e-27 4.414489087203942730e-01
3.680353203388414540e-01 8.197262407762061684e+02 4.060514704223919580e+02 1.774733591553101348e+02 2.336972040652173788e-01 2.059923306710281755e-26 9.741275381003256009e-27 2.495387124904804351e-27 4.605090287618882616e-01
4.244511359005219142e-01 6.037899568385446400e+02 3.565999379815685870e+02 1.208557192129844395e+02 2.490086869033541761e-01 1.350198418720995418e-26 5.948262229900713402e-27 1.727915634895852325e-27 4.877332205794896458e-01
4.895148829774688681e-01 4.308673550690832030e+02 2.215695881170833559e+02 9.834612591908796730e+01 2.586854507514277923e-01 8.395566446388061824e-27 4.647817887275851035e-27 1.093828131451126832e-27 5.157549078953843624e-01
5.645521955031491679e-01 3.042503881834047093e+02 1.721470741715017994e+02 7.624082970586282215e+01 2.441900883435833003e-01 5.185287896630872678e-27 2.778108341592237021e-27 9.858774740983422180e-28 5.328762316102477747e-01
6.510919126887823039e-01 2.346865954109677261e+02 1.011871026114222332e+02 7.709777489982457155e+01 2.538533644273826551e-01 3.447927811639611816e-27 1.977797572670305295e-27 7.615044048270048370e-28 5.762399395710821048e-01
7.508972281844089602e-01 1.862654936369734457e+02 1.206095501366012286e+02 3.998113294010408936e+01 2.646821962322888355e-01 2.424100823690201243e-27 2.017117204802299133e-27 5.722956090753416583e-28 6.162381282307228814e-01
8.660016140678794550e-01 1.438668756857763640e+02 8.962644881450222556e+01 5.071652743403693364e+01 2.739093522416152782e-01 1.826923644480680373e-27 1.315527153622418194e-27 5.493787149913855960e-28 6.519420550848651352e-01
9.987502515910116063e-01 1.197991701924292300e+02 7.333259475706708486e+01 2.734629670790508271e+01 2.573155778057144571e-01 1.556113193011652934e-27 1.072845813347608438e-27 2.840853160914897314e-28 6.505800053142116735e-01
1.151847812808953542e+00 8.738996059597219812e+01 4.567889139201209758e+01 1.985192197641021039e+01 2.262188119811452680e-01 1.400705061361042213e-27 5.626486604999251290e-28 2.372854050027825385e-28 6.232452841737202709e-01
1.328413566614123908e+00 7.491877117155272003e+01 1.573651819617231240e+01 2.558246878956695980e+01 2.200240193547201850e-01 1.685932739381549212e-27 3.511151684458794903e-28 1.557195597491826738e-28 6.144894592722438542e-01
1.532044931926391351e+00 7.007813576224258156e+01 2.646993655563785808e+01 1.750105369583135584e+01 2.405852011947406388e-01 2.696048777019496536e-27 3.668895316712970196e-28 1.471241516394451618e-28 6.599676437382434591e-01
1.766890772896739126e+00 6.440390604509275363e+01 1.817860519123000529e+01 1.552997572789918834e+01 2.575565639297197618e-01 4.440049663370626118e-27 2.178136817453508856e-28 1.269635379063367929e-28 7.143135726529590279e-01
2.037735929469222107e+00 5.409081424376589808e+01 2.494877293641847160e+01 9.534281015643173873e+00 2.792685192326657684e-01 3.345159645663759979e-27 2.838248681087767279e-28 8.658014224983053963e-29 7.574105441879112055e-01
2.350098705559579226e+00 4.107973834692529636e+01 2.337821960489547024e+01 7.905744465712690072e+00 2.420641711651422001e-01 1.135129292575409216e-27 2.315883979931254778e-28 8.401569398291285425e-29 6.967966437072179442e-01
