# R (Mpc), rho (Msol/kpc^3), errup, errlow, std, pth (Msol/kpc/s^2), errup, errlow, std 
#  nprofs 463, average weighted mh 5611808934713.953125
1.040961082911032697e-02 9.361117135892547667e+05 7.838204103794656694e+05 1.305188885806844104e+06 7.386514311212619699e-01 2.055186305996538934e-24 2.299127350701251708e-24 9.996173809424326153e-25 5.192943665914263596e-01
1.200529105910367808e-02 7.714234465633429354e+05 8.022011592110758647e+05 9.255491861077905633e+05 6.849016827398625162e-01 2.201735122067196144e-24 2.083061812650968387e-24 1.076478260755281511e-24 5.316987188346096183e-01
1.384557172980430476e-02 5.478249431181112304e+05 5.225961100806229515e+05 7.404125427138328087e+05 6.306932996118040924e-01 1.621990734195926665e-24 1.615871457883716813e-24 1.112382611589198004e-24 5.102842010672353767e-01
1.596794743096121086e-02 3.892723141194058699e+05 3.286746126842498779e+05 4.703884132481742417e+05 6.491583238674448753e-01 1.721399487446706983e-24 1.415492622259434902e-24 1.174605309359722239e-24 5.084637916667472668e-01
1.841566026551830909e-02 2.829372830305044190e+05 2.409880790843995637e+05 2.443087881139699311e+05 5.801632104997934691e-01 1.643401081250796202e-24 1.603230923555425038e-24 8.412845561067630186e-25 4.682205930551137651e-01
2.123858088093512342e-02 1.723804044609534030e+05 1.763510148104523541e+05 1.566990058801514097e+05 5.447766149079092957e-01 1.521213232801103254e-24 1.482093221734473182e-24 8.805532747017520156e-25 4.754156283843918862e-01
2.449422455303571639e-02 1.299903452084042656e+05 9.849491422860877356e+04 1.147205532632056565e+05 5.449018384074971744e-01 1.463075345698684991e-24 9.390205901342194311e-25 1.005247840898534390e-24 4.895297547865762877e-01
2.824892302447100725e-02 9.176099841012722754e+04 7.381957121516410552e+04 6.750443120814574650e+04 4.966180103919091704e-01 1.277710737897289501e-24 1.127879910552088220e-24 6.273582087708265793e-25 4.710116677043317268e-01
3.257917597328415654e-02 6.337000386593599978e+04 6.258724273993016686e+04 4.828044016217325407e+04 4.654682599723737324e-01 1.177295919608505454e-24 7.209183628429800507e-25 5.149186593024656282e-25 4.547639696587926772e-01
3.757320964692217186e-02 4.891548772740462300e+04 3.791251665647494519e+04 3.789709479113022098e+04 4.702371433120109967e-01 1.018995077922034061e-24 5.195020807470745729e-25 4.621509906011403904e-25 4.721679955469828549e-01
4.333277441790538143e-02 3.765476809951199539e+04 2.488665202575524745e+04 2.758476302647672128e+04 4.436752278082412571e-01 8.140745863139714756e-25 4.174302341437914764e-25 2.954061724244519578e-25 4.418459150346859543e-01
4.997521788524898756e-02 2.720544795240846724e+04 1.478698498039198967e+04 2.228223014460341437e+04 4.135059938599451312e-01 6.923520077219817448e-25 3.054644542089873639e-25 2.635918509397722256e-25 4.397741018489818576e-01
5.763587575980636674e-02 2.148550623520535737e+04 1.067163411872913639e+04 1.711726634592326445e+04 4.217486687443182669e-01 5.440317919420188709e-25 3.276005182151839588e-25 1.655576475386902031e-25 4.214970136428274339e-01
6.647082924635627776e-02 1.651388014825008941e+04 8.156018932230190330e+03 1.173686753627618600e+04 4.003380456781777674e-01 4.559039897848822819e-25 2.289805577815482972e-25 1.217900395012848160e-25 3.842645589287873031e-01
7.666008510240249207e-02 1.234280919548966813e+04 7.537156348757651358e+03 8.116429168018297787e+03 4.055900019578490556e-01 3.747517148440886121e-25 2.288189840372403387e-25 7.240813134404140219e-26 4.107913924630798297e-01
8.841124316543315376e-02 1.107783850715412700e+04 5.805859034195167624e+03 5.660806891634244494e+03 3.967071712881793388e-01 3.122654593246316820e-25 1.592014884515920327e-25 5.575464476622533137e-26 3.895688861896480226e-01
1.019637260722580097e-01 7.550994225472796643e+03 4.088381292512893197e+03 4.260341302671149606e+03 3.648174504022760889e-01 2.526581416390150669e-25 1.262925789717244068e-25 4.514428612593726390e-26 3.791685327189466270e-01
1.175936573483598035e-01 6.080193466822788650e+03 3.287629196967254757e+03 2.587577060649971372e+03 3.421319929591086217e-01 2.125309224855501752e-25 9.750984942069269166e-26 3.192290069071527832e-26 3.791168133702334520e-01
1.356194872553388164e-01 4.864283137648837510e+03 2.830160268561636713e+03 1.661791425645536265e+03 3.359877399308371926e-01 1.749926947621464363e-25 7.242380195185386803e-26 3.462555689028153230e-26 3.935760080882426126e-01
1.564084810196403053e-01 4.048498083679972751e+03 2.290165316710054412e+03 1.272898651976468727e+03 3.381669020466298026e-01 1.421623196628877772e-25 6.779736477442623249e-26 2.863773508001026375e-26 3.963224363354675428e-01
1.803842016362447453e-01 3.502087838228697819e+03 1.406596729826934734e+03 6.154157117724857926e+02 3.070531259394359003e-01 1.129201485207256423e-25 5.758980692913700165e-26 2.528975057589602047e-26 4.061108375932803716e-01
2.080351397048574025e-01 2.672734477994420104e+03 9.633205773386487181e+02 6.543810647379592638e+02 2.813355221529248440e-01 8.819383304815566905e-26 4.778300273618573528e-26 1.500948813168094645e-26 4.191847334910120959e-01
2.399246661262133540e-01 2.135879055026006426e+03 7.911037037201942894e+02 5.404472529791576108e+02 2.800153670052375476e-01 6.547597739692392584e-26 3.168478000563554919e-26 1.024237439565930720e-26 4.396802967074537882e-01
2.767025104385807399e-01 1.541663340041899573e+03 4.713718867162965580e+02 3.632025213829443828e+02 2.655389695121039284e-01 4.656610177257879330e-26 1.639680655714235918e-26 7.857372417729844167e-27 4.524261466624384109e-01
3.191179986585286343e-01 1.033377230932073189e+03 2.827980621964098873e+02 2.608654091785755327e+02 2.508109569871990741e-01 3.212368614680542788e-26 1.170750497826204735e-26 4.110597636715208649e-27 4.667036382240367653e-01
3.680353203388414540e-01 7.178572413476582597e+02 2.285682991280056626e+02 2.159404802403552424e+02 2.570137013515157998e-01 2.152324885448967776e-26 8.416343225997805130e-27 2.766239443441648229e-27 4.847899245533829338e-01
4.244511359005219142e-01 5.551398443677916248e+02 3.580930127483271121e+02 1.319233823799720255e+02 2.789603014154996563e-01 1.410208450568192549e-26 6.506057352363804332e-27 1.709494153706461932e-27 5.095893174057383179e-01
4.895148829774688681e-01 4.185818952138482132e+02 2.364834831494675313e+02 8.533014026052755696e+01 2.787131950691900117e-01 9.854263355132486718e-27 5.154082784801022074e-27 1.224960920855687694e-27 5.457856076619586050e-01
5.645521955031491679e-01 3.079949639887761350e+02 1.804343758988690070e+02 6.756205849688950593e+01 2.573234778056451288e-01 6.498469886395156215e-27 3.930771207750407563e-27 8.489224565461503507e-28 5.685744311165229492e-01
6.510919126887823039e-01 2.276644794658060391e+02 1.435884234276572045e+02 6.078461580926216357e+01 2.608553367053340066e-01 4.187224088736668144e-27 2.982301990129014233e-27 6.370217037436654336e-28 5.999911814552835176e-01
7.508972281844089602e-01 1.762377066125963836e+02 1.445737469893945786e+02 3.687531278998703499e+01 2.809038410966664401e-01 2.743618007350382570e-27 2.299486864255642039e-27 4.376281988051875840e-28 6.480701009520800637e-01
8.660016140678794550e-01 1.364356607058662689e+02 9.729415635499445614e+01 3.937748699422665055e+01 2.746422205643617165e-01 1.939678186451061476e-27 1.826511658599521686e-27 3.865356913675021766e-28 6.658806356315964958e-01
9.987502515910116063e-01 1.112007100981878551e+02 6.920696675289755717e+01 2.428528334260406041e+01 2.546434065594305185e-01 1.694491630526805122e-27 1.094535770960514339e-27 3.438299485672146853e-28 6.675290165570487710e-01
1.151847812808953542e+00 8.380033207799725403e+01 5.333229940765252053e+01 1.410712740419408817e+01 2.235024859820033960e-01 1.469423924419842325e-27 6.604576723286660941e-28 1.517781789896114254e-28 6.381166744811399560e-01
1.328413566614123908e+00 6.986309540817866548e+01 2.135590354990656436e+01 1.872918344443385408e+01 2.176830043858160313e-01 1.595928602102525101e-27 3.395650854075353087e-28 1.461333668468967570e-28 6.360686043382337562e-01
1.532044931926391351e+00 6.710027777338842725e+01 3.078851261661655059e+01 1.589443705891438086e+01 2.501403049262364564e-01 2.653148893395566512e-27 3.781199654981189026e-28 1.271416141360069862e-28 6.946262997350516333e-01
1.766890772896739126e+00 6.165858110634979283e+01 1.639170920382617425e+01 1.508542741644709295e+01 2.546243019136863461e-01 4.205882577507079653e-27 2.358030084212006729e-28 1.178548644774195129e-28 7.276743345776429672e-01
2.037735929469222107e+00 5.174637508259323226e+01 2.344390606130604837e+01 8.917901740128762356e+00 2.743228632481981011e-01 3.159628467421562081e-27 3.198651470933168836e-28 9.389121619728519567e-29 7.619158899090148207e-01
2.350098705559579226e+00 4.104865729597837287e+01 2.144537155528475481e+01 7.475400311395141273e+00 2.331208929993522638e-01 1.175724230846699687e-27 2.461032532830265432e-28 8.559443472461776666e-29 6.799414228643667624e-01
