# R (Mpc), rho (Msol/kpc^3), errup, errlow, std, pth (Msol/kpc/s^2), errup, errlow, std 
#  nprofs 460, average weighted mh 5830059533099.236328
1.040961082911032697e-02 4.451551237533240928e+05 8.064855150532093830e+05 3.908884378226677654e+05 5.734916882069583943e-01 2.824801462931312847e-24 1.841939686084394822e-24 6.408857978051037344e-25 4.663140202694658898e-01
1.200529105910367808e-02 3.317411107812871924e+05 5.912770797666222788e+05 3.280362618404203095e+05 5.370058481561604813e-01 2.744563440619286564e-24 1.748022092624118215e-24 5.488234615293051275e-25 4.154148715397586455e-01
1.384557172980430476e-02 2.701059981564155314e+05 4.772693773915864294e+05 2.431862719000920770e+05 5.013796525337863574e-01 2.652670696054337709e-24 1.888735017307818047e-24 5.875182588783405027e-25 4.153030412637000457e-01
1.596794743096121086e-02 1.931024185485510679e+05 3.452811652514872840e+05 1.578403810920964170e+05 5.003144141005250178e-01 2.090327770769443882e-24 1.406716873044198570e-24 5.429159468953109359e-25 4.672731546901991440e-01
1.841566026551830909e-02 1.444334894211548090e+05 3.004476121479727444e+05 1.160155760062975169e+05 4.556243299388710311e-01 2.274689850492832691e-24 1.621193302703905705e-24 6.416709093507218096e-25 3.970914544240924937e-01
2.123858088093512342e-02 1.179528711836770526e+05 1.707739891029077698e+05 7.382691957153577823e+04 4.447270293466591418e-01 1.386758188453754190e-24 9.410081699953190693e-25 6.099690425196278860e-25 3.721488179663637874e-01
2.449422455303571639e-02 9.819468470247939695e+04 1.269894438956451631e+05 5.278770371189439902e+04 4.026505785732715226e-01 1.522511822256579230e-24 8.463474251570660371e-25 4.450032092579321962e-25 3.428945178597407883e-01
2.824892302447100725e-02 7.541150452389725251e+04 8.240871169298629684e+04 2.783738101814698530e+04 3.772713227955670767e-01 1.287592795520788960e-24 6.487227880502026436e-25 4.038327051356392162e-25 3.082332238656987355e-01
3.257917597328415654e-02 5.618898563209821441e+04 5.086488178791607788e+04 2.331153733193579683e+04 3.587561274853574567e-01 1.262168923875273162e-24 6.590506189656394011e-25 3.094799007275423824e-25 3.299672091213227132e-01
3.757320964692217186e-02 4.199181020019424614e+04 2.715624688016635628e+04 2.093219453779338801e+04 3.309652823010821310e-01 1.056990284246033864e-24 5.653643406394350753e-25 2.598734071112827094e-25 3.138118914436108797e-01
4.333277441790538143e-02 3.328992517121483979e+04 2.228036155552254058e+04 1.659094206095775007e+04 3.013354936987268085e-01 1.016867844790213804e-24 5.994304365597864019e-25 2.002023893345446780e-25 3.304808818349929678e-01
4.997521788524898756e-02 2.792606905779798399e+04 1.814219767487448189e+04 9.518723095345207184e+03 3.130845218549980213e-01 9.106177184199681834e-25 4.515737267460114608e-25 1.789963877935275554e-25 3.375015542862974671e-01
5.763587575980636674e-02 2.222647673388827752e+04 1.108692077752011392e+04 7.518585055751229447e+03 2.996791016470544133e-01 8.161416543211740442e-25 4.240603304383508470e-25 1.487594937371948104e-25 3.432605137824445984e-01
6.647082924635627776e-02 1.849930720869954530e+04 1.017280402899912588e+04 5.890608592457866507e+03 2.988518379085739474e-01 7.211372935419299069e-25 2.983536417202889949e-25 1.059551741592175982e-25 3.576271365572231686e-01
7.666008510240249207e-02 1.483217335568980889e+04 7.640648524315645773e+03 5.132621870506370215e+03 2.897367643625129441e-01 5.977089083726434235e-25 3.015624499661784930e-25 8.421337035403483295e-26 3.597716025575589671e-01
8.841124316543315376e-02 1.242914390138532508e+04 6.896075328858332796e+03 4.235088250448946383e+03 2.922786568219439274e-01 5.046071904339041937e-25 2.520294284440034329e-25 7.466603954578570149e-26 3.603735555362756471e-01
1.019637260722580097e-01 1.135302648605607283e+04 3.886403908763984873e+03 4.090085779967456801e+03 2.946868536483971401e-01 4.302305863033882166e-25 1.995686147026347701e-25 5.633395092336540125e-26 3.570527109787745013e-01
1.175936573483598035e-01 8.484853495013032443e+03 3.577373916464754075e+03 2.988469321526743897e+03 2.719046262287878046e-01 3.586752391801646654e-25 1.719158212292953400e-25 3.090471648301047031e-26 3.590536137330977429e-01
1.356194872553388164e-01 7.161743059823302247e+03 2.588835272650107981e+03 2.622561166980176040e+03 2.700152945047077369e-01 2.967655443996420385e-25 1.354451048367667512e-25 3.369009786914938117e-26 3.656943288684014748e-01
1.564084810196403053e-01 5.991570048845441306e+03 2.728687959486274849e+03 1.759917490185028328e+03 2.673421888422378156e-01 2.281950299667938982e-25 1.086039200952883353e-25 2.483388393824511292e-26 3.706735498007321938e-01
1.803842016362447453e-01 4.717363423283004522e+03 2.244993019253247439e+03 1.424829921007111125e+03 2.580480357222686427e-01 1.608853727343669314e-25 8.812825134807121392e-26 2.204975082234252879e-26 3.738003870406298446e-01
2.080351397048574025e-01 3.874314187729042260e+03 1.999549041385778764e+03 9.456465107385688498e+02 2.530726636599042179e-01 1.153734180895280557e-25 5.944308888293858715e-26 1.820952163293784145e-26 3.914431807795579754e-01
2.399246661262133540e-01 2.990398303081592076e+03 1.410789811572199596e+03 6.270403162726041728e+02 2.507849249627898125e-01 8.306739044736801231e-26 3.876117118416404273e-26 1.230280837919211372e-26 4.153131871469318837e-01
2.767025104385807399e-01 2.129203648533364685e+03 9.398405471400983515e+02 3.830802164010940487e+02 2.397680474588527455e-01 5.663578983387670861e-26 3.027185715565565649e-26 7.676993239879784296e-27 4.289663928213438004e-01
3.191179986585286343e-01 1.535607920616626188e+03 6.206596402885955968e+02 2.977116746510650955e+02 2.346276686713030801e-01 3.708322015625260135e-26 1.796756318661553469e-26 4.700641598425420420e-27 4.398258443545020602e-01
3.680353203388414540e-01 1.035635207465809572e+03 3.969318322168780924e+02 2.183292688607149330e+02 2.267666256634175148e-01 2.343567720591755372e-26 1.248613251134785228e-26 2.468098395259177199e-27 4.483919480680638725e-01
4.244511359005219142e-01 7.312166774587753935e+02 3.056692325335488363e+02 1.386799439433825398e+02 2.329274752980286523e-01 1.480988202774678875e-26 7.666909932116831864e-27 1.576288290606908398e-27 4.570149339855182902e-01
4.895148829774688681e-01 5.149522104665487632e+02 2.535437666044645084e+02 9.486870994568423043e+01 2.374428760446171127e-01 9.038168107400058499e-27 5.259585983434037797e-27 1.296090095297317723e-27 4.656427364670764901e-01
5.645521955031491679e-01 3.686513214225089428e+02 1.669413595929522103e+02 8.051629871256351123e+01 2.314841443175705560e-01 5.736884680349422475e-27 3.751400943522896703e-27 9.217302256339472038e-28 4.772321137394296420e-01
6.510919126887823039e-01 2.577431836865886794e+02 1.121194346566347804e+02 7.233070927306155795e+01 2.395268701011465107e-01 3.662625908201864472e-27 2.197197944132845203e-27 7.317648412860272635e-28 5.129158481972090344e-01
7.508972281844089602e-01 1.930504329148299405e+02 8.675924375747743511e+01 4.720003817242564992e+01 2.544383833807750128e-01 2.334814859151666148e-27 1.875045877056004972e-27 5.226345111412730305e-28 5.671884049795170579e-01
8.660016140678794550e-01 1.412600803988999871e+02 7.291571651131208398e+01 4.596693071929347951e+01 2.593030251488605553e-01 1.643497501151266156e-27 1.031147796359562940e-27 4.886165097222149237e-28 6.067218399758965708e-01
9.987502515910116063e-01 1.205947778121313974e+02 7.741279503116231808e+01 3.100326436465036295e+01 2.520162320288345525e-01 1.361529103579698285e-27 1.399081885066039073e-27 2.603614639550177054e-28 6.181131497097192007e-01
1.151847812808953542e+00 9.039013175134604694e+01 4.628362822574668201e+01 2.166924339051161041e+01 2.177152848010150687e-01 1.304477250733677756e-27 4.878774986559730706e-28 2.009743447029055581e-28 5.878959647723286386e-01
1.328413566614123908e+00 7.367854563904934651e+01 1.880629779653064304e+01 2.116537019503508077e+01 2.144590618955352357e-01 1.528229626291575998e-27 2.586189400135124043e-28 1.511108972095015621e-28 5.885321669443398518e-01
1.532044931926391351e+00 6.864131299753363180e+01 2.960322093459757298e+01 1.561159362320235999e+01 2.399611294387525851e-01 2.719565186691155511e-27 3.035113647496430108e-28 1.015244818588405837e-28 6.612834926215442888e-01
1.766890772896739126e+00 6.474066186942218337e+01 1.740242029515821542e+01 1.333232143017234606e+01 2.588218060000026521e-01 4.865517406803857240e-27 1.552639535078087552e-28 1.013321060450251255e-28 7.176169810252136516e-01
2.037735929469222107e+00 5.195365686425822815e+01 2.523456428980898636e+01 8.527307402389848079e+00 2.832874810316476366e-01 3.322222804533802095e-27 2.869882434891348780e-28 5.614110337359847231e-29 7.757335011671897540e-01
2.350098705559579226e+00 3.888653140545314812e+01 2.453590003509005868e+01 8.220769155304299858e+00 2.485415259349790240e-01 9.822385042776734890e-28 2.429723687078934912e-28 7.549593117845030462e-29 7.199914822658634028e-01
