# R (Mpc), rho (Msol/kpc^3), errup, errlow, std, pth (Msol/kpc/s^2), errup, errlow, std 
#  nprofs 452, average weighted mh 5784999767551.229492
1.040961082911032697e-02 6.219246011688134167e+05 6.002399227236525621e+05 4.169282229424191173e+05 4.626457833609751158e-01 2.264763118001501976e-24 1.634080531891766133e-24 4.965469947121918078e-25 4.160225316839136767e-01
1.200529105910367808e-02 4.483766105248542735e+05 4.585876695083417580e+05 3.080053966980269179e+05 4.536385968835122684e-01 2.742682062007270518e-24 1.745976576160621969e-24 6.833174251297744678e-25 4.164248512280022130e-01
1.384557172980430476e-02 3.317252919154147385e+05 3.407690875412002206e+05 1.973855196883572789e+05 4.277723790342356502e-01 2.780494088858105995e-24 1.721576468259529610e-24 5.531080062781907242e-25 3.406000765198115565e-01
1.596794743096121086e-02 2.479685817058037210e+05 2.356451544636553153e+05 1.825493177092537226e+05 3.678600699120143092e-01 2.630845092864663203e-24 1.405726968372700374e-24 7.209503567462232196e-25 3.181283982261143284e-01
1.841566026551830909e-02 1.830507450693051214e+05 1.483207186441977101e+05 1.201185046859547729e+05 3.549813652978122680e-01 2.554520525277713164e-24 1.534368640105303465e-24 5.372227207309430722e-25 3.043534194352605637e-01
2.123858088093512342e-02 1.299602278736965091e+05 1.313639268355036038e+05 7.280894963351139450e+04 3.568611403262743620e-01 2.294000111700273757e-24 1.122581645771040914e-24 5.266672221055346583e-25 2.752584570172474931e-01
2.449422455303571639e-02 8.812998279200175602e+04 8.765246331263716274e+04 4.290926732555645867e+04 3.110339888895152782e-01 2.242445383849638108e-24 1.136476564380538107e-24 4.493306348732168009e-25 2.973329844069205197e-01
2.824892302447100725e-02 6.597378278822773427e+04 6.021429317262116820e+04 2.635185850582156127e+04 2.619419300275969698e-01 2.130522102148164942e-24 8.095612584890160339e-25 4.070864188929893634e-25 2.722328357553235878e-01
3.257917597328415654e-02 5.186689374564392347e+04 4.007241674851154676e+04 2.019913637482134072e+04 2.487480233527809281e-01 1.901850510152616058e-24 7.099476631618251119e-25 3.682155202010215675e-25 2.776028715005763314e-01
3.757320964692217186e-02 4.200585782032981660e+04 2.731597931638488080e+04 1.282181580395781930e+04 2.401840240914737412e-01 1.637308694935403136e-24 6.842837301659688390e-25 2.888097964108679374e-25 2.725867762810076367e-01
4.333277441790538143e-02 3.265726859690761557e+04 1.497864724831959757e+04 8.156650674910775706e+03 2.407951878269527501e-01 1.346722594932713506e-24 6.328575450349678894e-25 2.428331143126865920e-25 2.599394805251334373e-01
4.997521788524898756e-02 3.021998557430291476e+04 1.215057729148605358e+04 6.895559466323842571e+03 2.431451608244331319e-01 1.178911651944677475e-24 4.832395114286725649e-25 1.437085137035811634e-25 2.659799007233360491e-01
5.763587575980636674e-02 2.486368762189071276e+04 1.319635803947661043e+04 7.346416167837422108e+03 2.304110480179675791e-01 9.735652262887776233e-25 3.279810598543898002e-25 1.695297376120925983e-25 2.653828481455007271e-01
6.647082924635627776e-02 2.166957698946807068e+04 8.798706696573579393e+03 6.311516497386350238e+03 2.160969388766529609e-01 8.220501179730771076e-25 2.646674117801583453e-25 1.268836731426046443e-25 2.649264933659737364e-01
7.666008510240249207e-02 1.717677111226569832e+04 5.801351900120354912e+03 4.428205513210454228e+03 1.997850530549401538e-01 6.780967368321918916e-25 2.244328720935328438e-25 1.286594269194034646e-25 2.770773850850235531e-01
8.841124316543315376e-02 1.443459022185429603e+04 4.865938239591949241e+03 3.832688232131634322e+03 1.904747581762160080e-01 5.659274005646437775e-25 2.572823670735358417e-25 1.079953774914513198e-25 2.858816104493673849e-01
1.019637260722580097e-01 1.246562907519811051e+04 2.869964341053162570e+03 4.304709269967305772e+03 1.909119226183817741e-01 4.655073664899325438e-25 2.549886638591782970e-25 8.911397603057048399e-26 3.061567161275318694e-01
1.175936573483598035e-01 1.049223178949050453e+04 3.051126356348136142e+03 2.907212899276109965e+03 1.876542373188512247e-01 3.857670676403969648e-25 2.211325299849870236e-25 6.167466455607459202e-26 3.264027853175075489e-01
1.356194872553388164e-01 8.457482493367793722e+03 2.947081808609652398e+03 2.429165241319463803e+03 1.868666389175611120e-01 3.116327940683928442e-25 1.620901125176263346e-25 4.790100233136164725e-26 3.413357876993775020e-01
1.564084810196403053e-01 6.964881607063882257e+03 2.643301201136523559e+03 1.760515618593645740e+03 1.881328657234186130e-01 2.416090999168730963e-25 1.394882255304176968e-25 3.061008961469760380e-26 3.556930103741335891e-01
1.803842016362447453e-01 5.709431878929149207e+03 2.348865983469569983e+03 1.135871794160614627e+03 2.019782697674308569e-01 1.829891028811658926e-25 9.570560827509448097e-26 2.261629915463847058e-26 3.800435440337909254e-01
2.080351397048574025e-01 4.417916657845819827e+03 1.633150646259053701e+03 8.922414992380931835e+02 2.084796722274737946e-01 1.381482647840441188e-25 7.918952393509966644e-26 1.209254879802981289e-26 4.138147923871134948e-01
2.399246661262133540e-01 3.496058079233549506e+03 1.218420736602925217e+03 7.255197912373103009e+02 2.249720750553882431e-01 1.023567707792331014e-25 6.221485223620321675e-26 1.066098186649623709e-26 4.488040381073805651e-01
2.767025104385807399e-01 2.453791173980244821e+03 1.191459175432665688e+03 4.401950518556280940e+02 2.208897635328209985e-01 6.983048071464135128e-26 4.680380444596615306e-26 6.793429240153563824e-27 4.636200596262312623e-01
3.191179986585286343e-01 1.725099652560850473e+03 7.721896134489510359e+02 2.713057679541915377e+02 2.308725250829599673e-01 4.352959543748488998e-26 2.754121290444214810e-26 4.349748214407836173e-27 4.755799488893868721e-01
3.680353203388414540e-01 1.169467789072779624e+03 6.576636855110762099e+02 1.824543646436227391e+02 2.402084865916247203e-01 2.607388591074117884e-26 2.113585889662461100e-26 2.363835934667349763e-27 4.864293651740351776e-01
4.244511359005219142e-01 8.000586064982328480e+02 4.639282590331578149e+02 1.316144768884324208e+02 2.465376737572635424e-01 1.532536142147576501e-26 1.390882474122560358e-26 1.600908168713267457e-27 4.921923644015473998e-01
4.895148829774688681e-01 5.404586160644182655e+02 3.013781798495001567e+02 8.580715005144287488e+01 2.493377331771819139e-01 8.982134575193889964e-27 6.456740340035993095e-27 7.213638332044227528e-28 4.958208544488745262e-01
5.645521955031491679e-01 3.683565879836252179e+02 1.387603622951114630e+02 7.232246481967825957e+01 2.344658654148405186e-01 5.287456655858688814e-27 2.546571389813173825e-27 4.583770387867245178e-28 4.956108187339863247e-01
6.510919126887823039e-01 2.536389636401898429e+02 7.458489537019079307e+01 7.357886636857735141e+01 2.252728421710291362e-01 3.215457037489798958e-27 1.788604507258082034e-27 5.283927289938857311e-28 5.018401733488692118e-01
7.508972281844089602e-01 1.806787798187353360e+02 8.797778981140454846e+01 4.602525928858749182e+01 2.351186533526850309e-01 2.024661283721959140e-27 1.822752812164881683e-27 2.560700764495921618e-28 5.375176043106708601e-01
8.660016140678794550e-01 1.374088676342466897e+02 9.456865955497696064e+01 3.782109517933157150e+01 2.583093794487056338e-01 1.521442378468726517e-27 1.388975154421720936e-27 2.603855596898082363e-28 5.946241781434666862e-01
9.987502515910116063e-01 1.154112182350643678e+02 8.628227813779024302e+01 2.506086584975666653e+01 2.616882315395616110e-01 1.269034413086045654e-27 1.116076089578491053e-27 1.344418586283511618e-28 6.236199240056150561e-01
1.151847812808953542e+00 8.168406217504382028e+01 4.828899550915448913e+01 1.506379079072176808e+01 2.055201738367453401e-01 9.981316472350165027e-28 4.434400118424813217e-28 1.031969615385452333e-28 5.544111468981164359e-01
1.328413566614123908e+00 7.025927736648503696e+01 1.670639740092403258e+01 1.562100027371524646e+01 2.009552895766790748e-01 1.248246875213573808e-27 2.026280689660688108e-28 7.990899627779711729e-29 5.412182223224979438e-01
1.532044931926391351e+00 6.960798926109141860e+01 3.599891509513740573e+01 1.140610885968265009e+01 2.338981388646996229e-01 2.729423749067878866e-27 3.140720049729701470e-28 9.064528756216931656e-29 6.318458931130687128e-01
1.766890772896739126e+00 6.531244282821116087e+01 1.861271468648072158e+01 1.277643723452251834e+01 2.444376822819921413e-01 5.027996689446712390e-27 1.615415463420043205e-28 7.216406908618166774e-29 6.661266392042350937e-01
2.037735929469222107e+00 5.386267542405214925e+01 2.549153136294725286e+01 8.476126352448147827e+00 2.633435598683223633e-01 3.637656699298828479e-27 2.835029600675331105e-28 5.166366726498849900e-29 7.243789478779169011e-01
2.350098705559579226e+00 3.997335722788538703e+01 2.297037362502821267e+01 8.901173106676996127e+00 2.280983128628313317e-01 1.080235825851846311e-27 2.788598761825031860e-28 5.233120226041665000e-29 6.572906945713667959e-01
