# R (Mpc), rho (Msol/kpc^3), errup, errlow, std, pth (Msol/kpc/s^2), errup, errlow, std 
#  nprofs 61, average weighted mh 372440380227.764343
6.384041294330565800e-04 9.908729958486866206e+06 4.423359636453710496e+06 7.185771320302337408e+05 1.373519586763628231e-01 6.737353931092039377e-24 2.692289277806917709e-24 2.644321748759471103e-24 2.392287726103510537e-01
1.109419225205789290e-03 3.143739882407291327e+06 2.956547279997564852e+06 9.329790594079904258e+05 2.564964404705932233e-01 2.159939483842797119e-24 5.108589063430322121e-24 6.033659102410502796e-25 4.817031136204396602e-01
1.927949648993110754e-03 1.187158383150924230e+06 1.676683634170612786e+06 2.056469009434016189e+05 4.107466130956791139e-01 1.279123704260961377e-24 2.702706178392401768e-24 1.452568263634960286e-25 6.737839454016609775e-01
3.350392497807294732e-03 5.113310076256513712e+05 5.992558927982008317e+05 2.277806991084491019e+05 4.432839912405590610e-01 2.608662957729850837e-25 3.904727381409317549e-25 1.121957434176217332e-25 6.638402767739737254e-01
5.822314859325205920e-03 3.170984506150223897e+05 2.563251609371267259e+05 1.611639332349070464e+05 3.348450825316303114e-01 1.638783089654279235e-25 1.753532086627399229e-25 7.561542223032504006e-26 5.779234367111047987e-01
1.011802358777515003e-02 1.238223724096118094e+05 7.870228961060858273e+04 4.087345764259176212e+04 2.310870597440069507e-01 8.566326453169113302e-26 1.410615559475518733e-25 2.791050305428127376e-26 4.650751754572007846e-01
1.758310977614137294e-02 4.314117644029037183e+04 1.803336722743811697e+04 1.368153360936004174e+04 1.803195177334449284e-01 8.733800800880720918e-26 9.240192036433706096e-26 3.650338028128537078e-26 4.460596289851535001e-01
3.055594274096973609e-02 1.427375753060497664e+04 4.865205330836892244e+03 3.480214446445246722e+03 1.580964522751329426e-01 8.689681458310118500e-26 8.138426797078208203e-26 2.351176377897635428e-26 2.949687430768193064e-01
5.310014261847564171e-02 6.313768856466504076e+03 3.123315991032593956e+03 1.120580959724771674e+03 1.577510334109586687e-01 7.204800438118208778e-26 7.649098389452050282e-26 2.113219713766508688e-26 2.889989440168718171e-01
9.227747184909704248e-02 2.774617399952071537e+03 1.139994330675724541e+03 6.404867224235663343e+02 1.686545318307825780e-01 3.394810225886702279e-26 4.794693712123658611e-26 7.509750583478315591e-27 3.636044861722057542e-01
1.603598670542578930e-01 9.748723213038446147e+02 4.892515065391633016e+02 2.870907451450259487e+02 1.821761298663282791e-01 8.174873956008624977e-27 8.207331751119110735e-27 2.428319613371690406e-27 3.840255819330348208e-01
2.786735098650292008e-01 2.769607229237033152e+02 9.521026171281044981e+01 9.010287255550801433e+01 1.698923958947751167e-01 1.176194975908686033e-27 1.124896836868923348e-27 3.819359114579448130e-28 3.678682152079276735e-01
4.842790563939447512e-01 9.545667373606239892e+01 3.425843783728382164e+01 3.422729084104106789e+01 1.477258910328570207e-01 1.352649157816947138e-28 1.393687175396566644e-28 6.786495730677163415e-29 3.729462205003030717e-01
8.415805455473629459e-01 5.601372968839255151e+01 1.830705023613544569e+01 1.745436810379685255e+01 1.493878611113945154e-01 8.092634980743060800e-29 8.594806360014272508e-29 2.675413359740894016e-29 4.115748915060665203e-01
1.462499369511558234e+00 3.902063797720951044e+01 1.061691215273388877e+01 8.546131337776451176e+00 1.415697517797178673e-01 4.120854311039554990e-29 3.415501688568410895e-29 1.378085804205488888e-29 3.965230409523553545e-01
2.541532616382623733e+00 3.069834056330184424e+01 1.577453118755672534e+01 4.591801805391266811e+00 1.245646931620460890e-01 2.692525469203585610e-29 3.276458277085096106e-29 6.748889642800447191e-30 3.448474866448084653e-01
