# R (Mpc), rho (Msol/kpc^3), errup, errlow, std, pth (Msol/kpc/s^2), errup, errlow, std 
#  nprofs 538, average weighted mh 6640565154604.183594
1.040961082911032697e-02 4.045749282462697010e+05 6.837842056567233521e+05 3.723741910676414846e+05 5.572657905788601651e-01 4.072795458183214404e-24 2.345994743677113452e-24 6.006718375517388907e-25 5.646426492423430865e-01
1.200529105910367808e-02 3.114227330304295174e+05 4.940283459506210056e+05 2.452449963200649945e+05 5.343934752477625949e-01 3.783287547562898775e-24 2.198242990595740209e-24 5.127150528030380094e-25 5.098395742028221100e-01
1.384557172980430476e-02 2.451549415070563555e+05 3.635903288323731394e+05 2.121097441635454888e+05 5.296496515456206033e-01 3.538238271316859196e-24 1.516661461881609261e-24 5.754811195697849745e-25 5.255489434739202270e-01
1.596794743096121086e-02 1.938438373072972463e+05 2.951855119780116365e+05 1.271774349363182555e+05 5.046645638311936244e-01 3.830400673638564154e-24 1.427075003339907281e-24 5.919621726769585711e-25 5.082593947519958855e-01
1.841566026551830909e-02 1.301861589106637839e+05 1.699046955808799830e+05 9.801246203208714724e+04 4.646227161535918526e-01 2.824317913876916855e-24 1.139627339376416141e-24 3.948378149543581385e-25 4.586445965463553098e-01
2.123858088093512342e-02 1.093757246326344612e+05 1.084934854569749732e+05 5.938182921259894647e+04 4.505408177912005874e-01 2.435139021401869929e-24 9.420293531096478711e-25 6.002687854793837217e-25 4.688238379684765422e-01
2.449422455303571639e-02 8.810336077101054252e+04 9.484557458193569619e+04 5.313974203527314239e+04 4.060935765981493750e-01 2.182594101483266817e-24 1.287390644548024420e-24 4.963298718257431109e-25 4.583692997728552321e-01
2.824892302447100725e-02 7.034762175962745096e+04 6.426268708767709904e+04 3.157671627209659346e+04 3.677753295616905116e-01 1.815823301350188402e-24 8.142880386884146160e-25 3.955050864722045929e-25 4.036720137191865398e-01
3.257917597328415654e-02 5.565955272274962044e+04 4.158596239400174090e+04 2.719071760858273410e+04 3.577397566762289816e-01 1.563862060409285474e-24 5.640594970757419104e-25 4.126969418557882584e-25 4.059854660411325589e-01
3.757320964692217186e-02 4.354275153871141811e+04 2.404560443962621503e+04 1.938653884854434364e+04 3.336508792779056543e-01 1.379904511909990464e-24 4.023159863196198947e-25 3.802725196800186710e-25 3.807818936359954609e-01
4.333277441790538143e-02 3.062007097101247200e+04 1.754324624881428826e+04 1.228718748271600452e+04 2.935693573035297321e-01 1.182799852051358200e-24 3.613867909687894252e-25 3.036974552956360191e-25 3.755528409779358423e-01
4.997521788524898756e-02 2.392595128727462361e+04 1.175420181445579146e+04 9.168788516073687788e+03 2.819131106216289373e-01 1.055803701039302495e-24 3.942897652170520279e-25 2.551475489544323267e-25 3.945049243602969935e-01
5.763587575980636674e-02 2.104762357280934157e+04 9.370141609293483270e+03 8.419361803883304674e+03 3.032509494244701731e-01 9.177851516992305814e-25 3.315066356466659026e-25 1.943055298594723761e-25 3.876557527191294983e-01
6.647082924635627776e-02 1.729385862784077472e+04 1.121811668292151080e+04 5.510516554064726733e+03 3.068280484992745860e-01 7.839316590932082194e-25 2.919749456418909071e-25 1.748832581961391118e-25 3.979031624140350609e-01
7.666008510240249207e-02 1.484388236513819174e+04 8.436324927521593054e+03 5.908072987958633348e+03 3.046136729911902985e-01 6.651115910972570153e-25 2.296284967440645971e-25 1.281153950632766882e-25 3.895440441888630145e-01
8.841124316543315376e-02 1.333536729398749594e+04 6.485063760833398192e+03 4.705836551942147707e+03 3.089808446872342462e-01 5.823260415500269784e-25 2.462607431659004836e-25 9.850839052482450377e-26 4.030636034949595659e-01
1.019637260722580097e-01 1.104728483506577868e+04 5.128151783844816237e+03 3.987721183240897062e+03 3.060307711308764556e-01 4.946972372204532602e-25 2.303979707202994156e-25 5.587736464133163238e-26 3.981139723350953785e-01
1.175936573483598035e-01 9.078489500373212650e+03 4.119530342453085723e+03 3.481386623742947450e+03 3.113175326091167094e-01 4.073377794471775612e-25 1.802949540205353949e-25 4.853984796817126637e-26 4.041098109426334850e-01
1.356194872553388164e-01 7.313543163475596884e+03 3.733399617203330308e+03 2.437783944979962598e+03 3.021856177461800796e-01 3.437371784781658500e-25 1.469706540080458821e-25 4.188018685785207866e-26 4.091717566265055672e-01
1.564084810196403053e-01 5.975181370345861069e+03 3.128564934316608742e+03 1.417175721819367936e+03 2.845580427002870061e-01 2.728822181573676446e-25 1.275480204880730998e-25 2.980694585269702523e-26 4.183238441513794648e-01
1.803842016362447453e-01 4.776729705461526464e+03 2.235630448784902455e+03 1.074656829142642209e+03 2.695259404471933018e-01 1.940754613660199161e-25 7.846464651659236821e-26 2.634225991441037742e-26 4.249697951468342505e-01
2.080351397048574025e-01 3.626257482957426419e+03 1.485282853548951607e+03 7.071661397838838639e+02 2.626585056506781091e-01 1.340428096191324869e-25 6.453456142351523819e-26 2.247644868784010346e-26 4.447216386066125682e-01
2.399246661262133540e-01 2.674811847606372794e+03 9.940204113076049453e+02 5.462126804430143920e+02 2.600969724968185126e-01 8.887082047002093217e-26 4.239904695352716959e-26 1.469431509812708781e-26 4.674238995779584349e-01
2.767025104385807399e-01 1.908077610701575395e+03 7.442176453387423862e+02 3.423844069671658872e+02 2.584978310167510562e-01 6.119610504766819131e-26 2.358687629081466902e-26 9.864507599773246285e-27 4.998369164587651015e-01
3.191179986585286343e-01 1.391082046687214870e+03 6.364182792215162863e+02 2.871931481052735649e+02 2.602274620552202933e-01 4.164677661843900830e-26 1.573975954368696982e-26 6.857639716002516773e-27 5.186359418419245193e-01
3.680353203388414540e-01 9.952339883271586132e+02 4.753533900935179872e+02 2.256139549754299765e+02 2.687911082002983343e-01 2.672685044548435088e-26 1.157819129531329591e-26 3.882718860402076664e-27 5.303077616904084968e-01
4.244511359005219142e-01 7.007943898328938985e+02 3.519116675723286107e+02 1.391002259878374332e+02 2.621036285556282985e-01 1.662206397091644508e-26 7.697193340316625373e-27 2.427429221050778174e-27 5.397040669659359802e-01
4.895148829774688681e-01 4.811490534152478062e+02 1.868229572609121760e+02 1.135171378263507478e+02 2.614178661408005921e-01 9.690010341849979298e-27 4.967496539617706607e-27 1.273500818699783926e-27 5.461479027977578227e-01
5.645521955031491679e-01 3.260435136769312976e+02 1.513435073412492500e+02 7.886337644903150590e+01 2.586417749665588239e-01 5.545613438947904039e-27 3.693762049025704149e-27 8.638664599367460324e-28 5.577775749513539383e-01
6.510919126887823039e-01 2.357062561839336468e+02 1.281239226219869920e+02 5.900525143440984266e+01 2.554088416147644591e-01 3.597266061078916569e-27 2.812793309367853653e-27 5.376037308487874424e-28 5.733406300576633363e-01
7.508972281844089602e-01 1.780129067941536789e+02 1.196833234594180340e+02 3.147168944674376689e+01 2.644783937598705337e-01 2.424852855695033127e-27 1.950669230291743803e-27 3.838817195651580251e-28 6.072128715529192533e-01
8.660016140678794550e-01 1.379658175590500093e+02 8.245408488626871701e+01 3.456268109360448904e+01 2.742017823612877270e-01 1.631604183307056548e-27 1.303422851045148903e-27 2.746383382979616403e-28 6.553555418318449677e-01
9.987502515910116063e-01 1.036780442694014965e+02 5.050125090036608810e+01 3.228971674102716349e+01 2.519113815166693637e-01 1.211516719219513913e-27 9.929075452646473612e-28 2.211657686550519335e-28 6.554853072471439335e-01
1.151847812808953542e+00 7.888000303864674834e+01 3.905152502250983559e+01 2.255601195429676409e+01 2.238220291350694613e-01 8.912049592477822644e-28 5.196949605796496768e-28 1.891485054414820379e-28 6.245836563270918962e-01
1.328413566614123908e+00 6.505687121197711065e+01 1.851319827154092224e+01 2.314653446789375479e+01 2.250369794394748435e-01 8.647565197969847760e-28 3.486804430797716560e-28 1.356787392843285434e-28 6.411210010194630105e-01
1.532044931926391351e+00 5.935041707875691941e+01 3.070263360624677063e+01 1.660073562739977859e+01 2.492792083334620101e-01 1.393902898411601271e-27 3.880371923912680672e-28 1.114001264659358454e-28 6.968578493744261859e-01
1.766890772896739126e+00 5.515378012870294810e+01 1.819889233914613413e+01 1.164225850756228553e+01 2.583888898625197328e-01 2.575689331233095937e-27 2.188770331059244983e-28 8.660878389391252014e-29 7.099447294024254784e-01
2.037735929469222107e+00 5.396542408835107096e+01 2.360330694697205445e+01 8.332199281539946156e+00 2.849101105822672286e-01 3.640199457938800397e-27 3.798231376081231280e-28 6.651526418831333448e-29 7.719745323858324682e-01
2.350098705559579226e+00 4.148078955867349293e+01 2.446105951351932362e+01 6.087517268928028358e+00 2.488733873020131937e-01 1.607889962853637748e-27 3.230598274207185074e-28 7.206114511426861328e-29 7.072547541680109795e-01
