# R (Mpc), rho (Msol/kpc^3), errup, errlow, std, pth (Msol/kpc/s^2), errup, errlow, std 
#  nprofs 442, average weighted mh 5639273618576.713867
1.040961082911032697e-02 4.046167662807572051e+05 5.204090955520169809e+05 3.089804057632234180e+05 5.294968951644485333e-01 3.930327755735933421e-24 1.898821545745000354e-24 5.234285435358853826e-25 5.092721819392985738e-01
1.200529105910367808e-02 3.010013403384007979e+05 2.906646392917649355e+05 2.340952092383312120e+05 5.164919480155124587e-01 3.771211836118329641e-24 1.567200852924177511e-24 5.767317174157072419e-25 5.139193412315159470e-01
1.384557172980430476e-02 2.061886975509040640e+05 3.010921214552421006e+05 1.369597322851288773e+05 4.440663473022096741e-01 3.418447444256607506e-24 8.144689615415922508e-25 8.898715370622164387e-25 4.423692660690221601e-01
1.596794743096121086e-02 1.418210632668895123e+05 1.856078337626605644e+05 7.251648476936387306e+04 3.995797034238640077e-01 3.413321010907057678e-24 1.346001847891577385e-24 4.184183161410781792e-25 4.170128381296049902e-01
1.841566026551830909e-02 1.015594147704232164e+05 1.128615791685042204e+05 4.965053965554789465e+04 3.685510914835017360e-01 2.388994312287677798e-24 8.157218205670084222e-25 4.918892073219034820e-25 3.556349321856647760e-01
2.123858088093512342e-02 7.741025043728706078e+04 6.585665474991337396e+04 3.327127503173136938e+04 3.188123771174761756e-01 2.220432895341028166e-24 6.122682131211839378e-25 3.238189829322885583e-25 3.341476172820745938e-01
2.449422455303571639e-02 5.945499144097309909e+04 4.433206019897770602e+04 2.652038579719875997e+04 3.136437638574265940e-01 1.694208286624152230e-24 8.058116644466912191e-25 3.434928771410903534e-25 3.255282651786544634e-01
2.824892302447100725e-02 5.232442956820433756e+04 3.831437830358742212e+04 1.682730568156280788e+04 3.000137749599382508e-01 1.356335909072867677e-24 6.623095263702828637e-25 2.996414113492296598e-25 2.933872929184979106e-01
3.257917597328415654e-02 4.653516727581197483e+04 3.589625489449672023e+04 1.509143347276656823e+04 3.112805943525664976e-01 1.273849352305304141e-24 6.454736567760584671e-25 2.960486539092824073e-25 3.127669645199336323e-01
3.757320964692217186e-02 3.365609378723156260e+04 2.516321338227060187e+04 8.128446970133656578e+03 2.754800683922415949e-01 1.041278162169221882e-24 5.422132949525576394e-25 1.960809435667374316e-25 2.877738449298158918e-01
4.333277441790538143e-02 2.816372263042380291e+04 1.804888687530576863e+04 8.719865949614781130e+03 2.901375221787434455e-01 9.087135955892864944e-25 3.618819404999254223e-25 2.133409910771901062e-25 2.939848248127778230e-01
4.997521788524898756e-02 2.240238530253892895e+04 1.611452466712471869e+04 6.573374240781557091e+03 2.715107863445659908e-01 8.227106747265495653e-25 3.224619179678989224e-25 1.895380886559401784e-25 2.968585543869459165e-01
5.763587575980636674e-02 1.908633162485353387e+04 1.346357853196527867e+04 4.352238478022994968e+03 2.531647960114312146e-01 7.360443783741357314e-25 3.488681952091418608e-25 1.402924838060082190e-25 3.008895821581773489e-01
6.647082924635627776e-02 1.743767110904988294e+04 7.651251020755420541e+03 4.756536891964611641e+03 2.527060197332628433e-01 6.541194160802252350e-25 2.841995283438805144e-25 1.022252229807731139e-25 3.110683245264316277e-01
7.666008510240249207e-02 1.357492686901339584e+04 5.719386679770805131e+03 4.209193000980266333e+03 2.371907315918868053e-01 5.495121505168049156e-25 3.293676197835149583e-25 6.416172763951418367e-26 3.080262734895634624e-01
8.841124316543315376e-02 1.162413893948928126e+04 5.381397812380431787e+03 3.166061961224111656e+03 2.483072724142220966e-01 4.601140293386769792e-25 2.795649338711227729e-25 4.687108676558178487e-26 3.160877385114952420e-01
1.019637260722580097e-01 9.763440555823381146e+03 4.030519874470805007e+03 3.448836436362136283e+03 2.497801165813650637e-01 3.904161567662389464e-25 2.134818415719229801e-25 5.033275145298732655e-26 3.322289807235337400e-01
1.175936573483598035e-01 8.126252010597242588e+03 3.321572672536635764e+03 2.729203484873738944e+03 2.460380533421482607e-01 3.366094286508957920e-25 1.651814497201840093e-25 5.075415249414514099e-26 3.490202696911447466e-01
1.356194872553388164e-01 6.826352872742158979e+03 2.522339824312474775e+03 2.339327076233356820e+03 2.496402970731816384e-01 2.812677569002076970e-25 1.442489478172817164e-25 4.124640074037547027e-26 3.628907571287814937e-01
1.564084810196403053e-01 5.791937990169544719e+03 2.906515130225833218e+03 1.543033731277724655e+03 2.505002837606990496e-01 2.254626086894187670e-25 1.106608939723646342e-25 2.823300952601837480e-26 3.785094563342467633e-01
1.803842016362447453e-01 4.785946139343122013e+03 2.539195437222487726e+03 9.473202050521085766e+02 2.467095118140465726e-01 1.664901071537356722e-25 7.002906704238789305e-26 2.464555247815620316e-26 3.868576906977221341e-01
2.080351397048574025e-01 3.730873115971400239e+03 1.753120022475393853e+03 8.288504337573340308e+02 2.317206679891686549e-01 1.205683141239477290e-25 4.932653721240562133e-26 1.668378013847408437e-26 3.957288430479325436e-01
2.399246661262133540e-01 2.872396037540086127e+03 1.178210302341704846e+03 5.927186410128146008e+02 2.273023872591042605e-01 8.918070717774944468e-26 3.416300552294555869e-26 9.243143603760123913e-27 4.111344751077101178e-01
2.767025104385807399e-01 2.143744099002218263e+03 6.212954186688928075e+02 4.024177569459287724e+02 2.243691684209718207e-01 6.298184949009479415e-26 2.392702595213376216e-26 8.179223162617930509e-27 4.229400986961434072e-01
3.191179986585286343e-01 1.521706037650138796e+03 4.291316341581376719e+02 2.977566740265975795e+02 2.155054465255324680e-01 4.181617578104404838e-26 1.722466134250317621e-26 5.829364733001659049e-27 4.287910738109507180e-01
3.680353203388414540e-01 1.089611155840929769e+03 4.197934659105088713e+02 2.320770543948630120e+02 2.205992617738808115e-01 2.789041639986262829e-26 1.124780934138998901e-26 2.954846597985355180e-27 4.448643698678141356e-01
4.244511359005219142e-01 7.654479849125228839e+02 3.139093027794186241e+02 1.751530195075429788e+02 2.246663385223758025e-01 1.668649557845002303e-26 6.365131398712852734e-27 2.208678267974086746e-27 4.558982105475335445e-01
4.895148829774688681e-01 5.328662709446866756e+02 2.202176274562201570e+02 1.392736459445876278e+02 2.256873479482065514e-01 9.557537016655011139e-27 4.641543366492532833e-27 1.578304920537908873e-27 4.645842264803054511e-01
5.645521955031491679e-01 3.841731129114500050e+02 1.244736224776944198e+02 8.666619043515407839e+01 2.197445504254169069e-01 5.737120528394579753e-27 3.341309517615176863e-27 9.347983361392351607e-28 4.731571511484292669e-01
6.510919126887823039e-01 2.599875131316480861e+02 1.060936176898555345e+02 5.613009093737311161e+01 2.107083191597149685e-01 3.472266534629485121e-27 1.969935884647858772e-27 7.364230395156078897e-28 4.826368297099354887e-01
7.508972281844089602e-01 1.909799876900043785e+02 1.026591982698089538e+02 4.328249283994058771e+01 2.144687157290945390e-01 2.237985255409021746e-27 1.668122213040347915e-27 5.185024977929307749e-28 5.143706145674178387e-01
8.660016140678794550e-01 1.457550024409247555e+02 7.326557893875427396e+01 3.766441866048455012e+01 2.286481161758619762e-01 1.623400694854157403e-27 1.245012602442755532e-27 3.864371631995680496e-28 5.588693803202289256e-01
9.987502515910116063e-01 1.196760710501315259e+02 7.462966096505330427e+01 3.199920914959771778e+01 2.350133032233489572e-01 1.319537437725012426e-27 1.014950035064746809e-27 2.829426622900880191e-28 5.926593205037925527e-01
1.151847812808953542e+00 8.753428277870227703e+01 3.970724074674964754e+01 2.122767088995531282e+01 2.019998159633931145e-01 1.104747774893953894e-27 3.684531897059515567e-28 1.916792875854203343e-28 5.568856401596542494e-01
1.328413566614123908e+00 7.424446310843084973e+01 2.019597167941225990e+01 1.799361199316974336e+01 2.054666615532152740e-01 1.480289097031963692e-27 2.343858643461653544e-28 1.525409125944087100e-28 5.699235380957771158e-01
1.532044931926391351e+00 7.010411477210227815e+01 2.725790454728143430e+01 1.489096082029600510e+01 2.369706499672322997e-01 3.006737182508059598e-27 2.752781550702552913e-28 1.095290034059637784e-28 6.640793964044094944e-01
1.766890772896739126e+00 6.587725011488177529e+01 1.825971680628575911e+01 1.133899485088964454e+01 2.629714317757969599e-01 4.964237646335843518e-27 1.632768538491527059e-28 8.901729627399502574e-29 7.251981638335652791e-01
2.037735929469222107e+00 5.480074255342275791e+01 2.706878436019268008e+01 8.551092634092473332e+00 2.880498725507058544e-01 3.768732172057696791e-27 3.026408659997869706e-28 5.919536621358091663e-29 7.901192374733838619e-01
2.350098705559579226e+00 4.030934876941125111e+01 2.384885529356642309e+01 8.909400857489181647e+00 2.515838587569972362e-01 1.120354248492453185e-27 2.741932072714685854e-28 5.336901821064009557e-29 7.221520011940485428e-01
