# R (Mpc), rho (Msol/kpc^3), errup, errlow, std, pth (Msol/kpc/s^2), errup, errlow, std 
#  nprofs 451, average weighted mh 6444102750508.025391
1.040961082911032697e-02 3.307140848687581602e+05 7.013089160886252066e+05 1.920230133365402289e+05 6.355075374093874796e-01 3.838305618011729329e-24 1.724911805012612298e-24 6.390436411727095815e-25 6.659293061160447280e-01
1.200529105910367808e-02 2.416285355614769505e+05 4.600921780590657145e+05 1.037413506269864447e+05 6.038426725927968919e-01 2.860056093383001915e-24 1.297000813436554375e-24 4.817448334119690604e-25 5.458922850040274222e-01
1.384557172980430476e-02 1.979316805405628693e+05 3.110369311913232086e+05 1.248443481755212997e+05 5.128390671572821136e-01 2.573425652340076987e-24 2.192772467633507911e-24 5.608194518757834581e-25 5.430485002187507293e-01
1.596794743096121086e-02 1.566200275428204332e+05 2.323464480938360211e+05 9.466721797281868930e+04 5.020584383530271033e-01 2.402998732528792837e-24 1.095928167062545045e-24 6.688423979791955439e-25 4.974983583221567196e-01
1.841566026551830909e-02 1.237056855896484049e+05 1.731081587384964223e+05 7.777269095454394119e+04 4.331132370643842600e-01 2.135036530372684999e-24 1.573474367867340673e-24 4.369777408555434908e-25 4.696750703652473047e-01
2.123858088093512342e-02 9.998718374407512601e+04 1.370316638181825110e+05 5.126415548870392377e+04 4.127488498902202596e-01 1.667119062746322805e-24 1.219394553907538778e-24 4.635989181670184597e-25 4.680159820531099579e-01
2.449422455303571639e-02 8.365273390250833472e+04 7.808418595765388454e+04 3.538168696902393276e+04 3.736554942356102305e-01 1.570384911757682757e-24 1.296930409200705802e-24 4.487982077036542813e-25 4.725542954939127016e-01
2.824892302447100725e-02 6.775273361692210892e+04 4.441343879032196855e+04 2.974743795729165140e+04 3.789999880444985814e-01 1.482128668519691456e-24 7.917863175598733687e-25 4.857112553168853388e-25 4.375537611224980528e-01
3.257917597328415654e-02 5.160997958206636395e+04 4.558084389200925943e+04 2.127932942543043828e+04 3.627049805862618825e-01 1.435153364516193268e-24 8.158580664293293511e-25 3.922519132458191467e-25 4.478018353931966788e-01
3.757320964692217186e-02 4.031219201838537265e+04 4.011809763485423900e+04 1.803586113620294054e+04 3.579419971323520855e-01 1.137974605556146907e-24 6.279471084965391426e-25 3.227282903402979797e-25 4.290360995473843087e-01
4.333277441790538143e-02 3.155473751827001615e+04 1.974191706834473734e+04 1.543392562190213357e+04 3.355021117313806700e-01 9.861121699979427846e-25 5.584074345443208046e-25 2.890844868736987809e-25 4.064035305269055875e-01
4.997521788524898756e-02 2.668126077535627701e+04 1.090801785304686564e+04 1.168905487210212959e+04 3.360759049299897328e-01 8.396996580095566491e-25 3.509165476907204417e-25 2.291426827307207637e-25 3.862021004383677791e-01
5.763587575980636674e-02 2.083050685527511814e+04 9.741707972110400078e+03 9.396469180126778156e+03 3.348112131952979964e-01 7.248326579887351573e-25 3.584305037262076806e-25 1.675189181433955901e-25 3.792551326038623438e-01
6.647082924635627776e-02 1.625985754826292032e+04 7.963935676531275021e+03 8.334570246028481051e+03 3.424188846710976009e-01 6.411285596912394973e-25 3.712272597209797553e-25 1.222240376238724832e-25 3.918490278917295955e-01
7.666008510240249207e-02 1.474942004644492044e+04 7.067654756937925413e+03 6.321857240803617970e+03 3.436750354212155245e-01 5.535249188815733746e-25 2.730430688380971620e-25 1.106891060547915284e-25 3.847896863004273693e-01
8.841124316543315376e-02 1.309415763901328137e+04 6.418642281729778006e+03 5.122811573731394674e+03 3.511522902489312425e-01 4.613938486589979562e-25 2.076771442889732581e-25 8.744987537842402536e-26 3.892392277992396399e-01
1.019637260722580097e-01 9.874107520537261735e+03 5.140401905933822491e+03 3.771277405750375692e+03 3.432509369295890234e-01 3.763763837093974505e-25 1.672837974436729290e-25 7.864927413983354849e-26 4.049203527372274847e-01
1.175936573483598035e-01 7.544396878482421016e+03 3.879864969138253400e+03 2.948403420164165709e+03 3.244501523416730149e-01 3.048596549741294088e-25 1.723227834645541989e-25 4.825761388424620918e-26 3.967582906702206702e-01
1.356194872553388164e-01 6.177425900552569146e+03 3.190797702647581900e+03 2.491262691404079760e+03 3.124592827330042732e-01 2.507208142054521967e-25 1.423879182965455461e-25 4.519294984423887981e-26 4.107852001533482400e-01
1.564084810196403053e-01 5.003887522718050604e+03 2.503244634259968279e+03 1.996809861841020393e+03 2.891263161226302891e-01 2.008104324195491596e-25 1.029091498375976266e-25 3.210597434810297334e-26 4.110663244817989170e-01
1.803842016362447453e-01 4.063314281101371307e+03 1.990822607164401688e+03 1.147430669450259302e+03 2.746952171900580719e-01 1.582377617052309686e-25 7.333778071229054955e-26 2.529333257311972649e-26 4.218357582205473633e-01
2.080351397048574025e-01 3.429639950391309867e+03 1.694351154815158907e+03 7.273636958679117015e+02 2.652819480086986981e-01 1.198251730834745429e-25 4.930156202125433756e-26 1.887461202583319440e-26 4.275632185017798625e-01
2.399246661262133540e-01 2.640333743446898552e+03 1.133556468550816817e+03 5.752154196281412624e+02 2.654781592012814273e-01 9.002641513038768566e-26 4.077423023876163593e-26 1.314422063284302256e-26 4.445030925825334545e-01
2.767025104385807399e-01 1.989345747088808821e+03 7.677977147627809700e+02 4.316669374445722269e+02 2.572082325473688535e-01 6.771622819092636037e-26 2.818981886399884841e-26 8.308082265950376215e-27 4.686905077958804511e-01
3.191179986585286343e-01 1.557162322469260289e+03 6.050416607252768699e+02 2.779834098973174150e+02 2.566879678032099599e-01 4.953747254639261686e-26 2.001181471370198057e-26 5.713403333761197838e-27 4.907979813573856154e-01
3.680353203388414540e-01 1.134158796565793864e+03 4.975154195338318459e+02 2.216527363404462676e+02 2.586514422849506278e-01 3.442459080773651246e-26 1.187965404424861537e-26 4.567106913654520263e-27 5.161991481949722571e-01
4.244511359005219142e-01 8.109528091751899410e+02 2.952547798010070323e+02 1.612865686939329350e+02 2.662182810128873589e-01 2.279824172362548713e-26 7.407759910006951650e-27 2.505639614223426797e-27 5.394159298605852859e-01
4.895148829774688681e-01 5.782296301664647444e+02 2.358489423804832086e+02 1.106719549082200444e+02 2.674740529175804182e-01 1.570850558057251300e-26 5.737096932875927997e-27 1.381135426092694716e-27 5.741287825273433398e-01
5.645521955031491679e-01 4.446258120602345230e+02 1.939260714693503189e+02 7.776091747235406615e+01 2.784990914443629673e-01 1.136335415707593599e-26 4.108013411562514953e-27 1.112496512054039370e-27 5.887886174474573631e-01
6.510919126887823039e-01 3.076510023716963360e+02 1.249284213652972255e+02 5.625136937807737070e+01 2.757537762719955987e-01 8.707002859235904480e-27 2.379077659905804119e-27 7.576205194876525498e-28 6.096491858543672260e-01
7.508972281844089602e-01 2.271838231642445294e+02 1.075711219307953286e+02 5.004149337455418589e+01 2.864805552989018178e-01 7.845841373966703218e-27 1.777755781788437151e-27 5.091926011012794238e-28 6.428199094920959977e-01
8.660016140678794550e-01 1.737840638951405765e+02 9.005644947844966453e+01 3.685741633467761602e+01 2.938012108391022115e-01 9.069260058048950976e-27 1.395921536173155272e-27 3.891212615972199789e-28 6.752063008059081550e-01
9.987502515910116063e-01 1.387908293527345904e+02 5.467168548818672491e+01 2.783560590865617712e+01 2.777098061778515703e-01 1.075453327482336932e-26 8.953216759658144945e-28 2.715168961154206472e-28 6.840410259034471752e-01
1.151847812808953542e+00 1.217635070652867313e+02 4.302088860830412642e+01 2.618300334558005815e+01 2.774806678701831064e-01 1.180135890617747445e-26 5.940625008379376350e-28 2.585151166017755375e-28 6.989477879603974708e-01
1.328413566614123908e+00 1.007447077843663976e+02 3.593117026308215145e+01 1.884874882306450417e+01 2.773460200965106592e-01 7.836737519705840178e-27 4.648883278734716072e-28 1.634790202510247859e-28 6.832503047031566190e-01
1.532044931926391351e+00 7.416578662690234580e+01 2.041820099818705359e+01 1.843025556173623869e+01 2.557807095741232994e-01 3.275531845900930642e-27 2.365064177336653332e-28 1.640342080144237543e-28 6.462512566328721952e-01
1.766890772896739126e+00 5.545166147198774098e+01 2.415011751392478345e+01 1.358966926880289705e+01 2.488421792256657605e-01 1.377014961154768851e-27 4.043024737447139972e-28 9.409894303499831294e-29 6.665762633361252965e-01
2.037735929469222107e+00 4.523360133220963775e+01 3.315286179269116928e+01 1.162946309126198940e+01 2.424432960156724937e-01 6.535739471983626105e-28 5.388486129262351144e-28 9.691239853465750264e-29 6.630938926407136114e-01
2.350098705559579226e+00 3.819326964915892830e+01 2.898628695731358818e+01 7.987319287830299430e+00 2.152835837819900011e-01 3.892744307541772568e-28 3.258052842033313194e-28 9.136479313946959776e-29 6.058926252295526726e-01
