# R (Mpc), rho (Msol/kpc^3), errup, errlow, std, pth (Msol/kpc/s^2), errup, errlow, std 
#  nprofs 447, average weighted mh 6370579201055.854492
1.040961082911032697e-02 5.589152682027666597e+05 1.723190705594856991e+05 2.908207541754428530e+05 2.286264552786507753e-01 2.819552853705397277e-24 1.802043501190458623e-24 6.695006925562155737e-25 4.981834322933944570e-01
1.200529105910367808e-02 4.293854062925043982e+05 1.445754802458641352e+05 1.970838062338905875e+05 2.260061880078678420e-01 2.698252305457743490e-24 1.947169898943628613e-24 6.290999291324791545e-25 4.368126323486373197e-01
1.384557172980430476e-02 2.982501011024486506e+05 1.455256018469624105e+05 1.444495336520930286e+05 2.489102909733185987e-01 2.716122808235161485e-24 1.928167848523781759e-24 6.410790305588456136e-25 4.449013350778965314e-01
1.596794743096121086e-02 2.141485731308941613e+05 1.537598243728399102e+05 9.332503730167815229e+04 2.609096513067498679e-01 3.330895665923678259e-24 1.967584761821976143e-24 7.892104933016590726e-25 4.226137969435518338e-01
1.841566026551830909e-02 1.607951220780365402e+05 9.223687053118078620e+04 6.115575865314836847e+04 2.577409318686931239e-01 3.101719252706924541e-24 1.822366099922520196e-24 7.961419441507134585e-25 3.852195642977963019e-01
2.123858088093512342e-02 1.113251677710234944e+05 5.838736822835779458e+04 4.492205101952020777e+04 2.177869192876908111e-01 3.329584714914651553e-24 2.157382669326713126e-24 6.904010539740657665e-25 3.816671752392258865e-01
2.449422455303571639e-02 8.197004812387819402e+04 4.427337470670371840e+04 3.445085111422347109e+04 2.318308481580701741e-01 3.032339082039028009e-24 1.977691887809250220e-24 6.967591951278005909e-25 4.051019363819978736e-01
2.824892302447100725e-02 6.878250008456563228e+04 3.988233077084268007e+04 1.955205438872333616e+04 2.279865707474949543e-01 3.017032566690770097e-24 2.090051119678631931e-24 6.246654897216682725e-25 3.922163291528488749e-01
3.257917597328415654e-02 6.288948079623640660e+04 2.661588649567489483e+04 2.110808856278873282e+04 2.037355414819659039e-01 2.786303153967618483e-24 2.048317783964754781e-24 5.563560349279652080e-25 3.926094609642357125e-01
3.757320964692217186e-02 5.814326653750552941e+04 2.130234304199890175e+04 1.864720759585647829e+04 2.000174309766603598e-01 2.522274178436910080e-24 2.151569553239873049e-24 3.827843867663728643e-25 3.840111564562620483e-01
4.333277441790538143e-02 4.850486491940217093e+04 2.067276117060763499e+04 1.302939532795797641e+04 2.038040080249377273e-01 2.311374113292895923e-24 1.913798983365690422e-24 2.893448572621626953e-25 3.836190429369727983e-01
4.997521788524898756e-02 4.156547097249236685e+04 2.116555421238235431e+04 8.588150886986652040e+03 1.928825851377881928e-01 2.069488841745245994e-24 1.741791493696981915e-24 2.432916263268890059e-25 3.774586292255049380e-01
5.763587575980636674e-02 3.621924451791871979e+04 1.680874583748729492e+04 7.424541019248646990e+03 1.997637319611492435e-01 1.815424763986634654e-24 1.523369330307263196e-24 1.460776840119268266e-25 3.743087675968048145e-01
6.647082924635627776e-02 3.175158163140865145e+04 1.353108611927751190e+04 5.546953306587554835e+03 1.987019900935625139e-01 1.555844440491684593e-24 1.238244356916242854e-24 1.047547886612744492e-25 3.664413420905324181e-01
7.666008510240249207e-02 2.739940489420829908e+04 1.264691282699100157e+04 5.278246801221159330e+03 2.030948708763241628e-01 1.346897908340648402e-24 9.903183820454367841e-25 1.311896880753770594e-25 3.700027214196555669e-01
8.841124316543315376e-02 2.387787681825372783e+04 1.214889690143072039e+04 3.913629147506451773e+03 2.033333940194816392e-01 1.140853859106130517e-24 7.350814027611427121e-25 1.071535434005691387e-25 3.747698699105173614e-01
1.019637260722580097e-01 2.084257601141476698e+04 9.644464798062672344e+03 3.758621389688650197e+03 2.013775031037906837e-01 9.266182742777634201e-25 5.733821151109987644e-25 8.519882131103046191e-26 3.847711725112981096e-01
1.175936573483598035e-01 1.693509891095578496e+04 8.512620126022078693e+03 2.771881102161432864e+03 2.022630875829946606e-01 6.948122132602194604e-25 4.583838576517980643e-25 7.961679484761652843e-26 3.849162184971682277e-01
1.356194872553388164e-01 1.413548575104856536e+04 7.342771469023131431e+03 1.752761488827345602e+03 2.055648371138326935e-01 5.247341610012255874e-25 3.105361298672185564e-25 4.549883405320719300e-26 3.829339136585874770e-01
1.564084810196403053e-01 1.120245222931341777e+04 5.596991313705605535e+03 1.392646164008289361e+03 2.101528342147740980e-01 3.892818285278924716e-25 2.073535332324927619e-25 2.493237859265658424e-26 3.852374255168897199e-01
1.803842016362447453e-01 8.840428576542291921e+03 4.203987144830470243e+03 1.269435067102930134e+03 2.203346502127697670e-01 2.843150220114008141e-25 1.445899644149204110e-25 2.394524134444877113e-26 4.019887460445306648e-01
2.080351397048574025e-01 6.647630150151096132e+03 3.236508683527617450e+03 8.837038194436404410e+02 2.257387320430745969e-01 2.044119089804804600e-25 1.033443096784526376e-25 1.729038768550834254e-26 4.248834081890343062e-01
2.399246661262133540e-01 5.008259137089112301e+03 2.274329136813781133e+03 6.051049767240774599e+02 2.369396092930111386e-01 1.425953869304043753e-25 7.114475050592918922e-26 1.240450958167170500e-26 4.433932976982858376e-01
2.767025104385807399e-01 3.403086634130050243e+03 1.215723367226554046e+03 4.808708707008266856e+02 2.339200746249546770e-01 8.994290348674768505e-26 3.875602660184117653e-26 7.966196277334821280e-27 4.482151449464011339e-01
3.191179986585286343e-01 2.154618638759749501e+03 7.017781045574350856e+02 3.643072733027674985e+02 2.301452572973901045e-01 5.055666544086965391e-26 2.497607362896642506e-26 5.477061152205471363e-27 4.421629444519828422e-01
3.680353203388414540e-01 1.321404443556062233e+03 3.375511216930910905e+02 2.686567846407000957e+02 2.266515735718515334e-01 2.723857038991302358e-26 9.842660536959800681e-27 3.135264252284355984e-27 4.394776958254769661e-01
4.244511359005219142e-01 8.020248699343966337e+02 3.002371867213793735e+02 1.610046820394594533e+02 2.217943467838003058e-01 1.454085568581632567e-26 5.566304434044335654e-27 1.753537972257336410e-27 4.381621488569125700e-01
4.895148829774688681e-01 4.944869262848044968e+02 2.331166683807630307e+02 1.131669422706509920e+02 2.212825891345366336e-01 7.693310726387564338e-27 3.268026435831410083e-27 1.148028568907977416e-27 4.376498007052210260e-01
5.645521955031491679e-01 3.179715380774032383e+02 1.105155026283566428e+02 6.042031545434619488e+01 1.986536598003746379e-01 4.088876144799675124e-27 1.757873906754693527e-27 5.062920896895892914e-28 4.257357067375940329e-01
6.510919126887823039e-01 2.420094931543640371e+02 7.914148335104582088e+01 5.536792570674812453e+01 2.053984894896040136e-01 2.887692638820739530e-27 1.484075038335056064e-27 4.071061016273885002e-28 4.480728079509974648e-01
7.508972281844089602e-01 1.701893288409922036e+02 8.801866058091830780e+01 3.670781816739826553e+01 2.243691009262356595e-01 1.931708716358682762e-27 1.498150106829576758e-27 2.627978293112033785e-28 5.118857262736732361e-01
8.660016140678794550e-01 1.211770445320425580e+02 8.276072460071642922e+01 2.793108863217570104e+01 2.348390455184060088e-01 1.148735734490751175e-27 1.454152725651365694e-27 1.584153009954837418e-28 5.619683051365921278e-01
9.987502515910116063e-01 9.868375485812671855e+01 7.083538393111494713e+01 2.226304669425063310e+01 2.373498843202453967e-01 8.475786141593139408e-28 1.155834654159248665e-27 1.204398883840982177e-28 5.765790507625910832e-01
1.151847812808953542e+00 7.163369432912278967e+01 4.748987481540349620e+01 1.355437272213548994e+01 1.939415688234990831e-01 4.757774135550905412e-28 4.147961635828709385e-28 8.344446731184511580e-29 5.166772704595664623e-01
1.328413566614123908e+00 5.669560203675740695e+01 2.064583010578689226e+01 1.201178381375228810e+01 1.812160306476189309e-01 3.739784673329080638e-28 1.957618431354487841e-28 6.878035865635945284e-29 5.223268716397958533e-01
1.532044931926391351e+00 5.008414474028555929e+01 2.349911115169259546e+01 1.204934344914509481e+01 2.094425464223539923e-01 5.079619095071748309e-28 1.895918288164675029e-28 5.638463117494354055e-29 6.365625641648967603e-01
1.766890772896739126e+00 4.807994784608069949e+01 1.912398979918167186e+01 1.427732234874553541e+01 2.568896634502520482e-01 1.244555368019390529e-27 1.526191805298136222e-28 6.253085205009131878e-29 7.271045226759969005e-01
2.037735929469222107e+00 5.324784191717142079e+01 3.017377152861159928e+01 9.650415274911150476e+00 3.086588279333629670e-01 3.084248938215693170e-27 3.674922045860254276e-28 4.355029801232724277e-29 8.488034744197132664e-01
2.350098705559579226e+00 4.500016357185714355e+01 2.317739167326370975e+01 1.057594390980873555e+01 2.796482623972260106e-01 2.418356426949037962e-27 2.901709025295364753e-28 5.847905069873993555e-29 7.901749349423792257e-01
