# R (Mpc), rho (Msol/kpc^3), errup, errlow, std, pth (Msol/kpc/s^2), errup, errlow, std 
#  nprofs 482, average weighted mh 5750808949639.102539
1.040961082911032697e-02 2.629703834615469095e+05 6.743690878687849035e+05 8.692422467270909692e+04 7.121551998245502224e-01 3.796939399247251072e-24 1.729688515027280878e-24 6.164486654467719156e-25 7.437557433022735642e-01
1.200529105910367808e-02 2.096140642111010966e+05 5.254932679092375329e+05 5.078427985672927753e+04 6.746646126713881086e-01 3.001296231763460996e-24 1.253214042158551012e-24 6.157108407063973950e-25 7.246940151939244013e-01
1.384557172980430476e-02 1.882545467392523424e+05 3.747207340015228838e+05 7.447479252480521973e+04 6.637600233762163127e-01 2.952573729725336872e-24 1.603692264405664163e-24 5.434863417384091827e-25 6.508232513872977965e-01
1.596794743096121086e-02 1.490303739393508877e+05 2.757430620281886077e+05 4.518855018477876729e+04 6.124940572354838908e-01 1.740264956935678205e-24 1.196329699138292521e-24 2.605222150762533737e-25 5.731584895804440194e-01
1.841566026551830909e-02 1.276057730159390921e+05 1.975293168620875513e+05 3.623565304845231003e+04 6.016015607995451875e-01 1.414631865855211487e-24 1.286404394312451020e-24 2.240518032552346496e-25 5.561038347014550798e-01
2.123858088093512342e-02 9.891283578582677001e+04 1.282240081530884199e+05 2.802746053475778899e+04 4.807421262863521561e-01 9.084274177357028023e-25 9.546699250561513702e-25 3.421890713432936639e-25 5.168392632161783462e-01
2.449422455303571639e-02 7.354118479698205192e+04 9.222541373431468674e+04 2.221834959667834482e+04 4.554066229090892315e-01 8.965181530217057286e-25 8.894685331826268607e-25 3.148177672700974784e-25 4.715146375678351820e-01
2.824892302447100725e-02 5.182541921315339277e+04 5.859952791573558352e+04 1.700345971961923351e+04 4.307182295499878411e-01 7.868887625521732615e-25 6.267628217560773043e-25 2.076266662191392899e-25 4.415920663293129711e-01
3.257917597328415654e-02 3.579034428814492276e+04 3.479447838386325748e+04 1.277340355252760310e+04 3.743503542707204423e-01 6.473517635985799372e-25 5.125858088640194928e-25 2.533857944425167779e-25 4.404499072147762262e-01
3.757320964692217186e-02 2.792013072279206972e+04 2.324700419448052344e+04 1.126858686898425549e+04 3.659072986810539829e-01 6.618125947878113110e-25 3.086682161092851465e-25 2.140753413841067206e-25 4.267379197806455138e-01
4.333277441790538143e-02 2.112121353660630484e+04 2.796874057061335043e+04 7.062328473439593836e+03 3.893055250007008139e-01 5.905023041814870016e-25 2.529007062477366030e-25 2.125045233746796205e-25 4.474349585526031792e-01
4.997521788524898756e-02 1.779710135679791711e+04 1.937712619077224372e+04 7.126996922492394333e+03 3.996884019337508254e-01 5.385293761034739899e-25 2.399503851945637049e-25 1.854450076646400897e-25 4.583813533229544324e-01
5.763587575980636674e-02 1.407460039758948187e+04 1.388591765351139838e+04 6.452801362756322305e+03 3.751569573630278986e-01 4.921956706673527907e-25 2.635179294668567705e-25 1.447603603781778530e-25 4.530330422107666233e-01
6.647082924635627776e-02 1.318356328530560859e+04 1.139752210346805987e+04 4.292454899013928298e+03 3.878139200711392398e-01 4.467808618060253844e-25 2.094754345850324717e-25 1.339688541152523946e-25 4.870534400586658541e-01
7.666008510240249207e-02 1.142159218959301143e+04 7.702734257845136199e+03 4.474497156640619323e+03 3.915951435854935769e-01 3.764441720583083017e-25 1.973244110886684244e-25 1.180538339921859761e-25 4.797857629692561243e-01
8.841124316543315376e-02 9.001064035943052659e+03 5.941116034286053946e+03 2.908444220169062646e+03 3.837318865761195630e-01 3.303090850039071009e-25 1.597790894366121635e-25 9.848583597525344652e-26 4.736317870127959018e-01
1.019637260722580097e-01 6.095755935433880040e+03 5.206019903606072148e+03 2.769789144432369085e+03 3.707495774387370990e-01 2.820891386834392252e-25 1.260279102983768043e-25 6.865923854513735874e-26 4.736793758022404544e-01
1.175936573483598035e-01 5.056923306987147043e+03 3.594594580361278986e+03 2.618838362203486213e+03 3.722563207230920046e-01 2.524690582915819505e-25 1.026599642774377387e-25 5.162631067274734022e-26 4.657794611316637412e-01
1.356194872553388164e-01 4.674231091482635748e+03 3.274650562218032064e+03 1.927035308506759975e+03 3.775778281264167147e-01 2.143023909098850913e-25 1.018479400744696599e-25 3.472013405881526154e-26 4.812401930991435650e-01
1.564084810196403053e-01 4.336515030498256237e+03 3.061018542385987075e+03 1.571871504118917528e+03 3.746354844868227119e-01 1.769008885559943979e-25 8.026560828350927804e-26 2.871341562492393897e-26 4.796650755099253205e-01
1.803842016362447453e-01 3.545665991993872467e+03 2.164022545756548425e+03 1.227246815971536762e+03 3.616958634380574300e-01 1.397658816452381159e-25 5.763853915949235560e-26 2.155782001295976288e-26 4.698101092560796332e-01
2.080351397048574025e-01 2.807445903574768636e+03 1.655552017837354015e+03 8.449640444993506208e+02 3.391770779294457361e-01 1.079895095092781918e-25 5.884464541163440584e-26 1.465883855299022376e-26 4.633969208348134861e-01
2.399246661262133540e-01 2.071192769880852666e+03 1.085336264562045926e+03 6.178499459150167468e+02 3.135241176168742649e-01 7.651753323187203003e-26 3.954688446093272241e-26 9.913976784992445905e-27 4.561940097517763193e-01
2.767025104385807399e-01 1.553918924447861173e+03 8.204808870426633121e+02 3.901460240752401205e+02 2.882298293808019385e-01 4.885736518464421367e-26 2.584215112378809596e-26 7.493500532985416123e-27 4.465100851000520787e-01
3.191179986585286343e-01 1.161477837179950711e+03 5.046956102905938906e+02 2.788550185508194090e+02 2.653796513753797770e-01 3.070467079478274353e-26 2.042731387281191152e-26 4.668252895997883998e-27 4.353179146517535125e-01
3.680353203388414540e-01 7.774625964072424722e+02 4.048534865362373694e+02 1.616782524919515822e+02 2.425013416128668220e-01 2.001658828203308828e-26 1.364820883293608441e-26 3.994453796630203280e-27 4.271959627841229734e-01
4.244511359005219142e-01 6.281724387447778781e+02 3.336051541305706678e+02 1.356839237256355375e+02 2.506297850978075337e-01 1.359590708868518381e-26 9.171841762306197195e-27 2.900557644650070092e-27 4.289906207206420907e-01
4.895148829774688681e-01 4.461983051662642765e+02 1.936878500909012359e+02 1.234446833911102885e+02 2.450443246911251372e-01 9.291122104849033646e-27 5.687414858552105235e-27 1.869357270649718661e-27 4.429958915279419984e-01
5.645521955031491679e-01 3.299400221934002388e+02 1.304150514183880603e+02 9.160865182841126853e+01 2.322416906538968262e-01 6.167307015158843490e-27 4.097102222752184407e-27 1.275965956769178586e-27 4.635934909231166912e-01
6.510919126887823039e-01 2.497514144284265285e+02 8.958104047794552116e+01 7.279944700239869348e+01 2.195274293587122505e-01 3.940106523828631760e-27 3.213768788147331932e-27 8.366955091703352146e-28 4.757765605578108126e-01
7.508972281844089602e-01 1.869314122031315151e+02 7.306188590765873414e+01 4.886450501881927266e+01 2.337716527709699232e-01 2.537430673441763637e-27 2.150296431330456339e-27 6.284687323178546254e-28 5.040317509614876679e-01
8.660016140678794550e-01 1.403555997162286815e+02 7.103096118748523224e+01 5.939098289923880714e+01 2.354117583968419469e-01 1.737112096496851070e-27 1.527216143921602945e-27 4.964707230258914662e-28 5.347170556519571516e-01
9.987502515910116063e-01 1.151062082265735427e+02 5.437926137885104083e+01 3.066772966047344795e+01 2.193035112956616406e-01 1.241487361451239253e-27 8.645189481588217122e-28 4.278702302498570592e-28 5.273270418911071289e-01
1.151847812808953542e+00 8.847655837877422869e+01 3.817779370479131273e+01 2.008101731356028097e+01 2.027008352144432091e-01 8.546203224981392696e-28 6.618734643259824139e-28 2.522793195457459598e-28 5.098490777254635065e-01
1.328413566614123908e+00 6.799480924071568211e+01 1.971284849115254190e+01 1.940404949808829826e+01 2.045785240552581430e-01 5.830012916875108105e-28 3.056964847744123071e-28 1.593015143098814007e-28 5.277606582805068891e-01
1.532044931926391351e+00 5.493518846013274270e+01 1.777588620620014837e+01 1.982422799753975440e+01 2.348132092401742921e-01 4.968023598701079232e-28 3.585136729157675724e-28 1.374921142040674377e-28 6.203441257420373445e-01
1.766890772896739126e+00 4.460256429713101767e+01 1.841401334708420734e+01 1.291994208358174845e+01 2.564012994539716650e-01 4.539470893407080113e-28 1.976846997574851141e-28 1.281746827071197564e-28 6.739215247385162977e-01
2.037735929469222107e+00 3.711579233882468287e+01 2.624771034694053640e+01 9.133265898719962195e+00 2.804864647372341535e-01 3.906081091504272026e-28 4.260396217342235165e-28 9.839836396026112522e-29 7.306511982004756378e-01
2.350098705559579226e+00 3.228491375692316723e+01 2.186535196406147463e+01 1.023781458622806539e+01 2.406148070094270008e-01 2.572294925891572477e-28 2.824971850827174523e-28 9.368652174723098747e-29 6.573897364101866092e-01
