# R (Mpc), rho (Msol/kpc^3), errup, errlow, std, pth (Msol/kpc/s^2), errup, errlow, std 
#  nprofs 773, average weighted mh 6948110601057.700195
1.040961082911032697e-02 4.063685865490299184e+05 6.288115327014861396e+05 2.108256979045660701e+05 6.178561739207424353e-01 2.856914673871598051e-24 1.802226608095140968e-24 7.440305074567320885e-25 5.591613155579847616e-01
1.200529105910367808e-02 3.068153705703041633e+05 3.996082584973530611e+05 1.929574029584686214e+05 6.112846993313885147e-01 3.076997902995076240e-24 1.831443531933458191e-24 6.440109680430214128e-25 5.095210431245064120e-01
1.384557172980430476e-02 2.234219653752666491e+05 3.286638475190501194e+05 1.209147384044525534e+05 5.685350152320787220e-01 3.318658323908300621e-24 1.489701442210185725e-24 8.112955138730190798e-25 5.342462192034213020e-01
1.596794743096121086e-02 1.576702687703627744e+05 1.937455960527242860e+05 7.165019080367646529e+04 5.237620856581545192e-01 3.323981716972322142e-24 1.537352132528677233e-24 6.481334068782848819e-25 4.664617762571695025e-01
1.841566026551830909e-02 1.114287883177673357e+05 1.624157061191905814e+05 5.809015404028481134e+04 5.104612681917203298e-01 2.917795649302658863e-24 1.078840388233289917e-24 6.506085208690237448e-25 4.518434634133233763e-01
2.123858088093512342e-02 8.408504181866058207e+04 1.105568774294460454e+05 3.638994728026892699e+04 4.739716851824646859e-01 2.506674878395554852e-24 1.006687025467850382e-24 5.382682671373691397e-25 4.511319093610233755e-01
2.449422455303571639e-02 6.142540599938797823e+04 8.523596611597909941e+04 2.851569521183322649e+04 4.443089793629463324e-01 2.333235463511205992e-24 9.245173971318930507e-25 4.734994872612557111e-25 4.530276036986060628e-01
2.824892302447100725e-02 4.371382011275870173e+04 5.436536705434012401e+04 2.028720706665068064e+04 4.113138706998740735e-01 1.902908584145518996e-24 8.778215306195260303e-25 4.544588128344313372e-25 4.383498410248453658e-01
3.257917597328415654e-02 3.514400286155206413e+04 4.004328987247988698e+04 1.554641660468657574e+04 3.922862755813228963e-01 1.727570377180525103e-24 7.541037369322973916e-25 3.787581760851999282e-25 4.276231356410983842e-01
3.757320964692217186e-02 2.645419026300627957e+04 2.507422737413361756e+04 1.289739638832713717e+04 3.884955068115850119e-01 1.511749797708142814e-24 9.140337987566676988e-25 2.817999176733191100e-25 4.224909030494642392e-01
4.333277441790538143e-02 2.038706453141861493e+04 1.672759810558558456e+04 1.109725117734211381e+04 3.743509392874652675e-01 1.290637227072800799e-24 7.212220474094863568e-25 2.482921367496029455e-25 4.344581960274195853e-01
4.997521788524898756e-02 1.717424271803702868e+04 1.112932579740229994e+04 7.974450786677657561e+03 3.542239404501863476e-01 1.117834172745943554e-24 4.944969031675493708e-25 2.165783234275917793e-25 4.182124647601651590e-01
5.763587575980636674e-02 1.472791424785938398e+04 7.460639411078982448e+03 6.988281819730716961e+03 3.397881093557129084e-01 9.474186719666795163e-25 4.546648624312334780e-25 1.742781777767453590e-25 4.168849662291032043e-01
6.647082924635627776e-02 1.264064254579773478e+04 6.402073716308937946e+03 6.322039807908691728e+03 3.419295564020543576e-01 7.666277149441865661e-25 4.703971133320724816e-25 1.314483617047603570e-25 4.186755082150169227e-01
7.666008510240249207e-02 1.193959533674229715e+04 4.672919545373673827e+03 5.460998764784808372e+03 3.450266434528790893e-01 6.198544646698573354e-25 3.588081575910054774e-25 9.547991735500074020e-26 4.149538404172121164e-01
8.841124316543315376e-02 9.858399355431769436e+03 5.522882153505526730e+03 3.962410630855286399e+03 3.386789944247229345e-01 5.146229075232446119e-25 2.920554381239919139e-25 6.170538258745508169e-26 4.187704179848228958e-01
1.019637260722580097e-01 7.792918503822519597e+03 4.000195853476844604e+03 3.077320506575409581e+03 3.275351329108151521e-01 4.173607371925674154e-25 2.704103596463592317e-25 4.707019616398164062e-26 4.229614797624280942e-01
1.175936573483598035e-01 6.674170521980900958e+03 3.050381078150552639e+03 2.282654840908909136e+03 3.140257899670725328e-01 3.312909958540111764e-25 2.371020441732070837e-25 4.090639461101591662e-26 4.173331845874440615e-01
1.356194872553388164e-01 5.345223025801471522e+03 2.512341201853138500e+03 1.744038743920481465e+03 3.007244543062870257e-01 2.490394406461153597e-25 1.832677143126630338e-25 2.539936766563602274e-26 4.131721050070054635e-01
1.564084810196403053e-01 4.273217420742687864e+03 2.136822007133110674e+03 1.177575381582555110e+03 2.898580803672605177e-01 1.909125795722256369e-25 1.308959956121598101e-25 1.998337460184976725e-26 4.164419011750615240e-01
1.803842016362447453e-01 3.522459250361121576e+03 2.073601767578643376e+03 7.245956037622963777e+02 2.775767816369959506e-01 1.471574703572859686e-25 9.093448023319105071e-26 1.529630353850942427e-26 4.293031498936709656e-01
2.080351397048574025e-01 2.670530792827691130e+03 1.639122823422458850e+03 4.833581197398148106e+02 2.681936035318481792e-01 1.105103377889367315e-25 6.523910149161355030e-26 1.493921386805896438e-26 4.544845231697930976e-01
2.399246661262133540e-01 1.994488611961173092e+03 1.232878980610720191e+03 4.099263402732167378e+02 2.591551002107177482e-01 7.899878780097662452e-26 4.477726646483891629e-26 1.156616895268480575e-26 4.752970741534747190e-01
2.767025104385807399e-01 1.498657922720433135e+03 7.704190299249524969e+02 3.796128707006009790e+02 2.617953209754723676e-01 5.410756267448400713e-26 2.681022388303210830e-26 7.858731088088190237e-27 4.925066349412852151e-01
3.191179986585286343e-01 1.078262403994370970e+03 5.072803817822507426e+02 2.656217201650293873e+02 2.678551907524636677e-01 3.521752710928940452e-26 1.588824436638715780e-26 5.399586310894494556e-27 5.205979029634774102e-01
3.680353203388414540e-01 7.729700770050129677e+02 3.131141661188802914e+02 1.882854334985391063e+02 2.710618980773660258e-01 2.359204127413181222e-26 1.163063068895215446e-26 3.492804229515362639e-27 5.520572594690398294e-01
4.244511359005219142e-01 5.418328407387917878e+02 2.485547698073797278e+02 1.268558974060774744e+02 2.795312235682357871e-01 1.516565911480347143e-26 7.594357403825662159e-27 2.046059421083778688e-27 5.816494515753155570e-01
4.895148829774688681e-01 3.822313888323191122e+02 1.765580427352672928e+02 9.613394618859685181e+01 2.895505616331405241e-01 9.669041500059655846e-27 5.472992907543676573e-27 1.168041153534978582e-27 6.139349233791727700e-01
5.645521955031491679e-01 2.700845812118296863e+02 1.583634243478023791e+02 6.422781553399279630e+01 2.897167152548077995e-01 5.959363559832348154e-27 3.702878993179533243e-27 8.462630957874677394e-28 6.382183286967575420e-01
6.510919126887823039e-01 1.998804661220348180e+02 1.243669378106921641e+02 4.955798158186512836e+01 2.927756673051232772e-01 3.835139122561360895e-27 2.874177955984188841e-27 5.485224705914688548e-28 6.544082169335868615e-01
7.508972281844089602e-01 1.406411859604201879e+02 7.995767446081578100e+01 3.690198703347786591e+01 2.835012421676970096e-01 2.711061455394811244e-27 1.797834636269606659e-27 4.143961817983778479e-28 6.665235105726130538e-01
8.660016140678794550e-01 1.127559022131650437e+02 6.812688960139851702e+01 3.184695670550861024e+01 2.899605397110076033e-01 2.187902883429185759e-27 1.440195894242733132e-27 3.575836432150122557e-28 7.020135276405699010e-01
9.987502515910116063e-01 8.672083824511967975e+01 4.857778917108623773e+01 2.637065702892513741e+01 2.722603679045080272e-01 1.993642950230168489e-27 1.215894876525436638e-27 2.604875618497985617e-28 7.062542674918056429e-01
1.151847812808953542e+00 7.821923316808182847e+01 4.446627385705956215e+01 2.716523578328159871e+01 2.789822014128935934e-01 2.457492884063478165e-27 7.774589052609562179e-28 2.715199155681976529e-28 7.176704665262856331e-01
1.328413566614123908e+00 7.095713642078983696e+01 4.242503655884008396e+01 1.911707540272432482e+01 2.817557515178844563e-01 3.603378098773271146e-27 7.243926670853010697e-28 2.075707785979633406e-28 7.458688024181920895e-01
1.532044931926391351e+00 6.562539284680408969e+01 3.237320109604574014e+01 1.559845682604861139e+01 2.816174555526990142e-01 5.680389850711302392e-27 5.177788852981618889e-28 1.735424217054397455e-28 7.359667962715171763e-01
1.766890772896739126e+00 6.605739415904450595e+01 2.563693325676863921e+01 1.152943328773429954e+01 2.788109840419352170e-01 9.950306722184949337e-27 4.787911372654992990e-28 1.061318960253437070e-28 7.227041916653627052e-01
2.037735929469222107e+00 5.180139319748012383e+01 2.683379521671413315e+01 9.641393644509147265e+00 2.765597802671862504e-01 5.131965981520845324e-27 6.481295086768616370e-28 1.045474924532961646e-28 7.152304485185803085e-01
2.350098705559579226e+00 3.710059458475023320e+01 2.507433735698069910e+01 8.182183700664229065e+00 2.444298685696811302e-01 1.511048753910050327e-27 5.273299906276995840e-28 1.351354823770863025e-28 6.699897132926782017e-01
