# R (Mpc), rho (Msol/kpc^3), errup, errlow, std, pth (Msol/kpc/s^2), errup, errlow, std 
#  nprofs 457, average weighted mh 5702072985425.619141
1.040961082911032697e-02 4.702309409322188585e+05 7.650143020328548737e+05 4.444659215489741764e+05 5.557559563462277641e-01 3.825316813215662230e-24 1.844829378110934544e-24 4.617273347101885426e-25 4.508001129416107089e-01
1.200529105910367808e-02 3.539360583367231884e+05 3.901525483123398153e+05 3.686680991703181062e+05 5.216070153682722532e-01 3.181482308848219734e-24 9.549126732531072517e-25 6.351267004821124013e-25 4.911203403720162397e-01
1.384557172980430476e-02 2.985802791060096934e+05 2.523759868586873054e+05 3.084988636474380037e+05 4.676442447266367930e-01 3.289179302589551517e-24 1.599861213003924137e-24 4.914844979130795502e-25 4.653369040073129237e-01
1.596794743096121086e-02 2.379521046764559287e+05 2.395318408428520779e+05 2.076192395140676526e+05 4.267411071352926188e-01 3.008736455728105145e-24 1.112929216805054929e-24 5.840008886386050826e-25 3.988503904414112955e-01
1.841566026551830909e-02 1.819023356074094772e+05 1.818614412180757790e+05 1.248138408967424766e+05 3.723848318136595559e-01 1.905719169190940507e-24 8.120293385773089433e-25 3.769332525551020459e-25 3.118239420095283987e-01
2.123858088093512342e-02 1.256666587748366583e+05 1.134054640433554741e+05 8.153320842215875746e+04 3.564901412218011156e-01 1.692705706391683349e-24 9.820843725587547474e-25 4.014189637640747377e-25 3.514244309404149225e-01
2.449422455303571639e-02 8.977974148932208482e+04 8.228667709772344097e+04 5.412469821890801541e+04 3.209194130337243434e-01 1.293721876641669922e-24 8.358036865689483734e-25 2.830128251514066958e-25 3.069419919443913125e-01
2.824892302447100725e-02 6.833314195572376775e+04 6.458020442738137353e+04 2.752064276439027890e+04 2.930712075899903901e-01 1.236407074826401982e-24 5.213173704543198967e-25 3.220093260243577695e-25 3.104893703134968264e-01
3.257917597328415654e-02 5.351765954438670451e+04 3.935078215254595852e+04 1.834021213204583546e+04 2.870054542923126117e-01 1.093764237327566972e-24 5.976503965149263521e-25 2.353934194012107188e-25 3.203983707175719897e-01
3.757320964692217186e-02 4.084294804013408429e+04 3.613236034598966216e+04 1.744385018907866834e+04 2.891396060690225034e-01 1.025728437124593511e-24 5.847066484376801393e-25 2.318185805670207617e-25 3.041133444717740164e-01
4.333277441790538143e-02 3.381986590666251868e+04 2.198411007925307422e+04 1.435935778215120263e+04 2.883646368302745788e-01 9.459961512761832933e-25 5.476699509356983052e-25 2.067953348115892475e-25 3.134644699572035065e-01
4.997521788524898756e-02 2.682474717054892972e+04 1.391379182454857437e+04 1.090635942968672862e+04 2.812423852752655717e-01 8.440981455670174613e-25 4.789095080061956210e-25 1.829776960631153779e-25 3.274142626833513869e-01
5.763587575980636674e-02 2.275931176674393646e+04 1.230058666265525244e+04 8.318824059997508812e+03 2.731138320475757775e-01 7.459083040411436648e-25 4.580053361830115579e-25 1.190468059419958819e-25 3.250251694058444718e-01
6.647082924635627776e-02 1.873506328890208533e+04 9.657010095752266352e+03 7.043638903992152336e+03 2.632364953535375474e-01 6.406744119968981626e-25 3.635163112128851195e-25 1.229310900656522694e-25 3.112403080940391309e-01
7.666008510240249207e-02 1.492530208915247567e+04 8.394634650025407609e+03 4.337607153276068857e+03 2.570761623152869046e-01 5.561076415260547783e-25 2.721610715382466303e-25 8.783893121090332770e-26 3.245156247778013814e-01
8.841124316543315376e-02 1.259670522637314025e+04 6.817776018995587947e+03 3.163127375368808316e+03 2.618565371857349278e-01 4.683880867303824344e-25 2.425272683099035763e-25 7.748634654027624962e-26 3.246131163315056911e-01
1.019637260722580097e-01 1.042890556552155977e+04 4.677831535543374230e+03 3.666410117858824833e+03 2.590336763384809005e-01 3.858066840262505447e-25 1.869008201639174739e-25 6.454284557539739989e-26 3.282765205461521396e-01
1.175936573483598035e-01 8.364512653803531066e+03 4.006930570782954419e+03 2.327246513205248903e+03 2.494022191621825257e-01 3.190728734108386294e-25 1.531185443789213350e-25 5.656776027501542100e-26 3.307777339353727974e-01
1.356194872553388164e-01 7.067490790075849873e+03 3.017807647213055134e+03 1.883815981686827854e+03 2.449487823787582785e-01 2.576325126495548873e-25 1.296293798505791124e-25 4.723108701883157134e-26 3.389187782345856048e-01
1.564084810196403053e-01 5.786388552970238379e+03 2.871290129939318376e+03 1.519659381449344437e+03 2.447164826043016772e-01 1.966009506359824420e-25 1.031998234190523194e-25 2.997341315468008520e-26 3.439079059098988922e-01
1.803842016362447453e-01 4.791649395830992034e+03 2.347035416626083133e+03 1.142910212397237956e+03 2.394066752886130633e-01 1.509749755488083862e-25 7.360231247583707825e-26 1.931514204578172853e-26 3.570254379358495656e-01
2.080351397048574025e-01 3.741158309567723791e+03 1.505568246564197125e+03 9.099995921323754828e+02 2.316369322062425684e-01 1.143103852728314178e-25 5.545860913668772059e-26 1.795183148998826702e-26 3.759961784310144051e-01
2.399246661262133540e-01 2.823209852367295753e+03 8.824680896382712945e+02 7.051098860671850161e+02 2.213424133249261572e-01 8.407155842396899573e-26 3.449893359356864679e-26 1.462687394004347182e-26 3.888251210770762856e-01
2.767025104385807399e-01 2.183911534588164614e+03 6.831628513056168686e+02 4.167868078932428944e+02 2.194161438847666568e-01 6.013053732564193111e-26 2.119752174257500435e-26 1.079838636688233302e-26 4.056114715749993271e-01
3.191179986585286343e-01 1.540700495408156030e+03 5.300739795895188990e+02 3.014370728021245327e+02 2.203987350840815873e-01 3.909310334421300493e-26 1.366101859920336656e-26 5.668464163276518583e-27 4.269476023474384485e-01
3.680353203388414540e-01 1.033974212435628942e+03 3.643664412791581526e+02 2.682116456492331622e+02 2.181460056155279659e-01 2.427982448692848543e-26 7.248544313167764603e-27 3.162559363810184762e-27 4.409254749008131302e-01
4.244511359005219142e-01 7.387064371764122370e+02 2.582035324068671116e+02 1.501050016178510873e+02 2.247990643435787972e-01 1.475974047918621433e-26 5.893242257932118331e-27 2.491704963197208926e-27 4.512164035973914022e-01
4.895148829774688681e-01 5.046897549196073669e+02 2.147001362108204603e+02 1.127909888731891499e+02 2.307074088216099494e-01 8.415973042834776482e-27 4.086453976268378911e-27 1.476673061364840007e-27 4.569383824613958422e-01
5.645521955031491679e-01 3.588133248142900698e+02 1.486526881973363459e+02 7.174175406738186211e+01 2.194927043356135199e-01 5.093230791676167102e-27 2.751478740167724224e-27 9.052361097033477155e-28 4.629752729607866657e-01
6.510919126887823039e-01 2.589669949632568660e+02 1.007662362702062921e+02 6.922218003540656639e+01 2.283878312638540353e-01 3.189504752079405870e-27 1.784986345023734975e-27 6.881328484700532107e-28 4.861200329050921476e-01
7.508972281844089602e-01 1.901999791404068390e+02 1.001808666515053403e+02 3.684001774026653209e+01 2.351511179661783524e-01 2.126783995754733039e-27 1.656170264541004946e-27 4.562582624929424929e-28 5.384580701638763678e-01
8.660016140678794550e-01 1.410436620812350270e+02 7.192773555282160203e+01 5.244569281645814840e+01 2.505098826551747648e-01 1.534385797991724464e-27 1.047923582270456445e-27 4.415803446550742143e-28 5.955247115139563618e-01
9.987502515910116063e-01 1.198263817041790418e+02 8.492835333625329497e+01 3.148335683932811691e+01 2.532219108054177825e-01 1.297626979698700968e-27 1.269549169294695774e-27 3.365303594557922182e-28 6.289830387325325844e-01
1.151847812808953542e+00 8.624310730827058080e+01 5.297589391471969833e+01 1.535854072525537362e+01 2.170842385029728427e-01 1.137187077229979219e-27 4.581840294633299075e-28 1.807905086304641914e-28 6.000353402092206689e-01
1.328413566614123908e+00 7.364029392899546167e+01 1.741619048780876255e+01 2.030905554250382394e+01 2.122821553494290137e-01 1.375555116158456662e-27 2.879042694743400714e-28 1.365325794523309837e-28 5.806208818268150385e-01
1.532044931926391351e+00 6.999948946411710438e+01 3.331854350598021597e+01 1.251182768414462743e+01 2.444733026442278967e-01 2.772009337268095165e-27 3.239185662247416936e-28 1.071528753558523890e-28 6.723249235993437045e-01
1.766890772896739126e+00 6.598783644906170309e+01 1.692761941148089733e+01 1.182970914311957955e+01 2.633103960319982950e-01 4.989043700604605866e-27 1.774038168835864311e-28 8.116399729789993741e-29 7.220587118735140031e-01
2.037735929469222107e+00 5.379985829471326042e+01 2.439220544856978634e+01 8.653616923933597604e+00 2.914151210764092670e-01 3.736628032437801888e-27 3.040503706018495103e-28 5.675804034775504726e-29 7.891066167619938954e-01
2.350098705559579226e+00 4.001148144041214039e+01 2.436217498589084585e+01 8.989371064493191454e+00 2.565784050261536442e-01 1.111297733337219923e-27 2.327569263786539134e-28 9.215467333654816362e-29 7.370818483310518365e-01
