# R (Mpc), rho (Msol/kpc^3), errup, errlow, std, pth (Msol/kpc/s^2), errup, errlow, std 
#  nprofs 473, average weighted mh 6300822927492.184570
1.040961082911032697e-02 2.654066993645817274e+05 6.561979539239114383e+05 7.810958243889108417e+04 6.069458727639047702e-01 2.198856863619490390e-24 1.969865918347346738e-24 6.041320643831086589e-25 6.349481619596302195e-01
1.200529105910367808e-02 1.864516950348237879e+05 4.332165041714292602e+05 9.154638304744071502e+04 6.132854468397542780e-01 2.120777912408379246e-24 1.583547001559334315e-24 6.344813514469225952e-25 5.277832479905059104e-01
1.384557172980430476e-02 1.423665855606608675e+05 2.842781167563791969e+05 6.283281147774546116e+04 6.075687465491382833e-01 1.522833315364241800e-24 1.261736089677965833e-24 3.802048326797632656e-25 4.686781185890210311e-01
1.596794743096121086e-02 1.160023452781660017e+05 2.224338025294756226e+05 4.538287275629054056e+04 5.118377137597001081e-01 1.550362243573151474e-24 9.608248790773231317e-25 5.074797277355644123e-25 4.328107737952676670e-01
1.841566026551830909e-02 9.438296931081743969e+04 1.665535374705747236e+05 3.671840994856569159e+04 5.287842324219554913e-01 1.418772569484810652e-24 5.817211435848022099e-25 6.087534602809220502e-25 5.086301403255176767e-01
2.123858088093512342e-02 7.234853357403172413e+04 1.145405072262090544e+05 3.173851732391104088e+04 5.024561779155756192e-01 1.312795071281309136e-24 5.406733583925062490e-25 4.021557848535962834e-25 4.391716868423301001e-01
2.449422455303571639e-02 6.022762843200490170e+04 8.206693346927026869e+04 2.726325202626960890e+04 4.627193067770530854e-01 1.219431753297062622e-24 5.838005158389246175e-25 4.110326939211166798e-25 4.092096292020093729e-01
2.824892302447100725e-02 4.139026739258475573e+04 4.234038467887588195e+04 2.375430054297478637e+04 4.398366485390119984e-01 1.153930961416686645e-24 4.387197740930022336e-25 3.434503168039961310e-25 4.183743990380056621e-01
3.257917597328415654e-02 3.334809589007311297e+04 3.206930748998104536e+04 2.111003450754177175e+04 4.337457435451545495e-01 1.032976172453801054e-24 4.414558286077119921e-25 3.409761221291020933e-25 4.288459869185595186e-01
3.757320964692217186e-02 2.738329187597975397e+04 2.295781227774912622e+04 1.434831464919512291e+04 3.910469674346685465e-01 1.043369249860764901e-24 5.496658811798460685e-25 2.527244957817529580e-25 4.192017559342681721e-01
4.333277441790538143e-02 2.069149553116743118e+04 1.765038517096424039e+04 1.193111176110006090e+04 3.746651689261324969e-01 8.577646997362665875e-25 4.533737409443198891e-25 1.944566669543715222e-25 3.962320627250028870e-01
4.997521788524898756e-02 1.733776109884150719e+04 1.262388587287626069e+04 8.203908048787561711e+03 3.528211326852568885e-01 7.540524264633841385e-25 4.528305182345303035e-25 1.773686077542982404e-25 4.111203544811692923e-01
5.763587575980636674e-02 1.460528214334492259e+04 8.649069754084899614e+03 6.369030852410232910e+03 3.439704739985233739e-01 6.945070431470637486e-25 2.437727036307608455e-25 1.537286119559831843e-25 4.067429243205918921e-01
6.647082924635627776e-02 1.104710543669972503e+04 8.859454846465267110e+03 4.317376817593434680e+03 3.352335404451308731e-01 6.023500596573442637e-25 2.372367287472136807e-25 1.161449720700328797e-25 4.069566075173174924e-01
7.666008510240249207e-02 9.402138704527051232e+03 6.533439639161972082e+03 4.514020590509571775e+03 3.470566441588890383e-01 4.776305270590717521e-25 1.837855435396947356e-25 1.076755489203562274e-25 4.081833657563510021e-01
8.841124316543315376e-02 7.831021384495395068e+03 4.825485032787561067e+03 2.947242196208067071e+03 3.331404378113684839e-01 3.676695396604751562e-25 1.438182963665351759e-25 9.974200302844751067e-26 4.108616726579458200e-01
1.019637260722580097e-01 6.073065586822551268e+03 3.505240741065256771e+03 2.729880721892151996e+03 3.234796162207863590e-01 2.741772507802713841e-25 1.414931456199067645e-25 7.382207641811114091e-26 3.992771728293494915e-01
1.175936573483598035e-01 5.014731908815174393e+03 3.559718950542140192e+03 1.705517751251176605e+03 3.155927485225765716e-01 2.263106283933629002e-25 1.291552684998122041e-25 5.266415351533475825e-26 4.050751512193273007e-01
1.356194872553388164e-01 4.521444875043773209e+03 3.301394840952774302e+03 1.531094546967017322e+03 3.206982708942709426e-01 1.965999954984607246e-25 1.028057589857468169e-25 3.534273602506997221e-26 4.175066453430645308e-01
1.564084810196403053e-01 3.859472745663003479e+03 2.469075469226457244e+03 1.331902804062583982e+03 3.076392997007769692e-01 1.680516386476240604e-25 8.916617479325421187e-26 2.816201411463864462e-26 4.311175083414529596e-01
1.803842016362447453e-01 3.302950708436238983e+03 1.896524698064899439e+03 9.451006528094934538e+02 2.942829977039553291e-01 1.412749835331126086e-25 6.934515513615023583e-26 1.999790992714951185e-26 4.399333525340626272e-01
2.080351397048574025e-01 2.837799340746053076e+03 1.450691944615836064e+03 8.448423925346119177e+02 3.024403558603467879e-01 1.164159986591946977e-25 5.491047781956987632e-26 1.631051545653280528e-26 4.580455494330908928e-01
2.399246661262133540e-01 2.406190950627531947e+03 1.081342102693453626e+03 6.344733005334736617e+02 3.070742038196059842e-01 9.617930570340660213e-26 4.226399388263168204e-26 1.196281748309437333e-26 4.768144855257954173e-01
2.767025104385807399e-01 1.933506465742979117e+03 9.430959710568788523e+02 3.574928459791842670e+02 3.024379266925822929e-01 7.444127700434349045e-26 3.341087797938067625e-26 8.689831829471690201e-27 4.877461466920375299e-01
3.191179986585286343e-01 1.544432515615474586e+03 4.394434308995029141e+02 3.564351284569326026e+02 2.921425792571969438e-01 5.577192081309260005e-26 2.092342228260348576e-26 8.430036951495006598e-27 4.999922734603770014e-01
3.680353203388414540e-01 1.145329917534698325e+03 4.665116172704564406e+02 3.194596808794017875e+02 2.946844525368882417e-01 3.862561180620148371e-26 1.223648973347468509e-26 6.082143928280904332e-27 5.276602067004836361e-01
4.244511359005219142e-01 8.384154385716468596e+02 2.476037265004846404e+02 2.582148766961654474e+02 2.986164767902741435e-01 2.557180142039167611e-26 8.047878298705580750e-27 4.465991566192458925e-27 5.524988649820720132e-01
4.895148829774688681e-01 5.848971880870839186e+02 2.336541885719009315e+02 1.553831674508302569e+02 2.893969333074393191e-01 1.605542173981212328e-26 7.048775749146997113e-27 2.425162897221623887e-27 5.643083698380682023e-01
5.645521955031491679e-01 4.159527019326897062e+02 2.066048045239401176e+02 9.822194850620130069e+01 2.874666883347352653e-01 1.022436110628164298e-26 5.519497461323438010e-27 1.466553417617742911e-27 5.819362726001947594e-01
6.510919126887823039e-01 2.753981536988697485e+02 1.897926058971684995e+02 6.320666537269808316e+01 2.859952808222804288e-01 5.585242324483627472e-27 4.000610550243362655e-27 1.097528536045258749e-27 5.925218781944281421e-01
7.508972281844089602e-01 1.910945690048472727e+02 1.320598081588055948e+02 4.384357231872863991e+01 2.784337573876994321e-01 3.184593079355941136e-27 2.650419803634075220e-27 7.326423360729583913e-28 6.111717447419148241e-01
8.660016140678794550e-01 1.411080290374645472e+02 7.664153627745730546e+01 4.238426001903173557e+01 2.683536634900722806e-01 2.120911747148791541e-27 1.643153264437187838e-27 5.793009783596944308e-28 6.320937189369157938e-01
9.987502515910116063e-01 1.096971126437754691e+02 4.762981104431986523e+01 3.729128694785184450e+01 2.648330580202012952e-01 1.502613615286851924e-27 1.149639925898565861e-27 4.847750918247571073e-28 6.453882379997488705e-01
1.151847812808953542e+00 8.603295966576837372e+01 5.401572973256656951e+01 2.728453921051691822e+01 2.679449670370336878e-01 9.950147240881094686e-28 8.205935079599270571e-28 3.249855541086495286e-28 6.490849502711647512e-01
1.328413566614123908e+00 7.090208910206304438e+01 3.549890022507965881e+01 2.122005382000434537e+01 2.479644767140340433e-01 7.270337200877129668e-28 5.583141501585249219e-28 2.569348584956671374e-28 6.078216182939368828e-01
1.532044931926391351e+00 6.038790700975928161e+01 3.118170059675794192e+01 1.775877020596397671e+01 2.452061165791450947e-01 6.261748283619817692e-28 6.988324069069923352e-28 1.984371579514814809e-28 6.119041267617194579e-01
1.766890772896739126e+00 4.847023787900763381e+01 2.799289057932733016e+01 1.450100709362023821e+01 2.439038722143596349e-01 5.399621994197820780e-28 3.465139074334125174e-28 1.403215112951310785e-28 6.295206589364460426e-01
2.037735929469222107e+00 3.969119980481143983e+01 2.059989458754989400e+01 9.785422344537668238e+00 2.285265006311384683e-01 3.663524260751871994e-28 3.888978125710890794e-28 1.222007589959574296e-28 6.231165810728319654e-01
2.350098705559579226e+00 3.435710841696690920e+01 2.433094619974401951e+01 1.008296893675857220e+01 2.112444569478956202e-01 2.790052804792425906e-28 3.564157180896719993e-28 1.235733578523632175e-28 5.868026045819640935e-01
