# R (Mpc), rho (Msol/kpc^3), errup, errlow, std, pth (Msol/kpc/s^2), errup, errlow, std 
#  nprofs 459, average weighted mh 5569516285472.614258
1.040961082911032697e-02 3.789654033506733831e+05 6.939500092453008983e+05 4.120475066644501057e+05 6.624358072745201165e-01 5.368067008800656209e-24 1.091235089709810685e-24 6.821717658402131824e-25 5.068317262840582593e-01
1.200529105910367808e-02 3.349230005879789242e+05 6.500915527761757839e+05 2.668676696496869554e+05 5.561775253136281849e-01 2.692805060143567271e-24 1.818951671700090587e-24 4.764617892638753044e-25 4.819071362347916443e-01
1.384557172980430476e-02 2.189888891067508375e+05 4.607011113352476386e+05 1.927344507250706083e+05 6.229557321558681915e-01 1.664364078941074859e-24 9.056632036548364904e-25 6.648094965641490808e-25 5.703632305294179528e-01
1.596794743096121086e-02 1.645220005318237818e+05 2.900765836545667844e+05 1.682945785767207853e+05 5.133679373542633373e-01 1.550632393173920152e-24 1.034441396208415536e-24 5.484182127259139035e-25 3.754686348482289548e-01
1.841566026551830909e-02 1.242954977589004411e+05 2.209017490014640207e+05 1.046690792353776051e+05 4.569332854875648997e-01 1.563328473802856023e-24 1.109284286018606814e-24 5.447963507833210186e-25 3.310681989295111149e-01
2.123858088093512342e-02 9.437916654733431642e+04 1.520724310441937996e+05 6.841674023661142564e+04 4.634317984101946619e-01 1.460587249867932908e-24 1.317587380386190920e-24 3.497155361558932563e-25 4.210594593801900154e-01
2.449422455303571639e-02 6.652467592215527839e+04 1.015769340101105772e+05 4.250443595420256315e+04 3.803495625924757650e-01 1.429229127175671399e-24 8.282393626224684062e-25 3.009296619580181596e-25 3.556174523258138209e-01
2.824892302447100725e-02 4.890638153329531633e+04 6.406025760698877275e+04 3.024744030832863427e+04 3.570961122507545493e-01 1.306456645489921080e-24 1.102625920975753717e-24 3.112968638260818595e-25 3.343769580209375314e-01
3.257917597328415654e-02 3.828136983595239872e+04 3.916703843130533642e+04 2.894024951885566043e+04 3.382860005263227943e-01 1.210904944052563133e-24 8.213701775712255597e-25 3.038924703594231384e-25 3.373382099634503195e-01
3.757320964692217186e-02 3.326871738795470446e+04 2.314994648605226394e+04 2.172887124528236018e+04 3.418334537752019120e-01 1.194048331188361233e-24 6.967498178463140288e-25 2.810823208912509109e-25 3.641551989563390213e-01
4.333277441790538143e-02 2.864570206917326504e+04 2.524138263117422684e+04 1.575875637473811912e+04 3.411651455104414699e-01 1.007014651692930656e-24 6.606381577799538511e-25 2.114946279277285554e-25 3.470171000482261126e-01
4.997521788524898756e-02 2.234756430807252764e+04 1.617899938218026000e+04 1.320944041514871788e+04 3.278469463814189244e-01 8.428257442292505664e-25 5.011931495004780486e-25 1.976474270175000995e-25 3.513609871090107584e-01
5.763587575980636674e-02 1.974978665883147914e+04 1.643579810151479614e+04 8.748956781205273728e+03 3.193162646180720543e-01 6.631356824059639005e-25 3.949602295847956585e-25 1.536618562192803340e-25 3.261232120152335323e-01
6.647082924635627776e-02 1.709663649344610531e+04 1.069903640465993703e+04 6.903595740809612835e+03 3.121330150802599790e-01 5.713319916326423369e-25 2.856743913512692573e-25 1.446921806997528537e-25 3.267047410867615076e-01
7.666008510240249207e-02 1.364905402459034121e+04 5.278758010731939066e+03 6.421820992162441144e+03 2.935979650693418264e-01 4.879825190024135831e-25 2.338094633013318937e-25 1.094678091006869260e-25 3.247782179844731498e-01
8.841124316543315376e-02 1.046139214907949645e+04 5.267014494605647997e+03 4.583874744764422758e+03 2.938115136806900840e-01 3.899526736281442811e-25 2.283596770199510094e-25 8.208481045965972262e-26 3.267587098559869285e-01
1.019637260722580097e-01 8.810935507454691106e+03 3.848725694707643015e+03 4.558425887156999124e+03 2.927405545250318375e-01 3.190109024288847304e-25 1.902189723739753054e-25 7.238783484926533780e-26 3.373147019221952592e-01
1.175936573483598035e-01 7.246553665512517910e+03 3.634799825180121843e+03 3.137733335039939902e+03 2.870067482637547740e-01 2.676380445570213385e-25 1.473647718772389888e-25 5.038441039669098729e-26 3.459199584021503404e-01
1.356194872553388164e-01 6.193016187606923268e+03 3.188358884978051719e+03 2.618424028965547222e+03 2.822289416378904181e-01 2.203528598422687795e-25 1.238246896294688246e-25 3.598442481883487450e-26 3.530875492974014929e-01
1.564084810196403053e-01 5.181750894381313628e+03 2.054546651726433993e+03 1.969462741641889806e+03 2.701703357337871259e-01 1.779444084812406662e-25 7.812960842426427896e-26 3.281558137565968799e-26 3.592231899514196636e-01
1.803842016362447453e-01 4.342567382152627033e+03 2.144097870056266402e+03 1.258244772036378436e+03 2.646675626973174489e-01 1.502855223565105957e-25 7.834282447476044905e-26 2.061501493268810021e-26 3.762820004510580851e-01
2.080351397048574025e-01 3.338709704225668247e+03 1.316295409256880248e+03 1.049181640823969246e+03 2.475776666657740488e-01 1.249092459202084782e-25 5.725652217482219386e-26 1.922864596095034526e-26 4.021388972679620366e-01
2.399246661262133540e-01 2.609962607680572091e+03 9.968433394983815106e+02 5.757852995315058706e+02 2.376843644266808109e-01 9.306854516787422577e-26 3.445166296028833962e-26 1.459174708504933761e-26 4.170491228516171600e-01
2.767025104385807399e-01 2.006717899932886212e+03 7.628813670984789042e+02 3.982932624273051943e+02 2.241059627648582242e-01 6.497932254137589666e-26 2.332709943847842269e-26 8.742496377045372182e-27 4.200657806520738391e-01
3.191179986585286343e-01 1.449817909062102899e+03 5.293657672909959047e+02 2.240540458261313006e+02 2.158537967124039836e-01 4.166223319800689213e-26 1.385325326478488162e-26 4.026913797133604573e-27 4.294915880977059341e-01
3.680353203388414540e-01 9.953963713545941800e+02 3.343756381924659991e+02 1.483170867054099631e+02 2.129268060692434961e-01 2.594883470881764118e-26 6.876990052896183668e-27 4.065960293013480642e-27 4.396837919916242177e-01
4.244511359005219142e-01 7.013709840329090639e+02 2.878482596132183744e+02 1.286890909248071466e+02 2.204001463305131081e-01 1.534915771503109776e-26 4.859403818689504578e-27 3.000993992099303620e-27 4.572905630509534469e-01
4.895148829774688681e-01 4.953397278628045228e+02 2.380344653342200445e+02 1.200034622972363820e+02 2.336018659469514813e-01 9.171041426649387664e-27 4.046483512380052359e-27 2.030562811392875158e-27 4.738076736981763903e-01
5.645521955031491679e-01 3.624248250445721169e+02 1.585583648980259852e+02 7.857386424437964934e+01 2.245878564840639025e-01 5.557971590068234439e-27 3.872747034733072008e-27 1.197314275142687424e-27 4.876710430347170333e-01
6.510919126887823039e-01 2.470227223433372217e+02 9.388070263436659957e+01 7.603301113300604186e+01 2.244252410106412354e-01 3.421001403385555936e-27 2.240015875460634719e-27 8.282844429445232168e-28 5.091620125693135934e-01
7.508972281844089602e-01 1.888267842337828597e+02 8.524041173836586438e+01 5.126219239975078779e+01 2.344515987621884900e-01 2.351764620859623494e-27 1.631125302184916842e-27 6.964422627118892935e-28 5.517375156241833833e-01
8.660016140678794550e-01 1.410206633020775655e+02 7.921750315584043278e+01 4.637886666979289174e+01 2.523695762815114096e-01 1.762560645649701510e-27 1.195398529614064150e-27 6.138599021037382883e-28 6.126290079575762437e-01
9.987502515910116063e-01 1.168183625843341673e+02 8.092777101672008655e+01 3.234649761228897802e+01 2.466628967452158538e-01 1.517667670654751831e-27 1.018848062938995230e-27 2.972830677824393447e-28 6.342893754502000325e-01
1.151847812808953542e+00 8.990810866921376032e+01 4.879069777078837689e+01 1.702871373486719619e+01 2.204645066650675334e-01 1.389341626408802807e-27 4.781851237164288194e-28 2.160827758463015411e-28 6.121085473410595723e-01
1.328413566614123908e+00 7.739698279134104553e+01 2.025497882112746595e+01 1.945294766686041399e+01 2.196029863839354390e-01 1.667883123895143597e-27 3.346548634203744058e-28 1.387893019083237985e-28 6.039694442173285660e-01
1.532044931926391351e+00 7.002556026561705949e+01 2.485430552694264605e+01 1.548755662871192484e+01 2.425327517019662538e-01 3.009587376766685718e-27 3.539982218583338101e-28 1.136172139049323789e-28 6.674943481120920730e-01
1.766890772896739126e+00 6.485007797021181375e+01 1.722624798177138672e+01 1.151508567878683564e+01 2.588818518521048828e-01 4.913934803089939707e-27 1.658347480650809705e-28 1.134450540952112460e-28 7.204784616703461264e-01
2.037735929469222107e+00 5.373145890897958310e+01 2.447546871374066058e+01 8.691371770134516339e+00 2.868359632880604360e-01 3.605960458524279397e-27 3.236948312500052103e-28 8.322812800724863155e-29 7.924977300250622969e-01
2.350098705559579226e+00 3.905808798201195486e+01 2.434627938261223434e+01 8.869185567089310496e+00 2.517559024203922524e-01 1.030422866240480229e-27 2.645460651491375215e-28 6.250614719839988066e-29 7.198651070518471418e-01
