# R (Mpc), rho (Msol/kpc^3), errup, errlow, std, pth (Msol/kpc/s^2), errup, errlow, std 
#  nprofs 458, average weighted mh 6053615739220.762695
1.040961082911032697e-02 5.268166027093124576e+05 6.336297146064494736e+05 5.417595531807660591e+05 6.533256370543297775e-01 3.808294399211330150e-24 2.236300243270928386e-24 7.216270984867071358e-25 5.802350022027901177e-01
1.200529105910367808e-02 4.075737148998061311e+05 4.389842133071729331e+05 3.986899615981178940e+05 5.863428741777675368e-01 3.901016747560926741e-24 1.860266534532861662e-24 7.657908670733810830e-25 5.440637218794941443e-01
1.384557172980430476e-02 2.887392751201873762e+05 3.448332301568664843e+05 2.267567493323795788e+05 5.986668248646552781e-01 3.740668718307911225e-24 1.722556693432987167e-24 8.781890450392845371e-25 5.053387196976610873e-01
1.596794743096121086e-02 2.073370588667528937e+05 2.452661561910407327e+05 1.585334077485014859e+05 5.344962977096223700e-01 3.456883148056954692e-24 1.612921395974826860e-24 7.296676352219354622e-25 5.214864994993257952e-01
1.841566026551830909e-02 1.566820809626390983e+05 1.735392778437339584e+05 9.195639509607001673e+04 4.490340614977432199e-01 3.433654597684182996e-24 1.600198644117453751e-24 6.709286247479917112e-25 4.886459175227835794e-01
2.123858088093512342e-02 1.168436423273544060e+05 8.770489710448343249e+04 7.125430468621537148e+04 4.461030414969232583e-01 2.942348184947729582e-24 1.104222857741612882e-24 5.771341234545583414e-25 4.835211659475353585e-01
2.449422455303571639e-02 9.109425281873279891e+04 7.147715988190300413e+04 4.220463480045621691e+04 4.018842491217814450e-01 2.678203451661310311e-24 1.411959348956352330e-24 4.916746872241983339e-25 4.778927851324824005e-01
2.824892302447100725e-02 7.546912471720608301e+04 6.121249709748667374e+04 2.933656316955874718e+04 3.738794987947791637e-01 2.288049748350020966e-24 1.175108958801099646e-24 4.129604225453303496e-25 4.838809928586534359e-01
3.257917597328415654e-02 6.486922945170272578e+04 4.529067084565096593e+04 2.264052745159491678e+04 3.597003827870776660e-01 1.853403978696407420e-24 9.576954861317711231e-25 3.426406349426460054e-25 4.556164163555257995e-01
3.757320964692217186e-02 4.857501811951835407e+04 2.769168054512455274e+04 1.651865639174214448e+04 3.486097619760336608e-01 1.537777096806961739e-24 1.005328847389556607e-24 3.039326697766429229e-25 4.231733292816390324e-01
4.333277441790538143e-02 3.678847408700414235e+04 2.573953040315686667e+04 1.201736263772504572e+04 3.422865336350679466e-01 1.304733321670082772e-24 8.956317199441084541e-25 2.419698251960066022e-25 4.289681554643051120e-01
4.997521788524898756e-02 2.756744548215781106e+04 1.821079039288861168e+04 1.032426937983713651e+04 3.378152811553759016e-01 1.040162985915996299e-24 6.810761021906759883e-25 2.334284837264821423e-25 4.079678720201463382e-01
5.763587575980636674e-02 2.091685158234219489e+04 1.548472247839300144e+04 8.402880883665377041e+03 3.315091689193855884e-01 9.214397067452104095e-25 4.586695030854972370e-25 1.962697675625798011e-25 4.245350504364352462e-01
6.647082924635627776e-02 1.818387264208042689e+04 1.155699470479016600e+04 9.057967179546107218e+03 3.303786008838524579e-01 7.445643734115313332e-25 3.861533241671118537e-25 1.347221740688423437e-25 4.106191641578323948e-01
7.666008510240249207e-02 1.567176381562078495e+04 9.579551834851426975e+03 7.129942362985422733e+03 3.365980016730684143e-01 6.464265264669635547e-25 3.063442635113161533e-25 1.153054865091229492e-25 4.058228543853462100e-01
8.841124316543315376e-02 1.165259994880265913e+04 7.365401713508908870e+03 5.713622832731242852e+03 3.260132609950742721e-01 5.063191435140708105e-25 2.784742758971975079e-25 1.031517686262803992e-25 4.058032235826526946e-01
1.019637260722580097e-01 1.010780715497767778e+04 5.622070968433388771e+03 4.130232835947467720e+03 3.211870478032415321e-01 4.034007812479241541e-25 2.500581830597358992e-25 7.207709486492960564e-26 4.033272027644282942e-01
1.175936573483598035e-01 8.430109653979003269e+03 4.600739116585514239e+03 3.500342826235490520e+03 3.190206416937443334e-01 3.159177354413807984e-25 1.698465426610595224e-25 6.991664375155348954e-26 4.007332620719455396e-01
1.356194872553388164e-01 6.988413801082174359e+03 3.313337659280008666e+03 3.022874089968578119e+03 3.191711619944566647e-01 2.603575618088681980e-25 1.396698958785516115e-25 4.553925216381374535e-26 3.998150019081916917e-01
1.564084810196403053e-01 5.355388799758170535e+03 3.248082194468947364e+03 2.012621683700628409e+03 3.055131120361107566e-01 2.174537701377114089e-25 1.076598681648565720e-25 3.034019521255491950e-26 4.025403869908792953e-01
1.803842016362447453e-01 4.325337423696747464e+03 2.236376725866898596e+03 1.374046948058513635e+03 2.889827210151926229e-01 1.672310772354656548e-25 8.075871760987407644e-26 2.201157821831657211e-26 4.065142448494358240e-01
2.080351397048574025e-01 3.359108285696281200e+03 1.310074806528008594e+03 1.135287135697883969e+03 2.654457756080225717e-01 1.200437278742598763e-25 5.769530936848440277e-26 1.896244470590007878e-26 4.103320991632795622e-01
2.399246661262133540e-01 2.694262931001801917e+03 9.581414403574804055e+02 7.412931348253405304e+02 2.596145242236485018e-01 8.360516587232429991e-26 4.358429649566206589e-26 1.219156314406521414e-26 4.173663456962870555e-01
2.767025104385807399e-01 1.894571515404449428e+03 7.453222460821559707e+02 4.039292712858646155e+02 2.436759169690092541e-01 5.686600475533373259e-26 2.731757626524091753e-26 8.256918760927610139e-27 4.368480535511215512e-01
3.191179986585286343e-01 1.380269366279829683e+03 5.242692635437767876e+02 2.471350982108302219e+02 2.359595293216437129e-01 3.797414629967987383e-26 1.406905153037298443e-26 6.394650851492198206e-27 4.550930227920537141e-01
3.680353203388414540e-01 1.052624199581315224e+03 2.830127460022797550e+02 2.396808181389741890e+02 2.385395654210542837e-01 2.555459725153229722e-26 7.799026398172862354e-27 5.122038934361392617e-27 4.699733471580018751e-01
4.244511359005219142e-01 7.217208537300056150e+02 2.441922072804326262e+02 1.653589668574882694e+02 2.343811601642095399e-01 1.742479270908616216e-26 6.196452332965875403e-27 2.623327735927794246e-27 4.895574474995390002e-01
4.895148829774688681e-01 5.197459915425986310e+02 1.458093487804264328e+02 1.433162129557406956e+02 2.411286218656470415e-01 1.183768785837618846e-26 3.897708254086913755e-27 1.785833926224144252e-27 5.134182674608944730e-01
5.645521955031491679e-01 3.734551639479219034e+02 1.431834825261845765e+02 1.002860655662618115e+02 2.518281337884580307e-01 8.136199835606098031e-27 3.218673396427963502e-27 1.171566312075276858e-27 5.428455504307405644e-01
6.510919126887823039e-01 2.790899830950941691e+02 1.395252193346048557e+02 6.448829526310936444e+01 2.589088143068156156e-01 5.416631436062805690e-27 2.878119070672131690e-27 7.081465814498056414e-28 5.694086424067720253e-01
7.508972281844089602e-01 1.984621166551538636e+02 1.294156977527508730e+02 4.473821514528581389e+01 2.697279252881713552e-01 3.643138060790704284e-27 2.039658930729738826e-27 7.152511166685547996e-28 6.083763641736964489e-01
8.660016140678794550e-01 1.634995426732756414e+02 8.643754563694186288e+01 4.670742791449455211e+01 2.724019684913124850e-01 3.195104800863520429e-27 1.498869072227518008e-27 4.937342630394584169e-28 6.495958764579163880e-01
9.987502515910116063e-01 1.259860400219577912e+02 6.266154816903649305e+01 3.452722959641128142e+01 2.569449996646507861e-01 3.227719332236416929e-27 1.027370408643982278e-27 2.476357409454145159e-28 6.580131668187146898e-01
1.151847812808953542e+00 1.025955842270919760e+02 4.020070600966798935e+01 2.368747614420760783e+01 2.486420421899702693e-01 3.809641173427682882e-27 7.482551098738386887e-28 1.912950237628658248e-28 6.515763480202226843e-01
1.328413566614123908e+00 9.277287000877647927e+01 2.357799780749222407e+01 2.243687941129517682e+01 2.502413058216018116e-01 5.417490758388965027e-27 2.800825363667866488e-28 1.597655697306810775e-28 6.452292453740360312e-01
1.532044931926391351e+00 8.338994959598468881e+01 2.946427794689750357e+01 1.715390857912572642e+01 2.562722102859831264e-01 7.078727939339709196e-27 3.245711037743526736e-28 1.181184944878879466e-28 6.803989328828291550e-01
1.766890772896739126e+00 6.435341104812017932e+01 1.845893307919672566e+01 1.693907576917497337e+01 2.429036900105136787e-01 3.902911668275378712e-27 2.833172211373571395e-28 1.176931269261974060e-28 6.784439855682026232e-01
2.037735929469222107e+00 4.735098342400156923e+01 2.810471632081013382e+01 1.115294631703578077e+01 2.469129258199097843e-01 1.446045518886928578e-27 4.270054956129869595e-28 8.324800318792301790e-29 6.864161719109995730e-01
2.350098705559579226e+00 3.692255293783486536e+01 2.952444277799158101e+01 6.362121410860641646e+00 2.106621776201157148e-01 4.870422267839701867e-28 3.468766524519722115e-28 5.105543347189142013e-29 5.885827515174548719e-01
