# R (Mpc), rho (Msol/kpc^3), errup, errlow, std, pth (Msol/kpc/s^2), errup, errlow, std 
#  nprofs 500, average weighted mh 5656009463771.012695
1.040961082911032697e-02 1.069442983647608198e+05 1.026282175454951706e+06 3.131572096232612603e+04 7.417177707129495312e-01 2.029555442774937474e-24 1.764818798544404994e-24 3.894779947191068123e-25 5.322352747263678907e-01
1.200529105910367808e-02 7.824618403163932089e+04 5.984379636625840794e+05 3.362227853602366667e+04 7.275937698820653665e-01 1.515307189826627542e-24 1.320305653296504102e-24 2.883285753113113673e-25 5.982758755573949205e-01
1.384557172980430476e-02 5.620445693654973729e+04 4.148914579160739668e+05 3.231016189522611239e+04 6.960444911804003487e-01 1.356543345284815408e-24 1.219883089597696210e-24 3.512807504393529033e-25 6.266955771068576375e-01
1.596794743096121086e-02 4.783975180400769750e+04 2.873794644024850568e+05 2.180275355818001117e+04 6.442923499214857630e-01 1.142429516314479044e-24 1.237560537826265033e-24 3.270919618636384172e-25 5.991215887466008194e-01
1.841566026551830909e-02 3.849560631707559514e+04 1.690235787277298805e+05 1.647826137297954847e+04 5.864350057846434705e-01 1.018551978535652890e-24 1.233978250438498600e-24 2.081194201124363318e-25 5.218328145822792585e-01
2.123858088093512342e-02 2.998485687581644743e+04 1.201059110329049581e+05 1.696071557763614692e+04 5.639258129686682830e-01 9.049049673049894682e-25 9.732714747803155732e-25 2.766291618811272359e-25 5.380303572335518592e-01
2.449422455303571639e-02 2.497312840327345839e+04 8.672953583962323319e+04 1.190583371934044771e+04 5.311252683083206305e-01 8.017336535929192212e-25 7.158426496473884505e-25 2.110879582506745628e-25 4.904661121302235638e-01
2.824892302447100725e-02 2.239521461974547856e+04 4.799021173981246829e+04 1.247164444674577680e+04 5.206478414655737463e-01 6.982896256673798668e-25 6.243208037797084290e-25 1.560224717055375058e-25 5.174231473738355458e-01
3.257917597328415654e-02 2.265612496210715472e+04 3.720335577741923044e+04 1.019401612786869191e+04 4.786489470461092743e-01 5.937472919994242920e-25 4.959794469338573336e-25 1.379148967039454404e-25 4.567522030064920524e-01
3.757320964692217186e-02 1.911293300480628386e+04 2.049555121156286259e+04 1.018556915269161618e+04 4.838425221544775390e-01 5.413795078808073994e-25 5.379868108701271286e-25 1.350126860108421491e-25 5.071719711546223142e-01
4.333277441790538143e-02 1.621765503347787671e+04 1.728560856516782587e+04 7.953192541776422331e+03 4.120845937588586971e-01 4.549442316779574601e-25 3.844793625307970551e-25 1.122849637362926078e-25 4.697996928000204853e-01
4.997521788524898756e-02 1.195497417070253323e+04 1.597516048174150274e+04 5.474227226415038785e+03 4.146118040368926838e-01 4.248010696890340384e-25 4.072207521444123701e-25 1.028747430479529270e-25 5.013646190538363356e-01
5.763587575980636674e-02 1.000996817073790953e+04 1.044486877899437968e+04 4.773910751028514824e+03 3.951863236906140164e-01 3.486724558988687588e-25 2.832122501647584601e-25 1.178833736907843785e-25 4.938954520673826121e-01
6.647082924635627776e-02 7.665059636952080837e+03 6.824940353064916053e+03 3.311910996499213525e+03 3.986727623001742327e-01 2.990847721156051752e-25 2.248131582524845516e-25 8.905228001278898391e-26 4.906112384163210383e-01
7.666008510240249207e-02 6.271456355250155866e+03 5.197307908089223929e+03 2.994721491749484812e+03 3.719992222966841955e-01 2.578349125900934208e-25 1.883300967400841639e-25 7.539159680987074511e-26 4.793790652505484640e-01
8.841124316543315376e-02 5.193310483533443403e+03 4.932798762208352855e+03 2.744546128416665852e+03 3.974779758669254592e-01 2.081782016825378356e-25 1.695181330691396113e-25 4.776600661835284647e-26 4.745273725924015196e-01
1.019637260722580097e-01 4.518268200222042651e+03 4.953926565384075730e+03 2.258030593127360589e+03 3.915786229194302415e-01 1.760928033112955096e-25 1.209879012657491337e-25 5.496488552226536945e-26 4.669025524848475217e-01
1.175936573483598035e-01 3.532269997527871965e+03 2.476363077678248374e+03 2.271787672436997127e+03 3.945095000879170200e-01 1.537763454176257972e-25 8.879195780434750961e-26 4.375646604513619870e-26 4.826784264230285504e-01
1.356194872553388164e-01 3.422266410709706633e+03 2.744476891907786012e+03 1.586651807517587713e+03 4.014920402867007132e-01 1.339389635869145007e-25 6.171134026233719361e-26 3.179625929773135436e-26 4.649498702130139272e-01
1.564084810196403053e-01 2.720747763545155067e+03 1.706300061899103184e+03 1.044934700032161345e+03 3.592499665574492296e-01 1.086215749968782301e-25 5.357822137373142305e-26 2.367361090160788995e-26 4.667412554613458719e-01
1.803842016362447453e-01 2.505677798713991706e+03 1.266693781859014052e+03 1.114841069434253313e+03 3.602621888330319599e-01 8.916894221187744543e-26 3.850462979706757943e-26 1.790407317062338988e-26 4.699827417837343368e-01
2.080351397048574025e-01 1.902926214235492807e+03 1.070576803210194612e+03 5.973641986257955523e+02 3.454534723835747112e-01 7.514842792890482964e-26 2.995814355424183596e-26 1.376246300415846716e-26 4.779928346637832282e-01
2.399246661262133540e-01 1.512289327373057858e+03 8.894274616507177598e+02 4.981942932514547806e+02 3.350998284384194004e-01 5.762381768371279002e-26 2.715281738368744635e-26 9.406027342828160151e-27 4.815743095327353340e-01
2.767025104385807399e-01 1.123281145258751394e+03 6.401694539022515755e+02 3.616812531808749895e+02 3.103812592277270799e-01 4.069100883487252196e-26 1.935123953275383639e-26 4.937571126503285493e-27 4.715941583315461649e-01
3.191179986585286343e-01 8.992963699159714679e+02 5.132211032587347290e+02 2.255895623456273995e+02 2.978762285763321138e-01 2.758592616209786180e-26 1.374531659839466002e-26 4.190562734236396545e-27 4.700803416054754047e-01
3.680353203388414540e-01 6.653269763691820344e+02 3.307750125114773709e+02 1.882905731904362199e+02 2.789900503094733808e-01 1.771242382725327841e-26 8.443501032050004725e-27 3.146844024547915277e-27 4.608452066367059730e-01
4.244511359005219142e-01 4.848931745604648427e+02 2.921652329978853686e+02 1.257184924525996053e+02 2.713533066924743165e-01 1.161541480231725914e-26 6.646912402346398508e-27 2.407839767898291400e-27 4.414894628693430412e-01
4.895148829774688681e-01 3.739443786754650887e+02 1.737532971331522162e+02 9.832407517789826557e+01 2.488084150340615364e-01 8.149005566130224213e-27 4.422235372279418641e-27 1.497602918787836519e-27 4.286377350460624513e-01
5.645521955031491679e-01 2.994003234335155526e+02 1.238843549341651169e+02 6.737361491541567204e+01 2.357940451443834295e-01 5.971367250865906169e-27 3.291796623213632600e-27 1.195407910885590349e-27 4.189002503204526384e-01
6.510919126887823039e-01 2.307361795600544951e+02 9.710313653609068751e+01 5.602905446005793522e+01 2.121004053818587587e-01 4.400945647738941015e-27 2.603998162053048462e-27 8.396475782905331218e-28 4.278689235691109927e-01
7.508972281844089602e-01 1.953001613088220267e+02 7.166043171134634804e+01 5.063032878647297252e+01 2.204029653232880137e-01 3.087946041695910523e-27 1.408086264282054995e-27 7.459278382011907433e-28 4.491970225894530433e-01
8.660016140678794550e-01 1.490516738064004301e+02 6.503561119052319839e+01 4.805598344190237015e+01 2.204919846551513241e-01 2.160422358639022458e-27 1.122355526526968401e-27 5.467681020814282204e-28 4.740555571972473459e-01
9.987502515910116063e-01 1.202890691868668540e+02 4.360268182393693337e+01 3.515668724951294877e+01 2.154088785147228180e-01 1.511719922037195881e-27 9.193584056840520274e-28 3.765108985107534613e-28 4.792063991186221172e-01
1.151847812808953542e+00 8.663250425830524648e+01 3.105771899801278835e+01 2.261939742248321039e+01 2.023089788246703602e-01 9.399253974678157673e-28 5.341180921833564900e-28 2.766813868908287525e-28 4.633987903982619283e-01
1.328413566614123908e+00 6.921846739349565780e+01 1.323086031916513150e+01 2.230016444096092698e+01 2.035812777351755087e-01 6.522499148987760701e-28 3.691782319280218022e-28 1.829828035937350290e-28 4.782133623304419268e-01
1.532044931926391351e+00 5.540810778582156360e+01 2.021841839373260541e+01 1.296331265255074783e+01 2.276162230772698913e-01 5.307079806812031566e-28 2.519096090434201791e-28 1.227194623258389203e-28 5.310491959470284851e-01
1.766890772896739126e+00 4.518159981808221914e+01 1.481331175938320399e+01 1.183010287552757234e+01 2.458279056314550681e-01 5.055070419470208713e-28 1.456499032432906591e-28 1.037612675683799080e-28 5.823849607090209046e-01
2.037735929469222107e+00 3.805916850301145615e+01 2.252599512019897787e+01 9.737175593648057514e+00 2.646899578686608967e-01 4.354983148161079005e-28 3.419635960945485532e-28 1.034745322069423977e-28 6.494385114779280821e-01
2.350098705559579226e+00 3.404300579964484541e+01 1.888111919577467290e+01 9.989880501638118915e+00 2.300760471178950883e-01 3.096270873105160126e-28 2.632369699130336825e-28 1.006225465116774412e-28 6.182682400774980325e-01
