# R (Mpc), rho (Msol/kpc^3), errup, errlow, std, pth (Msol/kpc/s^2), errup, errlow, std 
#  nprofs 65, average weighted mh 379325818962.305176
6.384041294330565800e-04 2.657997757672559842e+07 4.096453674277824163e+07 6.356484880090063438e+06 4.510968234112090469e-01 5.131060709968355027e-23 9.276406617164479054e-23 1.042076852218002225e-23 6.201001665411929320e-01
1.109419225205789290e-03 1.289529410377628170e+07 1.743445226816887408e+07 7.134123029192971066e+06 4.464692749266123140e-01 2.080893873942871589e-23 4.128407032853977425e-23 1.050672033598496878e-23 5.989382763127982789e-01
1.927949648993110754e-03 6.422018910050985403e+06 4.260524707510261796e+06 3.793669329072385561e+06 4.231245978100659499e-01 9.011612159068734243e-24 7.336660893293785285e-24 5.403568890621349649e-24 6.387856435891094975e-01
3.350392497807294732e-03 2.912288096922279336e+06 1.590133288586045150e+06 1.351415664655354805e+06 3.726188221904870312e-01 3.457747989223333365e-24 2.552894953401863819e-24 1.704982201093262974e-24 5.724900047603185271e-01
5.822314859325205920e-03 1.045609258658848586e+06 5.131708480042308802e+05 4.448714679910427658e+05 2.941551911948702691e-01 8.953870341333620652e-25 6.507804719275673570e-25 3.988886344106283014e-25 4.950802447109511895e-01
1.011802358777515003e-02 2.980321376529703266e+05 2.005798907208967139e+05 8.738480830907306517e+04 1.970769688118100271e-01 2.294199605450401970e-25 3.351304523449159790e-25 7.061219828434625163e-26 4.270104272174908844e-01
1.758310977614137294e-02 6.863044537191088602e+04 3.656101152775246737e+04 2.725316050146961061e+04 2.187007966940951731e-01 1.124272257493030565e-25 1.390090408047618755e-25 2.347851532344428540e-26 4.405164701687460660e-01
3.055594274096973609e-02 1.693485762771834925e+04 8.787751296294785789e+03 5.736078347989821850e+03 2.244838151010155047e-01 9.198865910426152068e-26 5.244109204576607239e-26 3.241040537867266012e-26 3.165393108322587801e-01
5.310014261847564171e-02 6.482395616005902411e+03 3.555563214964988219e+03 1.337574808566585489e+03 1.860935579919966165e-01 6.734710892740249179e-26 6.510085326613241638e-26 2.215951204389365510e-26 3.024225134974911633e-01
9.227747184909704248e-02 2.622472865882426504e+03 1.178425255008267868e+03 7.104508679480477440e+02 1.656125388912618457e-01 2.847353132435646626e-26 3.500148186723600032e-26 5.400545141628591499e-27 3.745111461992888247e-01
1.603598670542578930e-01 8.670526177923078421e+02 4.033373703256434055e+02 2.008776722078282546e+02 1.664614284628856689e-01 6.170385291893922780e-27 8.267295328357066581e-27 1.422509411199467649e-27 3.789348344955478232e-01
2.786735098650292008e-01 2.490926518601222881e+02 6.241852759490078029e+01 8.486544235805374115e+01 1.575440137110908911e-01 8.642253444100729298e-28 7.488348473770381716e-28 2.427707550262952975e-28 3.440113261201738770e-01
4.842790563939447512e-01 9.386761363258932533e+01 2.729189558828986151e+01 3.238032753947614850e+01 1.406514312770176522e-01 1.265775954082699079e-28 1.053661232120099082e-28 6.132044250760751884e-29 3.420874448399373602e-01
8.415805455473629459e-01 5.630419804719581123e+01 1.733833034341328982e+01 1.825283512798515062e+01 1.482544396675561371e-01 7.626018929461999357e-29 5.765726928125318912e-29 3.403703726460120646e-29 3.841062197042992565e-01
1.462499369511558234e+00 3.917755664000890192e+01 9.217917609502201515e+00 9.470036000678817345e+00 1.406469771446158812e-01 3.982425327856542149e-29 3.265051417438444658e-29 1.320577052790951706e-29 3.767977573746279507e-01
2.541532616382623733e+00 3.069140061427849986e+01 1.507062137376311384e+01 5.045194224841807795e+00 1.226191603541789965e-01 2.546889987489378997e-29 2.892792244766357717e-29 6.759562548105095151e-30 3.263477127217762064e-01
