# R (Mpc), rho (Msol/kpc^3), errup, errlow, std, pth (Msol/kpc/s^2), errup, errlow, std 
#  nprofs 458, average weighted mh 4568867369378.793945
1.040961082911032697e-02 8.802837182597112842e+05 7.924224420672291890e+05 3.550331231372797629e+05 5.189302347931979975e-01 6.066482357188125815e-24 1.220637302301365532e-24 4.093016577332672933e-25 6.101064270623546282e-01
1.200529105910367808e-02 6.492779637494354974e+05 5.657020311149100307e+05 2.955912695753069129e+05 4.460772878142450493e-01 4.512799667093818663e-24 1.401465082439792885e-24 4.939903982869346230e-25 4.423664943859547116e-01
1.384557172980430476e-02 4.689777180028295261e+05 4.461748818625379354e+05 1.928621146077165031e+05 4.740751018735734346e-01 3.325169487095417168e-24 9.411435048193304976e-25 3.846694056700558790e-25 4.062509755743434758e-01
1.596794743096121086e-02 2.915348068639290286e+05 2.988730631068744697e+05 1.459103486863268190e+05 4.311582022386374335e-01 2.669858251433132871e-24 1.045946710783812901e-24 4.281914566515912967e-25 3.912375200383577667e-01
1.841566026551830909e-02 1.886365988692172687e+05 1.428012267373683571e+05 1.230353008499464486e+05 3.713028689633217083e-01 2.465777440131344738e-24 7.768627602153727334e-25 4.271967069111088867e-25 3.844020596238998388e-01
2.123858088093512342e-02 1.295482239798593218e+05 9.131772133445026702e+04 9.382526332891895436e+04 3.504491261363453791e-01 2.116592941659723776e-24 6.384224892324858195e-25 5.354009686376301736e-25 3.676625409496491748e-01
2.449422455303571639e-02 9.366386042871422251e+04 6.308373960356075258e+04 5.882265734670945676e+04 3.498899944554358377e-01 1.780048703878920093e-24 6.521564921786972526e-25 4.051926761368416882e-25 3.465485427194823220e-01
2.824892302447100725e-02 7.270723150056441955e+04 5.668447836868719605e+04 4.152149749703425914e+04 3.459536448683723231e-01 1.495173860446642480e-24 8.566283554946199402e-25 4.054000173074164670e-25 3.689797637279427223e-01
3.257917597328415654e-02 5.339117500891572854e+04 3.034270094798748323e+04 2.948742110787458660e+04 3.125210477502808337e-01 1.308447402725989214e-24 5.761548540860663573e-25 3.916999580416843673e-25 3.627897730851417646e-01
3.757320964692217186e-02 4.334771417195221875e+04 2.251191870658475091e+04 2.011789779515511691e+04 3.052786321003912451e-01 1.073112298541379738e-24 5.116199483971313425e-25 2.794148756959380242e-25 3.596099475951206048e-01
4.333277441790538143e-02 3.251746220156262643e+04 1.499725378238728808e+04 1.185619385411940311e+04 2.916357610628090846e-01 9.471668476284383590e-25 4.712942848163325866e-25 2.859998391470231246e-25 3.514184392123386735e-01
4.997521788524898756e-02 2.502843860443137964e+04 1.581958600396791735e+04 6.732063384837747435e+03 2.898250185045863070e-01 7.639613154262065369e-25 4.055270287686116792e-25 2.025136732253336012e-25 3.350896093411970256e-01
5.763587575980636674e-02 1.886469741037019048e+04 1.227766186888187985e+04 6.239922912691599777e+03 3.053779016356402143e-01 5.983796199970643599e-25 3.500581103824331175e-25 1.607043601747687106e-25 3.375346548707978123e-01
6.647082924635627776e-02 1.559023309033796795e+04 1.537246685457657077e+04 6.622056609075320011e+03 3.093893140263221375e-01 4.922477469931984662e-25 2.854971321409018916e-25 1.473570865876550093e-25 3.352267170821566777e-01
7.666008510240249207e-02 1.242928068443513257e+04 1.052690729196369648e+04 4.944414370919016619e+03 3.097636622550038465e-01 4.005814735656326245e-25 2.397764825042390924e-25 1.281967533583201666e-25 3.395473308827591241e-01
8.841124316543315376e-02 1.063815502530278536e+04 7.994336569969151242e+03 3.397154334632383325e+03 3.055172765917107403e-01 3.237645512419387676e-25 1.768491702427563864e-25 1.183736075774296841e-25 3.418408925870631276e-01
1.019637260722580097e-01 8.854118685582297985e+03 6.263526116910576093e+03 3.964961168643970268e+03 2.951561322041510449e-01 2.559899057618888343e-25 1.369315373336791361e-25 6.612951414560906753e-26 3.252155693254333846e-01
1.175936573483598035e-01 6.821815964046651061e+03 2.544192491269003767e+03 3.592647788471869262e+03 2.566126807888898798e-01 2.075673296336990098e-25 1.228963968951373382e-25 4.486079125935168698e-26 3.125415147944911598e-01
1.356194872553388164e-01 5.630841635720070371e+03 2.363851187959142408e+03 2.451852416194225043e+03 2.633813109627248794e-01 1.689967092730055294e-25 9.835741897357572514e-26 3.290182042739155773e-26 3.123680686485972857e-01
1.564084810196403053e-01 4.345855606055385579e+03 1.800126139806575338e+03 1.869351215187950402e+03 2.373357900333905590e-01 1.303669052370354907e-25 7.892911220334704739e-26 2.000737414707520449e-26 3.022764955624314132e-01
1.803842016362447453e-01 3.495356608078161116e+03 1.035764644061280251e+03 1.066285934141404596e+03 2.219255179360589969e-01 9.579085903448586568e-26 5.930824576361545675e-26 1.400315133641337450e-26 3.120133881083240190e-01
2.080351397048574025e-01 2.890240010655374590e+03 8.490111857301817508e+02 6.296084805764699013e+02 2.134661828528734706e-01 7.185004967268727936e-26 4.064036180253126712e-26 1.091759070477408258e-26 3.103610577811888871e-01
2.399246661262133540e-01 2.264047995119202369e+03 7.798877242471858153e+02 4.746035500136320024e+02 1.954688533968316211e-01 5.335842023454135317e-26 2.776149898054511901e-26 8.292775130145514773e-27 3.175451825467738298e-01
2.767025104385807399e-01 1.686877202663156368e+03 5.704002266338711706e+02 4.291102964055805842e+02 1.869288299412471821e-01 3.727619363073364599e-26 1.976043216711021413e-26 7.309251106385306462e-27 3.397698515610503844e-01
3.191179986585286343e-01 1.278143116000122518e+03 5.481643774899146138e+02 3.469342406087463928e+02 1.970981539073201338e-01 2.593815917900853945e-26 1.564169337993507079e-26 4.911497593370328490e-27 3.872327229291162021e-01
3.680353203388414540e-01 9.321317739410280865e+02 4.585654073469355581e+02 3.136075449704134144e+02 2.306497590993009106e-01 1.787940328376143544e-26 1.231916940846030412e-26 3.501236132580001288e-27 4.424731311386722044e-01
4.244511359005219142e-01 6.459258805047088572e+02 2.792932330393548455e+02 2.639834889665237370e+02 2.441271209625223426e-01 1.141652251443278111e-26 5.152390593862758071e-27 3.002160530055623846e-27 4.746682477574133974e-01
4.895148829774688681e-01 4.346317394300834849e+02 2.815182317876351590e+02 1.451357754490635728e+02 2.511869255315979377e-01 6.896282100801726631e-27 4.931757593470328448e-27 1.818680481967943879e-27 4.962165802751760668e-01
5.645521955031491679e-01 3.104518997098403474e+02 2.337509714966555521e+02 7.851824291471734796e+01 2.636448275754944004e-01 4.337895706121357934e-27 4.994183410889968714e-27 9.706349265021660576e-28 5.327246046229513476e-01
6.510919126887823039e-01 2.474393290001056300e+02 1.922130999655022947e+02 6.625269198897683509e+01 2.750114461152486922e-01 3.132455959217715393e-27 3.453062371544581835e-27 6.579473982628425655e-28 5.745658284084552703e-01
7.508972281844089602e-01 1.841525596851466275e+02 1.271096157308756602e+02 4.391989128439983858e+01 2.519164488572366301e-01 1.972590402534865547e-27 2.321457027915952120e-27 3.903444972929140131e-28 5.719647518144926890e-01
8.660016140678794550e-01 1.332909418226935827e+02 7.572164136643880283e+01 3.031524212083703418e+01 2.214608815353491245e-01 1.180581346092705768e-27 1.265815294692894823e-27 3.811903068822149143e-28 5.553938208729360948e-01
9.987502515910116063e-01 1.063251369995571167e+02 5.790876195411962613e+01 2.414809276045430408e+01 2.172911865032870760e-01 7.867838151360675575e-28 4.983262372278094564e-28 3.134017911350280501e-28 5.380715677049113799e-01
1.151847812808953542e+00 8.386731914176294822e+01 5.909909652099653243e+01 2.526020573912851575e+01 2.224325378595304881e-01 5.510043755211537540e-28 5.152000156996999805e-28 2.040295262753736707e-28 5.620575177809661316e-01
1.328413566614123908e+00 6.528856404354638698e+01 2.799048500888367386e+01 1.330547293946037257e+01 1.968347260121008635e-01 3.419665605254122966e-28 2.343236564200654047e-28 1.603546531500012796e-28 5.095025649471920381e-01
1.532044931926391351e+00 5.346075081018970110e+01 3.015101312143393386e+01 1.428869679202074394e+01 1.761053081092024963e-01 2.549866149516460298e-28 1.603508273405318668e-28 7.194901351425681127e-29 5.146577083031999011e-01
1.766890772896739126e+00 4.162355793011176530e+01 1.169944146349192948e+01 1.160364648275123045e+01 1.878745955907826504e-01 2.122585428092802383e-28 1.611879231369695128e-28 7.236350796374352836e-29 6.215819851526787065e-01
2.037735929469222107e+00 3.507652530833811966e+01 2.244486889371908944e+01 9.210744487929961366e+00 2.534798051307612377e-01 2.366606216118150456e-28 2.139504577544712206e-28 7.173603435806973701e-29 7.492841160514778220e-01
2.350098705559579226e+00 3.095516438192466424e+01 2.169677638880256154e+01 1.120750070761515715e+01 2.770309797095325544e-01 2.474907041019625260e-28 2.727263212355926449e-28 7.271526134089844775e-29 7.964992892413009784e-01
