# R (Mpc), rho (Msol/kpc^3), errup, errlow, std, pth (Msol/kpc/s^2), errup, errlow, std 
#  nprofs 453, average weighted mh 5586798650416.825195
1.040961082911032697e-02 6.964424993988483911e+05 6.098747212530799443e+05 5.753080826007153373e+05 5.579695441342363837e-01 2.791583569451536219e-24 1.194796786342776012e-24 5.407320827377226670e-25 4.176671651977545974e-01
1.200529105910367808e-02 5.091438311564231408e+05 3.836795361513583921e+05 4.929298971764291055e+05 4.913489710554458934e-01 2.348660734430272364e-24 1.103840056169369785e-24 7.565322037948049141e-25 5.374455195806507879e-01
1.384557172980430476e-02 3.415007956701187068e+05 3.204901107722834568e+05 3.148334409272978082e+05 4.950304703223771252e-01 2.018147492707828045e-24 9.056255951033563651e-25 4.780265578974967367e-25 3.755223607861946089e-01
1.596794743096121086e-02 2.294271304888612067e+05 3.358875192250117543e+05 1.861083837672541267e+05 4.528940421371517866e-01 2.091129478084050369e-24 1.141611059583348612e-24 4.981323792109888001e-25 3.739033165422148142e-01
1.841566026551830909e-02 1.582781693854875921e+05 1.847958139271905238e+05 1.340364147686694341e+05 4.220583950434150244e-01 1.977079020613826444e-24 1.158862467697361460e-24 5.493623041256123635e-25 3.319373406622626033e-01
2.123858088093512342e-02 1.158200617485997791e+05 1.341709967417577864e+05 6.099821943056880991e+04 3.896343635853262710e-01 1.925090898717088886e-24 1.138699204702107908e-24 3.865252595622963720e-25 4.022631752158090657e-01
2.449422455303571639e-02 9.237736885136895580e+04 1.048219864505020814e+05 3.161732468116894597e+04 3.431594931149642425e-01 1.742752931322974927e-24 6.762783053291589289e-25 4.009971331134714277e-25 3.507435248846004217e-01
2.824892302447100725e-02 7.586279344189372205e+04 6.645249260626298201e+04 2.747993088751205505e+04 3.355464113921762248e-01 1.614476703684526750e-24 7.633820895403139519e-25 4.322931683110423618e-25 3.750736900590500023e-01
3.257917597328415654e-02 6.029939826835917484e+04 3.396026145430855831e+04 2.362039909971602538e+04 2.967610288270926544e-01 1.519236461422832428e-24 7.702881165479462114e-25 3.927750982770631439e-25 3.649912084901881792e-01
3.757320964692217186e-02 4.860539692229544744e+04 3.788251147174939251e+04 1.796064576993975788e+04 3.080538771149073929e-01 1.387065731623426429e-24 6.555739952078867927e-25 3.901120093942490190e-25 3.810881007350081506e-01
4.333277441790538143e-02 3.635897487491874926e+04 1.831947246589100178e+04 1.221559458885634558e+04 2.829143417642114300e-01 1.210930244379721285e-24 6.717545290893787746e-25 2.950717350849917820e-25 3.609080110423948384e-01
4.997521788524898756e-02 2.861960686739037919e+04 1.729354199752433487e+04 1.012776985388714820e+04 2.791611856908525757e-01 1.000299161222287383e-24 5.784964033078423390e-25 2.489633050821233475e-25 3.395459620313789895e-01
5.763587575980636674e-02 2.541031269610697200e+04 1.449856178552212441e+04 8.378779497805968276e+03 2.684373343148270807e-01 8.353311970232680480e-25 4.359902473667284422e-25 2.055764760639477653e-25 3.311593930846001843e-01
6.647082924635627776e-02 2.153304135749117995e+04 9.670544516042786199e+03 7.754917515624463704e+03 2.750979934061515975e-01 7.169598509291009926e-25 3.700554774661816418e-25 1.733814098882098060e-25 3.295096262493790173e-01
7.666008510240249207e-02 1.846711006131234899e+04 7.456735368020237729e+03 5.830269756239104026e+03 2.704996924803670932e-01 6.375701637547499869e-25 2.878617335147091157e-25 1.261571586422449227e-25 3.323875827097226843e-01
8.841124316543315376e-02 1.429767387721949490e+04 5.670122937798749263e+03 5.283487607611767089e+03 2.638274152294345920e-01 5.332111181041214231e-25 2.335420125729997871e-25 1.031790364469043896e-25 3.368813399742300874e-01
1.019637260722580097e-01 1.141404249121014254e+04 5.112193759445779506e+03 3.857036871145351142e+03 2.659231131502964862e-01 4.280732475791741802e-25 1.685674305483200370e-25 7.509909242280582034e-26 3.397334191355932953e-01
1.175936573483598035e-01 9.002326484902807351e+03 3.642881503685785901e+03 2.955926490860346348e+03 2.503503213430385288e-01 3.386222458510964864e-25 1.448725948689047850e-25 6.087063964734497308e-26 3.408810154122359215e-01
1.356194872553388164e-01 7.517004029266221551e+03 3.062291999496692370e+03 2.249426890198081765e+03 2.426133544561248356e-01 2.627491130896531251e-25 1.156234125547593270e-25 4.630999457582095949e-26 3.449651217749238330e-01
1.564084810196403053e-01 6.366055481442235759e+03 3.022343342312648929e+03 1.678581692420907984e+03 2.444728929920146898e-01 2.038898169899354819e-25 1.021162010705208720e-25 3.048656370917145474e-26 3.501342962353967136e-01
1.803842016362447453e-01 5.001670685690523896e+03 2.543799981834044047e+03 1.309507507944506187e+03 2.356761878237318975e-01 1.536170215147800582e-25 7.427067671505250890e-26 2.301459049049400998e-26 3.639365118265574517e-01
2.080351397048574025e-01 3.803794132813076885e+03 1.734567324363337320e+03 7.092174773575566178e+02 2.260217801967006335e-01 1.132211858847490445e-25 5.105782167315925629e-26 1.657326048193947301e-26 3.809632620111653156e-01
2.399246661262133540e-01 2.993276116064437701e+03 1.192375071303883260e+03 3.617671240317527008e+02 2.224756731376406615e-01 8.048602577632046698e-26 4.535909741980024058e-26 1.197384498420176895e-26 3.963354466785001806e-01
2.767025104385807399e-01 2.143975807993015678e+03 5.490645855163381839e+02 3.388327382742288592e+02 2.170634875545986442e-01 5.563519226838405777e-26 2.070262398775413212e-26 7.462481926394984068e-27 4.129683913884743540e-01
3.191179986585286343e-01 1.451068538200742978e+03 5.952387027039484337e+02 2.864019833418887515e+02 2.195674186841544417e-01 3.502431393562004611e-26 1.091987483498998712e-26 4.169062232287827385e-27 4.307603809843156273e-01
3.680353203388414540e-01 9.857474723615234780e+02 5.050862614676831299e+02 1.917759851637511019e+02 2.322130421167836745e-01 2.129981841691365562e-26 9.239772841545504784e-27 2.189882934914518790e-27 4.566608156423246356e-01
4.244511359005219142e-01 6.829664552950061989e+02 3.054178634991255876e+02 1.438855814505572823e+02 2.346665565519724661e-01 1.246693996256701705e-26 7.134333978665820066e-27 1.037861235435452860e-27 4.754146348568445979e-01
4.895148829774688681e-01 4.741751931295419240e+02 2.787929238632577835e+02 1.025856723958342798e+02 2.488405845065552457e-01 7.667300191245478266e-27 5.243556664983503458e-27 9.897182577076323487e-28 4.928945003100337341e-01
5.645521955031491679e-01 3.388983861857534521e+02 1.658898705081597882e+02 8.500018152024442486e+01 2.389700168094985588e-01 4.959509606138611576e-27 3.056397707202598416e-27 6.765856470216256851e-28 5.098155543335639583e-01
6.510919126887823039e-01 2.404643497722348968e+02 1.345436892504404227e+02 6.774956408434060506e+01 2.387814452398042409e-01 3.073768538447780138e-27 1.972233141721936079e-27 5.218645024509048076e-28 5.290898956238110351e-01
7.508972281844089602e-01 1.809301471664847440e+02 1.114396633771615939e+02 4.148428157458126719e+01 2.450125725064208615e-01 2.035094193955029642e-27 2.198065702093691599e-27 2.893708032150973485e-28 5.643138932447653300e-01
8.660016140678794550e-01 1.394482555844403748e+02 7.799281891069148287e+01 4.542884322477709702e+01 2.543135512887955696e-01 1.567107288282090196e-27 1.495851227066214683e-27 2.844399316167552308e-28 6.040014633265999855e-01
9.987502515910116063e-01 1.171254726138840141e+02 8.202465367517329753e+01 2.633805663597463109e+01 2.581729021695352566e-01 1.374967137787700695e-27 1.240657113489838575e-27 1.928576392129460567e-28 6.315666759286802101e-01
1.151847812808953542e+00 8.654898098070242440e+01 4.622186803653766418e+01 1.564998366710602795e+01 2.182464711196984153e-01 1.258987922953821279e-27 4.016437630015276822e-28 1.552080996423244049e-28 5.770195877326631528e-01
1.328413566614123908e+00 7.290099005688232126e+01 1.752269025254152979e+01 2.082297398581667025e+01 2.092725788913177842e-01 1.425211606527320215e-27 2.451014741401024767e-28 8.415994822749399335e-29 5.564815580430823028e-01
1.532044931926391351e+00 6.901897537585163889e+01 3.241054048123926634e+01 1.493142684724281821e+01 2.421258409076081919e-01 2.706586873918355164e-27 4.027153915064548909e-28 9.262289850017020703e-29 6.396447587005017477e-01
1.766890772896739126e+00 6.478206475320736502e+01 1.639065194671670156e+01 1.405147607001358523e+01 2.439526702965659211e-01 4.795662341093395716e-27 2.152814256879135835e-28 7.558617618627410613e-29 6.609476568379485384e-01
2.037735929469222107e+00 5.249443952742741004e+01 2.487057178350681852e+01 8.269716865102083148e+00 2.570939658099449798e-01 3.586412975121321427e-27 2.794073544923392829e-28 5.000186511247168810e-29 7.001512525788612384e-01
2.350098705559579226e+00 3.983958202108861713e+01 2.263418551518551780e+01 8.441349897044375439e+00 2.227662586636407205e-01 1.058323841072857447e-27 2.424252859498839575e-28 7.629513927631704487e-29 6.388927852440028365e-01
