# R (Mpc), rho (Msol/kpc^3), errup, errlow, std, pth (Msol/kpc/s^2), errup, errlow, std 
#  nprofs 462, average weighted mh 5677754778770.342773
1.040961082911032697e-02 6.574365113990287064e+05 6.297438425439401763e+05 5.857190880336110713e+05 6.098310575691072710e-01 3.455273794562938682e-24 2.334773417916200824e-24 5.508374254303622115e-25 5.502901690884344221e-01
1.200529105910367808e-02 5.008901514427978545e+05 4.381461868227293016e+05 3.851621618793320959e+05 4.756416845012028660e-01 3.463629900735745887e-24 2.029451907042860264e-24 8.348786665315249135e-25 4.681426421581666442e-01
1.384557172980430476e-02 3.654613226475106785e+05 2.487115337037473219e+05 2.951811457582414150e+05 4.310126602379550920e-01 3.603387420186756536e-24 1.696245586643834332e-24 7.034218632392252736e-25 4.715556738993432750e-01
1.596794743096121086e-02 2.618260721562004182e+05 2.683694739531015512e+05 1.929461450665642624e+05 4.349878535305205518e-01 3.155016759681358167e-24 1.419820160965879848e-24 5.965191730251689324e-25 4.887634840019491334e-01
1.841566026551830909e-02 1.925637103415083839e+05 1.461270713152819080e+05 1.364855728537761606e+05 3.988443378160855257e-01 3.152353470489065289e-24 1.320732823712918590e-24 6.532779845833559751e-25 3.880650141133531461e-01
2.123858088093512342e-02 1.435648858305049653e+05 1.157477718822926399e+05 9.662552501258782286e+04 3.724217837760380734e-01 2.827771716749607472e-24 1.208816743192550318e-24 5.120563498065565518e-25 4.060678229943568418e-01
2.449422455303571639e-02 9.974724807155181770e+04 8.996182223769561097e+04 5.072335260070196819e+04 3.480197041804038993e-01 2.370776426388580993e-24 9.652789404250821384e-25 4.319047708285116411e-25 3.860598508161244835e-01
2.824892302447100725e-02 7.743719227614456031e+04 5.813233815148896247e+04 3.232703690910425212e+04 3.179785224826408019e-01 2.242618669108875330e-24 7.129803500730227104e-25 3.598167965051710553e-25 3.633595429643617924e-01
3.257917597328415654e-02 6.041511058595711802e+04 4.271692523139825789e+04 2.089199966133050839e+04 2.907983653926169976e-01 1.769580899687628495e-24 6.781446961246022496e-25 3.545071029367339673e-25 3.530265370260317059e-01
3.757320964692217186e-02 4.567956563724825537e+04 3.858412039490092866e+04 1.187115910039773735e+04 2.731606719173560460e-01 1.566860997166086262e-24 5.447781839564831177e-25 2.424729425025265184e-25 3.644363299012652879e-01
4.333277441790538143e-02 3.543615109040808602e+04 2.503538727911107708e+04 1.248481560034287031e+04 2.615112207146207401e-01 1.250606074233013080e-24 5.725013956556750449e-25 1.993633063543759930e-25 3.589979213997053775e-01
4.997521788524898756e-02 3.019813251429304364e+04 2.046497830889093893e+04 9.642842891489211979e+03 2.722414286839573427e-01 9.922320973104994351e-25 4.778642306035469811e-25 1.710413013602631920e-25 3.407927494392738454e-01
5.763587575980636674e-02 2.477159858421824174e+04 1.244811575386948243e+04 7.898438938250545107e+03 2.634445562396989793e-01 8.415394461771678480e-25 4.446992583335668600e-25 1.335101255281426094e-25 3.406830753213441199e-01
6.647082924635627776e-02 2.017359846459451364e+04 8.320817660442764463e+03 6.721492961260224547e+03 2.470164675142170752e-01 7.040594185774931572e-25 3.974279963844153562e-25 1.078763473253633286e-25 3.252276042939208356e-01
7.666008510240249207e-02 1.684601150243200027e+04 6.394499033710948424e+03 4.429075709087353061e+03 2.376174031055441616e-01 6.051969610167750086e-25 3.878632798390585979e-25 8.906408655762218546e-26 3.366850826968756927e-01
8.841124316543315376e-02 1.403381040986127846e+04 6.006530870278786097e+03 3.443361650327005009e+03 2.444552402514853229e-01 5.050905448939432287e-25 2.935053321753583585e-25 7.582969445206582739e-26 3.381278856402430422e-01
1.019637260722580097e-01 1.180244241853627500e+04 4.729060580748150642e+03 3.287324670038728982e+03 2.353627654675180814e-01 4.128248481825171000e-25 2.672975437804409181e-25 6.682616329700812697e-26 3.438269693972905716e-01
1.175936573483598035e-01 9.430404317831798835e+03 3.632910038531720602e+03 2.148784879806941717e+03 2.197467254194021558e-01 3.384657871814175768e-25 2.275242152295233342e-25 4.930395452365981644e-26 3.470127338631581182e-01
1.356194872553388164e-01 7.871348095660755462e+03 2.651359929089576326e+03 1.847770674210427387e+03 2.126668430320694803e-01 2.738050707980633007e-25 1.868412349523777139e-25 3.442317109269825849e-26 3.515301836502294219e-01
1.564084810196403053e-01 6.434787448120948284e+03 3.240429219218470735e+03 1.492721412834914645e+03 2.117130348236949677e-01 2.073000440112335919e-25 1.400341974938662624e-25 2.295994162056452351e-26 3.524446246702945817e-01
1.803842016362447453e-01 5.184671332580404851e+03 2.345665829790992120e+03 1.013299912742373181e+03 2.156744301865024527e-01 1.577408031026166102e-25 1.012927526498860615e-25 2.109212566102686368e-26 3.673003037794487224e-01
2.080351397048574025e-01 3.942089452131075177e+03 1.771027114772999994e+03 7.107250912169986350e+02 2.075546245212147312e-01 1.176865995085910215e-25 7.282623226251602589e-26 1.631124651841949067e-26 3.851968531534129547e-01
2.399246661262133540e-01 2.912186250939148977e+03 1.246485720801298839e+03 5.268508597382347034e+02 2.053261370486631487e-01 8.566994456553846936e-26 5.115095900284626127e-26 1.182226575706893399e-26 4.068462258443180657e-01
2.767025104385807399e-01 2.209627570663576989e+03 9.520639787072152558e+02 4.337885250319295665e+02 2.140387365429716471e-01 5.898820350840915205e-26 3.375040766986839830e-26 8.920908160342110900e-27 4.251029678109663479e-01
3.191179986585286343e-01 1.572083113927109935e+03 7.207884520246523152e+02 2.742912624686432537e+02 2.248294456607777547e-01 3.758316909482053644e-26 1.811945960908473582e-26 4.880158665219670606e-27 4.391588084241831447e-01
3.680353203388414540e-01 1.053809873530790355e+03 4.987895201101827070e+02 2.339113182468202012e+02 2.306988727061437261e-01 2.345498945003527625e-26 9.051444371489603446e-27 2.528400672661086385e-27 4.570413082184734410e-01
4.244511359005219142e-01 7.555745869775555548e+02 3.187772871475721672e+02 1.410392268202151342e+02 2.380687961587207579e-01 1.483754766859334966e-26 7.712424174133953945e-27 2.094370224166466112e-27 4.784563216212524561e-01
4.895148829774688681e-01 5.150287352999251880e+02 3.117491579706745597e+02 9.724888586758675046e+01 2.454836075879934798e-01 8.522013990870832879e-27 4.875665804554428545e-27 1.118841248149366930e-27 4.784262637942254814e-01
5.645521955031491679e-01 3.530527339298556626e+02 1.762164402269041545e+02 8.026523127964352966e+01 2.347295028804821937e-01 4.778891007331731670e-27 3.924858467530445404e-27 7.935835863343925994e-28 4.792139953102548255e-01
6.510919126887823039e-01 2.356471735325675354e+02 1.082467718712386784e+02 6.919983975017888156e+01 2.360285911860974806e-01 2.833818383095649160e-27 1.985992160105465306e-27 5.765548259643826754e-28 5.023205409512067066e-01
7.508972281844089602e-01 1.785782015357378043e+02 9.490662528406150500e+01 3.344636109211938901e+01 2.510571976452658505e-01 1.879416560123608569e-27 1.619123473003927356e-27 4.375326453250364182e-28 5.581134552594249065e-01
8.660016140678794550e-01 1.354685144505779704e+02 7.460943387980881880e+01 4.826840254664468688e+01 2.605882593788254598e-01 1.402281897585295247e-27 1.138850765215168907e-27 3.540212625438822847e-28 6.088097216681767065e-01
9.987502515910116063e-01 1.153302889250590511e+02 8.160822017838755471e+01 3.160317175072749052e+01 2.571162146621390754e-01 1.256624657766137393e-27 1.265235728786000932e-27 2.183320556060195275e-28 6.168448451637041918e-01
1.151847812808953542e+00 8.486850782685276329e+01 4.742156984545867004e+01 1.656133367432247638e+01 2.168147731405654088e-01 1.138438164268188074e-27 4.744951081474164429e-28 1.468849949955636197e-28 5.793774998056913095e-01
1.328413566614123908e+00 7.212015690136328772e+01 1.760324515721898564e+01 2.034591392557490863e+01 2.123870519248321487e-01 1.414047717435209698e-27 2.619426773962229974e-28 9.922058415569615944e-29 5.779911267218449389e-01
1.532044931926391351e+00 6.619783931357834206e+01 3.134779705006740613e+01 1.179594751675439568e+01 2.369596613079400504e-01 2.681483541412872511e-27 2.795458893677832013e-28 9.180841697336633905e-29 6.558490395446554544e-01
1.766890772896739126e+00 6.322217447325854067e+01 1.654287003690226499e+01 1.187788920782098856e+01 2.552533856828216874e-01 4.936786464461692329e-27 1.472126803551959737e-28 7.901283053518448678e-29 7.167949032437302970e-01
2.037735929469222107e+00 5.296621630824368054e+01 2.557976329515398817e+01 8.609639637684008306e+00 2.881407898384792388e-01 3.668145303553846794e-27 2.879727266705660338e-28 5.116031244293564141e-29 7.906520850443988779e-01
2.350098705559579226e+00 3.873522875222634809e+01 2.480577394782430289e+01 7.900519135828805162e+00 2.536461916831788121e-01 1.015207942938385353e-27 2.443278656402878731e-28 5.194369260793868493e-29 7.342147845371624904e-01
