# R (Mpc), rho (Msol/kpc^3), errup, errlow, std, pth (Msol/kpc/s^2), errup, errlow, std 
#  nprofs 462, average weighted mh 5579170560539.939453
1.040961082911032697e-02 6.946312593956121709e+05 5.507655089896041900e+05 5.544157589206600096e+05 5.938132768269864803e-01 4.147646711671021796e-24 3.010890297814974243e-24 7.818684426604992743e-25 5.222333163258690014e-01
1.200529105910367808e-02 4.783613356176427915e+05 3.960780884174769162e+05 3.997842256688457564e+05 5.156120790695353229e-01 3.213400125474189944e-24 1.293963489553407764e-24 8.668821454864609086e-25 4.554844492113282461e-01
1.384557172980430476e-02 3.475811078624689835e+05 3.407788564021144994e+05 3.162423728201615741e+05 4.803037283493281073e-01 3.838419024302326121e-24 1.983171092251346156e-24 8.128810024190071089e-25 4.555762474150080177e-01
1.596794743096121086e-02 2.509417671337721113e+05 3.299992875438267947e+05 1.786523370624510571e+05 4.698851685110075338e-01 2.777501341842386440e-24 1.117753208029493925e-24 7.421936101531542508e-25 4.543355000506281716e-01
1.841566026551830909e-02 1.708131793982279196e+05 1.659639286420145654e+05 1.418597869766109798e+05 4.327139027971328433e-01 3.152977760816242255e-24 1.354350808702427361e-24 5.021875386834760114e-25 4.235878072703466168e-01
2.123858088093512342e-02 1.245657651344580809e+05 1.273366932530488266e+05 8.621652503448858624e+04 3.917711643396402654e-01 2.674131741037586483e-24 1.170869253739489159e-24 6.703865789901610756e-25 4.419860041842670340e-01
2.449422455303571639e-02 9.589162910353978805e+04 1.126978274334039161e+05 4.727716322908719303e+04 3.653746749016874573e-01 2.095120329405283091e-24 8.130032038747609276e-25 5.821384143184310628e-25 4.071579094125242770e-01
2.824892302447100725e-02 6.772046225281579245e+04 6.828419413798738969e+04 3.836288409432477056e+04 3.395319845047132246e-01 1.735940490810696702e-24 7.552129840156476178e-25 4.476693969317180499e-25 3.663421878075141525e-01
3.257917597328415654e-02 5.139640571662948787e+04 3.962422536485876481e+04 2.567029288767444814e+04 2.955322280152426484e-01 1.651274071769214728e-24 7.445251265259062424e-25 4.244209353438369870e-25 3.755681435211546959e-01
3.757320964692217186e-02 4.099931226239238458e+04 2.410950045527988550e+04 2.010148847796210976e+04 2.924461859900683858e-01 1.376206809931924749e-24 4.785375609779869298e-25 4.069177145202254074e-25 3.517022038837293585e-01
4.333277441790538143e-02 3.284636972323793452e+04 2.252221168277695688e+04 1.250764836450364237e+04 2.941725153380074786e-01 1.144308378721092654e-24 5.521470941525686230e-25 2.746379166626158300e-25 3.526149116950432760e-01
4.997521788524898756e-02 2.854306524949111918e+04 2.126067161680881691e+04 8.027292974793452231e+03 2.930119560718590921e-01 9.567675099449770253e-25 4.324445569800337682e-25 2.131433423739995196e-25 3.442244899745804387e-01
5.763587575980636674e-02 2.587310662177441554e+04 1.249366839345285553e+04 7.478513212470455983e+03 2.942796161014211709e-01 8.574470700245432725e-25 4.707842197762512516e-25 1.785043167018015638e-25 3.449712623092633934e-01
6.647082924635627776e-02 2.133764656461527193e+04 9.568756037870522050e+03 6.337721317659519627e+03 2.760098555184174463e-01 7.182757211210976836e-25 3.762925770619673171e-25 1.560987267630946410e-25 3.349398308351638764e-01
7.666008510240249207e-02 1.588771042708975438e+04 6.385738561168620436e+03 5.160254563294475702e+03 2.602882520036717273e-01 5.729131755069501653e-25 2.879465400227780599e-25 1.108037054238999712e-25 3.341114533828276612e-01
8.841124316543315376e-02 1.265380887636043735e+04 5.395352581134304273e+03 3.559937879854634957e+03 2.519798467110742624e-01 4.663998058554218600e-25 2.058427376279980260e-25 8.627442064330458720e-26 3.248898217006922495e-01
1.019637260722580097e-01 1.066579125736174865e+04 4.845794811378462327e+03 3.177527232725264184e+03 2.565279047172387972e-01 3.713464684127338756e-25 1.965185000571096937e-25 7.061340487065607866e-26 3.260926877894007037e-01
1.175936573483598035e-01 8.527578939816165075e+03 4.149542053313971337e+03 2.813212515035221713e+03 2.435067328656058405e-01 2.994629221440340568e-25 1.427284143896197810e-25 5.129449490292933744e-26 3.222902209109007043e-01
1.356194872553388164e-01 7.203672765185872777e+03 2.982201723144595235e+03 2.295427222498136416e+03 2.448609898776756277e-01 2.427592891443885426e-25 1.127369943680661611e-25 3.519646487351471389e-26 3.381057538301126542e-01
1.564084810196403053e-01 5.865418455616055326e+03 3.171233285219124809e+03 1.571029694527736865e+03 2.351729614221858833e-01 1.924655943527766530e-25 9.104445285847212191e-26 2.252176240164014880e-26 3.542680730274452294e-01
1.803842016362447453e-01 4.688834817297168229e+03 2.144402928778666137e+03 1.240070624479893922e+03 2.282429965723917209e-01 1.484285720726412707e-25 5.384866154571884823e-26 2.200146974373022559e-26 3.732736528701352530e-01
2.080351397048574025e-01 3.667535217309590735e+03 1.729339899496743783e+03 7.700604502736343875e+02 2.247367713394222977e-01 1.125656759027540841e-25 4.412724973376777919e-26 1.472968088568005540e-26 3.910874954473269050e-01
2.399246661262133540e-01 2.947343735879483575e+03 9.642567496960202789e+02 5.928650024900955486e+02 2.199823226969585821e-01 8.005100779482352268e-26 3.845843324527390429e-26 1.227158692596794056e-26 4.046102387912594578e-01
2.767025104385807399e-01 2.028526330557295751e+03 7.294978119314494052e+02 3.830603595286771679e+02 2.127864274467743122e-01 5.445398019766880159e-26 2.890016498160066802e-26 8.822293179320958361e-27 4.239074311090069158e-01
3.191179986585286343e-01 1.412280543626700592e+03 4.803390202904447506e+02 3.182171278231927545e+02 2.228586720121017439e-01 3.577527130321565307e-26 1.472874918176974728e-26 5.968735098831423859e-27 4.447598538132729873e-01
3.680353203388414540e-01 9.671022794612182452e+02 4.785647188409484443e+02 2.133948173630132601e+02 2.333222879179363829e-01 2.305512489809469914e-26 9.618250599971306558e-27 2.950993137248515311e-27 4.709241542739849851e-01
4.244511359005219142e-01 6.855849010933861791e+02 3.109566221923037119e+02 1.458257965664412268e+02 2.414798357479122914e-01 1.422604593890456354e-26 6.911395318617091071e-27 2.077111262173665982e-27 4.867002099343527011e-01
4.895148829774688681e-01 4.722677469243146788e+02 2.427701622087454894e+02 1.040913160563224551e+02 2.443865181881439697e-01 8.407128172584810286e-27 4.127906655494838375e-27 1.252864269750042333e-27 4.924761489897305777e-01
5.645521955031491679e-01 3.467933127363352810e+02 1.752206721829258811e+02 6.726029406576404313e+01 2.374154520787743750e-01 5.195575349581595246e-27 2.634770196125199186e-27 9.008055271024022460e-28 4.933373661095203366e-01
6.510919126887823039e-01 2.495540826521972804e+02 9.982818491341862455e+01 7.172446189936292171e+01 2.378222775746821338e-01 3.454181814683665316e-27 1.985247962762059692e-27 6.190646762291247249e-28 5.236313627471719245e-01
7.508972281844089602e-01 1.862069964066360512e+02 9.958177265859623617e+01 4.188741503678380695e+01 2.461948984906746074e-01 2.316460242502933807e-27 1.827040581139147725e-27 3.857575209682720905e-28 5.813248543643843025e-01
8.660016140678794550e-01 1.397279212082644904e+02 8.075539795261400400e+01 4.323447342631729384e+01 2.549472260388607747e-01 1.632970946523787094e-27 1.315459767259276077e-27 3.028806076050744150e-28 6.394030062808184756e-01
9.987502515910116063e-01 1.178959926581011217e+02 7.049785403890992086e+01 3.159542511331517289e+01 2.554768816272394161e-01 1.385126812402580398e-27 1.049740465433175764e-27 2.233578277370606801e-28 6.554453285882585467e-01
1.151847812808953542e+00 8.568369374038987019e+01 5.250841993360545246e+01 1.601874301038286319e+01 2.165247419935996953e-01 1.236940877962516531e-27 5.170139511384792798e-28 1.752566723263037461e-28 6.151584910642733384e-01
1.328413566614123908e+00 7.356798293463477023e+01 2.349758200726658686e+01 2.018342757293802592e+01 2.170991495106569247e-01 1.519113099195647939e-27 3.000958726168340747e-28 1.423251283562751863e-28 6.114279592600980751e-01
1.532044931926391351e+00 7.077025821482726542e+01 3.421417721382754706e+01 1.530935800606290442e+01 2.438610726391446382e-01 2.778276769323372727e-27 3.662802042805251035e-28 9.902442314580337189e-29 6.847563324662451212e-01
1.766890772896739126e+00 6.579913029502266397e+01 1.668332454399018872e+01 1.359043619105847611e+01 2.618613921344797868e-01 4.750672988165610939e-27 2.001352388478218023e-28 8.592037047635661090e-29 7.309758077845690538e-01
2.037735929469222107e+00 5.375982231211386875e+01 2.490781416896049905e+01 8.410082304057429070e+00 2.876747140325072727e-01 3.533113657790856758e-27 3.053765397284258116e-28 5.632168490311086243e-29 7.904545655296990603e-01
2.350098705559579226e+00 3.948848343031599484e+01 2.386111388565720404e+01 8.456645054938316974e+00 2.503486689707821733e-01 1.025567622661568517e-27 2.591536940677910817e-28 6.026311373145051784e-29 7.266545370287310623e-01
