# R (Mpc), rho (Msol/kpc^3), errup, errlow, std, pth (Msol/kpc/s^2), errup, errlow, std 
#  nprofs 459, average weighted mh 5453392881105.322266
1.040961082911032697e-02 5.016063103580233292e+05 6.190648972784070065e+05 5.274869715964901261e+05 5.669875942242036393e-01 2.311852842722952533e-24 2.047705954188465279e-24 7.478333524026805991e-25 6.048679295493067931e-01
1.200529105910367808e-02 3.447509463555481052e+05 4.688907235206104815e+05 3.828488323650298407e+05 5.264571992182781601e-01 1.943823913284951613e-24 1.482632699321366928e-24 7.591190889904199667e-25 5.144192198216807066e-01
1.384557172980430476e-02 2.443689041475910053e+05 3.191106927632467705e+05 2.792268953213417553e+05 5.133118701891187241e-01 1.749591741285288333e-24 1.573294114631366170e-24 6.742370734034716939e-25 5.579670490744443878e-01
1.596794743096121086e-02 1.878155121519410459e+05 2.159948689041421749e+05 1.850728869885207387e+05 4.404467899775347806e-01 1.627162529129724476e-24 1.262110726733619328e-24 5.034004386675804808e-25 4.798642004192574806e-01
1.841566026551830909e-02 1.461746185837433150e+05 2.046226986120128713e+05 1.241386495705374400e+05 4.114377356331581637e-01 1.554187561588795590e-24 1.015002141680866552e-24 5.506322235101995960e-25 4.398531908785397460e-01
2.123858088093512342e-02 1.087360405217782973e+05 1.406900438973594573e+05 8.284653878961692681e+04 3.924072502515346117e-01 1.476006569950878758e-24 1.146466519108927718e-24 4.681289249603149936e-25 3.868262566144590187e-01
2.449422455303571639e-02 8.838760033467880567e+04 1.018067711309277947e+05 6.613525936781833298e+04 3.655111052656552229e-01 1.301506439545771149e-24 5.553880002086834474e-25 3.080183627885385203e-25 3.669937203316003815e-01
2.824892302447100725e-02 6.310890954533026525e+04 7.477875582791796478e+04 4.467095909427506558e+04 3.494239982303306569e-01 1.184682446800080048e-24 4.014859753928897691e-25 3.961363465056074706e-25 3.452976738365504672e-01
3.257917597328415654e-02 4.911656841897666163e+04 4.107358982124953036e+04 2.609196199157261799e+04 3.181677433739177330e-01 1.114297429910119886e-24 4.513086707819849933e-25 3.213576120405989596e-25 3.362197576560035928e-01
3.757320964692217186e-02 3.658490670198573935e+04 1.680692817024423857e+04 2.083125452102799318e+04 3.080331680605727374e-01 9.579282621335170602e-25 4.357696388204350035e-25 3.125853626042044637e-25 3.215979589710050712e-01
4.333277441790538143e-02 3.165371283092787053e+04 1.329551678167600039e+04 1.774422500773091451e+04 2.773233264469737724e-01 8.848367865032540194e-25 4.747022609316843918e-25 2.137370013075821733e-25 3.173304904304256602e-01
4.997521788524898756e-02 2.582538484208252339e+04 1.054158951109288682e+04 1.130801027545523357e+04 2.715498893426726568e-01 8.849505064045806385e-25 3.333069733634869099e-25 1.854201714663797569e-25 3.088320903564663600e-01
5.763587575980636674e-02 2.240873446223470819e+04 9.004460981161060772e+03 9.529957359180629282e+03 2.683060333086736970e-01 7.888921683908943796e-25 2.949385540531193750e-25 1.433770906181330301e-25 2.985532305651193430e-01
6.647082924635627776e-02 1.857154755766317248e+04 1.027381275212030596e+04 6.229150892969588313e+03 2.609632397652348890e-01 6.919119466834211260e-25 2.081287347575958864e-25 1.132158448615570177e-25 2.952685609341629824e-01
7.666008510240249207e-02 1.557652758984247703e+04 8.765536691077952128e+03 5.216823496006233654e+03 2.551233021618013463e-01 5.979783546814397160e-25 1.611681215725470557e-25 8.502027323688284883e-26 2.959378528078726589e-01
8.841124316543315376e-02 1.372843052010989413e+04 6.781976849920933091e+03 5.248176815020638060e+03 2.686487809305876384e-01 5.008152627332479600e-25 1.682872195302685359e-25 6.225017873579495828e-26 2.905339227266246493e-01
1.019637260722580097e-01 1.085842784155576919e+04 4.733817735308432020e+03 4.227285365825332519e+03 2.701902955499989600e-01 4.007979314329648517e-25 1.787072323844186739e-25 3.921492334338643916e-26 2.991133677180551342e-01
1.175936573483598035e-01 8.496844763135775793e+03 4.050120364191890985e+03 3.114337861501837779e+03 2.674838617191910850e-01 3.122897800476068504e-25 1.652998972984685791e-25 2.351588744999953691e-26 3.118793910567308481e-01
1.356194872553388164e-01 6.916058766242585989e+03 3.449640777489847096e+03 1.995613348390826559e+03 2.427569476701860740e-01 2.607525609170045939e-25 1.362720055844828599e-25 2.854523742843089276e-26 3.394034263600651524e-01
1.564084810196403053e-01 5.621780291018351818e+03 2.802115974855692002e+03 1.441471428779999769e+03 2.266191951106502067e-01 2.127217447087335005e-25 9.779300029371396843e-26 2.913262521864142860e-26 3.604111417098408987e-01
1.803842016362447453e-01 4.029256335201727325e+03 1.958736875565553419e+03 1.092167178357581179e+03 2.071794346594362235e-01 1.492637971833733614e-25 5.298345168212462792e-26 2.482216823695251366e-26 3.626589716537562125e-01
2.080351397048574025e-01 3.196918022608433603e+03 1.371434697599306446e+03 8.146653899051261760e+02 2.076384510279187523e-01 1.103096175562524796e-25 4.440683775142017459e-26 1.603364193090850894e-26 3.791032562184950550e-01
2.399246661262133540e-01 2.450684814119323164e+03 7.915970526611315563e+02 7.149217571232223918e+02 2.107180885726356590e-01 8.321373983548417134e-26 3.259073088105635796e-26 1.104878722321776908e-26 4.054323850222295578e-01
2.767025104385807399e-01 1.892635944814080403e+03 5.438445681061878076e+02 4.852117033558221237e+02 2.125681155650811227e-01 5.677144905349474678e-26 1.980307736748389160e-26 7.396385444290994079e-27 4.215405747184764462e-01
3.191179986585286343e-01 1.301655885808580706e+03 4.504412114488940233e+02 2.566009192834856094e+02 2.073396981909809422e-01 3.334948671789746452e-26 1.347198557853550041e-26 4.863453757119498159e-27 4.222802346656842620e-01
3.680353203388414540e-01 9.501535794312094367e+02 3.687228100349093438e+02 1.975505110936815640e+02 2.132264160424237054e-01 2.125236610023777784e-26 7.310183282167237629e-27 3.300580042528599445e-27 4.304209632671657793e-01
4.244511359005219142e-01 7.120429872880756648e+02 3.301790388111527363e+02 1.188144139661579288e+02 2.339557944688251956e-01 1.517722258579027160e-26 5.818715757350995709e-27 1.989431732777999228e-27 4.660895514789985539e-01
4.895148829774688681e-01 5.336532201277781269e+02 1.854267716818197300e+02 1.187865578979427141e+02 2.522146537211270578e-01 1.028423914207565759e-26 3.816842113157387201e-27 1.333914216091746507e-27 4.974351051073573893e-01
5.645521955031491679e-01 3.719621836738846810e+02 1.600411012168209766e+02 1.091413709966528813e+02 2.615571731611453510e-01 5.943808933138440203e-27 2.954278855972823230e-27 5.200411337831299201e-28 5.133766018386224372e-01
6.510919126887823039e-01 2.458950163366065453e+02 1.166367429649843359e+02 6.747887600558665611e+01 2.391914316117827177e-01 3.160651114928658600e-27 1.900541424681048757e-27 6.345996682475691470e-28 5.168284745062080576e-01
7.508972281844089602e-01 1.708717876545806575e+02 7.754331344741456178e+01 4.132114196086565983e+01 2.303056572886603703e-01 1.865465166763731615e-27 1.423987432616378854e-27 3.586214069584947321e-28 5.406798423817164023e-01
8.660016140678794550e-01 1.376142488426766874e+02 6.931548319137090175e+01 3.401708739417623661e+01 2.396469278151537596e-01 1.272615559936601395e-27 1.078665671367825429e-27 2.427536618023427582e-28 5.680671724335261130e-01
9.987502515910116063e-01 1.063900078081083223e+02 7.945253246419474635e+01 2.391870332314470460e+01 2.434356574889295077e-01 8.893320792041067747e-28 1.050155671519065939e-27 1.437285644503973090e-28 5.978738163401841055e-01
1.151847812808953542e+00 8.926782374606348469e+01 4.533359942120105757e+01 2.043665455271212039e+01 2.196708124284514896e-01 6.040757310655482894e-28 5.060171577788265973e-28 1.699882744322679781e-28 5.807191972297586213e-01
1.328413566614123908e+00 6.794262151360166513e+01 2.537068790103268867e+01 1.836534850006675867e+01 1.806513026335296035e-01 4.095924691441080496e-28 2.417864708148960621e-28 1.296433577099276238e-28 5.156881737333518512e-01
1.532044931926391351e+00 5.540130809058217665e+01 1.799384289727132824e+01 1.751717918436315102e+01 1.854651234472445009e-01 2.832206553237891744e-28 2.397214213080378636e-28 9.800153474918710058e-29 5.239736405919074302e-01
1.766890772896739126e+00 4.060013283805974282e+01 1.604176760011996095e+01 1.074183494509465930e+01 1.890181550267253374e-01 1.948845777220686728e-28 1.463239307834331472e-28 8.590274890548384057e-29 5.627743132975324691e-01
2.037735929469222107e+00 3.522398933765167328e+01 2.189906784310224452e+01 9.147761216998734568e+00 2.429451468650029589e-01 2.380252364068687612e-28 2.854181874130967103e-28 6.535702805084341328e-29 6.687788846793968345e-01
2.350098705559579226e+00 3.040438747226529514e+01 2.031991535074224942e+01 8.849779637868802951e+00 2.278863044154023632e-01 2.052336705415227831e-28 2.248466161864111346e-28 5.631101258620889488e-29 6.378667731083925707e-01
