# R (Mpc), rho (Msol/kpc^3), errup, errlow, std, pth (Msol/kpc/s^2), errup, errlow, std 
#  nprofs 456, average weighted mh 5554681415985.872070
1.040961082911032697e-02 4.170777508032078622e+05 8.840459224803231191e+05 3.968448279949724092e+05 6.542552251152692344e-01 1.817842046301042276e-24 2.420167235933605224e-24 3.583303016154662202e-25 5.367227212692833316e-01
1.200529105910367808e-02 3.035387155233754311e+05 5.402572149259697180e+05 3.271329205128368922e+05 6.100863350026114462e-01 1.691451649658226021e-24 1.264934292869970835e-24 6.306790226340025212e-25 4.928445220993690201e-01
1.384557172980430476e-02 2.655716062379244831e+05 4.452913238772208570e+05 2.234938059501423850e+05 5.350281168305526247e-01 2.271360259510758332e-24 2.000244990089938505e-24 4.240983517050806693e-25 4.389488697736399492e-01
1.596794743096121086e-02 1.830975695552966208e+05 2.489998612012319209e+05 1.690225652157995792e+05 5.060478234439386158e-01 1.882071574504896313e-24 1.708497484701675157e-24 5.254644995803175668e-25 4.706080515772900763e-01
1.841566026551830909e-02 1.355938039729961602e+05 2.045511009649433254e+05 1.066143108026107948e+05 4.682062265930141964e-01 1.661447085698490834e-24 1.057908560759860799e-24 4.810009286928160826e-25 4.080504354154334545e-01
2.123858088093512342e-02 1.070273534663413739e+05 1.370337193243830989e+05 8.288805678068009729e+04 4.326227638826340427e-01 1.759227539705857305e-24 1.326343021131596255e-24 2.411746424761029244e-25 3.606690339692551484e-01
2.449422455303571639e-02 7.846185909016466758e+04 9.692146192573025473e+04 4.701818014507427870e+04 4.057347711064476226e-01 1.416777498334326470e-24 8.423555787293190874e-25 3.633126094405039360e-25 3.763488510785787944e-01
2.824892302447100725e-02 5.883705741461938305e+04 5.362041864146378794e+04 4.341493837209245248e+04 3.941542180484708391e-01 1.182334310082300282e-24 6.687208933915068286e-25 3.070508834181547773e-25 3.294910653297606351e-01
3.257917597328415654e-02 4.366116427347189165e+04 3.193068289151389035e+04 2.838062826399746336e+04 3.384599111258447812e-01 1.170590851734187380e-24 6.524858762480367839e-25 2.766559253255706331e-25 3.676563665250679458e-01
3.757320964692217186e-02 3.541943233021925698e+04 2.284088240220965235e+04 2.153357644931691902e+04 3.246366683345262572e-01 1.029925026849406636e-24 5.164182660444624665e-25 1.984436187171571596e-25 3.489698131060404163e-01
4.333277441790538143e-02 2.872402516602185278e+04 1.971151480694403290e+04 1.476359656966656621e+04 3.168222744488576881e-01 8.665574833457960331e-25 4.033110041469139663e-25 2.104149539612171877e-25 3.469175634922351814e-01
4.997521788524898756e-02 2.334102743681930224e+04 1.494020551991451794e+04 1.004450587360049394e+04 3.029606116936467419e-01 7.560223404557292647e-25 3.219571866556415591e-25 2.120205282002006072e-25 3.474769458805261335e-01
5.763587575980636674e-02 1.984035789399823625e+04 1.750558345087915950e+04 8.711115952155922059e+03 3.139754394042651997e-01 6.169147136523244023e-25 2.503406981085819685e-25 1.442461826421301115e-25 3.327610821832563404e-01
6.647082924635627776e-02 1.610101754202753182e+04 9.156757408784287691e+03 6.956388460055125506e+03 3.101123463875460895e-01 4.999188225201955227e-25 2.291306692056861457e-25 1.160453095713368755e-25 3.373066675242017975e-01
7.666008510240249207e-02 1.211167684292502781e+04 7.159375358644505468e+03 5.208959332203828126e+03 2.947418974032825489e-01 4.194295007036347281e-25 1.844996594423664563e-25 9.175827230510876354e-26 3.276305317694325758e-01
8.841124316543315376e-02 1.045392674852461641e+04 5.660178003007871666e+03 4.592549490776161292e+03 3.052533658181430520e-01 3.644205983594575368e-25 1.689557204335755658e-25 7.000063581545039609e-26 3.279430898417882156e-01
1.019637260722580097e-01 9.211401259519407176e+03 4.695670234182679451e+03 4.369244778552016214e+03 3.034759961080948365e-01 3.096497009383702687e-25 1.352895489650034377e-25 6.070291367521486989e-26 3.316205673542352850e-01
1.175936573483598035e-01 6.754501417346822564e+03 3.271908429034241635e+03 3.674753337177474350e+03 3.080318144347669040e-01 2.586800147571859658e-25 1.366009219832155619e-25 3.680800641798753025e-26 3.379970185886718714e-01
1.356194872553388164e-01 5.610922331405954537e+03 3.349680042686375600e+03 2.730451024605963539e+03 2.925810427359893384e-01 2.142276073372103573e-25 1.139884795741162358e-25 3.021630421732361778e-26 3.362895590769847676e-01
1.564084810196403053e-01 4.720459075677122200e+03 2.692577982522564071e+03 1.767262249562174247e+03 2.799293197761925645e-01 1.729593587523545184e-25 9.887022861315414240e-26 1.679908159841556316e-26 3.502692514774456978e-01
1.803842016362447453e-01 4.236854926652985341e+03 2.442710031580699251e+03 1.312513289584875793e+03 2.702126876655420729e-01 1.392943332502957958e-25 7.979153684244241729e-26 1.266751844631557866e-26 3.718689115810164814e-01
2.080351397048574025e-01 3.345685242475381074e+03 1.586394549592055228e+03 9.703967904375233502e+02 2.524317116703035380e-01 1.077406497116310478e-25 5.569574594532752781e-26 1.344473571943612178e-26 3.940186080055668727e-01
2.399246661262133540e-01 2.548080263523480880e+03 1.115556331490358843e+03 6.727743921190650553e+02 2.379127261580258335e-01 7.943376838051425676e-26 4.373084659415654854e-26 1.166857826776883720e-26 4.062758018123079906e-01
2.767025104385807399e-01 1.876616542439983277e+03 6.457756514517918731e+02 4.446468096205852589e+02 2.265079042945233601e-01 5.498734030150241425e-26 2.697628046943083580e-26 6.030988574959089844e-27 4.051891926036064739e-01
3.191179986585286343e-01 1.362841565397603063e+03 5.770162414188382627e+02 3.490239899126948444e+02 2.200244920877027777e-01 3.528715321876694445e-26 1.513909078319431970e-26 4.471100954398822703e-27 4.167002805865757664e-01
3.680353203388414540e-01 9.445252190589244492e+02 4.924867992831161700e+02 2.426977983402221071e+02 2.234303371981953001e-01 2.254143392416494662e-26 9.955859340721604824e-27 2.790035166375636502e-27 4.368770394429956627e-01
4.244511359005219142e-01 6.988590136270709081e+02 3.346338127926940729e+02 1.522376065775883092e+02 2.264626996935207304e-01 1.425195020141508589e-26 6.822255155949582521e-27 2.902461226681505933e-27 4.589976676917700837e-01
4.895148829774688681e-01 4.849163868355297495e+02 2.270596175693178793e+02 1.006134573238927032e+02 2.347284950534282433e-01 8.598542781126617589e-27 4.945788296396712468e-27 1.520164704207937179e-27 4.687406582990305548e-01
5.645521955031491679e-01 3.641216496237623232e+02 1.564297312239487781e+02 6.072329391248089792e+01 2.294567279367376866e-01 5.560767853035981937e-27 3.250464833186004825e-27 1.095067940721899082e-27 4.818767576757841398e-01
6.510919126887823039e-01 2.513244356457117590e+02 9.545006034533236061e+01 6.967027666404840147e+01 2.201695660997461668e-01 3.609156020235864510e-27 2.491742726126702398e-27 8.116598567085147545e-28 5.004730085179999177e-01
7.508972281844089602e-01 1.916013848249971545e+02 1.113661426793973135e+02 4.186308408246473789e+01 2.270691635039178702e-01 2.454995091881378788e-27 2.096360833962431358e-27 4.733674130375879602e-28 5.391986751914304987e-01
8.660016140678794550e-01 1.434616605182596345e+02 8.539652496605773990e+01 4.250764035439130595e+01 2.508605771349517455e-01 1.820398144915455960e-27 1.354277914372535525e-27 4.064786613595494710e-28 5.941373342002420621e-01
9.987502515910116063e-01 1.206366780624750703e+02 7.197039853469516402e+01 3.993986919830519611e+01 2.526443031476048873e-01 1.540815037590365095e-27 1.141979061616898327e-27 3.533644909171468676e-28 6.335108185678665071e-01
1.151847812808953542e+00 8.892760709180592471e+01 5.229214475418822161e+01 1.796858264061708610e+01 2.217122745835476416e-01 1.357764770572451549e-27 5.327235926624314653e-28 2.322441339437777243e-28 6.111609938876542136e-01
1.328413566614123908e+00 7.376182990966943009e+01 1.842175293840917050e+01 1.883094774989347187e+01 2.135488760805374642e-01 1.656059916083732669e-27 3.027797484654258798e-28 1.519852038544904563e-28 6.022977307245588330e-01
1.532044931926391351e+00 6.993734412833235581e+01 3.336113305837312737e+01 1.567233485402920934e+01 2.413847443418773442e-01 2.892441279958041863e-27 3.430763610310152087e-28 1.366986218455183862e-28 6.686983051333381667e-01
1.766890772896739126e+00 6.591169910409847432e+01 1.668971373678130732e+01 1.342538950014297328e+01 2.571180228408468937e-01 4.833557395618847633e-27 1.786395729814046014e-28 1.291234889485045803e-28 7.113729662467764836e-01
2.037735929469222107e+00 5.412139821543746621e+01 2.607141492200612021e+01 8.802111502128962428e+00 2.865249601921766032e-01 3.555273988818955401e-27 2.945102122005114201e-28 7.928272544932308818e-29 7.748562636767148959e-01
2.350098705559579226e+00 4.114564274230816210e+01 2.334734507182533747e+01 8.927844522054453336e+00 2.515576737536082130e-01 1.141104724463686392e-27 2.597480646684940284e-28 6.821877592867054015e-29 7.068992606604036499e-01
