# R (Mpc), rho (Msol/kpc^3), errup, errlow, std, pth (Msol/kpc/s^2), errup, errlow, std 
#  nprofs 370, average weighted mh 4249072284432.547363
1.040961082911032697e-02 5.386047043453070801e+05 8.213464276423790725e+05 4.749896908317035995e+05 6.465972192038192956e-01 2.615801404287034812e-24 1.026417784110807796e-24 4.896138571328527511e-25 4.451817184611785994e-01
1.200529105910367808e-02 3.639456154492961941e+05 5.713899477120849770e+05 2.749457916559277801e+05 5.686918610992589551e-01 1.942899205023858455e-24 1.045826204832269862e-24 4.616436119584270606e-25 4.440162839871993339e-01
1.384557172980430476e-02 2.559221708413590968e+05 4.828195394139381824e+05 2.342725221666583966e+05 5.614694554752206468e-01 1.859021553513338455e-24 6.807580089074361637e-25 4.427214544845011054e-25 3.731988978376434285e-01
1.596794743096121086e-02 2.036173411620641418e+05 3.039670223427611054e+05 1.411705300131469849e+05 4.961671164170861625e-01 1.740281984712169549e-24 6.166579104347547912e-25 6.791327935348424943e-25 4.657344143837716111e-01
1.841566026551830909e-02 1.532197482451903925e+05 1.996823707978010061e+05 1.048408248000172316e+05 4.821336674336126893e-01 1.601285885130018352e-24 5.301286169473862512e-25 4.664683405132788331e-25 3.626976059316813217e-01
2.123858088093512342e-02 1.322562003627525701e+05 1.366688967488490744e+05 8.609286456992605235e+04 4.568671057014912495e-01 1.675671104861359911e-24 5.829183931160810012e-25 4.410756613223428707e-25 3.370410245216942657e-01
2.449422455303571639e-02 8.957852076280202891e+04 8.678910961611825041e+04 7.878701898976869415e+04 4.041316510053796773e-01 1.283020975251997622e-24 5.003521440614429393e-25 2.784257481264970636e-25 3.011622773899029770e-01
2.824892302447100725e-02 6.354029644185750658e+04 6.478693993421002233e+04 4.117614926993102563e+04 3.608847032374661867e-01 1.068067380837978223e-24 4.736781555712032687e-25 3.053053865940577920e-25 2.766620313175329748e-01
3.257917597328415654e-02 4.788773801546682807e+04 3.522483597036766878e+04 2.895982544999614038e+04 3.502238037529156189e-01 8.721411447824620354e-25 5.404209364548395322e-25 2.855011874995126476e-25 3.154190544886485981e-01
3.757320964692217186e-02 3.652034255589877284e+04 2.840951223588048015e+04 1.952580238149245997e+04 3.014453501678773795e-01 8.048299245628534595e-25 4.481686993955947099e-25 2.320884324581553214e-25 3.070816692571787798e-01
4.333277441790538143e-02 2.727027520686620846e+04 1.933322756248449878e+04 1.697517080950323725e+04 2.934178268250187682e-01 7.103409818122883539e-25 4.143504561369063938e-25 2.268466613373921587e-25 2.951575084604034505e-01
4.997521788524898756e-02 2.400580607216992939e+04 1.363874399674872257e+04 1.307193454814812503e+04 2.943066479054899376e-01 6.610528495207533344e-25 3.217593742713090590e-25 1.756832089824396854e-25 2.834296422136386995e-01
5.763587575980636674e-02 2.115205423291383704e+04 1.165484824525198565e+04 8.472506550063910254e+03 2.963833089792422548e-01 5.933474706401903062e-25 2.898076339570962638e-25 1.558001486697884581e-25 3.216935353743118342e-01
6.647082924635627776e-02 1.867951289318501949e+04 1.495796712817459775e+04 6.476739901058416763e+03 2.998304519552157377e-01 5.373478424801793427e-25 3.605095458070301873e-25 1.237803313137613824e-25 3.105585394518869946e-01
7.666008510240249207e-02 1.434930343428131164e+04 7.808506199879491760e+03 7.012278020524394378e+03 3.013692844376222313e-01 4.549878770928084761e-25 2.073354584682899556e-25 8.985274170748708090e-26 3.155484783935607607e-01
8.841124316543315376e-02 1.194678959246046361e+04 7.285251492072440669e+03 4.609636917405178792e+03 2.717429419834759829e-01 3.630518146721355732e-25 1.573329810982418235e-25 6.570249404431170579e-26 2.996655219163192330e-01
1.019637260722580097e-01 1.116404033255852664e+04 6.274485996481874281e+03 2.651857645351809879e+03 2.641407022259730786e-01 2.951843764784083963e-25 1.548689781544459627e-25 6.132510688335824602e-26 2.959010313860933050e-01
1.175936573483598035e-01 8.429168724804196245e+03 3.690464378409767960e+03 2.938441947864318081e+03 2.651532476556218154e-01 2.310839261576761070e-25 1.167757045577500661e-25 5.045140539595096219e-26 2.994839106517858673e-01
1.356194872553388164e-01 6.385534841225264245e+03 2.800970673522812831e+03 2.043172280393121127e+03 2.585732098800446188e-01 1.786481094028223174e-25 9.479891510126847761e-26 3.943759856953973173e-26 3.037997036443889631e-01
1.564084810196403053e-01 5.034182628164602647e+03 1.993339302161315572e+03 1.516037932341294436e+03 2.413877885191264283e-01 1.371394451301197160e-25 6.194012702102050210e-26 2.656581915797046638e-26 3.026971677678780837e-01
1.803842016362447453e-01 3.898438363784985540e+03 1.882764838974693703e+03 9.717109999746178346e+02 2.275716879633619405e-01 1.016607708860099244e-25 5.255988108704704778e-26 1.454504593276294973e-26 3.128473200354536243e-01
2.080351397048574025e-01 3.147532564963089499e+03 1.639523639508594897e+03 8.746097866448467357e+02 2.214691902977557192e-01 7.509464179775666586e-26 3.675886013733400418e-26 1.011997692552656383e-26 3.320937649062098429e-01
2.399246661262133540e-01 2.462378237171557430e+03 8.626202243920356523e+02 5.451710229375864856e+02 2.070691642795362830e-01 5.317651585672210836e-26 2.221013690431690961e-26 8.241155250428464552e-27 3.469572470856032154e-01
2.767025104385807399e-01 1.797817724366664834e+03 5.676489243585122040e+02 3.689412392269264274e+02 1.976132357390871785e-01 3.538261933470495444e-26 1.569156040573841343e-26 5.065168082456232214e-27 3.659851024617031268e-01
3.191179986585286343e-01 1.297898123147004071e+03 4.481518318976143291e+02 2.813893182934660899e+02 2.046684035109973820e-01 2.467214716495187300e-26 1.291623141047899312e-26 4.455395664693408330e-27 3.896291690462969637e-01
3.680353203388414540e-01 9.711472174667420632e+02 3.221298928875994534e+02 2.600743768349082075e+02 2.167174971607436218e-01 1.745509934158627376e-26 8.820584336073174564e-27 2.834374840603615919e-27 4.195779449026807995e-01
4.244511359005219142e-01 6.890435646002028989e+02 2.728835572858275782e+02 1.289904925559002322e+02 2.150690681666897475e-01 1.184757945653383381e-26 7.590992197110273977e-27 1.412364887034070246e-27 4.494102199720438340e-01
4.895148829774688681e-01 5.179552274309754694e+02 2.294528589075694640e+02 9.656598776279702179e+01 2.356753570102861073e-01 7.724560143916805880e-27 5.410724167287783409e-27 1.081719064135587584e-27 4.759196697928579356e-01
5.645521955031491679e-01 3.494839204742130505e+02 2.058825266768649271e+02 7.718034316689727348e+01 2.279447943268869403e-01 4.533776099786568284e-27 3.505446262801113822e-27 8.301744221489627658e-28 4.766758120085927697e-01
6.510919126887823039e-01 2.511300020510682600e+02 1.095072748538333940e+02 5.874836780449109597e+01 2.156467579078629737e-01 2.747742300653227900e-27 1.734968051310202580e-27 5.375883885962686995e-28 4.737608270089141982e-01
7.508972281844089602e-01 1.814899035767404314e+02 7.249921846387341873e+01 4.853292811415522578e+01 2.159298481919562640e-01 1.749918959719607326e-27 9.555051800603384859e-28 3.739506613029323544e-28 5.013421343830321009e-01
8.660016140678794550e-01 1.377109513829492755e+02 8.435704547102710649e+01 3.268130084796759149e+01 2.193287998977634101e-01 1.108890934206697930e-27 8.111972229311166887e-28 3.677530475125794369e-28 5.351035270385472442e-01
9.987502515910116063e-01 1.047676802840455963e+02 7.208491190134228077e+01 2.916757511138986558e+01 2.318619735730228781e-01 7.434786882579860327e-28 6.896465572640293963e-28 3.263777912067969358e-28 5.693255452432238739e-01
1.151847812808953542e+00 8.337482129872410042e+01 5.892553048474927380e+01 1.772984396780332617e+01 2.215707658580220452e-01 4.702658544333104960e-28 4.590946416014195365e-28 1.893190932927732430e-28 5.508287232499422537e-01
1.328413566614123908e+00 6.075569336760856487e+01 2.079831436496296249e+01 1.367294715705359920e+01 1.969686503850689441e-01 3.076655698815329574e-28 1.712185270927982954e-28 1.105473423563321421e-28 5.198239615659085988e-01
1.532044931926391351e+00 4.859267823509423323e+01 1.547987517368110133e+01 1.636601061305334781e+01 2.172544234269723484e-01 2.655157930826189953e-28 2.087267822033056233e-28 7.942609072584224045e-29 5.958322439138432625e-01
1.766890772896739126e+00 4.141678287883500786e+01 2.190248385145463317e+01 8.737563061370934747e+00 2.404681005814660599e-01 3.251612719166396936e-28 1.526397472100244799e-28 7.336884263376329817e-29 6.654479748019918040e-01
2.037735929469222107e+00 3.639644677290936414e+01 2.579045519257707042e+01 7.039118862868196658e+00 2.574718172347098544e-01 2.925191085666688308e-28 2.874888310429871391e-28 6.087444011313666745e-29 7.247446874956119389e-01
2.350098705559579226e+00 3.327148329355374301e+01 1.964542214881532090e+01 8.451168100607286959e+00 2.198390232023799684e-01 1.565299920477546888e-28 1.773282502663762567e-28 6.026892291342451465e-29 6.376669100209879648e-01
