# R (Mpc), rho (Msol/kpc^3), errup, errlow, std, pth (Msol/kpc/s^2), errup, errlow, std 
#  nprofs 446, average weighted mh 3933638183246.490723
1.040961082911032697e-02 6.065934248548111646e+05 7.129434105979059823e+05 4.384684577514362754e+05 5.346714239994599938e-01 2.535807303582299114e-24 1.873253535916977305e-24 4.304507419780356179e-25 4.305430543356967843e-01
1.200529105910367808e-02 4.981752770599207142e+05 4.990626216729401494e+05 3.504130494320433354e+05 4.385480275860393351e-01 2.690117941302777255e-24 1.919092331998806637e-24 5.147240468803814195e-25 4.223515171441269977e-01
1.384557172980430476e-02 3.702082577566037653e+05 3.706810580094364705e+05 1.694716426063709660e+05 4.518249247843986183e-01 2.442519873017580938e-24 7.727266891180551808e-25 5.881996439036489368e-25 3.696743898544077589e-01
1.596794743096121086e-02 3.048475970604213071e+05 2.318195475666478160e+05 1.333560339387196291e+05 3.957053142596341777e-01 2.577693140794732630e-24 1.212682675346131895e-24 7.566241463250165783e-25 4.280797277335073314e-01
1.841566026551830909e-02 2.285117709494582086e+05 1.631279499364857329e+05 7.863618086387534277e+04 3.648482578222578265e-01 2.232603171470947207e-24 7.991553447884057551e-25 6.366239665817839571e-25 3.696059399636635323e-01
2.123858088093512342e-02 1.552956250500114693e+05 1.387544860321608721e+05 6.036863184481710050e+04 3.445686932319352858e-01 1.764290271355940917e-24 8.085016134188469200e-25 5.867775109601998577e-25 3.292391176080138315e-01
2.449422455303571639e-02 1.132403694339916110e+05 4.389503473682694312e+04 5.512918343614399782e+04 3.289051792374442229e-01 1.929299241749793966e-24 7.257726974724342083e-25 5.296552630191251841e-25 3.442686679475884803e-01
2.824892302447100725e-02 8.531976419157712371e+04 5.417481192561715579e+04 2.681264126446125738e+04 2.921494283671748349e-01 1.653394980353257469e-24 5.039914287254332275e-25 4.906010921328533787e-25 2.922773427243425259e-01
3.257917597328415654e-02 7.881421993152266077e+04 4.635819889930278441e+04 1.413029250292324650e+04 3.073510287356825965e-01 1.296310740671725561e-24 2.842548233835090384e-25 5.018067251897758619e-25 3.159968396304088101e-01
3.757320964692217186e-02 5.258023809410333342e+04 3.906779786067460373e+04 1.078639401156684471e+04 3.015458805556588961e-01 1.049662330657514952e-24 3.933435038553627635e-25 2.877292228107778873e-25 2.869588189762754538e-01
4.333277441790538143e-02 3.980409778085423750e+04 2.095467247758189114e+04 1.196907046388114395e+04 2.865941500860302860e-01 9.296555140553537877e-25 3.578528364607028370e-25 2.511691678257368434e-25 2.713762762176513132e-01
4.997521788524898756e-02 2.952164071777386562e+04 1.560880074164721009e+04 8.328962894977565156e+03 2.457971467995013481e-01 7.757476791862427108e-25 3.091938605055976235e-25 2.215905701729074341e-25 2.708512501969180808e-01
5.763587575980636674e-02 2.231857233153622292e+04 8.118522178183098731e+03 7.055978660119377309e+03 2.339265445385992070e-01 6.506417417785752056e-25 2.516589913303401026e-25 1.657463928260197760e-25 2.627687537112423088e-01
6.647082924635627776e-02 1.736313803408436797e+04 7.106405535003108525e+03 4.629941673359942797e+03 2.168084122027383875e-01 5.239812796585792420e-25 1.679172927429381275e-25 1.488723232553948432e-25 2.431819783961279291e-01
7.666008510240249207e-02 1.339826756688871319e+04 4.182810450592789493e+03 5.347905614364199209e+03 2.044809835517017449e-01 4.043817984661092947e-25 1.829299337088036647e-25 1.078836579670113147e-25 2.357742424193499386e-01
8.841124316543315376e-02 1.224312947977635122e+04 2.603413081882088591e+03 4.664592765066615357e+03 2.031822222201987715e-01 3.475967646221725083e-25 1.838210580231565231e-25 6.207154752595767138e-26 2.290711163533860895e-01
1.019637260722580097e-01 9.721763653864007210e+03 3.065108780363756523e+03 3.219322286526839889e+03 1.943053248800634680e-01 2.758799271902459107e-25 1.208072642704287879e-25 4.775591238231239486e-26 2.250892045391905683e-01
1.175936573483598035e-01 7.615315198529102418e+03 2.094390169131856055e+03 1.925618362090785922e+03 1.823661414148157744e-01 2.070378514638123481e-25 9.272837523004653390e-26 2.966918981473802898e-26 2.153299960621015974e-01
1.356194872553388164e-01 5.785338501294269918e+03 2.328069579930400323e+03 1.435403951359098301e+03 1.685941480743140264e-01 1.561553647930634902e-25 5.412856958551888120e-26 2.438745495958829976e-26 2.317754334195281096e-01
1.564084810196403053e-01 4.842860283214610718e+03 2.151983176173579068e+03 1.127603587489555593e+03 1.777732822160220660e-01 1.143219150378183771e-25 4.213736498914108848e-26 2.050563289742490320e-26 2.396256002146794073e-01
1.803842016362447453e-01 3.894232424009270289e+03 9.107172742568591275e+02 8.725832446976828578e+02 1.632769612654491331e-01 8.394972324571033997e-26 2.528309493443513998e-26 1.358134152477470452e-26 2.501679138842251571e-01
2.080351397048574025e-01 2.837905004623535206e+03 9.953048969328892781e+02 4.057086294243099474e+02 1.533545065131505514e-01 6.115316051890046360e-26 2.205328264173180541e-26 7.391046500425771632e-27 2.695596462715081909e-01
2.399246661262133540e-01 2.042541845388973798e+03 6.664725983850330522e+02 2.955312511627216736e+02 1.455109456680100388e-01 4.401063086138415189e-26 1.656354387710334451e-26 5.030988316149580230e-27 2.993737848347469144e-01
2.767025104385807399e-01 1.458533722673690363e+03 4.382295854918812665e+02 2.522719736244711157e+02 1.506705669497051536e-01 3.072653676837700357e-26 1.378165226754266960e-26 3.775542614188660159e-27 3.415689119563158904e-01
3.191179986585286343e-01 1.077161196926308776e+03 3.585541719088140553e+02 2.077931979778562095e+02 1.790885214223803534e-01 2.132915851825566564e-26 1.002136519976257126e-26 2.285739352222657587e-27 3.954422485994137371e-01
3.680353203388414540e-01 8.061718754029326419e+02 2.222688932127894077e+02 1.807194344930479701e+02 1.973422785884165476e-01 1.544112269977111959e-26 7.926413072116728724e-27 1.449453391895522544e-27 4.383665968571464622e-01
4.244511359005219142e-01 6.091406651518572062e+02 2.497795743597949922e+02 1.025157985680533272e+02 2.328311166656684694e-01 1.044841926559129448e-26 6.735155496404898327e-27 1.133020296319950681e-27 4.814195957165774975e-01
4.895148829774688681e-01 4.431192883281523223e+02 2.408237398626107222e+02 6.435060220820545851e+01 2.503558138372695141e-01 6.583600217029274780e-27 4.718263648589134116e-27 6.820190417388598744e-28 5.202625234662180409e-01
5.645521955031491679e-01 3.173980435477493529e+02 1.899042308977908249e+02 7.377603300251942642e+01 2.546523191630843397e-01 4.075685542595287175e-27 3.444588357540507948e-27 5.058241397044508757e-28 5.589687588628591275e-01
6.510919126887823039e-01 2.162011863359764163e+02 1.213803005448006900e+02 5.691833465919711443e+01 2.540622968826099504e-01 2.412527911041403616e-27 2.401975736359086313e-27 5.728230682798008454e-28 5.926789977863328174e-01
7.508972281844089602e-01 1.538746322584197799e+02 6.371490685329281689e+01 5.558905503940376036e+01 2.326259067951786108e-01 1.585129749082852575e-27 1.744587353938563106e-27 3.234259816854820463e-28 6.226652751937555852e-01
8.660016140678794550e-01 1.259769686812162348e+02 7.669614139802921216e+01 3.703463217197532487e+01 2.500498504812152523e-01 1.161590902892249842e-27 1.006431458888332534e-27 3.599519628782838649e-28 6.594987665177872715e-01
9.987502515910116063e-01 1.000560458745329839e+02 8.899168597797488189e+01 3.112010434485862476e+01 2.713417072227710669e-01 9.535759069877603180e-28 1.558638368805545527e-27 2.073952768364243191e-28 7.294447904873194721e-01
1.151847812808953542e+00 7.794231521175871080e+01 4.773349488623577486e+01 2.490457550282616950e+01 2.776598291569311594e-01 7.944599378830203866e-28 5.171185000677375551e-28 1.768734158344539179e-28 7.693820809995268739e-01
1.328413566614123908e+00 5.840963104528147198e+01 3.904871425036778732e+01 1.924030798288804078e+01 3.186154049286990531e-01 8.139997849069813347e-28 5.440827692160933990e-28 9.104288218769001290e-29 8.098682875437516193e-01
1.532044931926391351e+00 4.913152810978315443e+01 3.352117229977533697e+01 1.057065372719770835e+01 2.970331034047699048e-01 5.873933148095989251e-28 3.086306843274992795e-28 6.388902532670265007e-29 7.857118023875321322e-01
1.766890772896739126e+00 3.893349993397534803e+01 1.861866381197757647e+01 1.136123011828534146e+01 2.552042273438882014e-01 2.521557388300963507e-28 1.546771581428535866e-28 4.721235471625375288e-29 7.116603890490752482e-01
2.037735929469222107e+00 3.547026478382566950e+01 2.070188335293420323e+01 1.005456943710832718e+01 2.332645437133764044e-01 1.334049563694594007e-28 2.173522866645354712e-28 3.869869959592069366e-29 6.965096807633852638e-01
2.350098705559579226e+00 3.193435853894095189e+01 2.447920576846432894e+01 8.848562450681921376e+00 2.221093646107754893e-01 1.086879790480186555e-28 2.662177578089034537e-28 3.205558013089940836e-29 6.744703918241924390e-01
