# R (Mpc), rho (Msol/kpc^3), errup, errlow, std, pth (Msol/kpc/s^2), errup, errlow, std 
#  nprofs 702, average weighted mh 6788603827740.548828
1.040961082911032697e-02 3.988459464517302695e+05 4.136437935615535825e+05 3.996136568677626783e+05 5.987282513278157081e-01 4.465561222023387658e-24 2.200526746177182980e-24 5.439978384752259437e-25 5.422789762043261907e-01
1.200529105910367808e-02 3.049378697930076742e+05 3.697660544351612334e+05 2.786355382857812801e+05 5.479696213189808596e-01 4.603485904055733570e-24 2.601615178234823709e-24 6.750152984258773955e-25 5.547649320929648464e-01
1.384557172980430476e-02 2.220267073696994921e+05 2.061393890977224801e+05 2.173566596748398151e+05 4.981164133612155376e-01 4.223206783857164181e-24 2.182108339314042279e-24 5.973738491661989920e-25 5.617433755720007138e-01
1.596794743096121086e-02 1.728478245180028025e+05 1.932871351312319748e+05 1.254947564457634435e+05 4.729052885279443341e-01 3.987061766853825780e-24 1.883340935478912365e-24 5.908074220055601429e-25 4.847640770174608260e-01
1.841566026551830909e-02 1.356664625927211309e+05 1.525866453680034610e+05 7.364440739981495426e+04 4.444459857749707976e-01 3.501727050236784444e-24 1.452246085813336074e-24 4.185900975945542861e-25 4.346094692677316407e-01
2.123858088093512342e-02 9.421395155849015282e+04 1.056890824724770064e+05 4.372257485302745044e+04 4.114479718580490442e-01 2.898731560021127016e-24 1.494534047623968665e-24 5.075245148155368545e-25 3.975562271225412947e-01
2.449422455303571639e-02 6.829937218205274257e+04 7.230752900921119726e+04 2.665162629779586132e+04 3.669933784511924535e-01 2.386023965460988303e-24 1.176251648225525965e-24 3.985372861386881078e-25 3.942081201507746102e-01
2.824892302447100725e-02 4.977649145223851519e+04 4.611945026176807005e+04 1.923561393735207457e+04 3.317175730840682957e-01 1.852229872689895403e-24 9.389933693318577350e-25 3.640694279190155561e-25 3.568839953455046343e-01
3.257917597328415654e-02 3.908523542204675323e+04 2.680649947869615426e+04 1.584401473449595505e+04 3.278801364112887140e-01 1.563040566128066559e-24 8.657875832667936086e-25 2.514720433064898126e-25 3.489820777723595668e-01
3.757320964692217186e-02 3.218716001685372612e+04 1.644104323277962612e+04 1.249308891133952238e+04 2.957542650786021410e-01 1.372160936719695909e-24 6.456823704649599220e-25 2.744071900645260873e-25 3.337771129725491948e-01
4.333277441790538143e-02 2.681923981936047494e+04 1.363221144244491370e+04 9.060759157219004919e+03 2.979599945759233703e-01 1.230206035875469465e-24 5.664781793175761595e-25 2.044229212996241395e-25 3.399581932737151257e-01
4.997521788524898756e-02 2.294308870234058850e+04 9.032652952503343840e+03 8.437564564306743705e+03 3.062267257164827394e-01 1.080548235836332077e-24 5.720565832481125813e-25 1.443902946990676619e-25 3.471777974199724559e-01
5.763587575980636674e-02 1.906855978137770217e+04 8.115517352494172883e+03 5.330097985440144839e+03 3.062385078857601806e-01 9.199496522931224807e-25 4.620986486216329325e-25 1.024807557773122783e-25 3.492695390678965950e-01
6.647082924635627776e-02 1.748508337181734532e+04 8.441753978074522820e+03 4.203414521697028249e+03 3.124961132586925872e-01 7.616673629937158691e-25 4.052527966556534504e-25 1.100890152078165558e-25 3.538370057449799488e-01
7.666008510240249207e-02 1.413981586951587633e+04 7.383089627230241604e+03 3.756681145250694499e+03 2.984917962225659971e-01 6.510754813270237250e-25 4.051784319651097236e-25 7.900663404362019865e-26 3.628119705542657281e-01
8.841124316543315376e-02 1.127287683600827768e+04 5.084630701062047592e+03 2.843007692471944210e+03 2.828737095546577374e-01 5.543741224316591276e-25 3.279906537183086816e-25 7.930729608757814396e-26 3.728260292962847222e-01
1.019637260722580097e-01 9.189360169009818492e+03 4.574685362803879798e+03 2.048111850748369761e+03 2.728160116533033808e-01 4.564553702251901630e-25 2.740424138477935791e-25 6.388088527587703134e-26 3.817622482136844297e-01
1.175936573483598035e-01 7.506177369421015101e+03 3.070258583088695559e+03 2.062702271905931411e+03 2.752589731882192914e-01 3.727365046073114318e-25 1.971066864777042548e-25 4.927556623357426283e-26 3.930687370310728124e-01
1.356194872553388164e-01 6.021471265232427868e+03 3.117150254611643504e+03 1.480837293567902634e+03 2.626320194695898613e-01 2.888622345486469226e-25 1.537509795751462076e-25 3.524854867160690476e-26 3.953279781905693069e-01
1.564084810196403053e-01 4.965697221014612296e+03 2.385422448300430460e+03 1.263458839056392208e+03 2.577367476976708538e-01 2.229018352791882681e-25 1.269049121414437902e-25 2.207922001501141903e-26 4.066047768464718937e-01
1.803842016362447453e-01 4.003831105215519528e+03 2.050901706394467510e+03 8.864994272784026634e+02 2.578694505116955749e-01 1.654255155653639302e-25 9.259743247757820238e-26 1.584617724702621140e-26 4.218688366528369760e-01
2.080351397048574025e-01 2.971960568143476848e+03 1.330699966777194732e+03 6.138749546568225242e+02 2.432687106959280088e-01 1.198097347009962607e-25 6.003528148942332659e-26 1.287344378435672528e-26 4.313011209639194266e-01
2.399246661262133540e-01 2.208915226050963156e+03 9.538027894489232494e+02 4.152754369084510699e+02 2.363285832064058734e-01 8.580730664753928558e-26 3.610999386828607707e-26 1.027311397159064926e-26 4.457864795737694896e-01
2.767025104385807399e-01 1.696385984582386300e+03 6.437688296040412297e+02 3.214198954751745418e+02 2.439595309067720819e-01 6.232462924341642610e-26 2.277823814958004148e-26 6.333095721849905908e-27 4.706202979552756571e-01
3.191179986585286343e-01 1.281699519441004441e+03 4.999736977721136100e+02 2.164486041237880727e+02 2.595930686360447548e-01 4.442517685599846515e-26 1.429550717107227141e-26 4.474127553617557295e-27 5.072422457179226463e-01
3.680353203388414540e-01 9.054395279788381004e+02 3.787022227202180602e+02 1.647599713431025066e+02 2.733100843638696098e-01 2.752761277317506059e-26 9.650958795127627552e-27 3.049187570359499810e-27 5.476061786464949677e-01
4.244511359005219142e-01 6.308067958646176976e+02 2.480944287558669998e+02 1.224868271427802142e+02 2.811111437446224826e-01 1.684955596121174335e-26 7.905879831912951002e-27 1.793348124804197854e-27 5.893864588896136070e-01
4.895148829774688681e-01 4.107203759499488456e+02 2.013362305096152625e+02 7.457649490502400624e+01 2.752311616218609536e-01 9.854535753993879397e-27 5.654700218911609359e-27 1.061937234589025572e-27 6.145103265370808199e-01
5.645521955031491679e-01 2.836977749190400573e+02 1.521491437114425480e+02 7.335864386933425862e+01 2.823628770220187878e-01 5.736755061522596973e-27 3.921322524405238107e-27 9.121677524055805178e-28 6.357101323459054543e-01
6.510919126887823039e-01 2.022774382503322954e+02 1.336022053128189953e+02 4.035174504661127060e+01 2.864118988468939975e-01 3.774507306218952974e-27 2.941265506206541810e-27 5.811035193570916215e-28 6.573234195119581624e-01
7.508972281844089602e-01 1.486304608768599849e+02 9.279737063146329490e+01 4.068055717840189800e+01 2.781345845239495129e-01 2.704085552813993352e-27 1.950772457722917883e-27 4.939152162707959907e-28 6.835167556905511477e-01
8.660016140678794550e-01 1.168365433207036688e+02 7.448365405965336095e+01 3.332501268421262353e+01 2.783380052514358716e-01 2.124289228067371194e-27 1.270953842564663990e-27 3.660649115578411841e-28 7.021584825874953584e-01
9.987502515910116063e-01 9.207493399168407677e+01 4.354296267101875628e+01 2.887645837941914095e+01 2.522026975070029153e-01 1.991721799261081101e-27 1.013759086949145455e-27 2.644588927202543338e-28 6.828994950227250671e-01
1.151847812808953542e+00 8.369204225850837986e+01 3.549697955084069889e+01 2.639754573168381668e+01 2.606241725429077061e-01 2.581733794671168742e-27 7.149154396354940732e-28 2.223066598875823334e-28 6.899141725937766312e-01
1.328413566614123908e+00 7.794189899531154708e+01 3.717624318850155873e+01 2.202593585813080779e+01 2.703852897815652856e-01 3.760944171738476449e-27 6.593430237855156240e-28 2.134028606042941661e-28 7.093410775525115231e-01
1.532044931926391351e+00 7.328128796938869982e+01 3.291770750801828171e+01 1.595084388194899461e+01 2.746039732800244493e-01 6.294030905064783905e-27 4.357037546285625027e-28 1.803296829300382421e-28 7.215149470600343840e-01
1.766890772896739126e+00 7.367313031863902495e+01 2.455333750345197785e+01 1.239156083844529377e+01 2.761352997229694073e-01 1.034073090735297862e-26 4.330232232045410888e-28 1.104855549529122425e-28 7.130417733909791833e-01
2.037735929469222107e+00 5.966548589495847921e+01 2.636775204500708014e+01 1.011276200356285315e+01 2.727132603569095148e-01 6.087165670094550400e-27 4.916971479765467394e-28 1.044170020620948096e-28 7.307705579223388037e-01
2.350098705559579226e+00 4.017573513693075427e+01 2.445520812959463086e+01 7.176738389051870115e+00 2.460587101408055477e-01 1.692519670143740902e-27 4.907023875704318048e-28 1.112378058737198503e-28 6.882009701241800226e-01
