# R (Mpc), rho (Msol/kpc^3), errup, errlow, std, pth (Msol/kpc/s^2), errup, errlow, std 
#  nprofs 66, average weighted mh 374883810608.863037
6.384041294330565800e-04 3.589576312043777853e+07 6.025356983947993815e+07 1.210461454132096469e+07 4.931981057487815345e-01 8.294406787641056186e-23 1.901967094085272661e-22 2.535382470503710625e-23 6.836223542101995676e-01
1.109419225205789290e-03 1.469950398323119804e+07 1.645530915456362814e+07 7.983589404457295313e+06 4.523899016025367259e-01 2.608949852484760646e-23 3.788272619080570384e-23 1.081573778379397440e-23 6.210291218125899571e-01
1.927949648993110754e-03 5.981994256873213686e+06 4.371432613661563955e+06 2.368018935992972925e+06 3.801507527504360828e-01 8.760929874348756888e-24 8.261650816265304184e-24 2.835613490694698808e-24 5.662158367058406361e-01
3.350392497807294732e-03 2.856209252198798116e+06 1.705984033982426859e+06 1.476369188094605226e+06 3.561979355422604798e-01 3.441753042576362865e-24 2.811975463858627520e-24 1.695715651385163119e-24 5.939959748762001501e-01
5.822314859325205920e-03 1.090232824872955214e+06 7.028849908737218939e+05 5.242010698447144241e+05 3.252995540764864746e-01 9.927551671066928922e-25 9.456256068994936739e-25 4.864808527633545216e-25 5.084590139506315332e-01
1.011802358777515003e-02 3.022111909070476540e+05 2.016270875598467537e+05 8.778332130239208345e+04 2.122767999658342619e-01 2.500599961459767048e-25 2.718509888716349429e-25 5.016703276228920157e-26 4.459126079259925768e-01
1.758310977614137294e-02 6.596021708699455485e+04 1.850591659721557517e+04 2.162363283351461723e+04 2.243359046308354421e-01 9.719674507336275058e-26 8.126293503487577681e-26 1.974957653961221075e-26 4.444062429936696534e-01
3.055594274096973609e-02 1.716562755620130338e+04 1.114544925824722304e+04 5.574963624518381039e+03 1.951228439387083236e-01 8.055598380469804760e-26 5.225930237917230073e-26 2.227826773311648021e-26 3.195293923272873315e-01
5.310014261847564171e-02 6.505888642700680066e+03 3.797141405419863077e+03 1.438201591559473854e+03 1.843628272075226726e-01 6.470622543291935725e-26 6.589421842958526210e-26 2.171509552921659940e-26 3.181738963951028509e-01
9.227747184909704248e-02 2.588816990969968629e+03 1.203289857715761173e+03 6.765389114552399406e+02 1.653351633433610968e-01 2.807971172302522978e-26 3.840494793253939719e-26 7.224422961530787586e-27 3.803036617894797744e-01
1.603598670542578930e-01 8.584616242299456417e+02 4.073320523520158076e+02 1.666014593878380765e+02 1.621554127838087667e-01 5.950282157007377803e-27 6.924878808021078357e-27 1.494487796477957597e-27 3.697958280767632555e-01
2.786735098650292008e-01 2.563804572670043740e+02 5.389459643324670424e+01 9.051133674785643279e+01 1.601929185123374400e-01 9.064668102653666190e-28 8.699123541960623398e-28 2.369700493834428594e-28 3.413300621874775787e-01
4.842790563939447512e-01 9.497349328382175315e+01 3.163759534117644989e+01 3.542231894509315993e+01 1.446872547324946356e-01 1.337278766442225952e-28 1.361267815925691148e-28 6.418930667302271503e-29 3.563224641667440129e-01
8.415805455473629459e-01 5.599047535070971549e+01 1.791549780951775972e+01 2.062152802903416671e+01 1.485543572329804940e-01 7.633225466183247090e-29 6.231169537054801483e-29 3.058138620100304232e-29 3.909687444712611759e-01
1.462499369511558234e+00 3.858767084438841977e+01 1.189672918165729953e+01 8.001080161937977664e+00 1.409647299860121994e-01 3.805085497964866980e-29 3.105792489442248755e-29 1.273727574030309123e-29 3.816487405364551444e-01
2.541532616382623733e+00 3.035683676120638452e+01 1.579548940804109591e+01 4.197876805365673647e+00 1.238012792871003298e-01 2.483658357528512046e-29 3.050831009431077016e-29 5.835891839370342798e-30 3.355849869953005937e-01
