# R (Mpc), rho (Msol/kpc^3), errup, errlow, std, pth (Msol/kpc/s^2), errup, errlow, std 
#  nprofs 73, average weighted mh 374305253328.406982
6.384041294330565800e-04 1.094835767452556938e+08 1.156482416839670837e+08 5.637617656015150249e+07 3.941898499967680380e-01 3.166719834271663145e-22 3.906065216995452714e-22 1.617400309818929859e-22 4.736945553107775320e-01
1.109419225205789290e-03 4.631960667963183671e+07 2.608546176317053288e+07 2.118621644824089110e+07 3.143147832255164253e-01 1.186153572753804678e-22 7.776970458049334170e-23 5.213935383534296218e-23 4.182838057035184187e-01
1.927949648993110754e-03 1.902016675677290186e+07 1.897620433582583070e+07 4.099611336589388549e+06 3.425441741574897780e-01 3.969352125718982900e-23 5.483570889258798239e-23 9.095083339679085586e-24 5.167495503545375124e-01
3.350392497807294732e-03 6.076686692213420756e+06 5.063073890492483974e+06 1.473455052117094863e+06 2.743347288024486352e-01 9.214458232947046081e-24 1.200168568335686848e-23 2.840083458020673349e-24 3.941093513622938582e-01
5.822314859325205920e-03 1.835681406860772986e+06 1.286204824312848737e+06 3.980548916829056107e+05 2.053598690936340732e-01 1.858484225755757772e-24 1.623916885072767712e-24 5.937377850943462098e-25 3.005747418397747839e-01
1.011802358777515003e-02 5.615010930736892624e+05 3.717355443307911046e+05 1.408290696508908877e+05 2.125651551614482215e-01 4.381282569643932452e-25 3.274647813439575207e-25 1.364665693426976424e-25 2.895086991735112969e-01
1.758310977614137294e-02 1.183087854099977994e+05 8.848899343400220096e+04 3.764116268516795390e+04 2.227447573343074028e-01 1.377642130722748559e-25 1.557837073972583588e-25 4.766271878961852378e-26 3.738674827470209738e-01
3.055594274096973609e-02 1.744464434700141283e+04 1.310935681353308610e+04 4.851860195245295472e+03 2.763707916279721233e-01 8.555518247948189020e-26 8.164246479933721015e-26 2.603326933527407808e-26 3.470457409560737116e-01
5.310014261847564171e-02 5.688973035487903871e+03 4.135880735993079725e+03 1.608749384802911209e+03 2.047811711726479356e-01 5.765421457293483702e-26 5.291924820221419106e-26 1.338879848120211833e-26 2.988094147233104070e-01
9.227747184909704248e-02 1.932341931092185405e+03 8.356738984977891960e+02 4.017982817060342313e+02 1.485983848076965763e-01 1.852567029239717313e-26 1.898214646052117715e-26 4.729969778068936465e-27 3.387581223956206422e-01
1.603598670542578930e-01 6.458231202037381991e+02 2.425176006336366754e+02 1.503250367917000290e+02 1.612851991422696030e-01 3.914265136084085056e-27 3.814877059992745537e-27 1.066451727013151269e-27 3.425362968344149994e-01
2.786735098650292008e-01 2.182900003029392906e+02 6.008264508010836380e+01 8.272033877672808444e+01 1.668179643259614653e-01 5.702662236479309217e-28 5.049966036668140723e-28 2.386798179639888716e-28 3.593637952129586921e-01
4.842790563939447512e-01 9.323170837925458443e+01 3.411522950199747584e+01 3.074604724647090848e+01 1.456170950382835727e-01 1.054555905429392559e-28 9.613316818254992002e-29 5.174745018666942375e-29 3.641343676114772721e-01
8.415805455473629459e-01 5.479425491341999077e+01 1.816908498590674981e+01 1.781324494749603105e+01 1.431950160840944619e-01 5.502780364944182813e-29 4.037794374263182318e-29 2.384735179135320148e-29 3.638122113451949247e-01
1.462499369511558234e+00 3.872086900200068982e+01 1.306429337577858973e+01 9.616032336775944600e+00 1.372286075703071095e-01 3.022569420507151643e-29 2.605125078505322123e-29 1.087310140438716690e-29 3.635879204335437098e-01
2.541532616382623733e+00 3.039725794317374508e+01 1.525154077242789441e+01 4.727128065611253760e+00 1.216331019367536681e-01 2.009407368412966832e-29 2.242240719767628959e-29 4.840522620142935377e-30 3.227113043508692547e-01
