# R (Mpc), rho (Msol/kpc^3), errup, errlow, std, pth (Msol/kpc/s^2), errup, errlow, std 
#  nprofs 423, average weighted mh 3848375839505.682129
1.040961082911032697e-02 5.595140008308762917e+05 3.812523105488608126e+05 5.680210674775070511e+05 3.947345029722270637e-01 3.835154826173504704e-24 2.210243873352602786e-24 4.026974276367958147e-25 5.606138643462897919e-01
1.200529105910367808e-02 4.628528464452069020e+05 2.691015281703888904e+05 3.646602003158412408e+05 4.138538906652667881e-01 8.097110712026064267e-24 1.711726988794877126e-24 3.791541383682454721e-25 5.392315020832413319e-01
1.384557172980430476e-02 3.961637884520556545e+05 2.490779141652707476e+05 2.622163613197316299e+05 3.975958378429916285e-01 4.219513287449921565e-24 1.268768014140899119e-24 4.750161583222888386e-25 4.216733794223559428e-01
1.596794743096121086e-02 2.699663007028563879e+05 1.720075576458168216e+05 1.949511602446019824e+05 3.611230246107375308e-01 4.680475950063905663e-24 8.695290505861481806e-25 4.535324468221207547e-25 3.994352623181194883e-01
1.841566026551830909e-02 2.021655698129358061e+05 1.732428106662357459e+05 9.246384893203244428e+04 3.724567632819407170e-01 3.626125177371115525e-24 1.219511646612576026e-24 3.870247672353896287e-25 4.309967512708350879e-01
2.123858088093512342e-02 1.555981354604537191e+05 1.377415711814383976e+05 6.205019608618649363e+04 3.786235508541825334e-01 2.200630402347669534e-24 4.158708049408394260e-25 3.149932303626145725e-25 3.154242249341823734e-01
2.449422455303571639e-02 1.445077785047597426e+05 1.178973641907342535e+05 4.136919583509030781e+04 3.630255020128068666e-01 1.800197803163953040e-24 3.773979564075417727e-25 4.028362204850438241e-25 3.012125585188876742e-01
2.824892302447100725e-02 8.491971373509327532e+04 7.688361872485370259e+04 2.452858750873332610e+04 3.132495072229702360e-01 1.406112556733970017e-24 3.494461855015524390e-25 3.428575459016194153e-25 2.961855386242542854e-01
3.257917597328415654e-02 6.139772798034455627e+04 4.430258944976050407e+04 1.697032505436859719e+04 2.538914250910415116e-01 1.179939762053677140e-24 3.386465113325087854e-25 2.672212954671823822e-25 2.847863053106484688e-01
3.757320964692217186e-02 4.331020110330131865e+04 3.152109039135515923e+04 1.447982330090973483e+04 2.313168291398473575e-01 1.076290797969898604e-24 2.409466833164243932e-25 2.068476692181748729e-25 2.746277718127331235e-01
4.333277441790538143e-02 3.369410600140198221e+04 2.008307441532975645e+04 1.152098417648732720e+04 2.326037860683431158e-01 9.622034205238025333e-25 2.600723903132818231e-25 1.959393432494749645e-25 2.813205590041658599e-01
4.997521788524898756e-02 2.642055041627251921e+04 1.867586513556571299e+04 8.560935847569428006e+03 2.344646778657130670e-01 8.171135877020231760e-25 2.431259856896169307e-25 1.696932958034328321e-25 2.818608173863497157e-01
5.763587575980636674e-02 2.221921622578652023e+04 8.050943192228340195e+03 8.106545824994398572e+03 2.329568597760769411e-01 6.569468212509506300e-25 1.972331862698255902e-25 1.280120373901497873e-25 2.584064606606330528e-01
6.647082924635627776e-02 1.925911927932413892e+04 8.101269825580064207e+03 5.883836425532796056e+03 2.359722700236933646e-01 5.417835184388643144e-25 1.920624171945908064e-25 1.300632645499966686e-25 2.540649450535059639e-01
7.666008510240249207e-02 1.599147615152909384e+04 7.448740115898761360e+03 5.520373127259073954e+03 2.419275353512666538e-01 4.633053040376370295e-25 1.510636914757277871e-25 8.865674817628646123e-26 2.740013012474150078e-01
8.841124316543315376e-02 1.279439915815021413e+04 3.604756357132479025e+03 2.135307239905074312e+03 2.372718669606830311e-01 3.916429481380664742e-25 1.044999267415587421e-25 6.990484436024779946e-26 2.572389972392800095e-01
1.019637260722580097e-01 1.033983225153798412e+04 3.102342797358514872e+03 2.384692412814786621e+03 2.535007033671646259e-01 3.086376980830738892e-25 7.358263930942844454e-26 4.046933661681432111e-26 2.512851390648044303e-01
1.175936573483598035e-01 8.169824410697656276e+03 2.568805883232972519e+03 2.366649619760140013e+03 2.491970532597276300e-01 2.461057492073138297e-25 1.050002086957411764e-25 2.310167766321902958e-26 2.601375159624965128e-01
1.356194872553388164e-01 7.032790265572663884e+03 1.626749747099368506e+03 1.114757726246454240e+03 2.302032024479833683e-01 1.739314732541224189e-25 9.685473058605542651e-26 1.598175359734712878e-26 2.600465975470616642e-01
1.564084810196403053e-01 5.349959265165191937e+03 1.713938641265724073e+03 9.205638779209684799e+02 2.206561138705675773e-01 1.298365222724389331e-25 8.646252741715038388e-26 1.558696091823762803e-26 2.840769812379372872e-01
1.803842016362447453e-01 4.016026986293221853e+03 1.510220166358393271e+03 7.906955840111727412e+02 1.996625804906511925e-01 9.155638652105784750e-26 4.805554379650782504e-26 1.062905895169759822e-26 2.969585258527818183e-01
2.080351397048574025e-01 3.079984194267911334e+03 1.034262892026299369e+03 5.179906922203053909e+02 1.963896166810343846e-01 6.536159165084054726e-26 4.428868900850004343e-26 7.541514133087364558e-27 3.240597577429709664e-01
2.399246661262133540e-01 2.206316141079763838e+03 1.124176707991391822e+03 3.151060959609526435e+02 1.885780570726247052e-01 4.824468791545296612e-26 3.272601136353021942e-26 5.419255553628605411e-27 3.638757194773284964e-01
2.767025104385807399e-01 1.702630469367622936e+03 7.309110150669094992e+02 2.995803890058218713e+02 1.932838841552521614e-01 3.728125430890258234e-26 1.723741594619128136e-26 3.921064631764453218e-27 4.046856502861775895e-01
3.191179986585286343e-01 1.325683419587682693e+03 4.810924886333452832e+02 2.091983194601266405e+02 2.062070734165983854e-01 2.564367637052026336e-26 8.680588827673271490e-27 3.438693276679241388e-27 4.355228665692331691e-01
3.680353203388414540e-01 9.631368606925628910e+02 1.795301704035884427e+02 1.440668266994510986e+02 2.043823058765959211e-01 1.636382829304595286e-26 6.669949692832222563e-27 2.127467929282469545e-27 4.588978652141594283e-01
4.244511359005219142e-01 6.306076276288943063e+02 2.754317641532518905e+02 9.251103068374033001e+01 2.197495737493987966e-01 1.041373450333602540e-26 6.142816726353192571e-27 1.230459534200475810e-27 4.954803150330071571e-01
4.895148829774688681e-01 4.409666505740410116e+02 1.042693910531987171e+02 9.810420507065990137e+01 2.354878229273000001e-01 6.244466503570119736e-27 5.270375589644929710e-27 7.506034125908337487e-28 5.261651472451172040e-01
5.645521955031491679e-01 3.101365090850634942e+02 1.056039411963258203e+02 6.891415221467055119e+01 2.410949768209688926e-01 3.853076924269851488e-27 3.257395302176140252e-27 6.818754169738934086e-28 5.716695697797470332e-01
6.510919126887823039e-01 2.291450603082851387e+02 1.509568493421063522e+02 5.906494983111144847e+01 2.685295307365986872e-01 2.762644671764082491e-27 2.282159748259281700e-27 4.189357042315648909e-28 6.345463921129247398e-01
7.508972281844089602e-01 1.547571791450870933e+02 9.118677861999984202e+01 4.753090881924923394e+01 2.885370490244069108e-01 2.172903229246309030e-27 1.820108854659352721e-27 3.837266737797032493e-28 6.920142008905174613e-01
8.660016140678794550e-01 1.257175354934347951e+02 9.069591338816755410e+01 3.597339011074112847e+01 3.138865090389125756e-01 1.870328751776197406e-27 1.566446405087200229e-27 2.681472480650287579e-28 7.625031738844286755e-01
9.987502515910116063e-01 1.135019430894925136e+02 5.965424406486134501e+01 5.308014026937094343e+01 3.284590638023507370e-01 1.513098623969526906e-27 1.750330280568943087e-27 3.858107092952686320e-28 8.272277172694892933e-01
1.151847812808953542e+00 9.529257373748511384e+01 1.028008968999965020e+02 2.573545205929875834e+01 3.325818288026026193e-01 1.225613482600369430e-27 2.142460618162038552e-27 2.579026168503124791e-28 8.425433307622398615e-01
1.328413566614123908e+00 8.339244764445166425e+01 7.921410533170606527e+01 2.660125851599575242e+01 3.303788256865234918e-01 1.048849703056595772e-27 2.807595840573981553e-27 1.286676634643278776e-28 8.600557031238943440e-01
1.532044931926391351e+00 6.678470476916578491e+01 6.194807462904523021e+01 1.690603626378986490e+01 3.142201053032240843e-01 8.385219143102394935e-28 2.069532047140779964e-27 9.257427615373532446e-29 8.656706426216475014e-01
1.766890772896739126e+00 5.991194408184841791e+01 3.372015551067100603e+01 1.016020841048455736e+01 3.199365442749956268e-01 1.027554996072485575e-27 1.018059580375899779e-27 5.810247962542829909e-29 9.017907469519074182e-01
2.037735929469222107e+00 6.382808432334965687e+01 4.852220181480731043e+01 8.271363465168533935e+00 3.301788457003304034e-01 1.472285914072007192e-27 9.467705022456683944e-28 2.540394190708045103e-29 9.291305616291435365e-01
2.350098705559579226e+00 5.891391848285363864e+01 3.610660326871377634e+01 1.239223454897474141e+01 2.942740876846947629e-01 1.128150345787177103e-27 6.676345902638682593e-28 5.240342569548458995e-29 8.840788166085666866e-01
