# R (Mpc), rho (Msol/kpc^3), errup, errlow, std, pth (Msol/kpc/s^2), errup, errlow, std 
#  nprofs 458, average weighted mh 5760413093092.974609
1.040961082911032697e-02 5.684458523902540328e+05 7.415000828292421065e+05 3.984786192199575598e+05 5.084559838964312073e-01 2.222256148983372420e-24 1.609562931322566204e-24 5.474596217879525921e-25 4.058265572816173172e-01
1.200529105910367808e-02 4.734042939024668885e+05 5.949630126244446728e+05 4.162806386761629838e+05 5.264132229301389243e-01 2.081391454865623794e-24 1.131399420883079035e-24 7.126056786129003634e-25 4.435129845221604250e-01
1.384557172980430476e-02 3.556504239709196263e+05 5.284429734586891718e+05 2.978048608451783657e+05 4.798740302088962406e-01 2.125884195800590943e-24 1.380954259448694827e-24 8.066218165358369979e-25 4.102814292459291412e-01
1.596794743096121086e-02 2.472287469920476142e+05 2.497094674629474757e+05 2.204732993079549633e+05 4.573558674868364871e-01 2.190190697023049366e-24 8.628184587445222458e-25 7.458015731321835751e-25 4.180964586144816919e-01
1.841566026551830909e-02 1.801715386502677284e+05 1.901596652119632054e+05 1.673233712474551867e+05 3.994322012689855983e-01 2.077049783469541701e-24 1.384214323937128180e-24 5.189231819248653622e-25 3.872057268896656468e-01
2.123858088093512342e-02 1.300628032012679032e+05 1.461021609216329525e+05 9.684827586622224771e+04 3.889048751482304667e-01 1.665113548586485928e-24 7.884026726089865662e-25 6.670207035925688863e-25 3.628303414478898925e-01
2.449422455303571639e-02 9.100391798091173405e+04 8.853707960676400398e+04 7.014791387053608196e+04 3.848355510485770847e-01 1.462686050449666575e-24 1.129216049424172024e-24 4.139945696059035269e-25 3.496631616450552871e-01
2.824892302447100725e-02 6.455950552874613641e+04 4.921070054671913385e+04 5.143191930813919316e+04 3.659835354452983247e-01 1.458366946372232554e-24 1.073626131408840108e-24 3.868453960700477819e-25 3.534222202040883665e-01
3.257917597328415654e-02 5.089857759328245447e+04 4.976593985402054386e+04 3.498402352934572264e+04 3.587115849216235830e-01 1.316921280985528211e-24 1.021705704998364448e-24 3.856101213723935057e-25 3.725359082974284419e-01
3.757320964692217186e-02 3.810545053583694971e+04 3.024163614369242714e+04 3.064400487719204102e+04 3.429556545378799060e-01 1.125671746845589270e-24 8.091309844331038541e-25 2.557972163978213011e-25 3.468460297378584967e-01
4.333277441790538143e-02 2.930826182598693049e+04 1.952880385507219762e+04 2.210123056869579159e+04 3.208273324529404280e-01 1.018702488337897579e-24 6.102222347539521898e-25 2.734324993144041050e-25 3.432191988140730898e-01
4.997521788524898756e-02 2.437649444416083497e+04 1.473674115174241524e+04 1.149451181917717076e+04 2.792307457950752303e-01 8.745106677419325246e-25 6.025862154094848884e-25 2.165479738739678617e-25 3.281210869473988878e-01
5.763587575980636674e-02 2.077225413247059623e+04 1.241286957186899235e+04 7.177220766813643422e+03 2.730251801721217952e-01 7.678354573744551971e-25 3.433390369459993186e-25 1.448902648427724642e-25 3.169019446844927312e-01
6.647082924635627776e-02 1.891233005549737209e+04 1.194466686521757583e+04 6.139064032260962449e+03 2.902216469554682043e-01 6.627015609258072170e-25 2.864994544983986313e-25 1.409874378506986028e-25 3.218823787537789527e-01
7.666008510240249207e-02 1.553154205405634275e+04 9.367740359437162624e+03 5.902492214993187190e+03 2.767920014843625598e-01 5.857904052572504500e-25 2.819735619471653668e-25 1.159369947968686521e-25 3.232798362855694441e-01
8.841124316543315376e-02 1.259274104950252695e+04 5.248109861098437250e+03 4.738181331326739382e+03 2.765075014824295296e-01 4.816563456681834090e-25 2.203481172613422310e-25 8.397780586155404944e-26 3.330281667554763625e-01
1.019637260722580097e-01 1.015010415102579464e+04 4.929799794880209447e+03 3.008641268140929242e+03 2.643709355803366412e-01 3.991760562594263641e-25 1.769616423108998750e-25 6.950738180366021609e-26 3.360910888035163469e-01
1.175936573483598035e-01 8.249012228313518790e+03 3.495806336574326451e+03 2.242232245461895673e+03 2.553593321802059002e-01 3.258384825021174818e-25 1.525398774871376193e-25 5.654886943685796402e-26 3.604384541549692789e-01
1.356194872553388164e-01 7.300575643030168976e+03 3.263213564795662933e+03 1.761370129068321148e+03 2.467856146771498227e-01 2.655501212078403128e-25 1.143627953913420772e-25 4.171026357851409845e-26 3.630713166429817562e-01
1.564084810196403053e-01 5.917411399817221536e+03 2.331474182037974970e+03 1.533665527597050641e+03 2.404196614436164559e-01 2.122965489256908278e-25 9.941447186776364748e-26 3.085406965945005855e-26 3.793739674951567831e-01
1.803842016362447453e-01 4.964612687145325253e+03 2.475591994063059246e+03 1.152723251929163780e+03 2.463407905490992700e-01 1.682702140483864458e-25 7.160846164773896257e-26 2.415842299814930040e-26 3.995308558226636775e-01
2.080351397048574025e-01 3.876852838369240544e+03 1.823446552205242369e+03 7.697081935894736944e+02 2.344223254584557325e-01 1.282550383880055930e-25 5.521445551726964008e-26 1.839843121213837917e-26 4.168575874969320805e-01
2.399246661262133540e-01 3.111061707232111530e+03 1.186086154280326127e+03 5.278591631449388615e+02 2.360208833572857157e-01 9.529820223121157463e-26 4.437951224365164713e-26 1.421741449203631114e-26 4.343087882293936719e-01
2.767025104385807399e-01 2.217626821085812026e+03 8.308131762297680325e+02 4.611163358352389423e+02 2.287062448203607823e-01 6.775416317179495649e-26 3.142629511497193550e-26 8.754430464091927006e-27 4.477597532469571595e-01
3.191179986585286343e-01 1.602303092963404879e+03 5.763664721319299815e+02 2.730199865245740511e+02 2.281802171853319072e-01 4.417974545586842289e-26 1.734917023718914170e-26 4.792038112956147757e-27 4.557463070600579758e-01
3.680353203388414540e-01 1.109740441275222793e+03 4.350634147673978305e+02 1.837452607733471837e+02 2.329995052759508412e-01 2.725997637887378555e-26 1.326482913874856778e-26 2.632152718621430117e-27 4.677552177065957828e-01
4.244511359005219142e-01 7.799106145809216741e+02 3.886454889093092788e+02 1.271913010334509124e+02 2.457744780145333374e-01 1.607105818064305586e-26 9.036255182402232561e-27 1.998897310539758530e-27 4.898217446489985250e-01
4.895148829774688681e-01 5.086606113841477850e+02 2.480741899358441742e+02 1.055387999645081720e+02 2.463406080514979335e-01 9.149283200360780097e-27 5.327950655690873657e-27 1.165971236375992635e-27 4.993792889181040695e-01
5.645521955031491679e-01 3.658060679726083322e+02 1.893225930067121396e+02 5.066236869735958237e+01 2.367146533622140891e-01 5.674565521043400974e-27 2.782182928285138885e-27 8.528312488813338175e-28 4.986090233575649622e-01
6.510919126887823039e-01 2.551713369603191950e+02 1.115691725622972399e+02 6.529625180629355441e+01 2.348010913352792384e-01 3.655243109995194315e-27 1.885188205002228711e-27 6.041469646339510470e-28 5.167832462946040373e-01
7.508972281844089602e-01 1.813165631525270101e+02 9.989328738001498209e+01 3.811256947268167039e+01 2.397318574663302171e-01 2.243189321751901388e-27 1.709685470082088031e-27 4.615214929615426036e-28 5.542963077590934429e-01
8.660016140678794550e-01 1.376066098296611528e+02 8.287733248595733926e+01 4.111707324557958287e+01 2.540648014299997093e-01 1.539843496151065947e-27 1.168805679535972458e-27 2.801338162769501598e-28 6.071275372487672239e-01
9.987502515910116063e-01 1.195510645201604660e+02 8.153073927082819239e+01 2.709454347180292899e+01 2.615477994578349064e-01 1.324240820201698947e-27 1.172314891843569980e-27 2.038602634886999002e-28 6.391535103704067966e-01
1.151847812808953542e+00 8.720844770880403019e+01 5.185320862049430701e+01 1.697096164715355826e+01 2.286462852115140887e-01 1.180555854651750447e-27 4.935054236813194677e-28 1.484781746881040053e-28 6.009069401424430579e-01
1.328413566614123908e+00 7.209570259846930185e+01 1.487705355286903597e+01 2.166640026178248490e+01 2.167782662449727893e-01 1.396312349370480097e-27 2.139817939446212271e-28 1.488554221460113231e-28 5.869747620176989367e-01
1.532044931926391351e+00 6.560639933316517158e+01 3.054055171893315190e+01 1.665632472682691656e+01 2.480147168809314073e-01 2.604206525734228505e-27 2.807452295366106664e-28 1.169724878588433523e-28 6.784261501983270826e-01
1.766890772896739126e+00 6.187404169493265726e+01 1.580371264948134780e+01 1.448661771479991955e+01 2.639612076438156985e-01 4.615772000558177068e-27 1.286614444882978013e-28 9.326165434040278244e-29 7.222318066551178806e-01
2.037735929469222107e+00 5.177770252154251551e+01 2.302383526112699030e+01 9.116065132907479551e+00 2.865645828397178074e-01 3.344910095106932188e-27 2.644009492645188662e-28 6.065176589997807792e-29 7.799454044776795714e-01
2.350098705559579226e+00 3.805113634528319011e+01 2.392986245713942495e+01 9.796748941203492933e+00 2.523869534606862919e-01 9.529170286017140911e-28 2.662415769569401301e-28 8.282920068961362828e-29 7.204473340809240955e-01
