# R (Mpc), rho (Msol/kpc^3), errup, errlow, std, pth (Msol/kpc/s^2), errup, errlow, std 
#  nprofs 451, average weighted mh 5844732768321.494141
1.040961082911032697e-02 4.449538137308487785e+05 6.401720922230110737e+05 3.886226321675296640e+05 5.618976896759624307e-01 2.264108049249921129e-24 2.136734266346747315e-24 4.860896551671586506e-25 5.184026052246133442e-01
1.200529105910367808e-02 3.318401476260615163e+05 5.129465567818975542e+05 2.916811825683545903e+05 6.111716107306021106e-01 1.760098022958833786e-24 1.257592529186566910e-24 5.146348008387035541e-25 5.523564466985457777e-01
1.384557172980430476e-02 2.522940983271542063e+05 3.661856031370719429e+05 1.770058821454815043e+05 4.958581617025656918e-01 1.605066138306523300e-24 9.888563479771563943e-25 6.734570167367404951e-25 4.462044933222744647e-01
1.596794743096121086e-02 1.796029009398311900e+05 2.957212246012084070e+05 1.204627450670514954e+05 4.620690648039079140e-01 1.581857804554120626e-24 7.634945173172442467e-25 7.709592761014938220e-25 4.079238669524061223e-01
1.841566026551830909e-02 1.311072409389314125e+05 1.633387346064273734e+05 7.876152045136588276e+04 4.225656704055462676e-01 1.471785404302344597e-24 9.102384833634811236e-25 6.097644566148483823e-25 3.377573461696903867e-01
2.123858088093512342e-02 9.703664095213328255e+04 1.324263422181647620e+05 6.363312118472532165e+04 3.782676702059212248e-01 1.397560586177260068e-24 7.891133734339404429e-25 3.974648480853788087e-25 3.307209160544948845e-01
2.449422455303571639e-02 7.367516300199679972e+04 8.955478140889524366e+04 3.894987456895894866e+04 3.817564414074860468e-01 1.101066754362835797e-24 5.869700752272933483e-25 3.318556403696678451e-25 3.421331862599570339e-01
2.824892302447100725e-02 5.742977840584234218e+04 6.178360920391229592e+04 2.889011223253253411e+04 3.300075582634592886e-01 1.194162232677092554e-24 5.635135702465847245e-25 3.549562079756647884e-25 3.211533639552021646e-01
3.257917597328415654e-02 4.382005965190523420e+04 5.140968032561179280e+04 2.121860946360116213e+04 3.421088157662343088e-01 1.078072526249253742e-24 5.622862458302134182e-25 2.700578392548475234e-25 3.416666961915745815e-01
3.757320964692217186e-02 3.380129207243719429e+04 3.016868709531911009e+04 1.394007155074242655e+04 2.995029274668493113e-01 1.014788039178015068e-24 4.343744605338019720e-25 2.876196441811303354e-25 3.488031662660781018e-01
4.333277441790538143e-02 2.828333812824309280e+04 2.069428544751075242e+04 1.174582251874122448e+04 2.720026250747701879e-01 9.054214709104421144e-25 4.165018116150261158e-25 2.158867470641054968e-25 3.243816175061889906e-01
4.997521788524898756e-02 2.368067246835485275e+04 1.611349985542659851e+04 7.609399446784678730e+03 2.481683650671250019e-01 8.124463200150316396e-25 4.287439586939393370e-25 1.501276076687727713e-25 3.241649589609191251e-01
5.763587575980636674e-02 1.809982383959349681e+04 1.234557109385195508e+04 6.254467300637634253e+03 2.354084075417682831e-01 6.820654814760385490e-25 3.888376640151972397e-25 1.158948547463001981e-25 3.322365865751344405e-01
6.647082924635627776e-02 1.628617039726399707e+04 1.139003562438210611e+04 4.428632041877904157e+03 2.488168872577213031e-01 5.926108473057676624e-25 2.960168751048671888e-25 8.786379399869875566e-26 3.281092163821724972e-01
7.666008510240249207e-02 1.383235052956289655e+04 9.374137574208627484e+03 4.670772701230161147e+03 2.628205287772630294e-01 5.282015721076244171e-25 3.193782473150515740e-25 7.385547706747033982e-26 3.395137371886736699e-01
8.841124316543315376e-02 1.193395266225566411e+04 6.370551374570839471e+03 3.305009340807371700e+03 2.707301019494726124e-01 4.722230541011874346e-25 2.420923289892351673e-25 6.430402871487082843e-26 3.331880646412164748e-01
1.019637260722580097e-01 9.802690018304148907e+03 4.612059045034492556e+03 3.322843955729575555e+03 2.779989500707707450e-01 4.116921860775610140e-25 1.908769814417572526e-25 4.631844495329488035e-26 3.390429428340339113e-01
1.175936573483598035e-01 8.106476778481033762e+03 2.812268589541938127e+03 3.036098240806600188e+03 2.556323346144763198e-01 3.387463246828813750e-25 1.234055229244074303e-25 5.060109349699156259e-26 3.345751330138013180e-01
1.356194872553388164e-01 6.804380356589722396e+03 3.265781156378976448e+03 1.739494494843280791e+03 2.458959728610077833e-01 2.842664181486677351e-25 9.492296828630007418e-26 3.899834577578628802e-26 3.371943494783233852e-01
1.564084810196403053e-01 5.895138165834425308e+03 3.499875663240798531e+03 9.685382225635730720e+02 2.484868909329995545e-01 2.279540091296779120e-25 7.836387606902878860e-26 2.806330239864862270e-26 3.478970810143369730e-01
1.803842016362447453e-01 5.042353342875631824e+03 2.937090256391731145e+03 7.541282483160368884e+02 2.506663518918956779e-01 1.728195801982201170e-25 5.617876849980179955e-26 2.479066511339795827e-26 3.658846232219771788e-01
2.080351397048574025e-01 3.924039721479518903e+03 1.597437810624478516e+03 7.018929785331051789e+02 2.339578125873968961e-01 1.278358013218433454e-25 5.063099400239764736e-26 1.987075406566563247e-26 3.827413038240002896e-01
2.399246661262133540e-01 3.098522217821054710e+03 8.598799464499916212e+02 5.324753157106988510e+02 2.307522724985566764e-01 9.336677018443860340e-26 3.884008378604408037e-26 1.492600720937159255e-26 3.968984149027595110e-01
2.767025104385807399e-01 2.189364373712818178e+03 6.402464670696087978e+02 4.107387002167076844e+02 2.189843630213001158e-01 6.175947284635872366e-26 2.644974541521503182e-26 1.029124818197578339e-26 4.086693644458655461e-01
3.191179986585286343e-01 1.509729313749395715e+03 4.712654231118658572e+02 3.325432059215219169e+02 2.136404842516409774e-01 3.986540502362683842e-26 1.412406403488306054e-26 6.115798977063990018e-27 4.262690078339573252e-01
3.680353203388414540e-01 1.053936766904474780e+03 3.339906916860791171e+02 2.446148465907824630e+02 2.139283349551169278e-01 2.533669825330245081e-26 8.665666502506821423e-27 3.469991642015741313e-27 4.409981178775578270e-01
4.244511359005219142e-01 7.394597005680371922e+02 3.113197670525241847e+02 1.231928733164977530e+02 2.167697208606564618e-01 1.577720771901594642e-26 5.750982483238140785e-27 1.968921541052812879e-27 4.572596288024451394e-01
4.895148829774688681e-01 5.208630723417926447e+02 2.548326032451579977e+02 1.112713271935984665e+02 2.276310163061922853e-01 9.830252076943480477e-27 4.463313100467907995e-27 1.340039001133662847e-27 4.707824475700334022e-01
5.645521955031491679e-01 3.797721254087543912e+02 1.526908778991960105e+02 7.844361349070004508e+01 2.227419495516396175e-01 6.348606484653687692e-27 2.853198348712899855e-27 1.112221321709701623e-27 4.841921342067009304e-01
6.510919126887823039e-01 2.670682135915769777e+02 9.487086421746764131e+01 6.800802487681519892e+01 2.171275868444572099e-01 4.051356636474626583e-27 1.803148962645877204e-27 7.579224597258417052e-28 5.037399426773548905e-01
7.508972281844089602e-01 1.970526811621066656e+02 9.356922570016315888e+01 5.266630138211399981e+01 2.247781707589237843e-01 2.699429613458335168e-27 1.493604045453804441e-27 5.961937953754737024e-28 5.453937190404940516e-01
8.660016140678794550e-01 1.492825073366000481e+02 7.691100263645897428e+01 4.317786574642872210e+01 2.370775758631427088e-01 1.953837881304423682e-27 1.258014885423040211e-27 5.144427711324520359e-28 5.939446933158573083e-01
9.987502515910116063e-01 1.214957468040019393e+02 6.973881974448001131e+01 3.182701573431300091e+01 2.413424860646682379e-01 1.536547385541677557e-27 1.126255367817354802e-27 3.460685218409811291e-28 6.218218317567159037e-01
1.151847812808953542e+00 9.330948229495585622e+01 4.642195015636760758e+01 2.052956094480586557e+01 2.172984319773553497e-01 1.340597911107918831e-27 4.649767865346018181e-28 2.381908295580071509e-28 6.023391391084617075e-01
1.328413566614123908e+00 7.578302376484322167e+01 1.946764977212784942e+01 1.853512252956393880e+01 2.140392925323936490e-01 1.556179545804756077e-27 2.702251233746664906e-28 1.611688862960612559e-28 5.930987710639172850e-01
1.532044931926391351e+00 6.999909346583289960e+01 3.098543152533752476e+01 1.467337386424065571e+01 2.409621715003847642e-01 2.885261615281082564e-27 2.949983867004247375e-28 1.032458361048670043e-28 6.667296158770521508e-01
1.766890772896739126e+00 6.396981249579996387e+01 1.813609898171586110e+01 1.294754808927320511e+01 2.594846899856005362e-01 4.841012383179971204e-27 1.417488899503278724e-28 9.945343650551802314e-29 7.210109605322964077e-01
2.037735929469222107e+00 5.290863636643995704e+01 2.589037819357294623e+01 8.742544636179253814e+00 2.894434626311570558e-01 3.482364241097520698e-27 2.931032367945471667e-28 6.454872974477620415e-29 7.853198726670314045e-01
2.350098705559579226e+00 3.951920383799744485e+01 2.311261341350917320e+01 9.089101841804353654e+00 2.544732843324649663e-01 9.933365377846879180e-28 2.876973625241899919e-28 5.228613896227122682e-29 7.256718923824089229e-01
