# R (Mpc), rho (Msol/kpc^3), errup, errlow, std, pth (Msol/kpc/s^2), errup, errlow, std 
#  nprofs 67, average weighted mh 383007019051.573669
6.384041294330565800e-04 4.818292395910179615e+07 8.595093626306082308e+07 1.565870102137008309e+07 4.610997117724588978e-01 1.180713312724826464e-22 2.559099112966854577e-22 3.483542587055938251e-23 6.761281572732780187e-01
1.109419225205789290e-03 1.356467632128894515e+07 1.408972101588029042e+07 5.687291165844815783e+06 4.212133347625592328e-01 2.488819031067727517e-23 2.917683453749156908e-23 9.983183140676460025e-24 5.544135697676488839e-01
1.927949648993110754e-03 6.733098793923957273e+06 5.462320056784803048e+06 2.880265043735628948e+06 3.522540619059482125e-01 9.279999366248689604e-24 9.998716588404044153e-24 3.841961796121906172e-24 5.316911341859651419e-01
3.350392497807294732e-03 2.943098142807409167e+06 1.390773790500944015e+06 1.011031591022362467e+06 3.000810944184582052e-01 3.357508637546503524e-24 2.667285772650019393e-24 1.187946921939252575e-24 4.539569266893703214e-01
5.822314859325205920e-03 1.190999724406861700e+06 4.408261922406125814e+05 3.141140301967185223e+05 2.404567556952225404e-01 1.089068400254417741e-24 8.520077961962367727e-25 3.604087278163759667e-25 3.937131588031322904e-01
1.011802358777515003e-02 3.508769632414397202e+05 2.237565560210796539e+05 1.180078872332785977e+05 2.073080844249066967e-01 2.707670173566544503e-25 3.512970756436172252e-25 8.418573256335218463e-26 3.796422220544064530e-01
1.758310977614137294e-02 7.366178677370060177e+04 3.496873150541551149e+04 2.322719852107556653e+04 2.262365919503104006e-01 1.059620653073276851e-25 1.162162073884964668e-25 3.229832930100463126e-26 4.462923717524896472e-01
3.055594274096973609e-02 1.703741727133563472e+04 1.054147135781274665e+04 5.567816803001325752e+03 2.243607676214396940e-01 8.165201916830282297e-26 5.222347483231492791e-26 2.125315488758445677e-26 3.133185034036187755e-01
5.310014261847564171e-02 6.597345219191091019e+03 4.748745579737528715e+03 1.371457513527911033e+03 1.916457899882136329e-01 6.625190489836996873e-26 6.006490952775851401e-26 1.834822735565840861e-26 2.946102439217332947e-01
9.227747184909704248e-02 2.646436674542107539e+03 1.080183875331841591e+03 6.331875739764964237e+02 1.552118377295174934e-01 2.758175089090264923e-26 3.411253016317785122e-26 5.558362719394422459e-27 3.710139370481922438e-01
1.603598670542578930e-01 8.581391704244136918e+02 3.947279767121567602e+02 2.063597840990076975e+02 1.676316282455363460e-01 5.997300462060541659e-27 6.544880666192571188e-27 1.654034976712364604e-27 3.795457963489796138e-01
2.786735098650292008e-01 2.477154642693626272e+02 5.161708351747958545e+01 9.571902187914082560e+01 1.654895178052782634e-01 8.399337737115846357e-28 8.244218930958236522e-28 2.859512678532947041e-28 3.510712734791753831e-01
4.842790563939447512e-01 9.417902889905921882e+01 3.230956067226669859e+01 3.235728132022703818e+01 1.432628104714391004e-01 1.207509230948040970e-28 1.109683700887180602e-28 6.041221018348587758e-29 3.512197162602449518e-01
8.415805455473629459e-01 5.599014594891841767e+01 1.794309351147349929e+01 1.768321873010223300e+01 1.473154402627680493e-01 7.178478065086154141e-29 7.076755728443351350e-29 2.532375725637163429e-29 3.924393291752159563e-01
1.462499369511558234e+00 3.882219717621973132e+01 1.158758194839347055e+01 7.109281231116678867e+00 1.393655718560904977e-01 3.634515393907468967e-29 3.198740378239775373e-29 1.138698193897237536e-29 3.755237650795625326e-01
2.541532616382623733e+00 3.053854217034118790e+01 1.588707908355776155e+01 4.265996112565247245e+00 1.227841779193682981e-01 2.390344251695738077e-29 2.861133334512444145e-29 5.734887985151154240e-30 3.304507033835689667e-01
