# R (Mpc), rho (Msol/kpc^3), errup, errlow, std, pth (Msol/kpc/s^2), errup, errlow, std 
#  nprofs 457, average weighted mh 5564725330208.926758
1.040961082911032697e-02 4.528243088103237678e+05 5.961842111867413623e+05 7.590292781140593579e+05 7.311962034730092874e-01 3.485306865804370980e-24 1.919536634230230745e-24 7.067489111977086146e-25 4.376976849495329835e-01
1.200529105910367808e-02 3.438357337292679003e+05 5.059559204652766930e+05 4.214171720937266364e+05 6.525830486361825500e-01 2.097060957797134729e-24 1.309767230325793916e-24 6.615324620773805895e-25 5.278986790149613473e-01
1.384557172980430476e-02 2.639369608794856467e+05 4.372054517528085271e+05 2.671365332632464124e+05 5.992712858978229695e-01 2.336897169681276215e-24 1.486441711646382461e-24 7.328591539727406983e-25 5.576849570425131963e-01
1.596794743096121086e-02 1.769430176078003715e+05 3.475600832039843081e+05 1.542610689566252404e+05 5.750004733622990916e-01 1.770049712084923357e-24 1.361329190412150316e-24 6.672071967337557706e-25 4.687403709238919802e-01
1.841566026551830909e-02 1.393863214536311571e+05 2.143501256684564578e+05 1.158478361536159937e+05 5.117820498683298691e-01 1.834761162464600793e-24 1.227790505189218904e-24 6.305529251038066443e-25 4.249693573001825930e-01
2.123858088093512342e-02 1.044897697175413196e+05 1.458614839388732798e+05 8.245012153342367674e+04 4.686745875702273967e-01 1.655999983300655873e-24 1.382553225498964533e-24 5.837524332562534068e-25 4.677719220123405242e-01
2.449422455303571639e-02 9.921887027266607038e+04 1.139786347213696281e+05 6.027373157664461178e+04 4.847123183223499554e-01 1.484885096315173921e-24 1.078935157774072478e-24 7.286247607192165518e-25 4.527233408509440116e-01
2.824892302447100725e-02 7.015431330960683408e+04 7.346866706458262342e+04 4.347929674014127522e+04 4.034309738356521291e-01 1.285615742497852176e-24 8.352084306126742364e-25 5.180839174926473947e-25 3.905700216834541161e-01
3.257917597328415654e-02 4.866972157136274473e+04 3.728064908844427555e+04 4.633389891064354742e+04 4.193667705327727702e-01 1.175223598115413944e-24 1.118336670465279290e-24 4.758992260981014528e-25 4.288633671868191111e-01
3.757320964692217186e-02 3.718033479973326757e+04 3.183005285573995207e+04 2.722533216389923473e+04 3.881749251439549075e-01 1.046328928026317987e-24 6.311550796658829383e-25 4.193846827089487160e-25 4.145173079134720218e-01
4.333277441790538143e-02 3.069245429106591837e+04 2.481541055211528146e+04 2.016660447500096780e+04 3.598248873100832745e-01 9.108817469249615806e-25 4.954958126157120023e-25 3.194169024603047455e-25 4.009559625241366221e-01
4.997521788524898756e-02 2.354235305157634866e+04 1.608274163437699463e+04 1.522328098681135089e+04 3.742861329384023494e-01 7.773907372804843644e-25 3.406408192800661607e-25 2.531610096686556114e-25 4.118692277599603213e-01
5.763587575980636674e-02 1.983619815668230149e+04 1.011022820367392706e+04 1.184945072979767792e+04 3.524102317205315416e-01 6.358719891135886355e-25 2.713683945574888060e-25 2.165243567811351053e-25 3.900294671074212016e-01
6.647082924635627776e-02 1.714370289618276365e+04 1.038883067465768363e+04 7.648563106427620369e+03 3.391213884496943609e-01 5.503485960335965980e-25 2.394859420810931953e-25 1.876822409273822275e-25 3.895097795102084315e-01
7.666008510240249207e-02 1.321010091128169552e+04 7.558979191524402268e+03 6.106076959545337559e+03 3.299089356739297596e-01 4.627790469077359767e-25 2.085933891173797623e-25 1.328287379156484117e-25 3.854651259035622446e-01
8.841124316543315376e-02 1.102230721228652328e+04 6.805727729016169178e+03 4.891726601692073018e+03 3.421363737472983280e-01 3.969882850104178262e-25 1.756958018644475038e-25 9.820281932845571484e-26 3.885883992168374657e-01
1.019637260722580097e-01 9.923823090880749078e+03 5.589195263951464767e+03 3.860512208382862354e+03 3.584050866790086665e-01 3.385195516602855619e-25 1.451572304673814622e-25 7.140866879737692736e-26 3.998750490165634552e-01
1.175936573483598035e-01 7.414363277102324901e+03 3.496125140078362165e+03 3.158486194650903144e+03 3.448662329560413520e-01 2.710778807860555941e-25 1.276416612177819496e-25 4.671986918779185005e-26 3.896502169195724119e-01
1.356194872553388164e-01 5.901921375062930565e+03 3.087848416166338211e+03 2.697066844884944658e+03 3.208719605549228415e-01 2.131168166786365703e-25 9.792619694014354676e-26 3.644411190040719638e-26 3.867331262640442135e-01
1.564084810196403053e-01 4.901795415735678034e+03 2.433865687445732419e+03 2.037706655276371748e+03 3.023352556711979555e-01 1.657752092052654362e-25 7.535996035284322704e-26 2.510462748103733711e-26 3.766578374942630147e-01
1.803842016362447453e-01 4.205912139895358450e+03 2.094283177678469656e+03 9.627802362800741776e+02 2.873614046615301509e-01 1.308290280242011167e-25 6.196038280216578452e-26 2.010225975689576092e-26 3.797101398689927132e-01
2.080351397048574025e-01 3.071917672557700371e+03 1.204854588282139275e+03 9.928628030052047961e+02 2.570038503338206715e-01 9.769847216871476251e-26 4.871087063276160377e-26 1.754650819558357579e-26 3.869914400682623046e-01
2.399246661262133540e-01 2.492544526503129873e+03 1.017827044561608773e+03 5.516462534268514446e+02 2.442838742084540438e-01 7.288329213243121503e-26 3.997306316897439669e-26 1.072486540568925370e-26 3.958312982030401939e-01
2.767025104385807399e-01 1.851864210910228394e+03 6.101764169854595821e+02 3.033979600149905309e+02 2.292371871253830184e-01 4.960952766774979860e-26 2.443239432544005116e-26 9.305666326902262385e-27 4.022213232716408959e-01
3.191179986585286343e-01 1.225000706500776914e+03 3.707353072160077545e+02 3.179146217972953536e+02 2.105904877259482388e-01 3.255164410879766334e-26 1.227343829092582477e-26 5.480109996641026095e-27 4.155520019760490236e-01
3.680353203388414540e-01 8.524147223971909852e+02 3.069397734221785186e+02 2.343537863664536758e+02 2.140510871984042662e-01 2.133170912278542511e-26 1.144595645634304093e-26 2.867951351664533854e-27 4.372484769722062015e-01
4.244511359005219142e-01 6.413068915749440748e+02 3.089717214433927666e+02 1.530764850763428910e+02 2.274969938844881301e-01 1.388300463433930332e-26 7.000749697111579733e-27 2.439093768535972867e-27 4.602495674301235740e-01
4.895148829774688681e-01 4.601814097838277462e+02 2.368112697316747699e+02 1.210763036430161321e+02 2.438194951183277337e-01 9.030474483905460264e-27 4.548238864261515572e-27 1.708652387873425067e-27 4.818205582258261455e-01
5.645521955031491679e-01 3.355752771590071006e+02 1.854658933454592784e+02 7.630254041307432544e+01 2.383728604938387396e-01 5.757415095657713380e-27 3.285310629966665662e-27 1.156107319930054595e-27 4.959243982714854337e-01
6.510919126887823039e-01 2.461135120688912252e+02 1.281986787586654657e+02 7.577768641936636129e+01 2.510858284337448287e-01 3.780714572189279419e-27 2.028804951190081982e-27 9.441981428496516296e-28 5.352723401508049372e-01
7.508972281844089602e-01 1.893406573724079465e+02 1.101056716732009022e+02 5.730353534891341383e+01 2.645042247459825635e-01 2.453021118901750264e-27 2.022490677972300630e-27 6.338771923095595244e-28 5.862912171947882722e-01
8.660016140678794550e-01 1.425607549134338399e+02 8.062615727183904824e+01 4.739818680922472538e+01 2.619483827999148362e-01 1.733357893843289684e-27 1.331062937067780546e-27 6.167712231156362148e-28 6.109305076003510582e-01
9.987502515910116063e-01 1.213851001271268615e+02 7.656749499890864286e+01 3.477303802523944398e+01 2.516999109305362858e-01 1.615319901261100893e-27 1.236641124646904618e-27 3.268956954100171491e-28 6.262111033324484488e-01
1.151847812808953542e+00 9.163062854142924607e+01 4.504177091069680472e+01 1.881011506240142950e+01 2.279083581052645524e-01 1.485623270084720956e-27 5.586515357731834736e-28 2.145342044055976029e-28 6.095656126946660258e-01
1.328413566614123908e+00 7.567709088297773690e+01 1.754783432210389549e+01 2.262475689159418835e+01 2.198763691868349801e-01 1.762802522726678624e-27 3.032839676148220125e-28 1.531947818843341104e-28 5.954685137330814060e-01
1.532044931926391351e+00 7.182615958402190870e+01 2.466290603374223878e+01 1.922440751157088812e+01 2.500369844471412861e-01 3.054989778422772853e-27 3.629527148472690195e-28 1.193514823805986226e-28 6.648442941543782903e-01
1.766890772896739126e+00 6.443481978187104176e+01 1.723906516996775906e+01 1.464616402103836634e+01 2.616105853656481295e-01 4.645331981027640965e-27 2.065762008238127526e-28 1.204475031299121015e-28 7.150583436361642731e-01
2.037735929469222107e+00 5.356379493020298810e+01 2.572042454478456364e+01 9.768109831332274950e+00 2.848937236779990889e-01 3.406603626541866078e-27 3.455327372143125427e-28 6.717556100408031274e-29 7.661204070249051368e-01
2.350098705559579226e+00 4.087364741217830044e+01 2.374184719579509206e+01 8.518025705639004741e+00 2.461868925786532269e-01 1.103640797714575935e-27 2.801786556136644722e-28 9.110802929880892634e-29 6.991072771539045272e-01
