# R (Mpc), rho (Msol/kpc^3), errup, errlow, std, pth (Msol/kpc/s^2), errup, errlow, std 
#  nprofs 459, average weighted mh 5556253675710.586914
1.040961082911032697e-02 4.189838777706089895e+05 8.817669198537283810e+05 3.186715148771227105e+05 6.623577972858040175e-01 1.766435653026226648e-24 1.520848322824740593e-24 5.019214498262533937e-25 5.598833015615012343e-01
1.200529105910367808e-02 3.545327705916393897e+05 6.802208947184431599e+05 2.362896751250995439e+05 5.876840496696811300e-01 1.506465026001398354e-24 1.236415449924957007e-24 3.859565015552366112e-25 6.236965774192753109e-01
1.384557172980430476e-02 2.506697470426776563e+05 3.604503265740078641e+05 2.442791974948417046e+05 5.846091048268541313e-01 1.223320197221351171e-24 1.046543363122270824e-24 5.336573320653678256e-25 6.135008471659232354e-01
1.596794743096121086e-02 1.759541462685661973e+05 2.763044311987700639e+05 1.313514472858442168e+05 5.197808303330146984e-01 1.442023556784648676e-24 9.608940069556577821e-25 4.155381194948676101e-25 4.874264178828699445e-01
1.841566026551830909e-02 1.441614303839066124e+05 2.046372870657169842e+05 1.160743940403504530e+05 4.540252396150416536e-01 1.220575267409489532e-24 8.928605239973960727e-25 5.208797524710452190e-25 4.920979296258989888e-01
2.123858088093512342e-02 1.130014325852608017e+05 1.574842261897491117e+05 7.163741454187646741e+04 4.391826937184327151e-01 1.045042593381144433e-24 7.988818489656661786e-25 4.761707406056727968e-25 4.621166162899935648e-01
2.449422455303571639e-02 8.163675216522689152e+04 9.931419289691651647e+04 5.121140541899390519e+04 3.956514048255062588e-01 1.085707060703976452e-24 6.854005953089536827e-25 4.167881965317812889e-25 4.382886972157500893e-01
2.824892302447100725e-02 5.600728242215859791e+04 4.122397829656604154e+04 4.823813904351743986e+04 3.682198517619213463e-01 9.765552813544026102e-25 7.883735407922151414e-25 3.196893035234844741e-25 4.162091959676786357e-01
3.257917597328415654e-02 4.422407070047115121e+04 3.657453710688789579e+04 2.982280031970401978e+04 3.494572026310212021e-01 9.097210263720107915e-25 6.766360164460220786e-25 2.881478611144527532e-25 4.284268306862197839e-01
3.757320964692217186e-02 3.486677127762362943e+04 3.322477472197168390e+04 2.088161363810453622e+04 3.556058841502058310e-01 8.662379001473119951e-25 5.715265609796020685e-25 2.951347034349434403e-25 4.103587017686234906e-01
4.333277441790538143e-02 2.923822028072741159e+04 2.738737160674807092e+04 1.397529730912888044e+04 3.517434211424334545e-01 7.906774234873544285e-25 4.228246639019748233e-25 1.990691900452115380e-25 3.959077605248785270e-01
4.997521788524898756e-02 2.380143924296242403e+04 2.119227071605656238e+04 8.078604249955722480e+03 3.471469998269581803e-01 7.615110827874370840e-25 4.829439052849972159e-25 1.756726622244481696e-25 3.891927509728076995e-01
5.763587575980636674e-02 1.965534528158245303e+04 1.465890443823148962e+04 8.067497784311237410e+03 3.440436116234892316e-01 6.559891150455489070e-25 3.345326588376150998e-25 1.304385971059658071e-25 3.831629010662452317e-01
6.647082924635627776e-02 1.702963208236210994e+04 1.101019731952847906e+04 6.304590335369585773e+03 3.475372942764387019e-01 6.058610318592094734e-25 2.454846163998888707e-25 1.285927068371725040e-25 3.916148589208894859e-01
7.666008510240249207e-02 1.304223620495538125e+04 8.748752582867376987e+03 5.276670379033686913e+03 3.300442120675076696e-01 4.741435905013869762e-25 2.001652908799650153e-25 9.169635772455966584e-26 3.671020672718562916e-01
8.841124316543315376e-02 1.083817338629005098e+04 6.240840846504309411e+03 3.966541648001451904e+03 3.083012540258088241e-01 3.882720934176319961e-25 1.663256622939678815e-25 7.677246032368804736e-26 3.529993812745048087e-01
1.019637260722580097e-01 9.310369886127662539e+03 4.391819995591315092e+03 3.727232082593286577e+03 3.089592684015758373e-01 3.304053566662721266e-25 1.415297334638975965e-25 5.778685995502218907e-26 3.602698005510912016e-01
1.175936573483598035e-01 7.404440300762715196e+03 3.021998468680587393e+03 3.481339587160383417e+03 3.029572825382925716e-01 2.787733874488289195e-25 1.113470591071659840e-25 4.707884048542834088e-26 3.587080506053779705e-01
1.356194872553388164e-01 6.159581953929427073e+03 2.499119982231860376e+03 2.499690442467775028e+03 3.012129656747105089e-01 2.273113795569826336e-25 8.642544966793469717e-26 3.681960326854580128e-26 3.544758695864225206e-01
1.564084810196403053e-01 5.011692262745385960e+03 2.500614177230928817e+03 1.891226213147309636e+03 3.004098948895441712e-01 1.719458678810779643e-25 7.047427819550864917e-26 2.792882328636037071e-26 3.372753890935907828e-01
1.803842016362447453e-01 4.211475900136966629e+03 2.062484459225845058e+03 1.211274925863261160e+03 2.849629355442801493e-01 1.315952045927169711e-25 4.315612582055438634e-26 2.499110103840681636e-26 3.381370297924807256e-01
2.080351397048574025e-01 3.286419722524943609e+03 1.577833201896135051e+03 8.042002269800152590e+02 2.602424606208286195e-01 1.029744134665102874e-25 3.206984423240656617e-26 1.540266590492221582e-26 3.572083438836344271e-01
2.399246661262133540e-01 2.602587681957570567e+03 1.083944292159813813e+03 5.668595626671362879e+02 2.458651254712083123e-01 7.852678100092547413e-26 2.198428289919202720e-26 1.202235657894000764e-26 3.703980976338836495e-01
2.767025104385807399e-01 2.020656218407725419e+03 5.990996845141662561e+02 3.015850788212558200e+02 2.246437207246693990e-01 5.770000754398801202e-26 1.790902979826670518e-26 7.918901870837928194e-27 3.793356939949749651e-01
3.191179986585286343e-01 1.429162053612820728e+03 5.882172116797246417e+02 2.777974944833382551e+02 2.168826878728753182e-01 3.844656331946968994e-26 1.762502742220398193e-26 4.746722190147655682e-27 3.937478335968304100e-01
3.680353203388414540e-01 9.670641363689292120e+02 2.873386270401865659e+02 2.251151238831681098e+02 2.120753979822951885e-01 2.456347124081543411e-26 9.533921032433348951e-27 3.386997000874444277e-27 4.210682089768664205e-01
4.244511359005219142e-01 6.896008429929058821e+02 3.395068642218512878e+02 1.480529242356495558e+02 2.200979551830903325e-01 1.538955741973765449e-26 6.922979579426637007e-27 2.720203993370466418e-27 4.456012206706611023e-01
4.895148829774688681e-01 4.819386689481376607e+02 2.473578541327316316e+02 1.106532838942623016e+02 2.287797867922691797e-01 9.893853977765811704e-27 5.171470619832451126e-27 1.570009440435516547e-27 4.722591814981401681e-01
5.645521955031491679e-01 3.404490915750674276e+02 1.470387005147042601e+02 7.481644365352318005e+01 2.257944206075138960e-01 5.873533054135531289e-27 2.902226319446647738e-27 1.077256588769721287e-27 4.881282902336250284e-01
6.510919126887823039e-01 2.406176269317940921e+02 1.223837682253001731e+02 7.343265210976238677e+01 2.275443253971313196e-01 3.739874851765123148e-27 1.890100354787566728e-27 8.252566827626666517e-28 5.199473278445038149e-01
7.508972281844089602e-01 1.851107161674121926e+02 1.011251601476772208e+02 5.171251875428328049e+01 2.393525801405848030e-01 2.581859665849862131e-27 1.918828434338554126e-27 5.258270985902924971e-28 5.678857727865165295e-01
8.660016140678794550e-01 1.430900847037260064e+02 8.526632953168785889e+01 4.794881792432016709e+01 2.612127081415860919e-01 1.815457600247897339e-27 1.139553961341701273e-27 4.757244612268468282e-28 6.134771960103682087e-01
9.987502515910116063e-01 1.189155513070371342e+02 7.805803789158865413e+01 2.806933642015498975e+01 2.489701809094736484e-01 1.595576842404454524e-27 1.187807370838674425e-27 3.210367390081293317e-28 6.331146711716437725e-01
1.151847812808953542e+00 9.054334104777673531e+01 4.870003805758015147e+01 1.716209165375654777e+01 2.232713838778926652e-01 1.472918747909481909e-27 6.698248063744699917e-28 2.348000531866537700e-28 6.248091951157731527e-01
1.328413566614123908e+00 7.533057263285749627e+01 1.556059080874247513e+01 2.327212698999306184e+01 2.167934983920864755e-01 1.660771515489717861e-27 3.452335256874332681e-28 1.614616377664815431e-28 6.060205472667663518e-01
1.532044931926391351e+00 7.081268263381832639e+01 2.581938149296408369e+01 1.540553217590786161e+01 2.412943352871490255e-01 2.869619312502837807e-27 3.615723555258802765e-28 1.169363139956469488e-28 6.716917874862843307e-01
1.766890772896739126e+00 6.465031033150640383e+01 1.668642601411185211e+01 1.371931565010325116e+01 2.568369638690117251e-01 4.596216245566964721e-27 1.728716794216150519e-28 1.197167243145279954e-28 7.257685225224075332e-01
2.037735929469222107e+00 5.365419766682899905e+01 2.483449002343883194e+01 1.073865483608506111e+01 2.848223142505666439e-01 3.461682253469812291e-27 3.333436286074291102e-28 9.627140859841735154e-29 7.890594162569155579e-01
2.350098705559579226e+00 4.051273889709508325e+01 2.392698109531290385e+01 8.759111026749298645e+00 2.504218307000593002e-01 1.051223919771155455e-27 2.986121345725102837e-28 6.759696983481831913e-29 7.210754256658440386e-01
