# R (Mpc), rho (Msol/kpc^3), errup, errlow, std, pth (Msol/kpc/s^2), errup, errlow, std 
#  nprofs 389, average weighted mh 1815512372881.220947
5.932158702927987828e-04 3.153108550111884624e+07 4.007478135962636769e+07 7.325912249052425846e+06 3.151664552750017556e-01 3.468982240787657581e-23 2.706693218851339790e-23 5.948879054214578267e-24 6.281195425939015697e-01
1.030891031022107985e-03 1.487875268604360893e+07 1.842614178471874446e+07 7.132313526933513582e+06 4.083704030609441316e-01 4.113756385916377797e-23 1.270122897731061592e-23 1.929687232067083681e-24 8.187806860548811905e-01
1.791483288060517678e-03 7.472696479439362884e+06 8.743366531815819442e+06 3.261259076689833310e+06 3.977509648389419561e-01 9.852576272105984025e-24 4.558311129289443411e-24 6.817849295736207340e-25 6.992282932364027870e-01
3.113241142682223340e-03 3.439171296009479091e+06 3.626026604970755056e+06 1.115044343908305280e+06 4.278879567843392739e-01 3.104147495720227609e-24 1.723190816807686993e-24 2.337089367648919717e-25 6.315358630030051268e-01
5.410193037849819406e-03 1.548862633169768145e+06 1.690559047014674405e+06 5.844245444501829334e+05 4.090144955035141527e-01 1.753638653180434608e-24 1.219171626217498862e-24 1.049160018026749302e-25 6.509136171985177022e-01
9.401837944869522595e-03 6.907576978978310945e+05 6.378732980050377082e+05 3.562465388362297090e+05 3.902316591505442522e-01 1.988039187656004617e-24 1.044169691057726509e-24 1.862657010040789596e-25 6.262818681183252023e-01
1.633852177236157222e-02 2.415509248258712760e+05 2.005483036062805040e+05 8.827897209126256348e+04 3.407940874045778390e-01 1.084954587549436522e-24 9.648494908004750016e-25 2.405812312060233602e-25 5.895163839002861561e-01
2.839309667654966660e-02 6.739334134489574353e+04 5.202717433781463478e+04 2.552896284882538021e+04 3.381665253877592092e-01 7.268730914756105985e-25 5.193828403493355796e-25 1.203874423647041403e-25 6.067419405153613443e-01
4.934154693526917462e-02 2.077707907371747933e+04 1.559225140528068914e+04 6.902264964905419220e+03 3.548870320557920843e-01 3.947112997654880707e-25 1.832076354361470649e-25 4.035414967258692672e-26 5.871990409776435271e-01
8.574578115588692151e-02 7.297043075497815153e+03 4.739564847273593841e+03 1.944892063449002990e+03 3.350809098199861169e-01 1.758432718033323508e-25 7.073080999376603466e-26 1.387470992082751718e-26 6.128120569239691173e-01
1.490090895544629590e-01 2.545824371949805482e+03 1.677160218084859935e+03 5.933618819238187143e+02 3.456895254553837837e-01 6.109272400563303341e-26 2.190381448367946512e-26 3.939438727841235014e-27 6.648741129808465322e-01
2.589481193189354657e-01 7.426966106886194439e+02 4.998452328042990302e+02 1.356174597295780870e+02 3.453944808082420326e-01 1.601772172257133603e-26 6.545981822053139381e-27 8.237132259897948680e-28 7.237830487561127679e-01
4.500002563555383639e-01 2.388841723425184682e+02 1.772885061071910968e+02 4.592008213824705365e+01 3.540180636710437700e-01 4.063876848551728872e-27 2.800103908866648989e-27 2.423056032525411862e-28 8.079232499265562861e-01
7.820108184320855305e-01 9.948547760758890490e+01 9.745664651197262174e+01 2.793232313712436010e+01 3.839334553759674584e-01 1.641465190403155629e-27 1.574705975266649498e-27 1.113406167496071533e-28 9.422136598900542337e-01
1.358979048362257247e+00 5.504716912031452836e+01 4.944842832855236736e+01 1.253462577146270363e+01 3.711066595601877904e-01 1.792406394979354523e-27 8.585349751513010168e-28 6.683578308770365454e-29 9.819405594312341501e-01
2.361634916496967218e+00 3.692384264498962665e+01 2.965618170108287899e+01 1.263436796829761555e+01 3.040641268862180890e-01 1.030254203893834529e-27 1.031428697197786981e-27 1.185599815311186683e-28 8.979198818641579427e-01
